0.0577144242786
0.0490916577106
0.0305747856837
0.0201256792929
0.0377757896257
0.0146665586764
0.0380121884517
0.02159844384
0.0131609054345
0.0169458325715
0.0148421810965
0.0316584121133
0.0254205376008
0.01846945111
0.0217157402987
0.018868534306
0.0189435568194
0.0219518257309
0.0222667855212
0.0218292199417
0.0185748687081
0.0157351047408
0.0263107935762
0.0139688662188
0.0101252172271
0.00904314749524
0.00918163537213
0.00912116012796
0.00840329954704
0.0110303473466
0.0068391301637
0.00712764192077
0.00786304954856
0.00822099628197
0.00808579414581
0.0101599659225
0.00892172725431
0.00764151050087
0.00706468977572
0.0151940066736
0.014821705354
0.0240102997461
0.00571929122675
0.00510591415854
0.0066023609971
0.00810062631793
0.0100960127337
0.0126839069249
0.0108545970651
0.00895603229692
0.00424660233886
0.0332965693219
0.0311572161016
0.047370517428
0.042625165164
0.0523608634262
0.0565813853219
0.0230800223644
0.019169763254
0.029839824752
0.0118483065099
0.0174957934726
0.0280815553752
0.0251783797978
0.00990160012054
0.0327102578166
0.0237076275228
0.0136721257199
0.0214191981207
0.00832811817485
0.00454396778503
0.00602418516128
0.00753730025905
0.00645308677593
0.00552688393335
0.00635633210612
0.00631064239131
0.00934632891487
0.00823614702968
0.00542729245038
0.00737763548895
0.00760069918206
0.011032259323
0.0130777209369
0.00882107424214
0.00691560817812
0.00660300299495
0.00540865079548
0.00491755676056
0.00462148088709
0.00397383073945
0.00491543099922
0.00642866780114
0.00753153954244
0.00712921769622
0.00707736755958
0.00623587251494
0.00978779639116
0.0104179083202
0.00919717024226
0.00919635188075
0.00710713886175
0.00702251665043
0.0115569244748
0.00729038817318
0.00624475119706
0.00662742591204
0.00638863291529
0.0113225533353
0.00781902582324
0.0104212379424
0.00520304632882
0.005146496043
0.0058471881555
0.00544246292105
0.00563989758002
0.00720144536137
0.0103442907045
0.00999692583092
0.00472337834011
0.0045225878832
0.00628887946646
0.00511624639603
0.00534659583349
0.0055795666864
0.00481836448547
0.00402865824856
0.0162499783885
0.0185201870618
0.0123566828868
0.00865997308469
0.00912882832315
0.0083414938033
0.00860892494313
0.00999985651373
0.0108186838982
0.013455661239
0.00957173838811
0.00864571583003
0.0131482117688
0.012907559783
0.0184299040859
0.0135211595823
0.0132231487297
0.0149340919435
0.0129668709194
0.0119494163442
0.013444044743
0.0126408736301
0.0155453012054
0.0106026798067
0.0144541516358
0.0106369576515
0.0113342075866
0.00947995304448
0.0104982487156
0.0101003575732
0.0108007422737
0.00970927817239
0.0114850637802
0.00891305396178
0.0102111004544
0.0121641639158
0.0102691373054
0.00902385499827
0.0075037058962
0.00815025552357
0.00753019261346
0.00782184746085
0.0107840798855
0.00977625672518
0.0120946582183
0.0176688194921
0.0163433278591
0.0171713783119
0.0183281104304
0.0103399485941
0.0127768150573
0.0209382802627
0.0222182732409
0.0113843175878
0.00974877674703
0.011217872538
0.00972764513774
0.00793130776657
0.00753067062682
0.00723078477769
0.00796271826507
0.00970478608635
0.0064866876374
0.00645658441603
0.0103167365155
0.00938817765847
0.00897166891786
0.00810393824038
0.0122420329513
0.00425265993568
0.00405160383303
0.00841472735259
0.00730039628521
0.00772740305783
0.00786923481018
0.00936352716167
0.00734012306659
0.00591757899582
0.00623175399173
0.0055512864055
0.00456527091981
0.00596949189639
0.00472461214825
0.00506509222858
0.00407015410301
0.0046891134535
0.00461379074002
0.00541523588103
0.00632656889122
0.00730523201549
0.0126644604799
0.019716253591
0.0091313446674
0.0079895475501
0.00796543792485
0.00566065849482
0.00384778868183
0.00312065214257
0.00387106521941
0.00320852771216
0.00423453833152
0.00396650784168
0.0219875729778
0.0245778317705
0.00688615631011
0.00636451926727
0.00857039005828
0.0104465528084
0.00345448656624
0.0032628684733
0.00401440676123
0.00394600503132
0.0250862249911
0.0262034184583
0.0177879452369
0.0158114969067
0.017394651264
0.017458998389
0.0234514801117
0.0259713574645
0.0213528887511
0.0177823356023
0.0178794605277
0.0317671422078
0.0322452945037
0.0218704468801
0.0236321464831
0.0182151333415
0.0207544173681
0.00416908855039
0.00402910330072
0.00640562662716
0.00641235590718
0.00768247731105
0.00561436586895
0.00552837532293
0.00428180037622
0.00603709503844
0.00421428460818
0.00727308325184
0.00783173801645
0.00739001860152
0.00495459349093
0.00418778814283
0.00311261614696
0.00334723576475
0.00297682439155
0.00356670193287
0.00410340171625
0.00325576683042
0.00278070834646
0.00288553509981
0.00280663991943
0.00441888799177
0.00395048152294
0.00429073874548
0.00421213174189
0.00517267252703
0.00379989356327
0.00318047465117
0.00385520218019
0.00474259727397
0.028624790274
0.0295619042894
0.0383778593528
0.0302047303827
0.0267084501865
0.00452225747243
0.00470103708335
0.00571121387465
0.00764641680215
0.00919359451027
0.00848087881834
0.00860907198562
0.00951504756828
0.0231951705964
0.0192063652868
0.0211340872782
0.0266049114174
0.0285996722044
0.0261587937747
0.02153591285
0.0299053650771
0.0200281058579
0.0127446177537
0.0107804908203
0.0142548564061
0.015696565545
0.0221608203969
0.0292512533274
0.0131056302715
0.012012363162
0.0209422982434
0.0207560026245
0.0114792079334
0.00797399588917
0.00704339456951
0.00681195591325
0.00855128906411
0.00800346796013
0.0085159356447
0.00919938867938
0.0062661332374
0.00584887035179
0.0070555729335
0.00673933609571
0.00786686665068
0.00556056297093
0.00916665858531
0.00941153203045
0.00475351116863
0.00850133645737
0.00661301898834
0.00718304780024
0.00593488640517
0.00761272049161
0.00407491074297
0.00645195143808
0.00509863772037
0.0036390669633
0.00499369758287
0.00334912453975
0.0030820419673
0.00295094547362
0.00308714980158
0.00285335696237
0.00452695359223
0.00402240784883
0.00669263548365
0.0071755624402
0.00504567594795
0.00473974512346
0.00457210829712
0.00766767844033
0.00424840857523
0.00412868724252
0.00424824181569
0.00454829617058
0.0100281654407
0.00939241314543
0.00877951411018
0.0093553465038
0.0104297546345
0.00992931546909
0.0115702436287
0.00845892141657
0.0123131147958
0.0135443572341
0.0131894391148
0.0149097628073
0.0102309488866
0.0123655220924
0.0111942009943
0.00755007814081
0.00669417934982
0.00445349356779
0.00841080115545
0.020221121382
0.0232819683482
0.00755549499774
0.0056460543012
0.00617365604141
0.00618019311239
0.00589116264454
0.00508701440094
0.00505228605143
0.00479272045939
0.00588870937185
0.00634709180663
0.00704026100891
0.00672596222077
0.00806891808155
0.00470978137764
0.00633008997499
0.00589276901596
0.00699479744437
0.00795081845632
0.00647481691845
0.00559949320123
0.00621990160282
0.00790538133085
0.0109010508627
0.00607217207784
0.00998676352803
0.0109093809871
0.00869630389081
0.00595102416241
0.00773847269148
0.00572233105384
0.0060650479285
0.00711226205989
0.00474054772884
0.0165210522538
0.0115372640417
0.0150514982848
0.0124476690894
0.00939469894617
0.0115669505043
0.0158583849847
0.00345973459715
0.0072296271851
0.0048001247489
0.00375883158178
0.00319860449466
0.00366852166155
0.00372407615443
0.00542992403532
0.0101282618719
0.00574947366547
0.0106676463632
0.0103892526419
0.00646708854997
0.00566842371813
0.00942223378943
0.00842249642661
0.00797509780479
0.00687127445804
0.0258349689962
0.0228661237818
0.0205313116159
0.0167665771903
0.0140672300501
0.0154349670488
0.0132810175823
0.0144782828542
0.0173866528873
0.0146336233552
0.0167999305707
0.0151462895403
0.0175552254249
0.0170919389793
0.019216549459
0.0156065462873
0.0209363931716
0.0195986091288
0.00874091338095
0.00919649339266
0.0091467353022
0.00855218109606
0.00985393233914
0.00993037220031
0.00854236338642
0.00653646709895
0.0062932650269
0.00486981915519
0.00720079180751
0.0109740530113
0.0100967859671
0.00940522867008
0.00706653918626
0.00974910330677
0.00704656613635
0.00967366572451
0.0104083052041
0.00887405492462
0.010399710865
0.00874839821009
0.0149266042499
0.0174691658827
0.0125110583197
0.0226679910156
0.029031464593
0.0223175604314
0.0118791247278
0.0121451718165
0.0170417900354
0.0106245475987
0.0101562704828
0.00695852543985
0.00915683983927
0.0053074716677
0.00710223000309
0.00973209796824
0.00665681247271
0.0169595817582
0.0109371060278
0.012006704573
0.0150851580954
0.013320423111
0.0181442115836
0.0166693350468
0.0128578779989
0.0109045290191
0.0122517881175
0.014084045868
0.00901511533284
0.00954449650608
0.0102545047495
0.00933863722126
0.00940537973638
0.0115523147085
0.00965915404089
0.0116630449343
0.0123289035966
0.0111502991265
0.0100194749017
0.01354932976
0.0226485283124
0.0279130555431
0.0129492888277
0.0129355777616
0.0144459207179
0.0155224089633
0.0162873720988
0.0151795123297
0.0209493950053
0.0152146728597
0.0233534117044
0.0260358229892
0.024238711008
0.0157818332798
0.0199358949449
0.037041845164
0.0115827909045
0.0104784657144
0.0110299837093
0.0104484390472
0.0107056814643
0.0118624427936
0.0119246674086
0.0278419473565
0.0102946238717
0.0119659582217
0.0142360683233
0.0122307382177
0.0126681153119
0.0139846637477
0.0138091097139
0.0186567327586
0.0133056124335
0.00844859370185
0.0109690463557
0.0176299872585
0.0335698023439
0.0295095139378
0.00684428738684
0.00531496776797
0.00612546746067
0.00588107398671
0.00635879757124
0.00704782533162
0.00707634594422
0.010507116214
0.0198733950521
0.0120440186456
0.0086560974305
0.0135808535667
0.0140122236538
0.0161372734184
0.00996753125131
0.00833852958036
0.00749765575326
0.00985615620675
0.00687456124058
0.00761772717005
0.0103232160527
0.00992235183431
0.00968033091011
0.012688167831
0.00731596324081
0.00842710650415
0.00776668712584
0.0120075636527
0.00705250572622
0.00834708176809
0.00899583961727
0.0113320566858
0.0102896777466
0.00747940819298
0.00513975759365
0.00510108160065
0.00540585365489
0.00545028284545
0.00872083396214
0.00613279047712
0.00951026121658
0.010903479596
0.00974327451054
0.0103803134598
0.0139944464105
0.00987799258843
0.00814515166115
0.00627795836428
0.00681424970595
0.00663918961353
0.00409044660255
0.00478286759664
0.00878437469473
0.0127708603792
0.00683754874327
0.00580786440149
0.0111800673433
0.0103991458826
0.00871375264177
0.00814457250163
0.00790719952217
0.0080103670537
0.00782855325994
0.0110890371197
0.0148800442034
0.0156568618264
0.0142327966088
0.0199402949856
0.0273940039126
0.0184288570341
0.011337255531
0.0136030770872
0.0127829639632
0.0125552038506
0.0205394770599
0.0310869590142
0.00259020730426
0.0037479878553
0.0036003762905
0.00400481237772
0.0123353065851
0.0149089823303
0.0108899888303
0.0174207686446
0.00691334499623
0.00655144962846
0.00760911431058
0.0105931864278
0.0174085973795
0.0250807819397
0.0123657447783
0.0125089626059
0.0122855447703
0.0126282049875
0.0166238957817
0.0148034348055
0.0140768790759
0.00370126064538
0.00455280722718
0.00378020283076
0.00381081798436
0.00660879405889
0.0127866635286
0.0177888073042
0.0282072273926
0.006951354642
0.00545822853286
0.0225704609592
0.0236261002588
0.0291195165678
0.026906890172
0.0302819747917
0.0569490604403
0.00603053524602
0.00567651599308
0.00678179689041
0.00596729173392
0.0211527206029
0.0213945868184
0.00598927451358
0.00503290085922
0.0175737552325
0.0130314746111
0.0121995851234
0.0175637492132
0.0160117714227
0.0133220043167
0.0179949022932
0.015601727347
0.0167203598652
0.0192501411046
0.0291134324968
0.00635826078994
0.0048183247087
0.00554636448227
0.00600918380191
0.0060928798546
0.00557209212166
0.00766513298506
0.00689895080367
0.0068548420505
0.00753919922113
0.0154448928433
0.0146362128258
0.014530231042
0.0154415195983
0.0228876366816
0.00828143621112
0.0094305237854
0.026956162417
0.0297832655673
0.0071928354598
0.00588990091501
0.00794799399396
0.00793403422181
0.00917204532763
0.00923948344191
0.0116324098577
0.0119683688294
0.00895328543864
0.00829057358124
0.0110621360764
0.00360224765333
0.0028247385608
0.00254137067481
0.00336979957397
0.00267110721362
0.00471370454992
0.00301981578372
0.00228728397295
0.00232943332694
0.00219927649124
0.00214937327726
0.00256070075378
0.00257346303388
0.00363331983364
0.00374147803536
0.00331759974367
0.00429779479232
0.00424700348274
0.00426428075776
0.0044648789304
0.00477197613991
0.0131583151569
0.0123154045347
0.0130265110354
0.0176716934386
0.0198391859461
0.0157296928357
0.0148677128456
0.014596111594
0.0150014229705
0.0130690886631
0.0136947904772
0.016461457153
0.0131813061184
0.0154892428013
0.00864022397119
0.0094306290124
0.00836975893292
0.00625991980763
0.00894228491411
0.00677750794531
0.00840692360322
0.00819056804872
0.0069545265166
0.0064871286253
0.00787994456142
0.0106658688533
0.009481669669
0.0091585721258
0.00845086341254
0.0125426761036
0.0121081379976
0.0105417384615
0.0129920434923
0.0163641937425
0.031087953818
0.0155042694529
0.0105829522409
0.01294441536
0.0131540771925
0.0102202099537
0.00847862716429
0.00969272213736
0.0135861604368
0.00932420173139
0.0148281585229
0.00998440346985
0.0133550081753
0.0127497850996
0.0123105806192
0.0158911496174
0.0125111215219
0.0194346302408
0.0124797559433
0.0120757354601
0.0101282597855
0.0165212715943
0.00501005758132
0.00380313533287
0.00358389695965
0.00413459167559
0.00310559417942
0.00268894953533
0.00285090403735
0.00372645479385
0.00420264942137
0.004011527964
0.00317714002039
0.00249172698147
0.00357340884939
0.00331275035009
0.00367199360612
0.00332329082134
0.00332915789416
0.00295064994028
0.00376225408802
0.00281511424095
0.00237380550257
0.00237715885065
0.0027848366329
0.00320325769002
0.00274651106902
0.00241040909332
0.00439658566368
0.00396258780442
0.0056188882564
0.00486896236742
0.00294830780772
0.00295315779175
0.00285485530674
0.00306838987614
0.0189721503948
0.0116691025633
0.00173582576627
0.00163383475353
0.00146027543582
0.00249185222315
0.00237961212109
0.00172318058252
0.00144565485082
0.00203648387527
0.00153579633286
0.00193351667569
0.00229732372144
0.00168430847694
0.00337908920358
0.00319562298991
0.0022170765292
0.00301254837466
0.015447128459
0.0236806519814
0.0164743847687
0.015587678261
0.0140133029369
0.019025221071
0.0200556320173
0.00411771238742
0.00296551542452
0.00247437041361
0.00297142763056
0.00300677543984
0.0035541836733
0.00283897375531
0.00238962747465
0.0023680332135
0.0027019437415
0.0056854335155
0.00347263412072
0.00322826700668
0.00415165988522
0.0050817958075
0.00316008104336
0.00361519327261
0.00308085930482
0.00331067571882
0.00512389768697
0.00515568228539
0.00446952409756
0.0041886551044
0.00439448647402
0.0031808157046
0.00458281500752
0.00316793536557
0.00413982116576
0.00578887389828
0.00585646320404
0.00469004346251
0.00346515069639
0.00388710060889
0.0149162391769
0.0148487450336
0.013877433732
0.0166375569864
0.015352808471
0.0122594940206
0.0118006574347
0.0165564387139
0.0175601458363
0.0143493973924
0.00652494978511
0.00637225904892
0.007593860523
0.00691299560456
0.00925351786352
0.00823836628225
0.0099890368182
0.011519426143
0.00728836994795
0.0315185158166
0.0449871118061
0.0133096302439
0.0195825735717
0.0137738957344
0.0148854429031
0.0205900502266
0.0143879148584
0.016383244491
0.0150005994995
0.00857853646565
0.00845247996542
0.009617327574
0.00898319007923
0.0253738247321
0.0206973298651
0.00881760892854
0.00854550055988
0.0127164021572
0.00715357036911
0.00680509136662
0.00753442599309
0.00866771154462
0.00714770216515
0.0114077927335
0.00608299408334
0.0045193528718
0.00576725441212
0.00507800819172
0.00566266857854
0.00545403364034
0.00559417230091
0.00315963142853
0.00242658845003
0.00218966231153
0.00316611601616
0.00241525271399
0.00303596289409
0.00272529181128
0.00350462148178
0.00404190142528
0.00437150152161
0.00394807172879
0.00286189711063
0.00385053277328
0.00399998010229
0.00433746463306
0.00377635122527
0.00288397783488
0.00259409732265
0.00258368069893
0.00256711401127
0.00295354818759
0.00388808320226
0.00285968823943
0.00235101843187
0.00239371952129
0.00217386104403
0.00272717765609
0.00319993313245
0.00248079833127
0.00342813575141
0.00495642099333
0.00475452589937
0.0099909103527
0.01275093531
0.0132267779736
0.0116118478681
0.0118305781951
0.0127542812288
0.0231498223483
0.024981841987
0.00961941059661
0.00979344157193
0.00954021789572
0.0144258529343
0.00829098716177
0.00790052682501
0.00854101244748
0.0114278325752
0.0163805549699
0.0140681905665
0.0146521906035
0.0177373442851
0.00291279473528
0.00337000542673
0.00318864430309
0.00319758225074
0.00236957202329
0.00251047205762
0.00278850748131
0.00310057947973
0.00238809297236
0.003088503316
0.0142236067888
0.0111368697932
0.0180569945716
0.0136808104415
0.00587696788917
0.00533001477713
0.00579316418391
0.00674567650902
0.00690770036157
0.00721724200204
0.00745420348679
0.00785045113126
0.00818145530545
0.00841603466547
0.0132635195345
0.00889776743045
0.00726525604312
0.00648117409392
0.00723755136396
0.00763763715936
0.00290760572528
0.00283577176751
0.00255697501543
0.00303504129897
0.00270353672544
0.00422305626384
0.00415824451803
0.00391426935465
0.00265784834117
0.00418931730569
0.00815033520621
0.00399751823348
0.00427256278437
0.00330302744149
0.00402885070635
0.00410990912423
0.00503000123658
0.00591925272661
0.0096957898885
0.00972190303443
0.0157028640132
0.0114997629317
0.00758142600962
0.010360844728
0.00811591378962
0.0085239902918
0.00730235305849
0.0102138153792
0.00750230157272
0.00810338463026
0.0034047275854
0.00376188021575
0.00618422935951
0.00679200545143
0.00788973014872
0.00722332837955
0.00953833030705
0.0115094353454
0.00782793842611
0.0102505461344
0.027901790513
0.0562070134155
0.00727305442237
0.00646228265128
0.00768537439021
0.00565463710815
0.00860158305984
0.00601769590593
0.00435500456156
0.002640691763
0.00524251683104
0.00513089868875
0.00530295451039
0.00700649914484
0.00362923290069
0.00289874893733
0.0028114353311
0.00340426425746
0.00337040477102
0.00282788666519
0.00301381242294
0.00299101583626
0.00391192944176
0.00337796587746
0.00423803631482
0.00422282261029
0.00501060746295
0.00414479480614
0.00397491065548
0.00374565462541
0.00297828954939
0.00259108755196
0.00316209440681
0.00272826831988
0.0034582166326
0.00290942711169
0.00365094377085
0.00335944503336
0.00263891586762
0.00270945750784
0.00320212823496
0.00293696388927
0.00482004309088
0.00470669458759
0.00339246712731
0.00337338307237
0.00381731655255
0.00466544670299
0.00392888202697
0.00407750764166
0.00469538287527
0.00536573788152
0.00617106289781
0.00556906441657
0.00551914950956
0.00732487775669
0.00388516194483
0.00328189199138
0.00285283125777
0.00332792619889
0.00353067689349
0.00300463307875
0.00269719498428
0.0036025659642
0.0138347500523
0.0217781391305
0.0085619393135
0.00877043815793
0.00768752442991
0.00729674737485
0.00674865910358
0.00976281128888
0.0177772914351
0.0138971031036
0.00911078695609
0.011369594464
0.00885533353096
0.00633965998659
0.00293776762063
0.00524332820501
0.00313066133035
0.00341019016151
0.00421398504709
0.00330667586392
0.00411898677982
0.00546679242574
0.0131923874063
0.0140109679927
0.00334206126637
0.00280382927849
0.00172328682931
0.00165396226125
0.00192626716099
0.00190558150609
0.00215063063509
0.00194998599663
0.00241528793327
0.00208242081486
0.00389283540886
0.00325054722395
0.00500754446922
0.005723941046
0.00358790602408
0.00449644786231
0.00692217572451
0.0104354944408
0.00385869849281
0.00334640886028
0.00284458954624
0.00401632702695
0.00247508823008
0.002066091447
0.00205091095276
0.00217849772716
0.00691408979566
0.00557190833803
0.00584575269301
0.00445457061001
0.00467157618678
0.00493684970817
0.00620946972213
0.00574092675475
0.0150201355067
0.0134782360807
0.00464184362907
0.00458088082849
0.00516715157098
0.00478173797924
0.0098536012685
0.0084331595445
0.00793942414493
0.00670732237466
0.00446464844859
0.00455960560352
0.00526365939132
0.00508599107666
0.00612488419954
0.00576368214982
0.00679367519466
0.00636929625743
0.00805464545552
0.00662874374415
0.00719476557601
0.00696265202621
0.0114225998318
0.0129429754861
0.00841499412274
0.00863923020873
0.00646095714053
0.00589190019012
0.00636797039954
0.00643644650215
0.00704373530026
0.00770176984588
0.0103545924397
0.0117858785746
0.00459667232078
0.00391302758863
0.0043502045143
0.00516423505108
0.00470001684112
0.00498427275115
0.00507084018517
0.006109299106
0.00638399757926
0.0061952679272
0.0147342967685
0.00855957089515
0.00541986590999
0.00584412376902
0.00928450463398
0.00892879185756
0.00776134168718
0.00839219435004
0.00507001328982
0.00448081573448
0.0049836017249
0.00516030597854
0.00568481124458
0.00495591905798
0.00539630582535
0.0058941458859
0.00973015104229
0.00861946655195
0.012857563258
0.0126591521449
0.00668845251873
0.00620044059428
0.00694770840198
0.0071527658391
0.0122992739188
0.012083605397
0.00984801544079
0.0103410248936
0.00367206118977
0.00318377478087
0.00337450586697
0.00340900870418
0.00471700901573
0.00483424417432
0.0130624132156
0.0137758065581
0.0118935931125
0.0121718964805
0.00516717290308
0.00375966429555
0.00370881688548
0.00354960395744
0.0035922148596
0.00355421657473
0.00656378164046
0.00816045070541
