0.054474850245
0.0477320747888
0.0289265218351
0.0192659743387
0.0369829529024
0.0140271307648
0.0368402665348
0.0199376365478
0.0168565134616
0.0146547979316
0.0311769769051
0.0241029224685
0.0186168915411
0.021724979329
0.0184380786947
0.0187223843446
0.0221456744567
0.0223009667273
0.0222651830013
0.0188155364283
0.0158756781263
0.026615767328
0.0139837410068
0.0101111170977
0.00896050004654
0.00911788647909
0.00913941388948
0.00835854202048
0.0107381065625
0.00685664499564
0.00711869950183
0.0078352935662
0.00820293326979
0.00804747633362
0.0102371299814
0.00896782467682
0.00768124304952
0.00709265722907
0.0152413118466
0.0146896877286
0.0057682009396
0.00517931339033
0.00665784399243
0.0081347401796
0.0100723371456
0.0127099525901
0.0108607294746
0.00898155026128
0.00427676286959
0.0335537760968
0.0317322484664
0.0473538413138
0.0422876139654
0.0502592383967
0.0551529298313
0.0226044894929
0.0190141641477
0.0293934319657
0.0117512653781
0.0174755645377
0.027811446522
0.0253944050725
0.0327781442472
0.0234942330361
0.0137381387392
0.0215006114814
0.00803880233116
0.0044895555659
0.00617433518873
0.00739297074137
0.00654899683716
0.00475975653518
0.00386640240031
0.00514356877316
0.00740740687736
0.00760240555768
0.0101371842666
0.0119316417301
0.0038853653333
0.00368874999129
0.0042708703845
0.00654537849525
0.00388486552024
0.00610311285244
0.0060215464369
0.00652878655763
0.00602769486267
0.00994941340894
0.00786621220886
0.010369890854
0.00512972207666
0.00501935794665
0.00558352561566
0.00545030177699
0.00578173741028
0.00715086630526
0.0095995380609
0.00473634743638
0.00444377378543
0.00621523232565
0.00513979620197
0.00516631263151
0.00538539401498
0.00468330932714
0.00402821614267
0.0159684274472
0.0178663963215
0.0124826526197
0.00871730390627
0.0092108779571
0.00840060325104
0.00866027908111
0.0100746643875
0.0108373270032
0.0133024350025
0.00961475244355
0.00873023949292
0.0132519740166
0.0130632485216
0.0182309169526
0.0135818831797
0.0133322602238
0.0147511351934
0.013070184007
0.0121398013727
0.0131074384825
0.0124596515625
0.0155736728171
0.0107690702232
0.0146725087396
0.0107980708886
0.0114390780202
0.00977889626909
0.0107129620001
0.0102362247586
0.0107432787167
0.00982199165456
0.0114062314114
0.00893471497087
0.0103617136768
0.0122660229494
0.010342279291
0.00911916883459
0.00755620983591
0.00817590802046
0.00759948441919
0.00789095631914
0.0108542665896
0.00985602198404
0.0122122888081
0.0175305508893
0.016344771449
0.017088458312
0.0181545533291
0.0103591217429
0.0127820122262
0.0208561587562
0.022421784658
0.0114029101565
0.00975575679792
0.0111938368105
0.00977781345645
0.00791263611604
0.00750776434439
0.00721081924735
0.0078605264917
0.00967952748511
0.00652694314622
0.00646943082491
0.0103055202841
0.00939764572103
0.00894764783892
0.00809804239921
0.0121827784808
0.00428598219424
0.00409362533633
0.00834298840047
0.0072984227109
0.00773768214292
0.0078968121618
0.00943734279609
0.0073804506764
0.00585344623781
0.00615881822329
0.0056243681273
0.0046132517347
0.00599563855258
0.00464546767038
0.00510332191528
0.00432686446752
0.00500197113533
0.00471793182401
0.00574784785338
0.00446700679543
0.00655747913505
0.0111170817186
0.0183871090388
0.00905881392081
0.00789906012236
0.00791947093481
0.00571165580671
0.00388829403889
0.00308140281119
0.00372910507455
0.00317432811992
0.00377371464152
0.00351960277341
0.0220135579485
0.0245836190134
0.00681575035717
0.00629842000868
0.00795246155862
0.0102086146689
0.00344317108684
0.00326529417684
0.00402641625453
0.00397157108129
0.0249903211791
0.0258246055073
0.0178186146803
0.0157024938303
0.0174987619455
0.0175046598813
0.0243417616806
0.0259730877629
0.0215593435012
0.0177713777019
0.0178784292048
0.0311525603559
0.0316863571837
0.021711194386
0.0235198866019
0.0182775293121
0.0208720589799
0.0041610686514
0.00402595933012
0.00644227749872
0.00643286737605
0.00768781862547
0.00556420706686
0.00552963422843
0.00430655599976
0.00605985816397
0.00425742927832
0.00735725740807
0.00790657056384
0.00749837324483
0.00495275216905
0.00416722502207
0.00311691411254
0.0033729295992
0.00299943323365
0.0036086842952
0.00415107725703
0.00330255999757
0.00279318797824
0.00290124561134
0.00282614666245
0.00445832092297
0.00399408143456
0.00432730594547
0.00424424564661
0.00521112159321
0.0037849051944
0.00314996597112
0.0038414153649
0.00478806083238
0.028509183285
0.0292466253438
0.0376059989884
0.0297387659986
0.0256599118571
0.00453245169808
0.00471025805551
0.00568942062942
0.00758150717892
0.00925218839681
0.0084726194141
0.00859413029916
0.00949062226794
0.0231327702139
0.0191089051811
0.0210012456243
0.0263138149443
0.0282608857005
0.0259934194345
0.021397341553
0.0295369392133
0.0199962598718
0.0127082835354
0.0108235081198
0.0142230696289
0.0157228510558
0.0221107745031
0.0131241300056
0.0120490163873
0.0206835649507
0.0207016262822
0.0114801199922
0.00795155698853
0.00704868939957
0.00685073021303
0.00862684780851
0.00802478394786
0.00854286150609
0.00924241358267
0.00624044229368
0.00584468214777
0.00701419282276
0.00673430605021
0.00787260812229
0.00556255874647
0.0091333946198
0.00933277568189
0.00469357998664
0.00837228814344
0.00654209054778
0.00712427877265
0.0058692627589
0.00753558883277
0.0040544764567
0.00635343008873
0.00503803574125
0.00364350551446
0.00495723507436
0.00335612199525
0.00310402911418
0.00300801590738
0.0030969617863
0.00289255110409
0.00455286635915
0.00403763443671
0.00669556782012
0.0071625913841
0.00504419983935
0.00474331914706
0.00451885636168
0.00766978240007
0.00430362281918
0.0041512185009
0.00426318255165
0.0045661059866
0.00998329731254
0.009372618975
0.00878375311478
0.00933530600851
0.0104301383021
0.00992418557191
0.0115180072309
0.00843841926895
0.0122729123467
0.013471765557
0.0129604002918
0.0148040884377
0.0102138301139
0.0123622446605
0.0109082867858
0.00753551930727
0.00669620245527
0.00449473493553
0.00845692288946
0.0198433305307
0.00755565856188
0.00558532123139
0.00622802921008
0.00610692932639
0.00589654681404
0.00508708263227
0.00499217986389
0.00484694866635
0.00588380101019
0.0063499013293
0.00708801398589
0.0067179718334
0.00804689873601
0.00476208474987
0.00635626833061
0.00591796494478
0.00701376564453
0.00794934270718
0.00636765725763
0.00556863516592
0.00626991615804
0.00799969693168
0.0110059837495
0.00609520901388
0.010035971426
0.0108872834853
0.0086710042532
0.00564004953101
0.00762606481803
0.00557313773238
0.00565365507967
0.0063129183125
0.00475610692141
0.0164630838059
0.0121355014765
0.00955583698304
0.0114303363727
0.0139537908501
0.00346219074932
0.00715931958104
0.00481642386632
0.00378512185851
0.00320839358397
0.00367966054481
0.00373459978899
0.0054254977347
0.00895455703647
0.00614019539699
0.0106398796284
0.0103826848834
0.00647391713139
0.00568439594657
0.00944527664239
0.0084228366338
0.00798461407518
0.00685642374093
0.0256767586132
0.0226061004209
0.0197966869412
0.0156958038734
0.0132382848303
0.0152465808229
0.013324865775
0.0145709598345
0.0173973308422
0.0144897622109
0.0168933669663
0.0150781338811
0.0175702708817
0.0172313118156
0.0191752571593
0.0153663082855
0.0208057137215
0.0195069528042
0.008729452353
0.00917869903873
0.009011947123
0.00848185686134
0.00999802665036
0.0100226299641
0.00857824252325
0.00655982690257
0.00628779397593
0.00489429997855
0.00724074343009
0.010975178193
0.0100792954759
0.00929945018824
0.0070978384708
0.00965397177636
0.00711032912134
0.00979608190288
0.0105433851768
0.00897471282658
0.0105682091172
0.00874333985793
0.0151791072326
0.0176878957253
0.012606151703
0.0226791403603
0.0286959152186
0.0222263542576
0.0114398877676
0.0119172461206
0.0170689833283
0.0100347975261
0.00877374630658
0.00696368614932
0.00917029180043
0.00532427062421
0.00712241487391
0.00974395105716
0.00668615032908
0.0164647991812
0.0105719655207
0.0120339836237
0.0150426635526
0.0131734827956
0.0178057453421
0.0166376528228
0.0119046868827
0.00996145369593
0.0113951595701
0.0132502250892
0.00900354267565
0.00959464275653
0.00969735294293
0.00932393199175
0.0093506652035
0.0115640946974
0.00969865084821
0.0116232220051
0.0123555998699
0.0110952513455
0.0100534454347
0.0134392963646
0.0203421855627
0.0261154007374
0.0129873110627
0.0129789086692
0.0135609033409
0.0155657898792
0.0153700854184
0.0152260155973
0.0210538630448
0.0152025930891
0.0226703028668
0.0242940189794
0.024230336276
0.0156622232577
0.0198151975223
0.036673058586
0.0115378239514
0.00977243751957
0.01027399299
0.0103737060595
0.0104871533773
0.0118640297383
0.0119990404837
0.0260740865602
0.0102665627251
0.0115616756458
0.0144526838149
0.0115184332995
0.0122157713685
0.0136081032612
0.0133789275794
0.0181916801303
0.0125830015709
0.00857774897985
0.0087880206516
0.0171111823277
0.0328296192219
0.0276439884605
0.00687690307972
0.00537622064845
0.00616352864112
0.00591075421457
0.00638195896705
0.00708001042477
0.00710076511766
0.0103833198037
0.0194417501709
0.0119590280853
0.00841737310707
0.0127607549457
0.0139768200591
0.0161905794581
0.0100649474144
0.00848623237843
0.00760274125692
0.00999686203839
0.00688285852084
0.00767215975207
0.0101263692178
0.0100432481494
0.00946951911283
0.0122659296355
0.00730345890131
0.00836596085357
0.00779337390617
0.0119238115879
0.00706678192654
0.00832955550201
0.00880437503225
0.0111754697922
0.010160927098
0.00752478127557
0.00514445813381
0.00508515975449
0.005395493104
0.00528932327836
0.00819874596125
0.00595044666502
0.00954803995969
0.0107919771032
0.00991994452415
0.0105605668477
0.0138741691117
0.00989503711394
0.00820917136514
0.00625996197079
0.00686523924216
0.00666971091423
0.00404834990886
0.00477838457661
0.00877843222443
0.0125629227854
0.00685359831916
0.0058667548674
0.0109368522292
0.0104072548075
0.00865747466072
0.00814401125576
0.00797636788098
0.00810422392475
0.00808124535159
0.0109000423964
0.0148547206801
0.0156053585977
0.0134758213775
0.0196254055237
0.0271402077002
0.0175090609862
0.0111934954492
0.0134427481857
0.0123029248304
0.0118512391985
0.0190469663398
0.0307569866398
0.00262274160946
0.00380102110282
0.00366134935452
0.00404096450246
0.0121810512077
0.015177612342
0.0109718444313
0.0157010095512
0.00695968412586
0.00654544911931
0.00759289489367
0.0106359791137
0.0169988384349
0.0240995156423
0.0123357730401
0.0126092561996
0.0121826889839
0.0127813010257
0.0161792474152
0.0145724152584
0.0140270280505
0.00372511200836
0.00461354489252
0.00382137290271
0.00384224754479
0.00669738177276
0.0123488749878
0.00697666880832
0.00552185130801
0.0203524437477
0.0296787663788
0.0516817334014
0.00601597974136
0.00572643626599
0.00684609938341
0.00600304573171
0.0191020348731
0.0210129032074
0.00571129887128
0.00497449137973
0.0170711339501
0.0130683560337
0.0120939380833
0.017265140081
0.0158114644726
0.0131209950355
0.0175595509451
0.0158202477443
0.0162165089008
0.0170389629193
0.00633846097195
0.00487019428739
0.00560872143574
0.00604418651153
0.0061102822688
0.00553663949021
0.00767496482138
0.00690972682485
0.00676143009302
0.00756284614756
0.0146506971314
0.0144448799578
0.014552658112
0.0154146215189
0.0222324583409
0.00837582185985
0.00943708029728
0.0268961037233
0.02963227658
0.00734453447504
0.00600256302733
0.00815986779376
0.00810459564341
0.00933816802841
0.00940704894615
0.0117719707765
0.0121698346625
0.00890967307197
0.00836596741754
0.00612525160167
0.00356908782921
0.00284714741877
0.00256710159452
0.00338956980372
0.00266847448189
0.00474960117365
0.00303302007375
0.00231431690917
0.00235522859504
0.00222504293573
0.00217333220651
0.00260450111354
0.00258894766915
0.00366422500805
0.00378542127948
0.00332410568624
0.00430442598871
0.00427429205649
0.00427565936164
0.00438695244557
0.00479343190032
0.0133938226847
0.0126610809352
0.0132360221699
0.01826155029
0.0206111612566
0.0161743928861
0.0151081512816
0.0150921534567
0.0150643241797
0.0132322317097
0.0138446477909
0.0162810600835
0.0133256917736
0.0154366787282
0.00875592502001
0.00957921805028
0.0084858104856
0.00641961959974
0.00916065008983
0.00690325594948
0.00831837085632
0.00806645857131
0.00699107710001
0.00653228774931
0.00751744690544
0.0108291551312
0.00923326782459
0.00916609098958
0.00792067114509
0.0126415779333
0.0121665406779
0.0105254072072
0.0129447579583
0.016291377507
0.0299494495949
0.015923498471
0.0106082971582
0.0128393324754
0.0134321392783
0.0104203838534
0.00867918801192
0.00989646882963
0.0137907408971
0.00947129547572
0.0153237311079
0.0100825120107
0.0133919489156
0.0128600505144
0.0124746895642
0.0163122444274
0.0126621338322
0.0190274025191
0.0124563014409
0.0121135948958
0.0101686374767
0.0168629961895
0.00506044128594
0.0038278971537
0.00365051159994
0.00417932405308
0.00315101146565
0.00274717002455
0.00290361521778
0.00376362897594
0.00420040264333
0.00398350323276
0.00320253570517
0.0025358060735
0.00364135521334
0.00336557601966
0.00371605162988
0.00331984278129
0.00334548808537
0.00301530639219
0.00380589305031
0.00288882864429
0.00241790371955
0.00238915079277
0.00281648707799
0.00325760456988
0.00271559054389
0.0023964040454
0.004362969062
0.0039091242866
0.00559076516643
0.00487462590676
0.00296850105412
0.00296659539181
0.0028587602937
0.00309607266575
0.0192024180937
0.0115296351449
0.00176995301189
0.00166871543191
0.00149226345712
0.00252807052389
0.00240506314959
0.00176102178455
0.00147775305806
0.00208542370345
0.00156264802332
0.001961773089
0.00234432270898
0.0017123886476
0.0033573607774
0.00320587049648
0.00225077255251
0.00302798788053
0.0156863516869
0.0243520127255
0.0156908708505
0.0155600577524
0.014026657038
0.0190379825322
0.0201151518849
0.00406608304534
0.00302088425886
0.00257253465182
0.0031144149745
0.00314244462419
0.00359581862909
0.00285462401479
0.00247544971416
0.00239510415153
0.00282694640271
0.00567376544009
0.00342220790277
0.00316652036102
0.00410585476058
0.00498029210933
0.00322767410712
0.00370918375837
0.00315082583049
0.00334775169144
0.00529416843281
0.00523761711072
0.00445083133937
0.00425943339594
0.00442178946179
0.00324514204676
0.00468214854102
0.00325387509267
0.00420970081528
0.00589440519495
0.00590405245166
0.0048217557945
0.00357222269591
0.00398601727249
0.0151436006059
0.0150815688149
0.0140557630223
0.0171219826952
0.0147551873468
0.0124683303501
0.0125500804009
0.016541903758
0.0177783528843
0.014276378621
0.00659547356685
0.00636370106259
0.00768346022705
0.00703566823915
0.00943687778527
0.00819878781906
0.0101920223776
0.0110495092062
0.00735402243461
0.044997271083
0.0135741208684
0.0166909250859
0.0137058573507
0.0147968298318
0.0212866929772
0.0143764692655
0.016465569931
0.0150534432819
0.00893448876223
0.00878261740627
0.010020104953
0.0094108568201
0.0257870032187
0.0202939042678
0.00894976595615
0.00867380804424
0.0132589675626
0.00709392594295
0.00666019250799
0.00765337160171
0.00869570671926
0.00713196915339
0.0116407534462
0.00600335446716
0.00452765338595
0.00581743776087
0.00521935277162
0.00545947278556
0.00513727685692
0.00560282308182
0.00319841015542
0.00250200652786
0.00227165897355
0.00320913098758
0.00244420266108
0.00309683102265
0.00271667436161
0.00354427541309
0.00398186089424
0.00437105466383
0.00385148238097
0.00288677298867
0.00373510809969
0.00398535829691
0.00434749151329
0.00380175070662
0.00294690691777
0.00264791565674
0.00259351494373
0.00256961886544
0.00290478255432
0.00385575362284
0.00290360809755
0.00239652843273
0.00243600796926
0.00224861329648
0.00283530529319
0.00329455423684
0.00248958270758
0.00341765865714
0.0049479021139
0.00473506493779
0.0102033160641
0.0131018814168
0.0133511014186
0.0114393508563
0.0113787846438
0.0127026826977
0.0232289079047
0.0251641071021
0.00910000605211
0.00922924744814
0.00946011348398
0.0141324303198
0.00839812615931
0.00798994603112
0.0085442018449
0.0118679603806
0.0162549876037
0.0138025437629
0.0145198512994
0.0176743526255
0.00293419391608
0.00338040118356
0.00324446812476
0.00317255411037
0.00237051873326
0.00254042976734
0.00285174372233
0.00314659220948
0.00242688134182
0.0031343085742
0.014466384654
0.0110160211432
0.0195036400609
0.014504554628
0.00595560588712
0.00535164004259
0.00583530752769
0.00689955891039
0.00709260245051
0.0073897013211
0.00753441329273
0.0081313155464
0.00818258655707
0.00871435931571
0.0145958718593
0.00906521530338
0.00743337425929
0.00648115497172
0.00724882311043
0.00766167504726
0.00299364207531
0.00298715507438
0.00271549509043
0.00318281025966
0.00273338718983
0.00429411891274
0.00432337413817
0.0041272720753
0.0027397747684
0.00436892271001
0.00758163930253
0.00396866125391
0.00436504846013
0.00328671867315
0.00406781785577
0.00411558282385
0.00500868742653
0.00589311900624
0.00959525744939
0.00954516904657
0.0162629237396
0.0115035928197
0.00760269497344
0.0102307883951
0.00828874314144
0.00890558939306
0.00744293134484
0.0110506732479
0.00748300908964
0.00822913489303
0.0033920651892
0.00378328743698
0.00631129294316
0.00694067697199
0.00807042180716
0.00731070010808
0.00945142049704
0.0114151359109
0.00784804517883
0.0105747735238
0.02816241177
0.054334702094
0.00756762810182
0.00683464000492
0.00832981165732
0.00568167606718
0.00854670735935
0.00608247392949
0.00423141233704
0.00260355938105
0.0052297864559
0.00511943223674
0.00548816818994
0.00666950608934
0.00402468466472
0.00316904636208
0.00306986178014
0.00363977574833
0.00371541577329
0.00304055070761
0.00323574215906
0.00322087699646
0.00395345063507
0.00344474037592
0.00434650343763
0.00415500173994
0.00503447939871
0.00422042358787
0.00397895393754
0.00371191229423
0.00306184541636
0.00264668943735
0.00331469968795
0.0027862828903
0.00353387757463
0.0029915630316
0.00375137899397
0.0035297866699
0.00267257428549
0.0027243360121
0.00332292284898
0.00298041222903
0.00471770785342
0.00467832895016
0.00337416119345
0.00339670984844
0.00392505437918
0.00482521109988
0.00400396405801
0.00410234164233
0.00480737393499
0.00562371740859
0.00617754826371
0.00546865112968
0.00541688190458
0.00773006966545
0.00407338711262
0.00339709302162
0.00297303564879
0.00346427431403
0.00365701690955
0.00300355022499
0.00264039573075
0.00362054279081
0.0138954477439
0.0209604169808
0.00893588980112
0.00927676994947
0.00854144700897
0.00798397734497
0.00712551808069
0.0112970804867
0.0186642616634
0.0141117746541
0.00870699037245
0.0113663557986
0.00940259323093
0.00623303875677
0.00298931581638
0.00501646985076
0.00320972274467
0.00346527350829
0.00416586357195
0.00326209412344
0.00414371535415
0.00555159977026
0.0135566540497
0.0148606526838
0.00302784148259
0.00249260961145
0.00187421740018
0.00174641859415
0.00209745262366
0.00209948657338
0.00233517294387
0.00208661344756
0.00278374574215
0.00226120014984
0.00420818175996
0.00332285243838
0.00504157770924
0.006035745101
0.00338394905451
0.00656909472247
0.00967932150125
0.00390703716791
0.00366686322674
0.00295032273267
0.00471865887917
0.00256919699791
0.00214663852886
0.00223984328938
0.00241212284327
0.00747457669017
0.0057007364995
0.00674397225258
0.0044342929214
0.00338015943657
0.00539183848594
0.00712292714742
0.00599047683158
0.0155286467006
0.013362839387
0.00483126797627
0.00476334846649
0.00572676275847
0.00513207145456
0.0104185974377
0.00825845917689
0.00835972815444
0.00659201130851
0.00458244925365
0.00471805981721
0.00580808176474
0.00557377930456
0.00647716262198
0.00593542185954
0.00740717164051
0.00686120527673
0.00887413769887
0.00664891354405
0.00763789817547
0.00721264835108
0.0118652620519
0.0140442231008
0.00867816780972
0.00907265950871
0.00698995902058
0.00587697888038
0.00660459172187
0.00675679115677
0.00704230671604
0.00803662710371
0.0105049511041
0.0124773899196
0.00504004960877
0.00412056341385
0.00459463445675
0.00612148767632
0.00499336123354
0.00548740405443
0.00583403051774
0.0073788165179
0.00684915908323
0.00647501148219
0.0150954590087
0.00874107120769
0.00448023477532
0.00522216137566
0.00972900803038
0.00911501695003
0.00811823204329
0.00907804459928
0.00583627081006
0.00487828077923
0.00563337245417
0.00588605760037
0.00643851198617
0.00535983532841
0.00597338089187
0.00689105684746
0.0102358857198
0.00854568954159
0.0125177047916
0.0129906994167
0.00725208633715
0.00643405757379
0.00703503149121
0.00777777953353
0.0127789426951
0.0115953779315
0.0104046545344
0.0110008059988
0.00411343529217
0.00330346136431
0.00365253886358
0.00358017523353
0.00508247954315
0.00506204334171
0.0130016625522
0.0138130603651
0.0122045023415
0.0126395651348
0.00613540469615
0.00374451962996
0.00391662430729
0.00482013386522
0.00385574944357
0.00395108197232
0.00639373024068
0.0089243316929
0.00754742525043
0.00725339033486
0.0133341331774
0.0139186352702
0.00260713160875
0.00280637401809
0.00320046188728
0.00285771413298
0.003546516506
0.00573327533437
0.00293768555336
0.00312133146051
0.00288397312237
0.00308579718788
0.00512083840851
0.00391259368786
0.00422007126296
0.00438252959386
0.00179594309195
0.00171875044474
0.00188633503279
0.00177680306188
0.00181095088789
0.00168424589934
0.00196759251432
0.00198206857833
0.00244689663877
0.00242744035788
0.0026338024855
0.00261957085405
0.00376742781616
0.0034592195722
0.00349569495717
0.00459827360649
0.00195365606535
0.00184224886712
0.00191132457268
0.00243086902858
0.00183717104316
0.00165844034109
0.00196243652973
0.00178356313074
0.0059411018593
0.00476146709201
0.00571306961641
0.00941424707917
0.0028471365617
0.00294928014869
0.00262192153227
0.00329262080004
0.0053859021304
0.0048664748606
0.00364266867351
0.00307037353055
0.00297400943867
0.00363430971171
0.00308773349739
0.00556042015066
0.0045514704465
0.00549501207386
0.00871798073701
0.00886612532299
0.00948908646877
0.0086845168128
0.0105843908028
0.0126878205973
0.00631235260074
0.00608379366334
0.00409811981624
0.00366439136595
0.00430747043593
0.00450620032144
0.00964428026016
0.00957580793138
0.00782627014354
0.00705849264179
0.007340475903
0.00879996802522
0.0131695144772
0.0125840086926
0.0142469013189
0.0166018331787
0.00698276189914
0.00690580949618
0.00767105246784
0.00842190751459
0.0157567287337
0.0147023792286
0.0178878867093
0.0152404245351
0.00241904626259
0.00244853302222
