0.0275465592246
0.0112219478701
0.0169792519677
0.0160605452107
0.0191431131408
0.0103296149259
0.0104949166406
0.0100932865918
0.00964079470737
0.00937648028604
0.0136180167238
0.0212408240651
0.00987932665091
0.0134052281102
0.0150554358291
0.0121043391905
0.0188692067897
0.0146945991326
0.016393904959
0.019638744884
0.00915698754378
0.0145448362236
0.0137789627478
0.0127392083736
0.00949267134907
0.00971056209865
0.0102139261495
0.00811270383778
0.0106160414052
0.0126055048044
0.015603103179
0.0104988694994
0.0122977936603
0.0108147600856
0.011554230498
0.0111350908208
0.0113397415469
0.0135264273143
0.0109740725541
0.0108415279428
0.0111571948835
0.0111463359698
0.0126448208956
0.0114718222642
0.0117453058794
0.0123600668194
0.0114723537319
0.00973983186785
0.0100888002715
0.00989621271619
0.0102155273946
0.00995290596388
0.00984763813234
0.0106944632344
0.0102387398907
0.00954380749869
0.009294325981
0.00810422678711
0.0101660894051
0.0101439639792
0.00927653830251
0.00995099883481
0.00980010540797
0.018386874718
0.0160205054931
0.0116347591823
0.0112454404845
0.0164661841015
0.0187781758717
0.0098896244268
0.00945633000672
0.00826772704522
0.0117209552306
0.0201658106928
0.0207228954483
0.023020159058
0.0212992793158
0.0149982010304
0.016777113864
0.0195635539127
0.014441227389
0.0193358154683
0.0174006319875
0.0187617794529
0.0137916091695
0.0129617691015
0.0148407833102
0.0181293689416
0.00789280361429
0.0186203472184
0.0165835906153
0.0170841805071
0.0123808053915
0.00853078529811
0.0103945127615
0.0124808165404
0.0126019161819
0.0183088757565
0.0188896422779
0.0147128804402
0.00866263145646
0.00959021202743
0.0145274566097
0.0197206693269
0.0181676412619
0.0143485852819
0.0193113765635
0.0183896869892
0.0141895011734
0.0157657156141
0.00909129647007
0.00933192289068
0.00843242684618
0.00852759323167
0.0201535194444
0.0163318984628
0.0141225125342
0.0108165789383
0.00957775500794
0.0103377335121
0.00818789756496
0.0108622901646
0.00986446898288
0.0101199838579
0.0103034514722
0.00876383739647
0.00931030269282
0.00917987142299
0.00906936304752
0.0158189670708
0.0171432891349
0.00958652240706
0.0088192471458
0.0101082607789
0.00870762967864
0.00884496393424
0.0097244492284
0.0110669771352
0.0183290409368
0.0169458535356
0.0162573043651
0.0103579211559
0.0105968115101
0.011554331308
0.011047287042
0.0129738510414
0.0109907416199
0.0108957200616
0.0122502702947
0.0123260547133
0.0106142867821
0.01118529679
0.0108579504492
0.0112485705175
0.0104491227793
0.0106836070775
0.0103332978652
0.0158555105146
0.0172434394825
0.0103705511144
0.0101039798314
0.0100966622787
0.0115084036482
0.0102750786163
0.0100269469651
0.010486778901
0.010380164962
0.0101669839806
0.0101969761757
0.0111338506296
0.0108612451185
0.0160279541406
0.0169243292674
0.00865294511355
0.00971743852978
0.0117274423792
0.00966378803394
0.0183130804795
0.0201250167186
0.0162988050732
0.0181829542372
0.0112357286803
0.0115506990087
0.0135843342106
0.0138763141211
0.0216383636375
0.0204317769401
0.0105111784348
0.0104427830851
0.0113539774781
0.0126515110964
0.0202962052797
0.0184696841118
0.0159365406219
0.0105647187689
0.0098700611862
0.00975125148703
0.00833531049059
0.00949129948368
0.0097363732427
0.00826809352422
0.00921007514936
0.0185455040746
0.00950566367052
0.0100909551709
0.0106623058895
0.0114918236484
0.0110657477412
0.0107942723654
0.0114189799885
0.00993102034335
0.00952232497755
0.0108129869715
0.0103058266797
0.010669729352
0.0107251650296
0.0106524764438
0.0139331788933
0.0185230872049
0.010802624483
0.011133687523
0.00935702706491
0.00991574207832
0.0105415594831
0.0100543218032
0.00927964554461
0.00982321181344
0.0144053223653
0.0172762508331
0.00795465495978
0.00810594171641
0.00893587242988
0.0102883646429
0.0111068007854
0.0096459588741
0.00993474095036
0.01146854198
0.00943763725401
0.00879818531714
0.00944576342318
0.00845575938297
0.0170791669989
0.00963944817854
0.00859457438689
0.00924597787158
0.00799969558214
0.00912106717632
0.00924371936911
0.00934020454776
0.00787003175875
0.00941811639496
0.00966855418579
0.00963664854143
0.00964247115899
0.00756942123253
0.00905528816586
0.00937603530035
0.0101679903632
0.0102214280652
0.0103745447238
0.0103077715622
0.0105261930782
0.0107209510209
0.0109413198656
0.0104052283994
0.0105211557079
0.00957591807749
0.00918483928153
0.0105933633865
0.0103673616441
0.0100868703523
0.0111438945307
0.00967217966045
0.00978551972916
0.00942302529318
0.00975431284081
0.00954457817154
0.00956351203073
0.00960087875069
0.00988525467541
0.00895697591694
0.00892152785705
0.00790972286816
0.00900567508977
0.00980274444226
0.00986522928254
0.00951763190752
0.0100053146345
0.00839996507052
0.00979420274419
0.0096902843382
0.0093459805846
0.00983581157856
0.0106179927321
0.0106615837618
0.0109308911254
0.0105748515097
0.00997251588549
0.0105909088001
0.0103904046181
0.0103611536969
0.0105865115477
0.00996714170792
0.0105471035753
0.010526296845
0.0104965237479
0.0100080875993
0.00984473802443
0.00953899597439
0.00977750619297
0.0096148849421
0.00959710259037
0.00959179816106
0.00995904075606
0.00899655993368
0.00891952429495
0.00790634735837
0.0089625698107
0.00981659152285
0.00984219350473
0.00943051500876
0.0097028493707
0.00970252624668
0.00988728603679
0.00983927543841
0.00950968151357
0.0099544366954
0.0096966897468
0.00964100065517
0.00965379871104
0.00983125664276
0.00985556670588
0.00972214693937
0.00949596360939
0.00947212630398
0.00933853628095
0.00947859257874
0.0105473496018
0.00938334689349
0.00864179973193
0.00808550258739
0.00917168090631
0.00880605845504
0.00906875178771
0.0092564940766
0.00917217752671
0.00847499421122
0.00827765667594
0.00740832042717
0.00893715938113
0.00941510122289
0.00963044288165
0.00950931100063
0.00962450951778
0.0099617040509
0.0101788399767
0.009968933183
0.00996918844678
0.0100479788595
0.00995080360881
0.0100333982479
0.0100011342581
0.00952704886777
0.00954795643963
0.00935038829272
0.00850287516825
0.00921565817827
0.00902949822501
0.00910606369428
0.00844773894459
0.00918887850238
0.00927135573245
0.00856805716742
0.00864097267824
0.00828375335436
0.00882917816876
0.00863928744918
0.00993238657533
0.00984426502483
0.00940524744908
0.00974562203996
0.00948306256912
0.00941716538166
0.00946272902088
0.00982410941282
0.00882790741725
0.00879408848896
0.00781268023368
0.00884673853956
0.00966845834569
0.00974020555565
0.00931302839966
0.00956212990681
0.00858935614511
0.00945797268493
0.00930262418129
0.00831755512213
0.00936463876139
0.00917913025254
0.0091868828193
0.00852253745371
0.00960180093382
0.00964498963099
0.00957866757305
0.00936810139221
0.00863182732397
0.00852615574295
0.00930907151187
0.00957770964855
0.00948842796065
0.00932084980421
0.00892431468156
0.00933251387764
0.00915345948188
0.00916886120988
0.00925679316839
0.0094913855185
0.00832754322061
0.00863312045805
0.00943973967292
0.00918844918898
0.00961443108894
0.00968611750015
0.0093807619543
0.00960213694395
0.00992800326455
0.00974497135543
0.0096581487934
0.00939688164539
0.00981092329013
0.00939717073326
0.00945387389635
0.00946354196564
0.00966478612367
0.00974421478666
0.00959168550252
0.00933153868649
0.00881900816655
0.0087614812069
0.0088468525339
0.00779549106956
0.00930077533719
0.0087511561826
0.0081639044698
0.00877442025193
0.00774563386612
0.00880458113195
0.00877135600834
0.00878159187849
0.00983517942158
0.00990724493028
0.00944379490639
0.00995835476462
0.00996752712691
0.0098277778882
0.0094491781908
0.00975828179609
0.010034439614
0.00957034494802
0.00963325868136
0.00964845565486
0.010193598355
0.0102781554628
0.0103589413118
0.010428970712
0.00959815249995
0.0106366211734
0.0106484535971
0.0106190875781
0.0106476720492
0.0102503967978
0.0114743751296
0.0109668481542
0.0107487862062
0.0107217002038
0.00865820928871
0.00858551797198
0.00850813727501
0.00933783336034
0.0102058685115
0.0102775860347
0.0104191068394
0.0103586944103
0.00985020164732
0.0106798057527
0.00951567836481
0.0094182864382
0.00974796932294
0.0105985381499
0.0115378148741
0.0110633863446
0.0107456354405
0.0107955727598
0.0074402638226
0.00833967583016
0.00794296845615
0.00909762413113
0.00957867292549
0.00805235122903
0.00582257382317
0.00496440742548
0.00392222628936
0.00424247179756
0.00296531520386
0.00351472521666
0.00304732358731
0.00458402126842
0.00663365614431
0.00683617318049
0.00331465395424
0.00666729307105
0.00297985534978
0.00302552213393
0.003706221877
0.00279235050537
0.0050947505888
0.00332045914931
0.00546703413149
0.00312460434354
0.00392973750057
0.0029865371733
0.00452390078855
0.0049166909273
0.00314357957443
0.00384530412559
0.00485218115793
0.0044821210499
0.00837371178219
0.00661417075091
0.0043336904128
0.00461393010557
0.00515765252875
0.00479846691941
0.0150652121649
0.00504962494477
0.00926628608028
0.00828688934213
0.0134875398183
0.0114322056655
0.00873913224881
0.0147593710835
0.00989384635176
0.0110024563361
0.00915665843014
0.00932454818936
0.00886056565016
0.0138714983935
0.0060724081101
0.00689768863992
0.00631982610805
0.00576066986831
0.00615771136837
0.00649399674153
0.0061073628748
0.00622341408347
0.00957714071054
0.00755419398649
0.015419944596
0.00969356084181
0.00594742678762
0.00652614541447
0.00839803341366
0.00748324483103
0.00646896024731
0.00651563239004
0.0105140967713
0.00788692775456
0.00820075488465
0.0097098062502
0.00998785602341
0.00870508071509
0.0087454384875
0.00854879138149
0.0137023662797
0.0134640345277
0.00919508941093
0.00873674738814
0.00936714163271
0.00853753638652
0.00990319463384
0.0122693588843
0.00890642840497
0.00716554074005
0.00805940656186
0.00599214378856
0.0094222321461
0.00988694659845
0.0181260230596
0.0101522958807
0.0118361570206
0.0104734927624
0.0144615247599
0.00921839668639
0.0102581035964
0.0102411892648
0.0100285913597
0.0115316552347
0.00982194392823
0.0138628426732
0.00769674482129
0.0148127837122
0.0114502037354
0.011695302345
0.0100478273444
0.00679728193533
0.00701769416496
0.00522808896438
0.00367619351608
0.00347821031883
0.00536797319371
0.00518616934348
0.0044244354687
0.00483366945169
0.00373808459722
0.00509581357268
0.00411644422852
0.00363174307598
0.00451495525741
0.00607249993415
0.00650848308277
0.0055135424566
0.00776548921236
0.00732225401281
0.00645426950359
0.00559509388672
0.00637642383893
0.00889115580903
0.0138370931835
0.0106173065352
0.0116246546515
0.00982664032386
0.0109215501719
0.0112930583343
0.0112751340877
0.0114971699193
0.00939703256876
0.00964251091098
0.00923984080718
0.0101328084336
0.0110514610384
0.0100431665852
0.0105822891457
0.0112889775559
0.0115890267463
0.00725061344494
0.00657692156427
0.00602490207603
0.00567232804164
0.0106481045507
0.0119890613609
0.00833784694235
0.010373281734
0.00690664405431
0.00783233946353
0.00735112167586
0.00827702001047
0.0106532228842
0.0118964726301
0.0118540223675
0.0109722092453
0.00783463717417
0.00757838384969
0.00503712686973
0.00651781826425
0.00649369617368
0.00756066244271
0.00560105204326
0.00788356533961
0.0096948545284
0.00938565339408
0.012078860411
0.0107896645365
0.0154804466632
0.015625797383
0.0169459560076
0.0157474835994
0.00922822437511
0.00918108440292
0.00834409510163
0.0092393948595
0.00852875811122
0.00758596011173
0.00827803345631
0.00737799237503
0.00999483927501
0.00834178768324
0.00795924984498
0.00901019448309
0.0100723470708
0.00935010993962
0.00963968485472
0.0087086692757
0.0114663285515
0.0104565111232
0.0105203598135
0.0106257287635
0.0161283166315
0.0168256768007
0.00945869538489
0.00964088783929
0.0097337188193
0.0102267859133
0.00886403260822
0.00876726536952
0.00811036977371
0.00874515035129
0.0108248576611
0.00989452256869
0.0096069626989
0.00979259998759
0.00754463175847
0.00828519778818
0.00891032942005
0.00852385678242
0.00995525398721
0.00945389772845
0.00973976917503
0.00942349497752
0.00987345864066
0.00992442170007
0.00975985039543
0.00960969132783
0.00799676082501
0.00751613069404
0.00795548407131
0.00662249870208
0.00751970523235
0.00736976893733
0.00847729220378
0.00746513387741
0.00977989423227
0.00918133450697
0.00925556116135
0.00831258749463
0.0079706358131
0.0083543857622
0.0100135309452
0.00902737619533
0.00873003777671
0.00969922734597
0.0093206146049
0.00953409292799
0.0102988024927
0.0104191390288
0.0106514929227
0.0106105157586
0.0105648724072
0.0105765325659
0.0104001543708
0.0106133658331
0.0100248072611
0.00992538537545
0.00925132878114
0.00995867485809
0.0101092528735
0.00925462240207
0.0100938289388
0.00888428723859
0.00935475208418
0.00959185263981
0.00938225496
0.00955074166906
0.00924374003497
0.00947812077876
0.00851855008714
0.00861404861153
0.00807086565917
0.00930231202387
0.00907504581989
0.00845382439916
0.00983737034475
0.0103650432973
0.0104579610579
0.00973262589719
0.00946637528457
0.00882724452075
0.00889603108559
0.00934126352423
0.0110563058518
0.0167801816355
0.014502384515
0.0154390820476
0.0163553106137
0.01472295671
0.00885587515761
0.00936646892799
0.00850143487377
0.00961289557561
0.00906232471226
0.00946148295775
0.0101706605859
0.0109239112735
0.0109300889309
0.0107523995278
0.0101954754236
0.0105453212286
0.00881157752184
0.00778017063732
0.00867962249081
0.00809769002627
0.00954045095805
0.0100389769515
0.00931066450507
0.0101799792531
0.00933554190586
0.00864309575113
0.0082536615996
0.00868784629984
0.0160550135083
0.0201820722364
0.0152610933824
0.0159792955545
0.00938972212977
0.00813327350631
0.00853536513889
0.00942714454798
0.00918986228365
0.00856917953987
0.00915789409265
0.00914557933397
0.0088543198783
0.00880955790042
0.0081811476817
0.00882651743931
0.0162526602181
0.0134261298168
0.00994196886618
0.00845443852655
0.0085258791068
0.00912346943143
0.00843724155115
0.00788062046747
0.00967909405564
0.00756450617032
0.0105788292604
0.00867799575473
0.00939603803277
0.00841608922316
0.0169559127977
0.0178553802594
0.00878860580493
0.00763686733073
0.00850341039047
0.00868597941938
0.00936324206202
0.00873509272916
0.00976519006356
0.00908642560232
0.00963425890021
0.00985620193522
0.00972980079264
0.00981228796294
0.00854646832041
0.00935327557491
0.00929594165235
0.0090860201175
0.0100780945899
0.00932398090916
0.00907054930215
0.010072197781
0.0100978879029
0.00925420177911
0.00966589277255
0.0100618608451
0.00917871269225
0.00939679046527
0.00896891746791
0.00831765777423
0.00938460883515
0.00877193357375
0.00938008734325
0.0086394019247
0.00876693879866
0.00878403611564
0.00814838477352
0.00888720877885
0.00856909102023
0.00877839495761
0.00813305196115
0.00851140487019
0.00873689424201
0.00936418578377
0.00904212910401
0.00908636199909
0.00820039307166
0.00880238647757
0.00883147585576
0.00882546332329
0.00915552413674
0.00788662131998
0.00852767409001
0.00913382536918
0.0157539131759
0.0151095995012
0.00944699037567
0.00868115336578
0.00927833335773
0.00928332688793
0.00885297107662
0.00871892439553
0.00879651608354
0.0081628939562
0.00720797395321
0.00764859000738
0.00791023179797
0.00717571283241
0.0089052500972
0.00828466418607
0.00906251303015
0.00820434634732
0.00800044748565
0.00757080373778
0.00669111070647
0.00798272826584
0.00842468706712
0.0080718338682
0.00856114402197
0.00824327242195
0.00825302811188
0.00756864457062
0.00852396904458
0.00889826057136
0.00815179278705
0.0079015483613
0.00777808273748
0.00846199205862
0.00472094235522
0.00413147512647
0.00672608925026
0.00529624462423
0.0060437141774
0.00499916862371
0.00506756145298
0.00500934578132
0.00530931635997
0.00433993238525
0.0088817686766
0.00860334213289
0.00452095715486
0.00458706001201
0.00556191074622
0.00499893179408
0.00996868170838
0.0087979715898
0.00640787588746
0.00610989680146
0.00708613979429
0.00630321435158
0.00829805575354
0.00736883530018
0.0076932942752
0.00828544876702
0.0070548018202
0.00766716800546
0.00883851825478
0.0081458031808
0.00697328531767
0.0129749610104
0.00893659783398
0.00847796026719
0.00884288320659
0.0167866020198
0.00911852543535
0.0115729625597
0.00430532557332
0.00840991363459
0.0115424953461
0.0128335477729
0.00522691004987
0.00495251726312
0.0050270119097
0.0049700986549
0.0195759427312
0.00944135974878
0.00603643570315
0.00624774243753
0.00570113096082
0.00729579518227
0.00722192815432
0.0067898651494
0.00548838489062
0.00744328016469
0.00680746237388
0.00750762016991
0.00463311758481
0.00466726026815
0.00451486198355
0.00405509771195
0.00475703961348
0.00463395787885
0.00459871533339
0.00467918975372
0.00486352125153
0.00521263988733
0.00521515517417
0.00680001132523
0.00677237325738
0.00531613511873
0.00517278409865
0.00495636157851
0.00451923872122
0.00492343396599
0.00539348790055
0.00460866442849
0.00464364511265
0.00432150561057
0.00441756263409
0.00519337311636
0.00544535546498
0.00534960361467
0.00546222542466
0.00601242020424
0.00720917858507
0.00450884387669
0.00636965308147
0.00634702082699
0.0068093899236
0.0065768598732
0.00852628208596
0.00863220145158
0.00568064954756
0.0064849658632
0.00618935751044
0.00618440875205
0.00841919076289
0.00786361847449
0.00738408534322
0.00881020291997
0.0061284631406
0.00619204881877
0.00567676541148
0.00593935673954
0.00429716917454
0.0044994842419
0.00421020305303
0.00430654599341
0.00490360507073
0.00527248726452
0.00453345277728
0.00440337393818
0.00701259857363
0.00831319798797
0.00487863444302
0.00545365492077
0.00490602498231
0.00664988253357
0.0049905037161
0.00516450104733
0.00561312559161
0.00501040022969
0.00897125681438
0.00864624545624
0.00448608140709
0.00434376313844
0.00430825882161
0.00416174852051
0.00602729882479
0.00493644542833
0.00537490198294
0.00550696818679
0.00641124609634
0.00720019716442
0.00743021788213
0.00679339277494
0.00824851684739
0.016627868468
0.0118349645309
0.00909353113624
0.00833336997903
0.00936481959674
0.00540912741396
0.00433893740302
0.00517283910939
0.00394516399538
0.00659081025309
0.0063713203693
0.00515529946579
0.005984521139
0.00587131180152
0.00634545411993
0.00552725659125
0.0065590939212
0.00673848253971
0.00624281549522
0.00868688110052
0.00830813165612
0.00837035276716
0.0120878398688
0.00611503748111
0.00539928874004
0.00569431530863
0.00521264097364
0.00916572942752
0.00935735245999
0.00654972273097
0.00643574371229
0.00399911935424
0.0040521915987
0.00406412604259
0.00425628395323
0.00867101564448
0.0094538906971
0.00997719410609
0.00924544472095
0.00415890862092
0.00388876189184
0.00390081914423
0.00384941039225
0.00637576736235
0.0064049263972
0.0160553124793
0.0101536602109
0.00313095030869
0.00370357113528
0.00303789454651
0.00298240594347
0.00256698280234
0.00485320888535
0.00527481490223
0.00627940495675
0.00493697285509
0.00625552012569
0.00981187769812
0.00790186444288
0.010234647349
0.00895672397369
0.0057199269784
0.0056941224934
0.00496429335364
0.00670624600854
0.0063060951917
0.00539232277515
0.00427301559892
0.00442772255651
0.0104258020221
0.0104710169985
0.0104697703386
0.0105333443552
0.00595150966886
0.00657170155662
0.00613122258054
0.00604793862277
0.00538396052446
0.00698649271954
0.00547454456011
0.00615825386035
0.00621029333099
0.00711331747798
0.00319180479409
0.00322435985014
0.00294277750092
0.00272067290158
0.00670172506148
0.00603903671066
0.00524002083653
0.00588451858652
0.00456401363328
0.00510764553713
0.00450081685379
0.00583730814808
0.00644495928407
0.00536209684154
0.00546306656625
0.00547011917513
0.00407715362395
0.00382849388252
0.0033614757347
0.003226788745
0.00297723461124
0.00282341441633
0.00264103364834
0.0028208239066
0.00252442686031
0.00271289581074
0.0027343660435
0.00260624791563
0.00305020757213
0.00375184657867
0.00294978303862
0.00391948953775
0.00988355444606
0.0103917803353
0.010668809562
0.0108757292197
0.0095469003471
0.0137214035968
0.00739780562154
0.00659183075337
0.00591434382364
0.00565117380031
0.0108051670229
0.00916955034896
0.00688522346724
0.00653900876452
0.0068652987132
0.0065246312342
0.0089007285978
0.00939115624683
0.00944238608831
0.0112527536605
0.00640257628152
0.00589115099424
0.00566695355068
0.00565222130415
0.00913512922931
0.0109828308437
0.00552614605035
0.00515762127839
0.00490172530094
0.00591019632344
0.00561516331584
0.00469683835414
0.00508955329119
0.00565626176052
0.00694905075408
0.00867285018919
0.00368308867483
0.00645533254831
0.00605601920062
0.00696451804505
0.00641090789541
0.00561573391222
0.00556885691386
0.0055372529316
0.00574111899715
0.00561155879668
0.00519393340344
0.00638891988221
0.00654465850699
0.00608563355909
0.0056961243673
0.00534480408098
0.00352626359595
0.00476447486156
0.00511296774836
0.00566794019187
0.00487721675972
0.00515077231709
0.00536115164926
0.00596801975622
0.00827195175983
0.00876602450462
0.00953501520801
0.00992788002385
0.00555646128524
0.00625336809882
0.0057815487997
0.00679907913963
0.0100722457378
0.0091163172479
0.00532563729107
0.00562790405241
0.00471373885623
0.00632929119894
0.00563210946334
0.00466295951016
0.00421649410938
0.00453245876839
0.00611177624686
0.0060674777059
0.00547090414127
0.00695348382033
0.00524704585388
0.00629252150103
0.00615029436359
0.00702870266172
0.00412657801785
0.00386557780916
0.00356470995407
0.00337395516226
0.00574096877526
0.00583074672677
0.00718100623643
0.00628194936925
0.00883520780943
0.0135048837946
0.00717738291279
0.00680434212468
0.00609410532338
0.00581633318053
0.0101685989414
0.0105665019395
0.00962061727768
0.0112460936817
0.00925078316422
0.0112288622645
0.00647139046295
0.00588257045752
0.00545377991001
0.00518420702474
0.00515378833792
0.00581310296212
0.00547814850672
0.00638015523402
0.00733930910021
0.00936644544194
0.00593329445863
0.00728641423609
0.00632707110773
0.00661945819678
0.00594346731494
0.00671545067691
0.00731969496005
0.00929316665959
0.00669190884482
0.0089443166086
0.00370784355067
0.00643679439216
0.00601533356499
0.00671966035528
0.00557565847362
0.00550481470547
0.00514914018763
0.00618818024987
0.00639708629211
0.00603939123342
0.00564703067676
0.00532818297118
0.00956103893156
0.00896415561104
0.00660533536055
0.00608761129189
0.00641090238752
0.0066780759245
0.007810080492
0.0087530999883
0.00835642133357
0.00953949308614
0.0054262343367
0.00569544607158
0.00554059805199
0.00621899716029
0.00698809418429
0.00901806722374
0.0055351795433
0.00558645705144
0.00625462057509
0.00570052452203
0.00559787443809
0.00563696827139
0.00368592683321
0.00482995083291
0.0061470831389
0.00543678035845
0.00651761978108
0.00562495225907
0.0062504422945
0.00591362447615
0.00934588662141
0.0108304753729
0.00542873679386
0.0048362898994
0.00592106361148
0.00592255577306
0.00659425571122
0.00608770121038
0.00603822067792
0.0065113849974
0.00605856628285
0.00623122124597
0.00444655699994
0.00436721047048
0.00647571849981
0.0054898664596
0.00528238595022
0.00542137305019
0.00586887167038
0.00684768508119
0.00592718054481
0.0057888858154
0.00638630571953
0.00632102927811
0.00634048559663
0.00636238912006
0.00388373405174
0.00462778218454
0.00651068424617
0.00517355588626
0.0059214935755
0.00974696369463
0.00654813761321
0.00503038449643
0.00531364772256
0.0053240889902
0.00794949280921
0.00888244182224
0.00638363536686
0.00646734976611
0.00665048292866
0.00689984415311
0.00604305273834
0.00598274927725
0.00589438350024
0.00675108247251
0.00506106587919
0.00712709309547
0.00741443994697
0.00761909695908
0.00692750954998
0.005671900053
0.00567525646994
0.00626680611681
0.00624000623949
0.00675874413906
0.00510745635456
0.00580728546407
0.00760513972179
0.00631978820734
0.00574478370621
0.00629422959102
0.00552898912302
0.00602606126437
0.00606402602039
0.00584727573551
0.0063255543711
0.00577954827311
0.00628036243279
0.00583375121587
0.00572989667282
0.00696566799782
0.00563743431006
0.00432921325006
0.0046937856823
0.0046967323447
