0.0457143672716
0.0364407117769
0.0711160394572
0.071836107381
0.0364407117767
0.0360323044519
0.0379065952813
0.0360323044519
0.0183701782055
0.00930770728827
0.0434390308763
0.0434390308763
0.0718361073809
0.0183598686003
0.018321815584
0.0218890178843
0.0219101004818
0.0219101004819
0.0218890178842
0.00921204256997
0.00930770728824
0.00921834781342
0.00919280089343
0.00956460813195
0.00969078065014
0.00959114193332
0.00959114193337
0.00921834781342
0.00930770728822
0.00921204257002
0.00919280089346
0.00911426136157
0.00920260674083
0.00911426136152
0.00908284093963
0.0181621681969
0.0181621681969
0.00959114193338
0.00969078065019
0.009564608132
0.00959114193338
0.00919280089347
0.00930770728827
0.00921204257006
0.00921834781341
0.00919280089347
0.00930770728827
0.00921834781341
0.00921204257006
0.0115817655026
0.0117384059399
0.0115817655026
0.0115817655026
0.00921204257002
0.0093077072883
0.00919280089347
0.00921834781348
0.0095911419334
0.00969078065022
0.00956460813204
0.00911426136157
0.00920260674084
0.00921204257002
0.0093077072883
0.00921834781348
0.00919280089347
0.00956460813204
0.00969078065022
0.00959114193341
0.0095911419334
0.00921834781345
0.00919280089345
0.00911426136157
0.00920260674084
0.00911426136152
0.00908284093965
0.00908284093965
0.00920260674084
0.00911426136152
0.00908284093963
0.00911426136157
0.00959114193337
0.00969078065014
0.00956460813195
0.00930770728824
0.00921834781342
0.00919280089346
0.00930770728822
0.00921834781342
0.00921204257002
0.0110016508775
0.0115817655027
0.0115817655027
0.0111394004366
0.010990835709
0.0110016508775
0.0110016508775
0.0111394004366
0.0110016508775
0.010990835709
0.00930770728824
0.00921204256997
0.00921204256997
0.00930770728824
0.00921834781342
0.00956460813195
0.00969078065014
0.00959114193332
0.00959114193337
0.00921834781342
0.00930770728822
0.00921204257002
0.00919280089346
0.00920260674083
0.00911426136152
0.00908284093963
0.00930770728827
0.00921204257006
0.0359625900912
0.037572606844
0.0180988495931
0.0190277557777
0.0183598686003
0.0188426101824
0.0218890178842
0.0227606989446
0.0216459483137
0.0224749355661
0.00921204256997
0.00930770728824
0.00919280089343
0.0181696835186
0.0181061565163
0.0181061565163
0.0187646011509
0.0180485258634
0.018582053762
0.0180988495931
0.0190277557779
0.0188426101826
0.0190277557779
0.0188426101826
0.018582053762
0.0187646011509
0.0180485258634
0.018582053762
0.00920260674083
0.00911426136152
0.0093077072883
0.00921204257002
0.00930770728827
0.00921204257007
0.010990835709
0.0111394004365
0.0110016508775
0.0110016508775
0.0115817655026
0.0117384059399
0.0115817655026
0.0115817655026
0.0110016508775
0.0111394004365
0.010990835709
0.0110016508775
0.0110016508775
0.0111394004366
0.0110016508775
0.010990835709
0.00921204257006
0.00930770728827
0.00919280089347
0.00921834781341
0.00959114193338
0.00969078065019
0.00959114193338
0.009564608132
0.0181621681969
0.0181621681969
0.00921834781341
0.00930770728827
0.00921204257007
0.00930770728827
0.00921834781345
0.00919280089345
0.0191143272884
0.0190614933741
0.0183701782056
0.0183578302792
0.0181061565164
0.0181696835186
0.0191099212698
0.00911426136155
0.00920260674086
0.00911426136155
0.00908284093966
0.00920260674083
0.00908284093963
0.00908284093966
0.00920260674086
0.00911426136155
0.00911426136155
0.00959114193338
0.00969078065019
0.009564608132
0.00959114193338
0.00919280089347
0.00930770728827
0.00921834781341
0.00919280089347
0.00930770728827
0.00921834781341
0.0216459483137
0.022474935566
0.0216459483137
0.0181061565163
0.0187646011509
0.0180485258635
0.018582053762
0.0188426101826
0.0180988495931
0.010990835709
0.0111394004366
0.0110016508775
0.0110016508775
0.0115817655027
0.0117384059401
0.0115817655027
0.0115817655027
0.0110016508775
0.0111394004366
0.010990835709
0.0110016508775
0.0110016508775
0.0111394004366
0.0110016508775
0.010990835709
0.00921204256997
0.00930770728824
0.00919280089343
0.00921834781342
0.00959114193337
0.00969078065014
0.00959114193332
0.00956460813195
0.00911426136157
0.00920260674083
0.00908284093963
0.00911426136152
0.00921834781342
0.00930770728822
0.00919280089346
0.00921204257002
0.0364407117769
0.0181696835186
0.0181061565163
0.018321815584
0.018321815584
0.00920260674084
0.00911426136157
0.00959114193341
0.00969078065022
0.00956460813204
0.0095911419334
0.00919280089345
0.00930770728827
0.00921204257007
0.00921834781345
0.00919280089347
0.0093077072883
0.00921834781348
0.00921204257002
0.010990835709
0.0111394004366
0.0110016508775
0.0110016508775
0.0115817655026
0.0117384059399
0.0115817655026
0.0115817655026
0.0110016508775
0.0111394004365
0.010990835709
0.0110016508775
0.0110016508775
0.0111394004365
0.0110016508775
0.010990835709
0.00921204257007
0.00930770728827
0.00919280089345
0.00921834781345
0.00959114193341
0.00969078065022
0.0095911419334
0.00956460813204
0.00911426136152
0.00920260674084
0.00908284093965
0.00911426136157
0.00921834781348
0.0093077072883
0.00919280089347
0.00921204257002
0.0190041424878
0.0184731626257
0.0183218155839
0.0183598686002
0.00483958679531
0.00479003123413
0.0048237959894
0.00483958679531
0.00479003123413
0.00459915195473
0.00464431650105
0.00459673941261
0.00460272053619
0.00228531648444
0.00275674857486
0.0027652825034
0.00275590570638
0.00275674857486
0.00551174644249
0.00279338872802
0.00280289339103
0.0027940723275
0.00279407232756
0.00550762652691
0.00484991753452
0.00478699457387
0.00483316123918
0.00478364326598
0.00461578074721
0.00460627093528
0.00461560570032
0.00476061692384
0.00477622026235
0.00460221327233
0.00464664897105
0.00461462474577
0.00463227540367
0.00459561017236
0.00455166964154
0.00458062060946
0.00458062060943
0.0045956101723
0.00455166964156
0.00480559953245
0.00480537785717
0.00480559953248
0.00461462474577
0.00464664897105
0.00460221327233
0.00463227540367
0.00476061692384
0.00477622026235
0.00459281360198
0.00457860766842
0.00454812105377
0.00459281360199
0.0224749355662
0.00953835236652
0.00930473511707
0.00921834781342
0.00458808736509
0.00457705989712
0.00474377126941
0.00475602098358
0.00471344360981
0.00470971774805
0.00456232368712
0.00466739147606
0.00470875354557
0.00466370041021
0.00476659630544
0.00477892421494
0.0047201199516
0.00473694093338
0.00478369496589
0.00482693083233
0.00481447799103
0.00476671551696
0.00457819272237
0.00458922251239
0.00454891195009
0.00464525580534
0.00465644885413
0.00459915195473
0.00461474388768
0.00941888859443
0.00956471217107
0.00920700075641
0.00948103668888
0.00910222269023
0.00910945161203
0.00921204257006
0.00930770728827
0.00921834781341
0.00919280089347
0.00951852860331
0.00963689073083
0.00930473511706
0.00953835236657
0.0360323044519
0.0379065952815
0.036440711777
0.0364407117769
0.0718769946212
0.0711160394571
0.0364407117767
0.0379065952813
0.0364407117769
0.0360323044519
0.0434390308763
0.0457143672713
0.0434390308763
0.0434390308763
0.0364407117769
0.0379065952814
0.0360323044519
0.0364407117769
0.018582053762
0.0187646011509
0.0180485258635
0.0181061565163
0.0181061565163
0.0181696835186
0.0191143272883
0.019061493374
0.00919280089343
0.00930770728824
0.00921204256997
0.00921834781342
0.0219101004819
0.0218890178842
0.0364407117769
0.0370383459568
0.00921834781342
0.00930770728822
0.00919280089346
0.00921204257002
0.0180485258634
0.0187646011509
0.0181061565163
0.018582053762
0.00919280089343
0.00930770728824
0.00921204256997
0.00921834781342
0.00919280089346
0.00930770728822
0.00921834781342
0.00921204257002
0.010990835709
0.0111394004366
0.0110016508775
0.0110016508775
0.0115817655027
0.0117384059401
0.0115817655027
0.0115817655027
0.0110016508775
0.0111394004366
0.010990835709
0.0110016508775
0.0110016508775
0.0111394004366
0.0110016508775
0.010990835709
0.00921204257002
0.00930770728822
0.00919280089346
0.00921834781342
0.00959114193332
0.00969078065014
0.00959114193337
0.00956460813195
0.0181621681969
0.0181621681968
0.00921834781342
0.00930770728824
0.00919280089343
0.00921204256997
0.0183578302791
0.0188656428161
0.0181472370532
0.0186301848054
0.0181472370532
0.0188656428162
0.0183578302792
0.0186301848055
0.04315091882
0.0457400511042
0.022474935566
0.0227606989444
0.0216459483137
0.0218890178842
0.00921204257006
0.00930770728827
0.00921834781341
0.00919280089347
0.0183744689459
0.0183234495681
0.00921834781342
0.00930770728824
0.00921204256997
0.00919280089343
0.0360465547883
0.0364797388946
0.0219098123713
0.0219098123713
0.0115817655027
0.0117384059401
0.0115817655027
0.0115817655027
0.0110016508775
0.0111394004366
0.010990835709
0.0110016508775
0.0110016508775
0.0111394004366
0.0110016508775
0.010990835709
0.0191143272883
0.019061493374
0.00921834781342
0.00930770728822
0.00919280089346
0.00921204257002
0.0183578302791
0.0183701782055
0.0218890178843
0.0227606989446
0.0216459483137
0.0224749355662
0.0224749355661
0.0227606989446
0.0216459483137
0.0218890178842
0.0180988495931
0.0190277557779
0.0183598686003
0.0188426101826
0.0183598686003
0.0190277557779
0.0180988495931
0.0188426101826
0.037572606844
0.0359625900912
0.00959114193332
0.00969078065014
0.00956460813195
0.00959114193337
0.00919280089346
0.00930770728822
0.00921204257002
0.00921834781342
0.010990835709
0.0111394004366
0.0110016508775
0.0110016508775
0.0115817655027
0.0117384059401
0.0115817655027
0.0115817655027
0.0110016508775
0.0111394004366
0.010990835709
0.0110016508775
0.0110016508775
0.0111394004366
0.0110016508775
0.010990835709
0.0183578302792
0.0188656428162
0.0181472370532
0.0186301848055
0.0186301848054
0.0188656428161
0.0181472370532
0.0183578302791
0.019061493374
0.0191143272883
0.00921834781342
0.00930770728824
0.00921204256997
0.00919280089343
0.00921204257006
0.00925278862001
0.00290502894036
0.0029149340863
0.00290522588216
0.00290522588217
0.00294458508997
0.00295462548963
0.00294458508999
0.00294458508999
0.00290522588216
0.0029149340863
0.00290502894036
0.00290522588217
0.00290522588215
0.00291493408627
0.00290522588215
0.00290502894036
0.00275929743316
0.00276800841561
0.00275879082988
0.00275946606468
0.00461462474571
0.00464664897105
0.00460221327236
0.00463227540368
0.00476061692385
0.00477622026233
0.0047433001781
0.0047297354025
0.00485553865842
0.00485553865839
0.00239840523669
0.00240457484272
0.00239664055787
0.00239840523668
0.00460515050893
0.0046059323921
0.00233390093192
0.00233960576843
0.00233228877903
0.00233350344892
0.00230828642207
0.0023154290645
0.00230938994473
0.00230988215303
0.00230986762772
0.00231701516561
0.00231107074856
0.0023113655427
0.00230335771337
0.00231058375152
0.00230504846194
0.00230465585215
0.00233350344892
0.0023396057684
0.00233228877902
0.0023339009319
0.00230986762768
0.00231701516555
0.00231136554267
0.00231107074856
0.00275590570636
0.00276528250339
0.00275674857487
0.00275674857485
0.00279407232756
0.00280289339103
0.00279338872802
0.0027940723275
0.00275879082986
0.00276800841563
0.00275929743318
0.00275946606469
0.00275879082983
0.00276800841561
0.00275946606472
0.00275929743317
0.00290502894036
0.00291493408627
0.00290522588215
0.00290522588215
0.00294458508999
0.00295462548963
0.00294458508997
0.00294458508999
0.00290522588217
0.0029149340863
0.00290502894036
0.00290522588216
0.00290522588217
0.0029149340863
0.00290522588216
0.00290502894036
0.00275929743318
0.00276800841563
0.00275879082986
0.00275946606469
0.00279407232756
0.00280289339103
0.0027940723275
0.00279338872802
0.00275674857487
0.00276528250339
0.00275590570636
0.00275674857485
0.00275929743316
0.00276800841561
0.00275946606468
0.00275879082988
0.00461462474576
0.00464664897108
0.00460221327232
0.0046322754037
0.00476061692384
0.00477622026233
0.00474330017806
0.00472973540251
0.00456194695716
0.00459281360197
0.00454812105376
0.00457860766838
0.00935334986545
0.00932452086612
0.00932452086612
0.00935334986545
0.00474330017806
0.00477622026233
0.00476061692384
0.00472973540251
0.00457860766838
0.00459281360197
0.00454812105376
0.00456194695716
0.0046322754037
0.00464664897108
0.00460221327232
0.00461462474576
0.00460221327236
0.00464664897105
0.00461462474571
0.00463227540368
0.010990835709
0.0111394004366
0.0110016508775
0.0110016508775
0.00461474388764
0.00465644885415
0.00459915195467
0.00464525580543
0.00481447799092
0.00482693083226
0.0047836949659
0.00476671551702
0.037038345957
0.0364407117769
0.036440711777
0.0370383459569
0.0218890178842
0.0219101004817
0.0230600683434
0.0230600683435
0.0110016508775
0.0111394004365
0.010990835709
0.0110016508775
0.0219101004818
0.0218890178842
0.0183578302793
0.0188656428163
0.0181472370532
0.0186301848056
0.0186301848056
0.0188656428163
0.0181472370532
0.0183578302792
0.0183578302792
0.0188656428162
0.0181472370532
0.0186301848056
0.0375334080086
0.0361781576305
0.010990835709
0.0111394004365
0.0110016508775
0.0110016508775
0.0115817655026
0.0117384059399
0.0115817655026
0.0115817655026
0.0110016508775
0.0111394004366
0.010990835709
0.0110016508775
0.0219098123712
0.0219098123713
0.00921204257002
0.0093077072883
0.00919280089347
0.00921834781348
0.0095911419334
0.00969078065022
0.00959114193341
0.00956460813204
0.0181621681968
0.0181621681969
0.00921834781345
0.00930770728827
0.00919280089345
0.00921204257007
0.010990835709
0.0111394004365
0.0110016508775
0.0110016508775
0.0230600683434
0.0230600683435
0.036440711777
0.0370383459569
0.0095383523666
0.00963689073078
0.00930473511713
0.00951852860325
0.00919280089347
0.0093077072883
0.00921834781348
0.00921204257002
0.00550762652682
0.00550762652691
0.0027940723275
0.00280289339103
0.00279338872802
0.00279407232756
0.00551309021639
0.00551174644245
0.00551174644249
0.00551309021635
0.00551174644249
0.00551309021632
0.00279407232756
0.00280289339106
0.00279407232756
0.00279338872802
0.00275674857486
0.0027652825034
0.00275590570638
0.00275674857486
0.00551309021632
0.00551174644249
0.00551309021635
0.00551174644249
0.00279338872802
0.00280289339103
0.0027940723275
0.00279407232756
0.00551174644245
0.00551309021639
0.00550762652691
0.00550762652682
0.00480564448202
0.00480251498778
0.00454701728191
0.00455125762191
0.00456290427227
0.00456673865664
0.00461570880667
0.00461813094875
0.00233350344892
0.0023396057684
0.0023339009319
0.00233228877902
0.00230504846194
0.00231058375152
0.00230335771337
0.00230465585215
0.00230988215304
0.00231542906454
0.00230828642211
0.00230938994475
0.00466056414314
0.00466383920913
0.00230988215304
0.00231542906454
0.00230938994475
0.00230828642211
0.00456646848514
0.00456627834963
0.00480254424269
0.00480590809651
0.00243009057586
0.00243645480191
0.00243009057589
0.00242841509681
0.00239840523668
0.00240457484272
0.00239664055787
0.00239840523669
0.00240507102075
0.00241125779481
0.00240341260099
0.00240495954235
0.00460515050891
0.00460593239211
0.0023339009319
0.0023396057684
0.00233228877902
0.00233350344892
0.00230828642211
0.00231542906454
0.00230938994475
0.00230988215304
0.00230986762768
0.00231701516555
0.00231107074856
0.00231136554267
0.00230335771336
0.00231058375151
0.00230504846191
0.00230465585219
0.00233350344892
0.00233960576843
0.00233228877903
0.00233390093192
0.00230986762772
0.00231701516561
0.0023113655427
0.00231107074856
0.00230828642207
0.0023154290645
0.00230988215303
0.00230938994473
0.00275590570638
0.0027652825034
0.00275674857486
0.00275674857486
0.00279407232756
0.00280289339106
0.00279338872802
0.00279407232756
0.00275879082988
0.00276800841561
0.00275929743316
0.00275946606468
0.00275879082988
0.00276800841561
0.00275946606468
0.00275929743316
0.00290502894036
0.0029149340863
0.00290522588217
0.00290522588216
0.00294458508999
0.00295462548963
0.00294458508999
0.00294458508997
0.00290522588215
0.00291493408627
0.00290502894036
0.00290522588215
0.00290522588216
0.0029149340863
0.00290522588217
0.00290502894036
0.00275929743317
0.00276800841561
0.00275879082983
0.00275946606472
0.0027940723275
0.00280289339103
0.00279407232756
0.00279338872802
0.00275674857485
0.00276528250339
0.00275590570636
0.00275674857487
0.00275946606469
0.00276800841563
0.00275879082986
0.00275929743318
0.00275929743317
0.00276800841561
0.00275946606472
0.00275879082983
0.00279338872802
0.00280289339103
0.00279407232756
0.0027940723275
0.00275946606469
0.00276800841563
0.00275929743318
0.00275879082986
0.00275674857485
0.00276528250339
0.00275674857487
0.00275590570636
0.00230938994475
0.00231542906454
0.00230828642211
0.00230988215304
0.0023339009319
0.0023396057684
0.00233350344892
0.00233228877902
0.00230465585215
0.00231058375152
0.00230335771337
0.00230504846194
0.00231107074856
0.00231701516555
0.00230986762768
0.00231136554267
0.00240495954233
0.00241125779483
0.00240507102078
0.00240341260101
0.00242841509681
0.00243645480191
0.00243009057589
0.00243009057586
0.00240507102075
0.00241125779481
0.00240495954235
0.00240341260099
0.00239840523668
0.00240457484272
0.00239840523669
0.00239664055787
0.00228522089595
0.00229080432969
0.0022833518324
0.0022853164844
0.00230749661665
0.00231313460164
0.00230749661665
0.00230551310321
0.00227742324321
0.00228289211013
0.00227537045646
0.00227742324321
0.0022853164844
0.00229080432972
0.0022833518324
0.00228522089601
0.0023113655427
0.00231701516561
0.00230986762772
0.00231107074856
0.00233350344892
0.00233960576843
0.00233390093192
0.00233228877903
0.00230504846191
0.00231058375151
0.00230335771336
0.00230465585219
0.00230988215303
0.0023154290645
0.00230828642207
0.00230938994473
0.00230938994474
0.00231542906453
0.00230988215304
0.00230828642211
0.00233228877901
0.00233960576839
0.0023335034489
0.00233390093191
0.00231107074855
0.00231701516557
0.00231136554269
0.00230986762767
0.00230465585218
0.00231058375152
0.00230504846193
0.00230335771337
0.00460717503113
0.00461125448338
0.0022833518324
0.00229080432972
0.00228531648439
0.00228522089598
0.00480537785715
0.0048055995324
0.00460272053611
0.00460533969579
0.00461252663722
0.00461474388764
0.00550599878103
0.00550767795611
0.00558215235904
0.00558079215264
0.00275879082984
0.00276800841563
0.00275929743317
0.00275946606472
0.0029050289404
0.0029149340863
0.00290522588214
0.00290522588221
0.00588249189224
0.00588249189218
0.00551305985956
0.00551272485169
0.00230938994474
0.00231542906451
0.00230828642211
0.002309882153
0.00233390093189
0.00233960576837
0.0023335034489
0.00233228877899
0.00230465585215
0.0023105837515
0.00230335771336
0.00230504846194
0.00231107074855
0.00231701516557
0.00230986762769
0.00231136554268
0.00240495954235
0.00241125779482
0.00240507102073
0.00240341260098
0.0024284150968
0.00243645480188
0.00243009057584
0.00243009057586
0.00240507102077
0.00241125779483
0.00240495954235
0.00240341260097
0.00239840523667
0.0024045748427
0.00239840523664
0.00239664055786
0.00461881724352
0.00461578074717
0.00460627093523
0.00460282456514
0.00460272053611
0.00460533969579
0.00456290427225
0.0045667386567
0.00907943275472
0.00918411518363
0.00454821754032
0.00460798586843
0.00456673865664
0.00459691096299
0.00480564448203
0.00484991753451
0.00478699457386
0.00483743104349
0.00967760672798
0.0095581130634
0.00460627093526
0.00460282456514
0.00461796838484
0.00461855510222
0.00461264658362
0.00461589000039
0.00233390093192
0.00233960576843
0.00233350344892
0.00233228877903
0.00230465585219
0.00231058375151
0.00230335771336
0.00230504846191
0.00231107074856
0.00231701516561
0.00230986762772
0.0023113655427
0.00228522089601
0.00229080432972
0.0022833518324
0.0022853164844
0.00230749661665
0.00231313460164
0.00230749661665
0.00230551310321
0.00455068626832
0.00455068626831
0.0022853164844
0.00229080432969
0.0022833518324
0.00228522089595
0.00461578074717
0.00461881724352
0.00478904119783
0.00483316123912
0.0047836432659
0.00482071779484
0.00978579219715
0.00957147495926
0.00930484843478
0.00931215602961
0.00471344360979
0.00475602098363
0.00474377126948
0.00470971774803
0.00456232368706
0.00457331537674
0.00452879621193
0.00453314440117
0.00457705989707
0.00458808736506
0.0045441892123
0.0045470172819
0.00921204257006
0.00930225135918
0.00930225135921
0.00921204257002
0.00906202127118
0.00926337332891
0.00452879621192
0.00457331537679
0.00453314440118
0.00456232368712
0.00941430054211
0.00950123837086
0.00906616699135
0.00907175185493
0.00917254151145
0.00908284093966
0.00953835236657
0.00963689073083
0.00930473511706
0.00951852860331
0.00919280089347
0.00930770728827
0.00921834781341
0.00921204257006
0.0045470172819
0.00455125762187
0.00456290427225
0.0045667386567
0.00963318278786
0.00959114193332
0.00959114193337
0.00963318278789
0.00227537045646
0.00228289211013
0.00227742324321
0.00227742324321
0.00230749661665
0.00231313460164
0.00230551310321
0.00230749661665
0.0022833518324
0.00229080432972
0.00228522089601
0.0022853164844
0.0022833518324
0.00229080432969
0.0022853164844
0.00228522089595
0.00240495954235
0.00241125779481
0.00240341260099
0.00240507102075
0.00243009057589
0.00243645480191
0.00243009057586
0.00242841509681
0.00239840523669
0.00240457484272
0.00239664055787
0.00239840523668
0.00240507102078
0.00241125779483
0.00240341260101
0.00240495954233
0.00460627093525
0.00460282456515
0.00461881724353
0.00461578074726
0.00460282456514
0.00460627093528
0.00461578074721
0.0046188172435
0.00460272053619
0.0046053396958
0.00461252663728
0.00461474388766
0.00959114193338
0.00963318278792
0.00480537785718
0.00483958679535
0.00479003123412
0.0048237959894
0.00482379598934
0.00483958679527
0.00479003123408
0.00480537785715
0.00456627834961
0.0045664684851
0.00456646848512
0.00456627834961
0.00461462474576
0.00461560570032
0.00461560570032
0.00461462474576
0.00550599878101
0.00556061253104
0.00549213358105
0.00554338641554
0.0114114757161
0.0115832777139
0.0112863140745
0.0113773488423
0.0115832777139
0.0114114757161
0.00554338641554
0.00556061253104
0.00549213358105
0.00550599878101
0.00972358490373
0.00952992265958
0.00464525580543
0.00465644885421
0.00459915195472
0.00461474388769
0.018710125019
0.0199061886908
0.0093022513591
0.00921204257002
0.00921541785251
0.00959678209916
0.0091301244028
0.00957342310317
0.00909351820311
0.00942307571785
0.00904849143799
0.00940012624392
0.0181621681969
0.0181621681968
0.00943767412056
0.00952866638445
0.00920030062078
0.00940530525081
0.00940530525088
0.00952866638448
0.00920030062079
0.00943767412063
0.0181621681969
0.0181621681968
0.0045667386567
0.00460798586841
0.00454821754029
0.00459691096297
0.00457705989707
0.00458808736506
0.0045441892123
0.0045470172819
0.00930225135915
0.00921204256997
0.00919280089343
0.00928294644022
0.00921204257002
0.0093022513591
0.00454701728191
0.00455125762191
0.00456290427227
0.00456673865664
0.00240529560218
0.00240321027679
0.00241419233635
0.00241680616791
0.00240495954232
0.00240764798965
0.00231514183489
0.00230938994474
0.00233050881787
0.00232829341238
0.00116289131869
0.00116550171382
0.00116190933802
0.00116479088209
0.00232587808437
0.00231815082463
0.00114297365298
0.00114321113062
0.00114597877415
0.00114599073202
0.000571255157278
0.000571603296861
0.000571261124586
0.000571136933711
0.00115334880568
0.00115334880568
0.000578714817722
0.000579069050373
0.000578590533466
0.000578714817722
0.000577179834715
0.000577655644645
0.000577302277117
0.000577303816774
0.000577179834715
0.000577655644645
0.000577303816774
0.000577302277117
0.00114326269946
0.00114302194337
0.000573003197473
0.000573471085304
0.000573126295142
0.000573120308375
0.000571728956885
0.00057207140947
0.000571721489195
0.000571606158529
0.000571261124586
0.000571603296861
0.000571255157278
0.000571136933711
0.000569775690527
0.000570118453849
0.000569777170719
0.000569648855353
0.000571017210159
0.000571489420911
0.000571145832883
0.000571145832883
0.000569777170719
0.000570118453849
0.000569775690527
0.000569648855353
0.000569263351147
0.000569604326424
0.000569263351147
0.000569133674035
0.00114321113063
0.00114578816308
0.00114206381712
0.00114510171162
0.00115544873205
0.00115615357781
0.00115355321639
0.0011523834659
0.00113856733591
0.00114112190178
0.00113740087118
0.00114043825368
0.00115077758467
0.00115335957726
0.00114961061804
0.0011526564386
0.0011371481872
0.00113988842942
0.00113733659175
0.00113920551094
0.0011502166842
0.00115091825697
0.0011481514801
0.00114832974673
0.00113786975166
0.00114059985972
0.00113803457143
0.0011399165142
0.00114538887641
0.00114813702699
0.00114556671874
0.00114743715327
0.00553183292279
0.00560296387189
0.00275946606472
0.00276800841561
0.00275879082983
0.00275929743317
0.00275929743318
0.00276800841563
0.00275879082986
0.00275946606469
0.00560296387183
0.00553183292288
0.00279923093693
0.00279407232756
0.00279407232756
0.00279923093693
0.00138007686475
0.00138349531473
0.00137914593342
0.00138242737153
0.0013827443428
0.00138381253114
0.00137920914493
0.0013803932959
0.00276556702937
0.00275946606469
0.00276489107692
0.00275879082983
0.00275946606472
0.00276556702938
0.00275674857485
0.00276156530275
0.00241079986022
0.00240495954233
0.00242660077323
0.00242088001017
0.0024125057244
0.00241821938846
0.00239664055787
0.00240247324268
0.00231618729593
0.00231136554267
0.00230335771337
0.00230817217078
0.00231199227323
0.00230938994475
0.00227502006224
0.00228586908792
0.00227881659113
0.0022820252346
0.00230310303859
0.00230697577902
0.00228462095248
0.00229604506493
0.00470119606357
0.00470019097665
0.00468390064628
0.00468490226399
0.00113772989126
0.0011405196687
0.00113860402469
0.00113963962997
0.00229848380356
0.00230089361369
0.00228144128084
0.00228332185129
0.00229604506493
0.00229029339027
0.00236545262713
0.00236732498811
0.00237226240354
0.00237407134447
0.00233582740999
0.00235309688853
0.00233730064349
0.00235117444485
0.00233912197515
0.00236167669406
0.00234434610015
0.00235974746636
0.00228724474744
0.00228522089601
0.00228522089595
0.00228724474743
0.00240764798965
0.00240495954233
0.00115554039006
0.00115754660993
0.00115453046243
0.00115665341134
0.00115634558223
0.00115723854299
0.0011544689604
0.00115523285751
0.00276524274294
0.00275879082983
0.00275929743317
0.00276574988183
0.00139781257569
0.00140103942018
0.00139663507701
0.00139985099004
0.00139985099004
0.00140103942018
0.00139663507701
0.00139781257569
0.0013803932959
0.00138381253114
0.00137920914493
0.0013827443428
0.00138242737153
0.00138349531473
0.00137914593342
0.00138007686475
0.000689752415827
0.00069028737804
0.000689755043081
0.000689702376562
0.00138341606429
0.00138331026978
0.00137914272542
0.00137913747982
0.00137861393846
0.00137872467052
0.00237407134447
0.00237226240354
0.00236732498811
0.00236545262713
0.00228332185129
0.00228144128084
0.00227644236652
0.00227450336851
0.00234434610015
0.00236167669406
0.00233912197515
0.00235974746636
0.00233730064349
0.00235309688853
0.00233582740999
0.00235117444485
0.00228301905336
0.00228545237669
0.00229136970241
0.00229373906056
0.00237386089893
0.0023801759353
0.002372421746
0.00237437240591
0.00238549045451
0.00239131971581
0.00237488706617
0.00238497667674
0.00234411384658
0.0023502470259
0.00234259054197
0.00234461647402
0.0023550556877
0.00236071007054
0.00234488963474
0.00235455093032
0.0113885062301
0.0112974230854
0.00488574200871
0.00480723133164
0.00238576052667
0.00239188947709
0.00237097311076
0.0023844129224
0.00230335771334
0.00231058375148
0.00230504846191
0.00230465585216
0.00466354527293
0.00466275377232
0.00461474388764
0.00461252663722
0.00227467340668
0.00227434386481
0.00227328380306
0.00227290663629
0.0022678366582
0.00226731375311
0.00229401159098
0.00228858471284
0.00113352072964
0.00113601609235
0.00113323758181
0.00113533549825
0.00235548110417
0.00235029754931
0.00227966012219
0.00226675837331
0.004531777854
0.00454990900208
0.00457819272248
0.00459843422605
0.0047406462048
0.0047201199516
0.00476659630547
0.00478720592788
0.00460593313892
0.00460502576731
0.00226934658394
0.0022747962303
0.00226595863035
0.0022697950277
