0.348559075866
0.345384546589
0.319786462758
0.231971198799
0.16259705642
0.0686013559706
0.303275345264
0.257189027649
0.299585428543
0.2381476504
0.317495822353
0.25395719764
0.313742179583
0.282795998337
0.159555965716
0.291256286072
0.637310588185
0.547733546555
0.701431641937
0.637798105653
0.29682848601
0.311856021436
0.7488970909
0.701333820254
0.0925213091668
0.0839896278107
0.175625500473
0.10495670494
0.0656255376326
0.0738645928025
0.181282434002
0.449710879246
0.477191785911
0.551575475041
0.580076634603
0.533405283719
0.457623785548
0.466950151486
0.353724160953
0.356066577932
0.345665283349
0.212262514791
0.123607523819
0.284945738818
0.0853198520714
0.0753764167737
0.241633208758
0.180412631735
0.158491798808
0.24235373087
0.185430022626
0.374381689234
0.151229828252
0.1621308064
0.243594236678
0.265421639281
0.28650901291
0.356826599933
0.388393030586
0.409983056998
0.252276692893
0.498261245961
0.305708911337
0.220537746852
0.479154811071
0.600392283182
0.39656858529
0.495335228334
0.22474244694
0.203300652952
0.229532984672
0.192388568096
0.392150594324
0.370182266631
0.445691720722
0.481137874762
0.421486193331
0.452540324458
0.506918680843
0.452943477433
0.413128862281
0.528797776677
0.194255236381
0.191894122179
0.100859915372
0.172982633606
0.0842379880863
0.138977816683
0.158113139233
0.145260747578
0.43764942472
0.23499560475
0.198387333
0.168499803399
0.185708546841
0.258095948661
0.221313110919
0.205952588472
0.180193387846
0.16156648186
0.262122834051
0.296938602367
0.427002172936
0.299171818654
0.536031004673
0.445892807915
0.442944317839
0.567421235915
0.201421527508
0.249255018673
0.224696969001
0.205794981362
0.397730637528
0.326385067832
0.267179739371
0.352232740412
0.354981676127
0.274528237527
0.333183986366
0.322719960451
0.336140413524
0.402969134129
0.371299186573
0.546857633872
0.381218103081
0.539710995235
0.437260233288
0.482326408134
0.435109969533
0.473455441306
0.347480940264
0.242659821828
0.237116960596
0.231696122602
0.233881305939
0.35143843197
0.428880387894
0.382538827967
0.435892855708
0.455146707401
0.461584303448
0.310794550469
0.258943288456
0.336316386632
0.415467615406
0.381106573727
0.373621191846
0.392346418652
0.373789500557
0.198853047982
0.312211301274
0.320732960046
0.356827287416
0.286641525965
0.238079240005
0.229186772454
0.268283554039
0.229734207568
0.511387693443
0.773681006857
0.417153178937
0.406241605543
0.261328898522
0.177443946391
0.134328738735
0.464987627512
0.246250927036
0.255996661009
0.326182716403
0.337269149993
0.768733942023
0.283168993969
0.286059959416
0.307478343115
0.303425508112
0.455294143935
0.612817224485
0.0911231206891
0.27568613192
0.372260319436
0.310958826518
0.319936379394
0.388464178655
0.369933044455
0.314588917824
0.300583094858
0.382846377196
0.540029397822
0.55757269912
0.428971957399
0.334956270202
0.271168046431
0.32408218715
0.299098235569
0.327492849062
0.333832369041
0.380780323608
0.276917665296
0.286625782734
0.274138261881
0.269861383987
0.219211464832
0.238899594105
0.103050780052
0.178688617434
0.122452483235
0.1035640168
0.14807398366
0.25577538839
0.36638773251
0.637426596763
0.224089982048
0.20955838268
0.206800579469
0.220501302325
0.487003976013
0.384612020012
0.354440501962
0.120636351872
0.0801469452754
0.103752558821
0.401545407722
0.249702918289
0.277767937726
0.295982326138
0.30920400629
0.387915217408
0.265826201961
0.483358543
0.307261507521
0.25091920868
0.251047428755
0.347706553053
0.23687128633
0.150575402836
0.18458611256
0.321629103911
0.21812174789
0.322369196395
0.329574970035
0.210916781601
0.20923282897
0.215887145919
0.225411111731
0.315980209386
0.332580772134
0.370976739465
0.286383969915
0.23830185924
0.231043416029
0.207648346174
0.390754095808
0.3873151586
0.369891531621
0.222049239219
0.225006255339
0.423647617218
0.312709938036
0.285474715047
0.302009941556
0.223436020374
0.289380645463
0.270245413401
0.284212500263
0.282297199836
0.402904148909
0.6297068184
0.384318952506
0.297782258777
0.397067856006
0.549335142213
0.509775775508
0.227609857327
0.388254769623
0.420346578567
0.274763664678
0.316211890694
0.368822703961
0.200144208082
0.211176923469
0.151372483756
0.12511331041
0.296792572945
0.373097185649
0.334664976865
0.263851875846
0.33521002535
0.138404213806
0.367140338019
0.374044310764
0.397466553108
0.0418888365732
0.0726712509129
0.256611429217
0.344811694663
0.268594071141
0.200489359351
0.160005092967
0.199028757117
0.296268453355
0.138070098401
0.164159659253
0.34645938198
0.419482713055
0.377482360721
0.440848886082
0.348693015849
0.448962561872
0.387833623386
0.34731190261
0.502847770377
0.634028029305
0.365096637187
0.427881104223
0.396987286801
0.291968938835
0.257748194565
0.320707275668
0.319089404238
0.24307186915
0.194418310973
0.14361341363
0.182666946038
0.294346650411
0.244062813391
0.366270482522
0.328448032198
0.332998958905
0.225324096144
0.211124264759
0.362895413793
0.423473476019
0.398376955511
0.334854822725
0.275897912682
0.157083809042
0.255934749048
0.213899559289
0.201166744804
0.127533383458
0.142057019998
0.176306600146
0.137972369384
0.206682031315
0.255468982155
0.258836414507
0.297629767839
0.29946090848
0.333585510086
0.337373785164
0.235856455579
0.202445054679
0.204586657865
0.241276377462
0.199062504348
0.228075407185
0.284505137283
0.277771494459
0.382241640569
0.504795546478
0.150507807604
0.324159562749
0.487027747445
0.123726640143
0.249712096509
0.256204113909
0.216677809995
0.206553389796
0.248215098305
0.25537768089
0.207152684666
0.261617533194
0.303340229502
0.255073648371
0.245736081342
0.206408742758
0.29024758524
0.279879910209
0.306671173428
0.277111117713
0.263642865102
0.206692181183
0.213187172678
0.259078926009
0.215408233203
0.268349524562
0.47310757584
0.184283379572
0.292168587935
0.29332069152
0.353821310959
0.235271116022
0.242371376715
0.387988913228
0.27199188893
0.223946544044
0.338556108871
0.307331452068
0.261440514499
0.295552133748
0.293942425454
0.221519458127
0.258421927148
0.309612203549
0.328756453763
0.275724229211
0.43169048491
0.441196689264
0.321984135714
0.439669345645
0.456873564626
0.248828262256
0.234187018499
0.212925403035
0.301808470523
0.24905558419
0.252493596195
0.262843809511
0.294480981535
0.206660739636
0.294077763023
0.247260502623
0.259435444164
0.296028600927
0.267880603749
0.273357838364
0.222694494355
0.205992839261
0.25562000151
0.288342287243
0.300030308963
0.27711384901
0.369946157913
0.222272189516
0.272290170026
0.415920693457
0.315957495767
0.259990105203
0.325985947978
0.351283465073
0.607936302242
0.438844226153
0.31991009117
0.374171458605
0.229384498176
0.215351353958
0.381901236717
0.329030486166
0.31353903353
0.365786352156
0.389539447171
0.388831791534
0.227479247818
0.263093606828
0.24945029196
0.329825627954
0.471220209949
0.265290195636
0.509096029318
0.382221207258
0.282601372893
0.318693006028
0.344882576152
0.204054086363
0.370965238884
0.597485234498
0.311452907606
0.515568175903
0.402435397645
0.548630201133
0.272246448013
0.301590936561
0.344302183784
0.334064709004
0.366806730238
0.278791985709
0.285892529588
0.287697229351
0.337684386478
0.314350872642
0.418923797594
0.278858247357
0.495501266754
0.400576407775
0.350682107288
0.325686839478
0.252156418219
0.252443983828
0.294820856605
0.276311126597
0.305891972699
0.287294701142
0.376809942802
0.318108185665
0.27398540126
0.187578874173
0.271314115688
0.214964204598
0.280611559298
0.26265174834
0.26179923217
0.258915404395
0.258203187153
0.261382646392
0.262375732095
0.273054522036
0.199675500499
0.249402695623
0.271464174934
0.205072332169
0.265028115069
0.261273344213
0.19917316136
0.258810150405
0.254143296149
0.204587662933
0.278200169643
0.254978789291
0.235906895804
0.277263074807
0.211539418882
0.249643939757
0.258145460459
0.203234555425
0.215234097417
0.239037888983
0.260516785257
0.269765862233
0.261977211578
0.303621404832
0.30632785594
0.318999647528
0.276743896098
0.219088322389
0.207760186345
0.26007627653
0.241962024966
0.306291356613
0.302825378876
0.260788603966
0.251093421659
0.25634271812
0.200164189353
0.250124938858
0.279661050823
0.259917184896
0.278469471649
0.306187140163
0.268021133633
0.330942710727
0.282135904071
0.261702105101
0.31009518313
0.213080944683
0.345774670396
0.218850719258
0.25947251228
0.29429515065
0.281667999427
0.228660709323
0.258536571229
0.33671829298
0.253329531014
0.22691506846
0.366108897051
0.292149871575
0.267879019284
0.268287299774
0.299384491181
0.305847603096
0.309538860419
0.207702972427
0.228155924145
0.262950336658
0.264788033928
0.257270456327
0.266273302689
0.286029700942
0.275657702005
0.287148274654
0.307631904711
0.271590978494
0.335279827791
0.252058832377
0.256472019152
0.309862542845
0.319595294921
0.301712822747
0.313844693606
0.459065166873
0.411355665753
0.371719387625
0.315676524572
0.775607214093
0.480506488782
0.290946291119
0.268353303307
0.264642776702
0.397321778547
0.341530971654
0.342647447542
0.340623778522
0.258305844703
0.225043340525
0.356160592141
0.40303754655
0.392709986516
0.345979220041
0.302382367434
0.332180706198
0.302662439039
0.286872417201
0.309202962764
0.273217863581
0.225422301045
0.357652272331
0.0664979964351
0.0977552833684
0.181650342055
0.317129816681
0.208596288026
0.117720123956
0.238214618561
0.224233257375
0.137113428637
0.137485075909
0.204914856869
0.254400517113
0.427373894706
0.649082976708
0.184929352486
0.222349524966
0.114959754966
0.117450722114
0.105474672805
0.117386720718
0.11302506757
0.103955123445
0.109288359096
0.0825464581844
