0.449583309085
0.447117703848
0.338382662545
0.0923338121917
0.712567810596
0.887069656772
0.422089638042
0.226975672969
0.569030953541
0.580477521368
0.759660963275
0.643453469913
0.311505191692
0.344974477154
0.634965343237
0.636211002954
0.149451146418
0.187297219435
0.246745905741
0.13998660686
0.0999278695182
0.269868009765
0.320214692193
0.434772328433
0.756754054522
0.469547234562
0.321531263547
0.389321892541
0.195542756641
0.300458095391
0.121239777399
0.132581823018
0.125418660643
0.443980375031
0.482149082836
0.245051637151
0.397888513815
0.463273245473
0.367228025223
0.22043951833
0.260180061649
0.15971101187
0.19823590296
0.253939537087
0.555519467115
0.390914809634
0.87528403944
0.470032813971
0.668212671145
0.533932017105
0.334214118039
0.483359217818
0.470619167742
0.832980247088
1.34239122063
1.21307611515
0.873094760253
1.08852106911
0.512838778293
0.585377954375
0.333674586037
0.46986352581
0.537081726599
0.256807919625
0.470242987611
0.342705706244
0.49579078882
0.237233220793
0.272403846342
0.358388131866
0.272819791511
0.292944970969
0.960357624165
1.08957643418
0.614627584936
0.317546351953
1.72227754149
1.20646515547
1.44672025878
0.721340227731
0.693868142377
0.723183250751
0.929102429442
0.922510029433
0.9970618325
1.30477011241
0.325800558318
0.263730940711
0.339029997124
0.582937494261
0.368771942624
0.519048443072
0.521396555951
0.560059396407
0.276486280365
0.612299383815
0.370297357558
0.25779048023
0.215262541507
0.19594481764
0.273799249424
0.379430279282
0.200048253253
0.413170947087
0.330149351974
0.430040423458
0.59451511595
0.717800807239
0.448414270041
0.619578103928
0.650726726032
0.327996340919
1.09933768317
1.00925109543
0.567187190935
0.428130820926
0.2509908266
0.498107481169
0.734686133969
0.151395966546
0.28293483816
0.350865440975
0.352362249735
0.284121226397
0.833256362117
0.30198445858
0.288865083299
0.269728572797
0.274013585133
0.769901355131
0.196754817521
0.139698245012
0.198277437579
0.51032025103
0.267702642942
0.235269640613
0.601496532269
0.979199035809
0.436940390174
0.439218668924
0.747253890291
0.465480145647
0.254521898265
0.285369849526
0.382807809966
0.442695656299
0.725621741329
0.681803695655
0.656343151168
0.372814039068
0.276025536528
0.312107742135
0.333128956336
0.184811810225
0.246491989869
0.426099375583
0.460397473937
0.490647829771
0.437165055756
0.467696643426
0.588681675982
0.654794489896
1.10159456328
0.72253226023
0.549148488709
1.17577898179
0.50862704902
0.619768121422
0.347058719263
0.544393628159
0.852768041446
0.215993241709
0.0671115275129
0.110025581319
0.6024324634
0.305630041554
0.0878902322065
0.612077646587
0.155690270252
0.140664536019
1.30980528125
1.1257049277
0.614291882676
0.331093697859
0.5168812289
0.398227536556
0.709523135183
0.611286644015
0.562431660683
0.876034845983
0.943263295427
0.352726524051
0.395418032033
0.281682266686
0.352896122332
0.843202170663
0.721039743683
0.656667595628
0.530821693748
0.335001635811
0.585347424709
0.857148426209
0.351141520154
0.0971231185251
1.14075425994
0.949642444155
0.557389739535
0.799771583004
1.9742113461
1.74283640177
0.994618991485
1.04672642729
0.962531676308
1.01670414664
1.81635013114
0.495205968917
0.392812385982
0.406082253397
0.536777524984
0.732700823751
0.53236789515
0.266703628039
0.621298878739
0.565374398618
0.550145130374
0.355368103951
0.632332431105
0.6382669018
0.501486247392
0.790440499167
0.726966765616
0.481227358404
0.570537358271
0.321169858102
1.32554076153
1.41798070137
1.10829655413
1.1762240893
1.30494770693
1.42543519302
1.48176864348
1.29317037083
1.22241098541
1.21730796669
1.17809052576
0.226355068992
0.149809488065
0.163164559384
0.107367652884
0.126110477661
0.834855011834
0.705103685491
0.583663236676
0.365888283694
0.633960057149
0.750846169512
0.701764076439
1.0431438298
0.766481137203
0.697438934439
0.976300078698
0.762269310881
0.68174755936
0.0594834154272
0.0888117829418
0.120622370069
0.0940216150052
0.137046368225
0.17974524381
0.34184646506
0.328082227773
0.5136142484
0.492677271861
0.427953018307
0.321957014829
0.362571883443
0.322748094108
0.37002496003
0.393477648064
0.438038743224
0.404931295746
0.420284467456
0.4115655984
0.337474329422
0.558985109076
0.165271414724
0.244191640584
0.286537014628
0.527040879988
0.601587356626
0.183253036932
0.537040861063
1.07372951642
1.13342337363
0.584632628848
0.104019732175
0.140191217183
0.0985899829579
0.154632780359
0.170950143403
0.178801636641
0.172092297264
0.254835721323
0.212120867448
0.178606261879
0.221603301173
0.183842076557
0.160819692783
0.0839828500905
0.117520131297
0.119876118431
0.114157727944
0.348284217468
0.670592735115
0.503725721676
0.481763210063
0.232862974884
0.207379231756
0.196223859446
0.188894412885
0.108902548996
0.118362143986
0.0938052856816
0.12713612762
0.0924057764446
0.111066780093
0.0538169985528
0.0570491316729
0.112013450226
0.125300032549
0.311126845154
0.243475698859
0.580818963446
0.500776631988
0.290603784891
0.260206858203
0.346680921162
0.325788889579
0.383272299232
0.371283627234
0.117683043277
0.119398138736
0.0955230765731
0.0927939552153
0.577212138728
0.529240386275
0.186305012159
0.192684417477
0.775189698074
0.815647342716
0.351104052031
0.393606405856
0.309582969079
0.365742911091
0.533734213097
0.542786637623
0.55016862623
0.569671046616
0.323594669297
0.368671853406
0.203216691562
0.200041346206
0.107636582291
0.0925318168645
0.100910450106
0.0962224750682
0.132896167362
0.223261083632
0.0889091167622
0.0983902043007
0.0895902283922
0.115582700455
0.198453648663
0.261233129126
0.27140339085
0.341231199885
0.10146899498
0.108379101408
