0.107733611416
0.107733611416
0.107733611415
0.107733611417
0.083660958189
0.0836609581876
0.0836609581876
0.0836609581873
0.0353796841039
0.0353796841039
0.0353796841037
0.0353796841038
0.0251421138066
0.0251421138066
0.0251421138066
0.0251421138066
0.222841444462
0.222841444461
0.222841444461
0.222841444461
0.169194943929
0.169194943929
0.169194943927
0.169194943931
0.0746430701771
0.0746430701777
0.0746430701778
0.0746430701784
0.0533755096961
0.0533755096961
0.0533755096961
0.0533755096961
0.168000195544
0.168000195544
0.168000195544
0.168000195544
0.158411314736
0.158411314736
0.158411314736
0.158411314736
0.181003260254
0.181003260254
0.181003260256
0.181003260252
0.147434655226
0.147434655226
0.147434655226
0.147434655226
0.0765683190845
0.0765683190845
0.0765683190845
0.0765683190845
0.0812661599779
0.0812661599779
0.0812661599779
0.0812661599779
0.16350719321
0.16350719321
0.163507193213
0.16350719321
0.11966819562
0.119668195621
0.119668195621
0.11966819562
0.0392302106978
0.0392302106978
0.0392302106978
0.0392302106978
0.0480466427971
0.0480466427971
0.0480466427971
0.0480466427971
0.06368441205
0.06368441205
0.06368441205
0.06368441205
0.0576254724177
0.0576254724177
0.0576254724177
0.0576254724175
0.0293788867829
0.0293788867829
0.0293788867828
0.0293788867828
0.0167922787505
0.0167922787505
0.0167922787505
0.0167922787505
0.0367053160596
0.0367053160596
0.0367053160596
0.0367053160596
0.0910095706711
0.0910095706711
0.0910095706711
0.0910095706709
0.237291992734
0.23729199273
0.23729199273
0.23729199273
0.258870307164
0.258870307164
0.258870307164
0.258870307161
0.241910034459
0.241910034459
0.241910034459
0.241910034459
0.167659515961
0.167659515961
0.167659515961
0.167659515961
0.11067508205
0.11067508205
0.11067508205
0.11067508205
0.080775567757
0.080775567757
0.080775567757
0.080775567757
0.052733336906
0.0527333369063
0.0527333369071
0.0527333369068
0.0708709514065
0.0708709514054
0.0708709514065
0.0708709514055
0.00851956152883
0.00851956152896
0.0085195615285
0.00851956152862
0.0288538048962
0.0288538048963
0.0288538048957
0.0288538048958
0.0473676917622
0.0473676917622
0.0473676917622
0.0473676917633
0.0838242517425
0.0838242517448
0.0838242517443
0.0838242517448
0.0610756010404
0.0610756010404
0.0610756010404
0.0610756010404
0.0884440171483
0.0884440171483
0.0884440171483
0.0884440171483
0.0635531408767
0.0635531408767
0.0635531408767
0.0635531408767
0.109696497436
0.109696497436
0.109696497436
0.109696497436
0.0401359893245
0.0401359893245
0.0401359893245
0.0401359893245
0.0478912976932
0.0478912976932
0.0478912976932
0.0478912976932
0.0516799241445
0.0516799241445
0.0516799241445
0.0516799241445
0.0501976993085
0.0501976993085
0.0501976993085
0.0501976993085
0.0790685926169
0.0790685926169
0.0790685926169
0.0790685926169
0.10729083312
0.10729083312
0.10729083312
0.10729083312
0.0924722720258
0.0924722720258
0.0924722720258
0.0924722720258
0.102390016517
0.102390016517
0.102390016517
0.102390016517
0.119821780548
0.119821780548
0.119821780548
0.119821780548
0.0903842868106
0.0903842868106
0.0903842868106
0.0903842868106
0.069104594807
0.069104594807
0.069104594807
0.069104594807
0.0421823780975
0.0421823780975
0.0421823780975
0.0421823780975
0.0900576860635
0.0900576860635
0.0900576860635
0.0900576860635
0.104996049148
0.104996049149
0.104996049149
0.10499604915
0.0966381350177
0.0966381350174
0.0966381350176
0.0966381350174
0.112174457585
0.112174457585
0.112174457585
0.112174457585
0.111354779151
0.111354779151
0.111354779151
0.111354779151
0.170100175204
0.170100175204
0.170100175206
0.170100175204
0.267469783247
0.267469783247
0.267469783251
0.267469783247
0.31908076562
0.319080765623
0.319080765621
0.319080765622
0.217276357396
0.217276357396
0.217276357396
0.217276357396
0.213964186357
0.213964186357
0.213964186357
0.213964186357
0.132431374085
0.132431374088
0.132431374088
0.132431374088
0.0635662690898
0.0635662690898
0.0635662690898
0.0635662690898
0.0326487194368
0.0326487194368
0.0326487194368
0.0326487194368
0.077900029011
0.077900029011
0.077900029011
0.077900029011
0.0894342083772
0.0894342083772
0.0894342083772
0.0894342083774
0.114421108721
0.114421108721
0.114421108721
0.114421108721
0.125883154729
0.125883154729
0.125883154729
0.125883154729
0.0413064448219
0.0413064448219
0.0413064448219
0.0413064448219
0.117177871175
0.117177871175
0.117177871175
0.117177871175
0.0319388130596
0.0319388130596
0.0319388130596
0.0319388130596
0.0720568479248
0.0720568479248
0.0720568479248
0.0720568479248
0.0869714867554
0.0869714867554
0.0869714867554
0.0869714867554
0.0584082531174
0.0584082531174
0.0584082531173
0.0584082531175
0.0770182939225
0.0770182939236
0.0770182939241
0.077018293923
0.179181323629
0.179181323633
0.179181323633
0.179181323633
0.154158064544
0.154158064544
0.154158064544
0.154158064544
0.147852476623
0.147852476623
0.147852476623
0.147852476623
0.159254066304
0.159254066304
0.159254066305
0.159254066305
0.0959402022148
0.0959402022148
0.0959402022148
0.0959402022148
0.11615973083
0.11615973083
0.11615973083
0.11615973083
0.184555988439
0.184555988439
0.184555988439
0.184555988439
0.182664952202
0.182664952202
0.182664952202
0.182664952202
0.187668951847
0.187668951847
0.187668951847
0.187668951847
0.163927856215
0.163927856215
0.163927856215
0.163927856215
0.162849239385
0.162849239385
0.162849239385
0.162849239385
0.16484010738
0.16484010738
0.16484010738
0.16484010738
0.0936469177338
0.0936469177338
0.0936469177338
0.0936469177338
0.151205474355
0.151205474355
0.151205474355
0.151205474355
0.0959555673585
0.0959555673585
0.0959555673585
0.0959555673585
0.144184064434
0.144184064434
0.144184064434
0.144184064434
0.11462753848
0.11462753848
0.11462753848
0.11462753848
0.160311161107
0.160311161107
0.160311161107
0.160311161107
0.116080976342
0.116080976342
0.116080976342
0.116080976342
0.124843460177
0.124843460177
0.124843460177
0.124843460177
0.124371396017
0.124371396016
0.124371396016
0.124371396015
0.104283070709
0.104283070708
0.104283070708
0.104283070709
0.126391522035
0.126391522034
0.126391522034
0.126391522032
0.088898609517
0.0888986095161
0.0888986095159
0.0888986095149
0.13050965985
0.13050965985
0.13050965985
0.13050965985
0.123599523877
0.123599523877
0.123599523877
0.123599523877
0.159395254376
0.159395254373
0.159395254374
0.159395254374
0.163258420706
0.163258420706
0.163258420706
0.163258420706
0.161392022923
0.161392022923
0.161392022923
0.161392022923
0.185091344351
0.185091344351
0.185091344351
0.185091344351
0.162198803114
0.162198803114
0.162198803114
0.162198803114
0.182137098887
0.182137098887
0.182137098887
0.182137098887
0.0710729902539
0.0710729902526
0.0710729902526
0.0710729902523
0.0467070025019
0.0467070025019
0.0467070025019
0.0467070025019
0.0793323141577
0.0793323141593
0.079332314159
0.079332314159
0.084001012887
0.084001012887
0.084001012889
0.084001012887
0.0890704022777
0.0890704022776
0.0890704022782
0.0890704022783
0.105053126931
0.105053126931
0.105053126931
0.105053126931
0.155600147957
0.155600147958
0.155600147958
0.155600147958
0.10477926604
0.10477926604
0.104779266041
0.10477926604
0.0675746436305
0.0675746436305
0.0675746436305
0.0675746436305
0.150190572093
0.150190572093
0.150190572093
0.150190572093
0.0631192940118
0.0631192940118
0.0631192940118
0.0631192940118
0.10937541385
0.10937541385
0.10937541385
0.10937541385
0.101238368446
0.101238368446
0.101238368446
0.101238368446
0.0944184073273
0.0944184073267
0.0944184073265
0.094418407326
0.0959644969512
0.0959644969512
0.0959644969512
0.0959644969512
0.0528380384546
0.0528380384546
0.0528380384546
0.0528380384546
0.066249334354
0.066249334354
0.066249334354
0.066249334354
0.11654464527
0.11654464527
0.11654464527
0.11654464527
0.0650072873777
0.0650072873777
0.0650072873777
0.0650072873777
0.0809427904937
0.0809427904939
0.0809427904931
0.0809427904945
0.0700119147078
0.0700119147075
0.0700119147083
0.070011914707
0.175044989764
0.175044989765
0.175044989763
0.175044989765
0.154346146076
0.154346146073
0.154346146073
0.154346146073
0.112046908301
0.112046908301
0.112046908301
0.112046908301
0.156992121972
0.156992121972
0.156992121972
0.156992121972
0.113657916386
0.113657916386
0.113657916386
0.113657916386
0.155636743745
0.155636743745
0.155636743745
0.155636743745
0.146232204888
0.146232204887
0.146232204886
0.146232204889
0.105386516889
0.105386516888
0.105386516887
0.105386516888
0.0861225945755
0.0861225945752
0.0861225945752
0.086122594574
0.0709135411105
0.0709135411118
0.0709135411118
0.0709135411115
0.308654325411
0.308654325416
0.308654325416
0.308654325416
0.323289061261
0.323289061259
0.32328906126
0.32328906126
0.122030132874
0.122030132874
0.122030132874
0.122030132874
0.136819656694
0.136819656694
0.136819656694
0.136819656694
0.131826537918
0.131826537918
0.131826537918
0.131826537918
0.119381516677
0.119381516677
0.119381516676
0.119381516678
0.146920768913
0.146920768913
0.146920768913
0.146920768913
0.142668244708
0.142668244708
0.142668244708
0.142668244708
0.128299981489
0.128299981489
0.128299981489
0.128299981489
0.149274630066
0.149274630066
0.149274630066
0.149274630066
0.0796932118571
0.0796932118571
0.0796932118571
0.0796932118571
0.0702035944179
0.0702035944179
0.0702035944179
0.0702035944178
0.131343616503
0.131343616503
0.131343616503
0.131343616503
0.187524713263
0.187524713263
0.187524713263
0.187524713263
0.0419903474698
0.0419903474698
0.0419903474698
0.0419903474698
0.0882182740162
0.0882182740161
0.0882182740162
0.0882182740163
0.0836881902904
0.0836881902904
0.0836881902901
0.0836881902902
0.043008485364
0.043008485364
0.043008485364
0.043008485364
0.108027275334
0.108027275334
0.108027275334
0.108027275334
0.177723108722
0.177723108723
0.177723108722
0.177723108724
0.067662185103
0.067662185103
0.067662185103
0.067662185103
0.0521297950197
0.0521297950197
0.0521297950197
0.0521297950197
0.0530020369774
0.0530020369774
0.0530020369774
0.0530020369774
0.0733336988069
0.0733336988068
0.0733336988068
0.0733336988069
0.140732594264
0.140732594265
0.140732594264
0.140732594265
0.119473556051
0.119473556051
0.119473556051
0.119473556054
0.119087316659
0.119087316661
0.119087316662
0.119087316661
0.0506569430407
0.0506569430407
0.0506569430402
0.0506569430403
0.031877119012
0.0318771190127
0.0318771190135
0.0318771190128
0.0546050453577
0.0546050453577
0.0546050453577
0.0546050453577
0.1222990351
0.1222990351
0.1222990351
0.1222990351
0.0414194268805
0.0414194268805
0.0414194268805
0.0414194268805
0.064632939487
0.064632939487
0.064632939487
0.064632939487
0.112437704257
0.112437704257
0.112437704257
0.112437704257
0.0842548695451
0.0842548695451
0.0842548695451
0.0842548695451
0.0684547176194
0.0684547176194
0.0684547176194
0.0684547176194
0.0839439885255
0.0839439885255
0.0839439885255
0.0839439885255
0.100528914613
0.100528914613
0.100528914613
0.100528914613
0.156808705512
0.156808705514
0.156808705512
0.156808705514
0.173407038077
0.173407038077
0.173407038077
0.173407038079
0.0677309460771
0.0677309460771
0.0677309460772
0.0677309460771
0.0631677222692
0.0631677222692
0.0631677222692
0.0631677222692
0.102452597706
0.102452597706
0.102452597706
0.102452597706
0.0952583483989
0.0952583483977
0.0952583484004
0.0952583483977
0.0929291056831
0.0929291056831
0.0929291056831
0.0929291056831
0.110761036247
0.110761036247
0.110761036247
0.110761036247
0.0767174931308
0.0767174931308
0.0767174931308
0.0767174931308
0.047378535233
0.047378535233
0.047378535233
0.0473785352338
0.144448012891
0.144448012892
0.144448012893
0.144448012892
0.100581014322
0.100581014322
0.100581014322
0.100581014322
0.127655671766
0.127655671767
0.127655671766
0.127655671767
0.0669829294881
0.0669829294871
0.0669829294873
0.0669829294863
0.0640970004488
0.0640970004488
0.0640970004471
0.0640970004488
0.070153907894
0.070153907894
0.0701539078938
0.070153907894
0.101448489903
0.101448489903
0.101448489903
0.101448489903
0.100271974666
0.100271974666
0.100271974666
0.100271974668
0.0879373348335
0.0879373348335
0.0879373348335
0.0879373348335
0.0573611989548
0.0573611989548
0.0573611989548
0.0573611989548
0.0601251794368
0.0601251794368
0.0601251794368
0.0601251794368
0.0873139314182
0.0873139314182
0.0873139314182
0.0873139314182
0.122787268701
0.122787268704
0.122787268704
0.122787268703
0.0698469590106
0.0698469590106
0.0698469590106
0.0698469590106
0.131404922977
0.131404922977
0.131404922977
0.131404922977
0.21522627374
0.215226273741
0.21522627374
0.215226273741
0.155628497909
0.15562849791
0.155628497911
0.155628497909
0.109191284293
0.109191284293
0.109191284294
0.109191284295
0.148446007522
0.148446007522
0.148446007525
0.14844600752
0.137291758458
0.137291758458
0.137291758456
0.137291758457
0.0801218924421
0.0801218924421
0.0801218924421
0.0801218924421
0.122843714062
0.122843714062
0.122843714063
0.122843714061
0.137175518482
0.137175518482
0.137175518482
0.137175518482
0.177558549048
0.177558549048
0.177558549048
0.177558549048
0.0706829264552
0.0706829264552
0.0706829264552
0.0706829264552
0.215758128182
0.215758128182
0.215758128182
0.215758128182
0.097726871191
0.097726871191
0.0977268711914
0.0977268711911
0.0877145806117
0.0877145806117
0.0877145806117
0.0877145806117
0.125014573482
0.125014573483
0.125014573483
0.125014573484
0.110753063684
0.110753063684
0.110753063684
0.110753063684
0.0545767884083
0.0545767884083
0.0545767884082
0.0545767884084
0.159508342305
0.159508342305
0.159508342305
0.159508342304
0.143806253587
0.143806253587
0.143806253587
0.143806253587
0.0130945984124
0.0130945984124
0.0130945984127
0.013094598412
0.00334680149823
0.00334680149823
0.00334680149823
0.00334680149823
0.183953456574
0.183953456574
0.183953456574
0.183953456574
0.0952630707603
0.0952630707601
0.09526307076
0.0952630707602
0.0387753832909
0.0387753832909
0.0387753832916
0.0387753832909
0.0876151167102
0.0876151167102
0.0876151167102
0.0876151167102
0.0470877400755
0.0470877400755
0.0470877400755
0.0470877400755
0.0354887651984
0.0354887651984
0.0354887651984
0.0354887651984
0.267953048076
0.267953048076
0.267953048075
0.267953048076
0.319243302087
0.319243302087
0.319243302087
0.319243302087
0.155881795117
0.155881795117
0.155881795117
0.155881795117
0.0821383357181
0.0821383357181
0.0821383357181
0.0821383357181
0.168196427569
0.168196427569
0.168196427569
0.168196427569
0.122365978669
0.122365978669
0.122365978669
0.122365978669
0.0886958345503
0.0886958345503
0.0886958345504
0.0886958345503
0.0955968742087
0.0955968742087
0.0955968742088
0.0955968742087
0.124435866025
0.124435866025
0.124435866025
0.124435866025
0.102185380466
0.102185380466
0.102185380466
0.102185380466
0.0688622759255
0.0688622759243
0.068862275925
0.0688622759248
0.100992173884
0.100992173884
0.100992173884
0.100992173884
0.198680441846
0.198680441846
0.198680441846
0.198680441846
0.213609864236
0.213609864236
0.213609864236
0.213609864236
0.143822711318
0.143822711318
0.143822711318
0.143822711318
0.10020304844
0.10020304844
0.10020304844
0.10020304844
0.0939592288479
0.0939592288479
0.0939592288479
0.0939592288479
0.098612129326
0.098612129326
0.098612129326
0.098612129326
0.0876334743963
0.0876334743963
0.0876334743963
0.0876334743963
0.134127882682
0.134127882682
0.134127882682
0.134127882682
0.116208511934
0.116208511933
0.116208511932
0.116208511931
0.137167342475
0.137167342475
0.137167342475
0.137167342475
0.175731665342
0.175731665342
0.175731665342
0.175731665342
0.15992941827
0.15992941827
0.15992941827
0.15992941827
0.136198523723
0.136198523723
0.136198523723
0.136198523723
0.168579359831
0.168579359831
0.168579359831
0.168579359831
0.0531756449015
0.0531756449015
0.0531756449015
0.0531756449015
0.140516791334
0.140516791334
0.140516791334
0.140516791334
0.169820081918
0.169820081918
0.169820081918
0.169820081918
0.0879621101491
0.0879621101491
0.0879621101491
0.0879621101491
0.0381510501705
0.0381510501705
0.0381510501705
0.0381510501704
0.137547297903
0.137547297904
0.137547297905
0.137547297904
0.167513163821
0.167513163824
0.167513163824
0.167513163823
0.147884958445
0.147884958445
0.147884958445
0.147884958445
0.180556297204
0.180556297204
0.180556297204
0.180556297204
0.180064111435
0.180064111435
0.180064111435
0.180064111435
0.175430169397
0.175430169397
0.175430169397
0.175430169397
0.160356776237
0.160356776237
0.160356776237
0.160356776237
0.156378714474
0.156378714474
0.156378714471
0.156378714474
0.124324765995
0.124324765993
0.124324765993
0.124324765995
0.131333431882
0.131333431882
0.131333431879
0.131333431882
0.238452655771
0.238452655771
0.238452655771
0.238452655772
0.270430394911
0.270430394909
0.270430394909
0.270430394909
0.17249635877
0.17249635877
0.17249635877
0.17249635877
0.157856485124
0.157856485124
0.157856485124
0.157856485124
0.132662478056
0.132662478056
0.132662478056
0.132662478056
0.141693381548
0.141693381548
0.141693381548
0.141693381548
0.174674348821
0.174674348821
0.174674348821
0.174674348821
0.192781307468
0.192781307468
0.192781307468
0.192781307468
0.191796824197
0.191796824197
0.191796824197
0.191796824197
0.192914833084
0.192914833085
0.192914833084
0.192914833086
0.162415253955
0.162415253955
0.162415253955
0.162415253955
0.195485747881
0.195485747881
0.195485747881
0.195485747882
0.187559380734
0.187559380734
0.187559380734
0.187559380734
0.154895821473
0.154895821473
0.154895821473
0.154895821473
0.221858892476
0.221858892476
0.221858892476
0.221858892476
0.14956626616
0.14956626616
0.14956626616
0.14956626616
0.187657133
0.187657133
0.187657133
0.187657133
0.210390842721
0.210390842721
0.210390842721
0.210390842721
0.132675423537
0.132675423537
0.132675423537
0.132675423537
0.11392805516
0.11392805516
0.11392805516
0.11392805516
0.155508935772
0.155508935772
0.155508935772
0.155508935772
0.128582699251
0.128582699251
0.128582699251
0.128582699251
0.169121456197
0.169121456197
0.169121456196
0.169121456198
0.142779401918
0.142779401917
0.142779401912
0.142779401917
0.155739586971
0.155739586969
0.155739586969
0.155739586968
0.117270762724
0.117270762724
0.117270762724
0.117270762722
0.12776205885
0.12776205885
0.12776205885
0.12776205885
0.182992638627
0.182992638627
0.182992638627
0.182992638627
0.211788220746
0.211788220746
0.211788220746
0.211788220746
0.142315095042
0.142315095042
0.142315095042
0.142315095042
0.0482243827779
0.0482243827779
0.0482243827779
0.0482243827779
0.13164535847
0.13164535847
0.13164535847
0.13164535847
0.136211144151
0.136211144151
0.136211144151
0.136211144151
0.160325896556
0.160325896556
0.160325896556
0.160325896556
0.0802754290361
0.0802754290356
0.080275429035
0.0802754290345
0.148980072718
0.148980072718
0.148980072718
0.148980072718
0.17610538296
0.176105382964
0.176105382964
0.176105382964
0.094898335108
0.094898335108
0.094898335108
0.094898335108
0.20900446853
0.209004468528
0.20900446853
0.20900446853
0.185272165342
0.185272165342
0.185272165342
0.185272165342
0.200012707154
0.200012707153
0.200012707152
0.200012707155
0.133546499649
0.133546499649
0.133546499649
0.133546499649
0.124045789921
0.124045789921
0.124045789921
0.124045789921
0.126829867227
0.126829867226
0.126829867226
0.126829867225
0.114580007366
0.114580007368
0.114580007368
0.114580007367
0.134148917637
0.134148917637
0.134148917637
0.134148917637
0.15059233711
0.15059233711
0.15059233711
0.15059233711
0.0760166315404
0.0760166315404
0.0760166315404
0.0760166315404
0.0752063132278
0.0752063132278
0.0752063132278
0.0752063132277
0.0918338104121
0.0918338104121
0.091833810412
0.0918338104123
0.133032792368
0.133032792368
0.133032792368
0.133032792368
0.130638237803
0.130638237803
0.130638237803
0.130638237803
0.141172690423
0.141172690423
0.141172690423
0.141172690423
0.165332467878
0.165332467878
0.165332467878
0.165332467878
0.135986223814
0.135986223814
0.135986223814
0.135986223814
0.130759029404
0.130759029404
0.130759029404
0.130759029404
0.164864925985
0.164864925985
0.164864925985
0.164864925985
0.15421325395
0.15421325395
0.15421325395
0.15421325395
0.140605501627
0.140605501627
0.140605501628
0.140605501626
0.146738130606
0.146738130606
0.146738130606
0.146738130606
0.190692092419
0.190692092419
0.190692092419
0.190692092419
0.223885428078
0.223885428078
0.223885428078
0.223885428078
0.223375699789
0.223375699789
0.223375699789
0.223375699789
0.133330014915
0.133330014915
0.133330014916
0.133330014914
0.150383672967
0.150383672967
0.150383672967
0.150383672967
0.217038003555
0.217038003555
0.217038003555
0.217038003555
0.147258887547
0.147258887547
0.147258887547
0.147258887547
0.148068807784
0.148068807783
0.148068807782
0.148068807783
0.177804739522
0.177804739521
0.17780473952
0.177804739521
0.193573216216
0.193573216216
0.193573216216
0.193573216216
0.190792496597
0.190792496597
0.190792496597
0.190792496597
0.138550809456
0.138550809456
0.138550809456
0.138550809456
0.199517137093
0.199517137093
0.199517137093
0.199517137093
0.158017676914
0.158017676914
0.158017676914
0.158017676914
0.185003112204
0.185003112204
0.185003112205
0.185003112205
0.126178249161
0.126178249161
0.126178249161
0.126178249159
0.143091463137
0.143091463137
0.143091463137
0.143091463137
0.135738276727
0.135738276727
0.135738276727
0.135738276727
0.122872131833
0.122872131833
0.122872131833
0.122872131833
0.15520363971
0.15520363971
0.15520363971
0.15520363971
0.130599841267
0.130599841267
0.130599841267
0.130599841264
0.143635413788
0.143635413787
0.143635413786
0.143635413787
0.289922734455
0.289922734455
0.289922734455
0.289922734455
0.202650409989
0.202650409989
0.202650409989
0.202650409989
0.217384831737
0.217384831737
0.217384831737
0.217384831737
0.175000203299
0.175000203299
0.175000203299
0.175000203299
0.136644900467
0.136644900467
0.136644900467
0.136644900467
0.122995774901
0.122995774901
0.122995774901
0.122995774901
0.205223123035
0.205223123035
0.205223123035
0.205223123035
0.179381115941
0.179381115941
0.179381115941
0.179381115941
0.139040800286
0.139040800286
0.139040800286
0.139040800286
0.132411169711
0.132411169711
0.132411169711
0.132411169711
0.14652678218
0.146526782178
0.14652678218
0.146526782177
0.156549204033
0.156549204033
0.156549204034
0.156549204034
0.139429866882
0.139429866882
0.139429866882
0.139429866882
0.0783399631048
0.0783399631048
0.0783399631048
0.0783399631048
0.0717819702473
0.0717819702466
0.0717819702461
0.0717819702478
0.0764243714186
0.0764243714186
0.0764243714186
0.0764243714186
0.0674842872938
0.0674842872938
0.0674842872938
0.0674842872938
0.0604347396904
0.0604347396904
0.0604347396904
0.0604347396904
0.179598204525
0.179598204525
0.179598204525
0.179598204525
0.0126774626013
0.0126774626013
0.0126774626013
0.0126774626013
0.0226097113717
0.0226097113717
0.0226097113717
0.0226097113717
0.0210982285721
0.0210982285721
0.0210982285721
0.0210982285721
0.0507395958768
0.0507395958768
0.0507395958768
0.0507395958768
0.0292220691153
0.0292220691153
0.0292220691153
0.0292220691153
0.0911856620404
0.0911856620404
0.0911856620404
0.0911856620404
0.0358608356786
0.0358608356786
0.0358608356786
0.0358608356786
0.063456759663
0.063456759663
0.063456759663
0.063456759663
