0.448338109901
0.448169858008
0.338248314354
0.0923341335085
0.712562942015
0.887061035531
0.422089397455
0.226975669587
0.569030668741
0.58047727917
0.759661834495
0.643452988007
0.311505390291
0.344973986513
0.635012647387
0.63621175369
0.149468368811
0.187340504807
0.246770971779
0.139694766569
0.100256347807
0.268744960782
0.315909154792
0.431675090969
1.03841375705
1.28881065885
0.794996841595
0.499665524724
0.322514307069
0.390056097512
0.19532991212
0.300391281883
0.121213084252
0.132571728222
0.125420002423
0.444155814624
0.482240763837
0.24508458816
0.397969089647
0.463117816054
0.367254616818
0.220441169728
0.260190033502
0.159711625883
0.198236037112
0.25393952944
0.555576999977
0.390916099714
0.875341077717
0.470031095904
0.668214192828
0.533932777632
0.334094745313
0.484047623222
0.471087116929
0.83298834414
1.3423885488
1.21307563847
0.873115198746
1.08856054029
0.512840739406
0.585377531417
0.333675208241
0.469864784662
0.537161081176
0.256812594631
0.470240170109
0.342705005271
0.495789586946
0.237234838321
0.272402612229
0.358393457294
0.273087514277
0.293024349012
0.956943291711
1.09897649723
0.616699023675
0.316637722913
1.75237481886
1.21252344684
1.4418604155
0.71619757001
0.697955537694
0.722730075978
0.929038817295
0.922962495544
0.997019095283
1.30227754054
0.326012195651
0.263882992763
0.339069240777
0.582925256648
0.368792438598
0.518863510062
0.520263895051
0.564658370374
0.287465971328
0.612210290717
0.370243291292
0.257272102879
0.215103603379
0.195958166561
0.273797809752
0.379426589234
0.200043731702
0.413181122844
0.33202138751
0.430076578364
0.595621339859
0.71753914964
0.44896775958
0.619715379663
0.650506424177
0.669953576553
0.406257317525
0.336838325566
1.12756169732
1.00271252872
0.564609082745
0.427818038298
0.250669451416
0.498093590375
0.735175615298
0.151512871647
0.282937054181
0.350863169287
0.352362581645
0.284121179564
0.833256181719
0.301984298745
0.288867805515
0.269668487249
0.270488762464
0.768892904708
0.953508821192
0.19691431116
0.139660920584
0.198237274465
0.510223929096
0.267704001901
0.235269609761
0.601460089522
0.979200761503
0.436736037453
0.43870127267
0.747268012585
0.465545452117
0.254525220875
0.28549995302
0.381899659243
0.444123073201
0.720943534822
0.682550631817
0.656758889415
0.371555665647
0.276391428236
0.349112739819
0.311990604791
0.33227877969
0.184805946873
0.247587254614
0.425909946353
0.46690414724
0.508640669303
0.437389294928
0.467791482127
0.588862721244
0.654624850787
1.10160097343
0.72253466896
0.549149019255
1.17578878967
0.508622177085
0.619760654204
0.346940760858
0.576543323105
0.863502278332
0.214215804125
0.0670584858355
0.110072327635
0.602440784568
0.305625645493
0.0878231937311
0.612134116994
0.155690507369
0.140666399749
1.30982519724
1.12571034527
0.614294713724
0.331093772719
0.516885776204
0.398227435435
0.709523633468
0.611287063081
0.562431674359
0.876034614266
0.943263558421
0.352726345557
0.395418494392
0.281681646168
0.352897708181
0.843058008454
0.721136789225
0.656377899354
0.530575445194
0.334915384835
0.585069010694
0.856201187347
0.351677401916
0.0971587249777
1.15449002527
0.953996753272
0.556514218118
0.800124561286
1.96954243902
1.73655674909
0.993270452071
1.04651791098
0.963157022611
1.01746001482
1.81629209185
0.494981449953
0.392769514056
0.406136487247
0.537030958761
0.732431377608
0.53150440438
0.265736508426
0.621594736723
0.565157528772
0.549958005512
0.355364658622
0.635337428845
0.641294927754
0.504436811944
0.793985119093
0.727659004702
0.481318780279
0.570908006251
0.320683993495
1.33925044737
1.45010720689
1.10746692994
1.40239445344
1.16731863622
1.35262951746
1.42464958827
1.48017066192
1.29470788429
1.22059007008
1.20959199354
1.17227739335
0.226191085266
0.149770822819
0.163164319765
0.107365221108
0.126098594443
0.832724456076
1.13654183279
1.0179684169
0.70342882184
0.603276649325
0.373698509334
0.633891449761
0.749205412345
0.699960326129
1.04676762752
0.771397929582
0.698830634201
1.05124454633
0.979566558826
0.766014204025
0.717544688975
0.0594534438385
0.0888051780201
0.120615064211
0.0939392527505
0.137046403648
0.179744907421
0.340632530438
0.329522670107
0.515110945919
0.492566479949
0.428028133732
0.321948654652
0.361945459816
0.321917812839
0.369071511352
0.397460728644
0.437121161925
0.406842406123
0.420729092375
0.41425415538
0.346312056396
0.624322103301
0.570346584801
0.386590779051
0.355646137406
0.284524075553
0.34004708772
0.333801619536
0.263304307349
0.287817985268
0.287026048628
0.529807109838
0.585394324074
0.183964857869
0.537346487948
1.09488625161
1.14786726699
0.608692712185
0.580081657222
0.104341669251
0.141835264027
0.0999099738769
0.167393183285
0.21152564719
0.173474555713
0.178714679417
0.171937507195
0.255597036243
0.212216471232
0.17906505998
0.223328870358
0.183853252897
0.16097835987
0.0842749184615
0.117565286331
0.119969242305
0.11519126717
0.353845700005
0.67158028987
0.508171232745
0.479857535232
0.230442299941
0.19779829902
0.202784778383
0.172827940512
0.10890439485
0.118362670814
0.0938106004037
0.127134730618
0.0924056989479
0.111066353006
0.0537666142072
0.0569826700971
0.112012924671
0.125303149341
0.315569714464
0.35437550412
