0.0856101383051
0.085610138305
0.085610138305
0.0856101383051
0.0783037778635
0.0783037778635
0.0783037778633
0.0783037778635
0.0634034290054
0.0634034290056
0.0634034290056
0.0634034290056
0.0445969361936
0.0445969361936
0.0445969361936
0.0445969361936
0.156629092798
0.156629092798
0.156629092798
0.156629092798
0.130869661177
0.130869661177
0.130869661177
0.130869661177
0.0817217756378
0.0817217756378
0.0817217756378
0.0817217756378
0.0937139331357
0.0937139331357
0.0937139331357
0.0937139331357
0.153977726246
0.153977726246
0.153977726246
0.153977726246
0.145769010214
0.145769010214
0.145769010214
0.145769010214
0.180485227649
0.180485227649
0.180485227647
0.180485227651
0.145048353668
0.145048353668
0.145048353668
0.145048353668
0.100875140124
0.100875140124
0.100875140124
0.100875140124
0.0770977997035
0.0770977997035
0.0770977997035
0.0770977997035
0.102206117456
0.102206117456
0.102206117454
0.102206117456
0.117710288873
0.117710288874
0.117710288875
0.117710288874
0.0542341922254
0.0542341922254
0.0542341922254
0.0542341922254
0.0507517931327
0.0507517931327
0.0507517931327
0.0507517931327
0.0810362336529
0.0810362336529
0.0810362336529
0.0810362336529
0.070728555191
0.070728555191
0.070728555191
0.070728555191
0.0395802301225
0.0395802301225
0.0395802301225
0.0395802301225
0.0424968687548
0.0424968687548
0.0424968687548
0.0424968687548
0.0676565361134
0.0676565361134
0.0676565361134
0.0676565361134
0.0789929450194
0.0789929450194
0.0789929450194
0.0789929450194
0.22612885944
0.22612885944
0.22612885944
0.22612885944
0.231118000925
0.231118000925
0.231118000925
0.231118000925
0.211967986126
0.211967986126
0.211967986126
0.211967986126
0.139102511476
0.139102511476
0.139102511476
0.139102511476
0.112027827083
0.112027827083
0.112027827083
0.112027827083
0.0845426831744
0.0845426831744
0.0845426831744
0.0845426831744
0.0623558877118
0.0623558877118
0.0623558877118
0.0623558877118
0.105942203671
0.105942203671
0.105942203671
0.105942203671
0.0141460184453
0.0141460184453
0.0141460184453
0.0141460184453
0.05382460423
0.05382460423
0.05382460423
0.05382460423
0.0605291070208
0.0605291070208
0.0605291070208
0.0605291070208
0.0681500603915
0.0681500603905
0.0681500603906
0.0681500603896
0.0650085345123
0.0650085345123
0.0650085345123
0.0650085345123
0.109609603417
0.109609603417
0.109609603417
0.109609603417
0.0884278434007
0.0884278434007
0.0884278434007
0.0884278434007
0.114106908627
0.114106908627
0.114106908627
0.114106908627
0.0397876084918
0.0397876084918
0.0397876084918
0.0397876084918
0.0545426337045
0.0545426337045
0.0545426337045
0.0545426337045
0.060960755351
0.060960755351
0.060960755351
0.060960755351
0.0482494883133
0.0482494883133
0.0482494883133
0.0482494883133
0.0780024950471
0.0780024950471
0.0780024950471
0.0780024950471
0.121602243203
0.121602243203
0.121602243203
0.121602243203
0.0931281290183
0.0931281290183
0.0931281290183
0.0931281290183
0.113527751506
0.113527751506
0.113527751506
0.113527751506
0.117107439124
0.117107439124
0.117107439124
0.117107439124
0.0995927801273
0.0995927801273
0.0995927801273
0.0995927801273
0.0825861739193
0.0825861739193
0.0825861739193
0.0825861739193
0.0405697523646
0.0405697523646
0.0405697523646
0.0405697523646
0.087485740546
0.087485740546
0.087485740546
0.087485740546
0.101231988184
0.101231988184
0.101231988184
0.101231988185
0.0991188391418
0.0991188391418
0.0991188391418
0.0991188391418
0.108968828273
0.108968828273
0.108968828273
0.108968828273
0.113433373216
0.113433373216
0.113433373216
0.113433373216
0.202404005278
0.202404005278
0.202404005276
0.202404005278
0.264080074627
0.264080074627
0.264080074623
0.264080074627
0.317015510581
0.317015510578
0.31701551058
0.317015510578
0.191606393482
0.191606393482
0.191606393482
0.191606393482
0.197711745164
0.197711745164
0.197711745164
0.197711745164
0.115029478321
0.115029478318
0.115029478318
0.115029478318
0.0928703585525
0.0928703585525
0.0928703585525
0.0928703585525
0.0586697239484
0.0586697239484
0.0586697239484
0.0586697239484
0.0815049961487
0.0815049961487
0.0815049961487
0.0815049961487
0.09744168678
0.09744168678
0.09744168678
0.09744168678
0.115533529835
0.115533529835
0.115533529835
0.115533529835
0.121737307317
0.121737307317
0.121737307317
0.121737307317
0.0713479552773
0.0713479552773
0.0713479552773
0.0713479552773
0.0951412084637
0.0951412084637
0.0951412084637
0.0951412084637
0.0782849791972
0.0782849791972
0.0782849791972
0.0782849791972
0.0715840203007
0.071584020299
0.071584020299
0.071584020299
0.0796371384955
0.0796371384955
0.0796371384955
0.0796371384955
0.0498710010151
0.0498710010151
0.0498710010151
0.0498710010151
0.0657127292881
0.0657127292881
0.0657127292881
0.0657127292881
0.198053144209
0.198053144209
0.198053144209
0.198053144209
0.150264656754
0.150264656754
0.150264656754
0.150264656754
0.143599793598
0.143599793598
0.143599793598
0.143599793598
0.162218443719
0.162218443719
0.162218443718
0.162218443718
0.0818459003457
0.0818459003457
0.0818459003457
0.0818459003457
0.125858260978
0.125858260978
0.125858260978
0.125858260978
0.180159995967
0.180159995965
0.180159995966
0.180159995964
0.156943404626
0.156943404626
0.156943404626
0.156943404626
0.146343417288
0.146343417288
0.146343417288
0.146343417288
0.164431395791
0.164431395791
0.164431395791
0.164431395791
0.0969654389401
0.0969654389401
0.0969654389401
0.0969654389401
0.148894270122
0.148894270122
0.148894270122
0.148894270122
0.102688341325
0.102688341325
0.102688341325
0.102688341325
0.147176728805
0.147176728805
0.147176728805
0.147176728805
0.117540948966
0.117540948966
0.117540948966
0.117540948966
0.161107653822
0.161107653822
0.161107653822
0.161107653822
0.119173608636
0.119173608636
0.119173608636
0.119173608636
0.124056703673
0.124056703673
0.124056703673
0.124056703673
0.121261579598
0.121261579597
0.121261579597
0.121261579597
0.109511133431
0.109511133431
0.10951113343
0.109511133432
0.0988813118124
0.0988813118115
0.0988813118116
0.0988813118107
0.104006621097
0.104006621098
0.104006621098
0.104006621099
0.143607930574
0.143607930574
0.143607930575
0.143607930574
0.116944423433
0.116944423433
0.116944423433
0.116944423433
0.153372807314
0.153372807314
0.153372807314
0.153372807314
0.168725661089
0.168725661089
0.168725661089
0.168725661089
0.151740258429
0.151740258429
0.151740258429
0.151740258429
0.181492288027
0.181492288027
0.181492288027
0.181492288027
0.160828172923
0.160828172923
0.160828172923
0.160828172923
0.177839227061
0.177839227061
0.177839227061
0.177839227059
0.0699375667773
0.0699375667773
0.0699375667773
0.0699375667773
0.0564789789419
0.0564789789419
0.0564789789419
0.0564789789419
0.0812602049608
0.0812602049604
0.0812602049601
0.0812602049611
0.088759982109
0.0887599821098
0.0887599821109
0.0887599821098
0.0972544053039
0.0972544053039
0.0972544053039
0.0972544053039
0.111482156551
0.111482156551
0.111482156551
0.111482156551
0.137274243205
0.137274243205
0.137274243205
0.137274243205
0.130041676925
0.130041676925
0.130041676925
0.130041676925
0.164442548691
0.16444254869
0.164442548689
0.16444254869
0.0752382305556
0.0752382305555
0.0752382305554
0.0752382305555
0.0466849413874
0.0466849413874
0.0466849413874
0.0466849413874
0.056682137381
0.056682137381
0.056682137381
0.056682137381
0.0656786209608
0.0656786209608
0.0656786209608
0.0656786209608
0.0610482952135
0.0610482952135
0.0610482952135
0.0610482952135
0.0734640580235
0.0734640580237
0.0734640580245
0.0734640580244
0.0669117480844
0.0669117480844
0.0669117480844
0.0669117480844
0.119172457475
0.119172457475
0.119172457475
0.119172457475
0.0671033702295
0.0671033702295
0.0671033702295
0.0671033702295
0.0928641202601
0.0928641202601
0.0928641202601
0.0928641202601
0.156475886429
0.156475886428
0.156475886429
0.156475886428
0.154286338195
0.154286338198
0.154286338198
0.154286338198
0.105753059452
0.105753059452
0.105753059452
0.105753059452
0.140639198816
0.140639198816
0.140639198816
0.140639198816
0.140509478424
0.140509478424
0.140509478424
0.140509478424
0.145889509669
0.145889509668
0.145889509667
0.145889509668
0.299980114988
0.299980114993
0.299980114993
0.299980114993
0.313082879441
0.313082879439
0.31308287944
0.31308287944
0.128602482672
0.128602482672
0.128602482672
0.128602482672
0.140856815015
0.140856815018
0.140856815018
0.140856815018
0.120338609166
0.120338609166
0.120338609166
0.120338609166
0.111140458612
0.11114045861
0.11114045861
0.11114045861
0.139420710411
0.139420710411
0.139420710411
0.139420710411
0.132268221518
0.132268221518
0.132268221518
0.132268221518
0.148475495864
0.148475495864
0.148475495864
0.148475495864
0.0886490536338
0.0886490536338
0.0886490536338
0.0886490536356
0.0567720688003
0.0567720688003
0.0567720688003
0.0567720688003
0.126737892485
0.126737892485
0.126737892485
0.126737892485
0.185877393701
0.185877393701
0.185877393701
0.185877393701
0.0506481530961
0.0506481530961
0.0506481530961
0.0506481530961
0.10010585592
0.100105855919
0.10010585592
0.100105855919
0.113736445911
0.113736445912
0.113736445912
0.113736445912
0.0503306281936
0.0503306281936
0.0503306281936
0.0503306281936
0.12577776574
0.12577776574
0.12577776574
0.12577776574
0.180292815919
0.180292815918
0.180292815919
0.180292815918
0.0851474857964
0.0851474857964
0.0851474857964
0.0851474857964
0.0955981380791
0.0955981380777
0.0955981380771
0.0955981380777
0.0663726228549
0.0663726228549
0.0663726228549
0.0663726228549
0.0802916094322
0.0802916094322
0.0802916094322
0.0802916094322
0.142770370547
0.142770370547
0.142770370547
0.142770370547
0.121969591769
0.12196959177
0.12196959177
0.121969591771
0.117835310897
0.117835310899
0.1178353109
0.117835310898
0.0703485301932
0.0703485301932
0.0703485301932
0.0703485301932
0.0250965497826
0.0250965497825
0.0250965497821
0.0250965497822
0.0477519109428
0.0477519109428
0.0477519109428
0.0477519109428
0.114817695954
0.114817695954
0.114817695954
0.114817695954
0.0490303342461
0.0490303342461
0.0490303342461
0.0490303342461
0.0592010255857
0.0592010255857
0.0592010255857
0.0592010255857
0.0814168388803
0.0814168388803
0.0814168388803
0.0814168388803
0.0990556597881
0.0990556597881
0.0990556597881
0.0990556597881
0.0753736636854
0.0753736636854
0.0753736636854
0.0753736636854
0.0846017290039
0.0846017290039
0.0846017290039
0.0846017290039
0.102910487233
0.102910487233
0.102910487233
0.102910487233
0.159752613477
0.159752613474
0.159752613474
0.159752613474
0.178981713821
0.178981713821
0.178981713821
0.178981713818
0.0865094474527
0.0865094474527
0.0865094474527
0.0865094474527
0.0818601458275
0.0818601458275
0.0818601458275
0.0818601458275
0.0612764000649
0.0612764000655
0.0612764000644
0.061276400065
0.10968903217
0.10968903217
0.10968903217
0.10968903217
0.113359599727
0.113359599727
0.113359599727
0.113359599727
0.0892157503505
0.0892157503505
0.0892157503505
0.0892157503505
0.0851658769078
0.085165876907
0.0851658769072
0.0851658769065
0.08368692209
0.0836869220888
0.0836869220876
0.0836869220884
0.147225405715
0.147225405715
0.147225405716
0.147225405715
0.103834617726
0.103834617726
0.103834617726
0.103834617726
0.119580786525
0.119580786525
0.119580786525
0.119580786525
0.0702979840526
0.0702979840516
0.0702979840518
0.0702979840524
0.0701554181514
0.0701554181514
0.0701554181514
0.0701554181514
0.0917782949795
0.0917782949795
0.0917782949795
0.0917782949795
0.0804369748746
0.0804369748746
0.0804369748745
0.0804369748745
0.0668766466664
0.0668766466664
0.0668766466664
0.0668766466664
0.0647283314208
0.0647283314208
0.0647283314208
0.0647283314208
0.0662496148579
0.0662496148579
0.0662496148579
0.0662496148579
0.0899713767582
0.0899713767582
0.0899713767582
0.0899713767582
0.0902488043005
0.0902488043005
0.0902488043005
0.0902488043005
0.125348686862
0.125348686864
0.125348686864
0.125348686864
0.103998503603
0.103998503602
0.103998503602
0.103998503601
0.132827181631
0.132827181631
0.132827181631
0.132827181631
0.189261386246
0.189261386246
0.189261386245
0.189261386246
0.128001073293
0.128001073295
0.128001073296
0.128001073294
0.112248147315
0.112248147315
0.112248147316
0.112248147317
0.132696550379
0.132696550379
0.132696550379
0.13269655038
0.120468561615
0.120468561615
0.120468561613
0.120468561614
0.0861091047199
0.0861091047199
0.0861091047199
0.0861091047199
0.125873746864
0.125873746865
0.125873746863
0.125873746865
0.133951938254
0.133951938255
0.133951938255
0.133951938255
0.154858309445
0.154858309445
0.154858309445
0.154858309445
0.109321049206
0.109321049205
0.109321049205
0.109321049205
0.179546772934
0.179546772934
0.179546772934
0.179546772934
0.136824840816
0.136824840816
0.136824840816
0.136824840816
0.0934719320426
0.0934719320426
0.0934719320426
0.0934719320426
0.109725400945
0.109725400945
0.109725400945
0.109725400945
0.115444777595
0.115444777595
0.115444777595
0.115444777595
0.0460124198938
0.0460124198938
0.0460124198938
0.0460124198938
0.156434310981
0.156434310981
0.156434310981
0.156434310981
0.123022589935
0.123022589935
0.123022589935
0.123022589935
0.0242079832683
0.0242079832683
0.0242079832683
0.0242079832683
0.0135958290643
0.0135958290643
0.0135958290643
0.0135958290643
0.155453124676
0.155453124676
0.155453124676
0.155453124676
0.10128108164
0.10128108164
0.10128108164
0.10128108164
0.0378811473476
0.0378811473476
0.0378811473476
0.0378811473476
0.112069659665
0.112069659665
0.112069659665
0.112069659665
0.0504367497553
0.0504367497553
0.0504367497553
0.0504367497553
0.0354031682227
0.0354031682227
0.0354031682227
0.0354031682227
0.261560998709
0.261560998709
0.261560998709
0.261560998709
0.266873693643
0.266873693643
0.266873693643
0.266873693643
0.140251746445
0.140251746445
0.140251746445
0.140251746445
0.111333846615
0.111333846615
0.111333846615
0.111333846615
0.169513092702
0.169513092702
0.169513092702
0.169513092702
0.130113163621
0.130113163621
0.130113163621
0.130113163621
0.105835413957
0.105835413957
0.105835413957
0.105835413957
0.113091254772
0.113091254772
0.113091254772
0.113091254772
0.123078409567
0.123078409567
0.123078409567
0.123078409567
0.103169648053
0.103169648053
0.103169648053
0.103169648053
0.0915302168061
0.0915302168073
0.0915302168065
0.091530216807
0.112270034817
0.112270034817
0.112270034817
0.112270034817
0.178386474869
0.178386474869
0.178386474869
0.178386474869
0.208137194394
0.208137194394
0.208137194394
0.208137194394
0.141764782074
0.141764782074
0.141764782074
0.141764782074
0.101848746316
0.101848746316
0.101848746316
0.101848746316
0.085776859035
0.085776859035
0.085776859035
0.085776859035
0.109048019961
0.109048019961
0.109048019961
0.109048019961
0.0693663849436
0.0693663849436
0.0693663849436
0.0693663849436
0.0851257378302
0.0851257378302
0.0851257378302
0.0851257378302
0.104561897307
0.104561897308
0.104561897308
0.104561897309
0.165570820752
0.165570820751
0.165570820752
0.165570820751
0.163202150804
0.163202150807
0.163202150807
0.163202150807
0.139645307118
0.139645307118
0.139645307118
0.139645307118
0.124011252517
0.124011252517
0.124011252517
0.124011252517
0.165860424771
0.165860424771
0.165860424772
0.165860424769
0.0769016699765
0.0769016699765
0.0769016699758
0.0769016699772
0.141340098745
0.141340098745
0.141340098745
0.141340098745
0.149557638203
0.149557638203
0.149557638203
0.149557638203
0.0993988236236
0.0993988236236
0.0993988236236
0.0993988236236
0.044942216754
0.044942216754
0.044942216754
0.044942216754
0.137678465725
0.137678465725
0.137678465725
0.137678465725
0.168213740079
0.168213740079
0.168213740079
0.168213740079
0.140697907272
0.140697907272
0.140697907272
0.140697907272
0.173238755516
0.173238755516
0.173238755516
0.173238755516
0.167866805547
0.167866805547
0.167866805547
0.167866805547
0.148927041866
0.148927041866
0.148927041866
0.148927041866
0.16256618194
0.162566181941
0.16256618194
0.162566181941
0.130218413639
0.130218413639
0.130218413639
0.130218413641
0.144880526545
0.144880526542
0.144880526542
0.144880526542
0.230041170635
0.230041170635
0.230041170635
0.230041170635
0.238348204058
0.238348204058
0.238348204058
0.238348204058
0.169850763737
0.169850763737
0.169850763737
0.169850763737
0.142486351836
0.142486351836
0.142486351836
0.142486351836
0.164504255188
0.164504255188
0.164504255188
0.164504255188
0.20901325194
0.209013251939
0.209013251938
0.209013251938
0.190913284947
0.190913284944
0.190913284944
0.190913284944
0.195817231309
0.195817231308
0.195817231307
0.195817231308
0.169536047557
0.169536047557
0.169536047557
0.169536047557
0.191582734591
0.191582734591
0.191582734591
0.19158273459
0.205214938549
0.205214938549
0.205214938549
0.205214938549
0.15853891698
0.15853891698
0.158538916981
0.15853891698
0.191548527271
0.191548527271
0.19154852727
0.19154852727
0.172782746745
0.172782746744
0.172782746744
0.172782746744
0.184418114607
0.184418114607
0.184418114605
0.184418114606
0.186437502321
0.186437502321
0.186437502323
0.186437502321
0.114153427574
0.114153427575
0.114153427575
0.114153427577
0.118696140014
0.118696140014
0.118696140014
0.118696140014
0.155918548883
0.155918548883
0.155918548883
0.155918548883
0.134633168809
0.134633168809
0.134633168809
0.134633168809
0.166104978916
0.166104978916
0.166104978916
0.166104978916
0.15659408918
0.15659408918
0.15659408918
0.15659408918
0.179851954243
0.179851954243
0.179851954243
0.179851954243
0.111664623515
0.111664623515
0.111664623515
0.111664623515
0.167135291439
0.167135291439
0.167135291439
0.167135291439
0.143658014959
0.143658014959
0.143658014959
0.143658014959
0.177656348412
0.177656348413
0.177656348411
0.177656348414
0.12106440225
0.12106440225
0.12106440225
0.12106440225
0.0596317944917
0.0596317944917
0.0596317944917
0.0596317944917
0.0893575768011
0.0893575768011
0.0893575768011
0.0893575768011
0.133489307761
0.133489307761
0.133489307761
0.133489307761
0.157419957528
0.157419957528
0.157419957528
0.157419957528
0.0876247737315
0.0876247737315
0.0876247737315
0.0876247737293
0.147337963606
0.147337963605
0.147337963606
0.147337963607
0.173628055104
0.173628055104
0.173628055104
0.173628055101
0.114138150633
0.114138150633
0.114138150633
0.114138150633
0.204026518719
0.204026518717
0.204026518719
0.204026518719
0.178014097208
0.178014097208
0.178014097208
0.178014097208
0.160392723707
0.160392723707
0.160392723707
0.160392723707
0.142156263161
0.142156263161
0.142156263161
0.142156263161
0.130498023375
0.130498023375
0.130498023375
0.130498023375
0.125895357395
0.125895357395
0.125895357395
0.125895357395
0.115950709954
0.115950709954
0.115950709954
0.115950709954
0.12963112636
0.12963112636
0.12963112636
0.12963112636
0.138464646917
0.138464646917
0.138464646917
0.138464646917
0.0879566177643
0.0879566177638
0.0879566177619
0.0879566177638
0.10617441106
0.10617441106
0.10617441106
0.10617441106
0.0780056817239
0.0780056817239
0.0780056817239
0.0780056817239
0.124971769189
0.124971769189
0.124971769189
0.124971769189
0.13239127403
0.13239127403
0.13239127403
0.13239127403
0.143103574855
0.143103574854
0.143103574854
0.143103574855
0.16509419186
0.165094191861
0.16509419186
0.165094191861
0.137393567182
0.137393567182
0.137393567182
0.137393567182
0.124205620798
0.124205620798
0.124205620798
0.124205620798
0.164045505448
0.164045505448
0.164045505448
0.164045505448
0.152215859862
0.152215859862
0.152215859862
0.152215859862
0.12692411415
0.12692411415
0.126924114149
0.126924114148
0.135590387094
0.135590387093
0.135590387093
0.135590387092
0.207404419082
0.207404419082
0.207404419082
0.207404419082
0.215145522101
0.215145522101
0.215145522101
0.215145522104
0.138270876076
0.138270876076
0.138270876076
0.138270876073
0.153962493537
0.153962493537
0.153962493537
0.153962493537
0.215154792537
0.215154792537
0.215154792537
0.215154792537
0.0971190631296
0.0971190631296
0.0971190631296
0.0971190631296
0.173500740232
0.173500740232
0.173500740232
0.173500740232
0.14113619879
0.14113619879
0.14113619879
0.14113619879
0.197286930191
0.197286930191
0.197286930191
0.197286930191
0.157471064063
0.157471064063
0.157471064063
0.157471064063
0.172667925769
0.172667925768
0.172667925768
0.17266792577
0.146729652352
0.146729652352
0.146729652352
0.146729652352
0.13508385002
0.13508385002
0.13508385002
0.13508385002
0.157301657431
0.157301657431
0.157301657431
0.157301657431
0.144732364844
0.144732364844
0.144732364844
0.144732364844
0.152077219841
0.152077219843
0.152077219842
0.152077219843
0.262123679548
0.262123679551
0.262123679551
0.262123679552
0.189275361999
0.189275361999
0.189275361999
0.189275361999
0.208998846032
0.208998846032
0.208998846032
0.208998846032
0.188680512237
0.188680512237
0.188680512237
0.188680512237
0.114545814672
0.114545814672
0.114545814672
0.114545814672
0.128575370281
0.128575370281
0.128575370281
0.128575370281
0.192077375128
0.192077375128
0.192077375128
0.192077375128
0.16267977828
0.16267977828
0.16267977828
0.16267977828
0.120475783541
0.120475783541
0.120475783541
0.120475783541
0.122543763925
0.122543763925
0.122543763925
0.122543763925
0.145292832902
0.145292832902
0.145292832902
0.145292832902
0.154910261004
0.154910261004
0.154910261005
0.154910261004
0.140264156603
0.140264156603
0.140264156603
0.140264156603
0.0544452945169
0.0544452945169
0.0544452945169
0.0544452945169
0.130541652731
0.130541652731
0.130541652731
0.130541652731
0.0252617741676
0.0252617741676
0.0252617741676
0.0252617741676
0.027559379525
0.027559379525
0.027559379525
0.027559379525
0.0381366695862
0.0381366695862
0.0381366695862
0.0381366695862
0.0462648284404
0.0462648284403
0.0462648284404
0.0462648284403
0.0302149407076
0.0302149407077
0.0302149407077
0.0302149407076
0.0372188596126
0.0372188596126
0.0372188596126
0.0372188596126
0.047499274432
0.047499274432
0.047499274432
0.047499274432
0.0636988077496
0.0636988077496
0.0636988077495
0.0636988077496
0.0545347067361
0.054534706736
0.054534706736
0.054534706736
0.0402553846013
0.0402553846013
0.0402553846013
0.0402553846013
0.0301525475596
0.0301525475596
0.0301525475596
0.0301525475595
0.0485373280452
0.0485373280452
0.0485373280453
0.0485373280451
0.0412244582961
0.0412244582961
0.0412244582961
0.0412244582961
0.032211953233
0.032211953233
0.032211953233
0.032211953233
0.0708101653366
0.0708101653366
0.0708101653366
0.0708101653366
0.0329151033922
0.0329151033922
0.0329151033922
0.0329151033922
0.0528179468947
0.0528179468947
0.0528179468947
0.0528179468947
0.0470440103303
0.0470440103302
0.0470440103301
0.0470440103302
0.0784538421034
0.0784538421034
0.0784538421034
0.0784538421034
0.0720923617367
0.0720923617367
0.0720923617367
0.0720923617367
0.106404632459
0.106404632459
0.106404632459
0.106404632459
0.0301918501231
0.0301918501231
0.0301918501231
0.0301918501231
0.0340898842622
0.0340898842622
0.0340898842622
0.0340898842622
0.0394865890384
0.0394865890384
0.0394865890384
0.0394865890384
0.0646644258293
0.0646644258293
0.0646644258293
0.0646644258293
0.0290904996292
0.0290904996292
0.0290904996292
0.0290904996292
0.0198471785117
0.0198471785117
0.0198471785117
0.0198471785117
0.0204420207024
0.0204420207024
0.0204420207024
0.0204420207024
0.0273645558911
0.0273645558911
0.0273645558911
0.0273645558911
0.0342340029391
0.0342340029391
0.0342340029391
0.0342340029391
0.0497020330624
0.0497020330624
0.0497020330624
0.0497020330624
0.0043155808587
0.0043155808587
0.0043155808587
0.0043155808587
0.0166219651373
0.0166219651373
0.0166219651373
0.0166219651373
0.00371237928464
0.00371237928464
0.00371237928464
0.00371237928464
0.045852021175
0.045852021175
0.045852021175
0.045852021175
0.0532011858275
0.0532011858275
0.0532011858275
0.0532011858275
0.0327667556611
0.0327667556611
0.0327667556611
0.0327667556611
0.0230326561217
0.0230326561217
0.0230326561217
0.0230326561217
0.0420377923644
0.0420377923644
0.0420377923644
0.0420377923644
0.0299225851195
0.0299225851195
0.0299225851195
0.0299225851195
0.0910460568626
0.0910460568637
0.0910460568633
0.091046056863
0.0699410519163
0.0699410519163
0.0699410519178
0.0699410519163
0.0860501125252
0.0860501125252
0.0860501125252
0.0860501125252
0.0749421453031
0.0749421453031
0.0749421453031
0.0749421453051
0.063863715078
0.063863715078
0.063863715078
0.063863715078
0.0815504547168
0.0815504547168
0.0815504547168
0.0815504547168
0.0980451484769
0.0980451484769
0.0980451484769
0.0980451484769
0.0969835638971
0.0969835638971
0.0969835638971
0.0969835638971
0.0743611977045
0.0743611977045
0.0743611977045
0.0743611977045
0.0755660946634
0.0755660946634
0.0755660946634
0.0755660946634
0.0455709251287
0.0455709251287
0.0455709251287
0.0455709251287
0.05294586036
0.05294586036
0.05294586036
0.05294586036
0.0451240800036
0.0451240800044
0.0451240800037
0.0451240800043
0.0528397279891
0.0528397279891
0.0528397279891
0.0528397279891
0.0965327387719
0.0965327387719
0.0965327387719
0.0965327387719
0.106453803745
0.106453803745
0.106453803745
0.106453803745
0.085378094365
0.085378094365
0.085378094365
0.0853780943658
0.135425297099
0.135425297099
0.135425297098
0.135425297098
0.0574402701493
0.0574402701493
0.0574402701493
0.0574402701493
0.0576708972745
0.0576708972745
0.0576708972745
0.0576708972745
0.0655423049237
0.0655423049237
0.0655423049237
0.0655423049237
0.0484555018721
0.0484555018721
0.0484555018721
0.0484555018721
0.0944945985079
0.0944945985079
0.0944945985079
0.0944945985079
0.103545393199
0.103545393199
0.103545393199
0.103545393199
0.0939449946987
0.0939449947003
0.0939449946999
0.0939449947003
0.0727321822168
0.0727321822168
0.0727321822168
0.0727321822168
0.0459332331022
0.0459332331022
0.0459332331022
0.0459332331022
0.0543395012081
0.0543395012081
0.0543395012081
0.0543395012081
0.0511886325079
0.0511886325079
0.0511886325079
0.0511886325079
0.0532940956994
0.0532940956994
0.0532940956994
0.0532940956994
