0.112176607978
0.112176607979
0.11217660798
0.112176607979
0.11207838839
0.112078388391
0.11207838839
0.112078388392
0.0817809272144
0.0817809272144
0.0817809272144
0.0817809272144
0.0230975799143
0.0230975799143
0.0230975799155
0.0230975799143
0.17843374678
0.17843374678
0.17843374678
0.17843374678
0.221603339445
0.221603339445
0.221603339445
0.221603339445
0.105508885268
0.105508885268
0.105508885268
0.105508885268
0.0567445632816
0.0567445632811
0.0567445632807
0.0567445632812
0.1422532298
0.1422532298
0.1422532298
0.1422532298
0.145086918289
0.145086918289
0.145086918289
0.145086918289
0.189924107172
0.189924107172
0.189924107172
0.189924107172
0.160859963231
0.160859963231
0.160859963231
0.160859963231
0.0778779674901
0.0778779674901
0.0778779674901
0.0778779674901
0.0862422845606
0.0862422845606
0.0862422845606
0.0862422845606
0.158752956742
0.158752956744
0.158752956742
0.158752956744
0.159058961879
0.159058961879
0.159058961883
0.159058961879
0.0373644299
0.0373644299
0.0373644299
0.0373644299
0.0468055288081
0.0468055288081
0.0468055288081
0.0468055288081
0.0617042025703
0.0617042025703
0.0617042025703
0.0617042025703
0.0349268579648
0.0349268579649
0.0349268579649
0.0349268579649
0.0250632059811
0.0250632059811
0.0250632059812
0.0250632059812
0.0671869106793
0.0671869106793
0.0671869106793
0.0671869106793
0.0789872313134
0.0789872313134
0.0789872313134
0.0789872313134
0.107931648085
0.107931648085
0.107931648085
0.107931648085
0.259603524119
0.259603524119
0.259603524119
0.259603524119
0.321704399944
0.321704399944
0.321704399944
0.321704399944
0.199705879103
0.199705879106
0.199705879106
0.199705879106
0.124183982883
0.124183982882
0.124183982883
0.124183982883
0.079796624449
0.079796624449
0.079796624449
0.079796624449
0.100834175393
0.100834175393
0.100834175393
0.100834175393
0.0490869963576
0.0490869963576
0.0490869963576
0.0490869963576
0.0751507382804
0.0751507382812
0.0751507382804
0.0751507382805
0.030287017171
0.0302870171705
0.0302870171706
0.030287017171
0.0331321057449
0.0331321057455
0.0331321057452
0.0331321057452
0.0312844669981
0.0312844669981
0.0312844669981
0.0312844669981
0.111039712893
0.111039712893
0.111039712892
0.111039712894
0.120539023511
0.120539023511
0.120539023511
0.120539023511
0.0612675869185
0.0612675869185
0.0612675869185
0.0612675869185
0.0994846697308
0.0994846697308
0.0994846697308
0.0994846697308
0.115715121768
0.115715121768
0.115715121768
0.115715121768
0.0918334588183
0.0918334588183
0.0918334588183
0.0918334588183
0.0551060190019
0.0551060190019
0.0551060190019
0.0551060190019
0.0649407065969
0.0649407065969
0.0649407065969
0.0649407065969
0.0399234049676
0.0399234049676
0.0399234049676
0.0399234049676
0.0495595913591
0.0495595913591
0.0495595913591
0.0495595913591
0.0634849607731
0.0634849607731
0.0634849607731
0.0634849607731
0.138802344218
0.138802344218
0.138802344218
0.138802344218
0.0977719741904
0.0977719741904
0.0977719741904
0.0977719741904
0.218800303132
0.218800303132
0.218800303132
0.218800303132
0.117299480523
0.117299480523
0.117299480523
0.117299480523
0.166808584307
0.166808584307
0.166808584306
0.166808584308
0.133407296552
0.133407296552
0.13340729655
0.133407296551
0.0835178559854
0.0835178559849
0.0835178559849
0.0835178559859
0.119680803031
0.119680803031
0.11968080303
0.119680803032
0.116654869122
0.116654869121
0.116654869122
0.116654869122
0.207630879864
0.207630879864
0.207630879864
0.207630879864
0.335221112019
0.335221112018
0.335221112018
0.33522111202
0.303410959365
0.303410959367
0.303410959366
0.303410959368
0.218115633864
0.218115633864
0.218115633864
0.218115633864
0.272186939077
0.272186939077
0.272186939077
0.272186939077
0.12824502226
0.128245022259
0.128245022258
0.128245022257
0.146344150284
0.146344150284
0.146344150284
0.146344150284
0.083419074006
0.083419074006
0.083419074006
0.083419074006
0.11746631638
0.11746631638
0.11746631638
0.11746631638
0.13436797812
0.13436797812
0.13436797812
0.13436797812
0.0641689264442
0.0641689264442
0.0641689264442
0.0641689264442
0.117562283698
0.117562283698
0.117562283698
0.117562283698
0.0856763122829
0.0856763122829
0.0856763122829
0.0856763122829
0.123947324287
0.123947324287
0.123947324287
0.123947324287
0.059308369719
0.059308369719
0.059308369719
0.059308369719
0.0681210268101
0.0681210268101
0.0681210268101
0.0681210268101
0.0895550025005
0.0895550025014
0.0895550025014
0.0895550025023
0.072643641824
0.072643641824
0.072643641824
0.072643641824
0.0788541897335
0.0788541897335
0.0788541897335
0.0788541897335
0.239981338205
0.239981338204
0.239981338204
0.239981338204
0.276065514891
0.276065514891
0.276065514891
0.276065514891
0.154539900146
0.154539900146
0.154539900146
0.154539900146
0.0709474067811
0.0709474067811
0.0709474067811
0.0709474067811
0.285680603825
0.285680603827
0.285680603829
0.285680603825
0.29934690026
0.299346900261
0.299346900261
0.299346900266
0.293171980809
0.293171980809
0.293171980804
0.293171980809
0.262579482328
0.262579482328
0.262579482332
0.262579482328
0.437744081675
0.437744081677
0.437744081677
0.437744081675
0.300717418442
0.300717418438
0.300717418437
0.300717418438
0.373394231253
0.373394231249
0.373394231249
0.373394231249
0.180181395864
0.180181395864
0.180181395864
0.180181395862
0.174352333939
0.174352333939
0.174352333939
0.174352333939
0.18060384813
0.180603848131
0.180603848129
0.18060384813
0.232234808011
0.232234808011
0.232234808011
0.232234808009
0.230774061582
0.23077406158
0.230774061581
0.230774061581
0.249229457739
0.249229457739
0.249229457739
0.249229457739
0.325263464215
0.325263464216
0.325263464219
0.325263464216
0.0815262263571
0.0815262263571
0.0815262263571
0.0815262263571
0.0660371158257
0.0660371158257
0.0660371158257
0.0660371158257
0.0847727899166
0.0847727899172
0.0847727899172
0.0847727899157
0.145725673291
0.145725673291
0.145725673289
0.145725673291
0.0921849661925
0.0921849661925
0.0921849661931
0.0921849661919
0.129527698383
0.129527698384
0.129527698385
0.129527698384
0.129535922995
0.129535922995
0.129535922995
0.129535922995
0.142281246749
0.142281246749
0.142281246749
0.142281246749
0.1660774641
0.1660774641
0.1660774641
0.1660774641
0.0836579043755
0.0836579043755
0.0836579043755
0.0836579043755
0.152681218953
0.152681218953
0.152681218953
0.152681218953
0.0925336929719
0.0925336929719
0.0925336929719
0.0925336929718
0.0638516359006
0.0638516359006
0.0638516359006
0.0638516359006
0.0579874128527
0.0579874128527
0.0579874128527
0.0579874128527
0.0504041333023
0.0504041333023
0.0504041333023
0.0504041333023
0.0684207646167
0.0684207646167
0.0684207646167
0.0684207646167
0.0953561299401
0.0953561299401
0.0953561299401
0.0953561299401
0.049702633429
0.049702633429
0.049702633429
0.049702633429
0.105223466373
0.105223466373
0.105223466373
0.105223466373
0.0835095913026
0.0835095913026
0.0835095913026
0.0835095913026
0.107867105899
0.107867105897
0.107867105898
0.107867105898
0.148748202372
0.148748202373
0.148748202374
0.148748202372
0.179336972363
0.179336972362
0.17933697236
0.179336972362
0.112203421985
0.112203421985
0.112203421985
0.112203421985
0.154646262887
0.154646262886
0.154646262886
0.154646262886
0.0988999549597
0.0988999549597
0.0988999549597
0.0988999549597
0.168985234551
0.168985234551
0.168985234551
0.168985234551
0.165866598902
0.1658665989
0.1658665989
0.165866598901
0.106879150557
0.106879150557
0.106879150557
0.106879150557
0.0872483846219
0.0872483846223
0.0872483846223
0.0872483846235
0.08869255354
0.0886925535385
0.0886925535385
0.0886925535387
0.284682000705
0.284682000705
0.284682000705
0.284682000705
0.252219110093
0.252219110093
0.252219110092
0.252219110096
0.149810933837
0.149810933837
0.149810933837
0.149810933837
0.107315654245
0.107315654245
0.107315654245
0.107315654245
0.0631470712317
0.0631470712317
0.0631470712317
0.0631470712317
0.125002768699
0.125002768699
0.125002768699
0.125002768699
0.186830934805
0.186830934805
0.186830934805
0.186830934805
0.0378633856211
0.0378633856211
0.0378633856211
0.0378633856211
0.0727549054443
0.0727549054443
0.0727549054443
0.0727549054443
0.08768458668
0.08768458668
0.08768458668
0.08768458668
0.0881045159236
0.0881045159229
0.0881045159229
0.0881045159221
0.0710318272793
0.0710318272793
0.0710318272793
0.0710318272793
0.208359001171
0.208359001171
0.208359001171
0.208359001171
0.0754932386719
0.0754932386719
0.0754932386719
0.0754932386719
0.0722177460571
0.0722177460571
0.0722177460571
0.0722177460571
0.0674194695551
0.0674194695551
0.0674194695551
0.0674194695551
0.0676378361239
0.0676378361239
0.0676378361238
0.0676378361239
0.192665449364
0.192665449364
0.192665449365
0.192665449364
0.238210029075
0.238210029076
0.238210029077
0.238210029078
0.0510574110322
0.0510574110322
0.0510574110322
0.0510574110322
0.0351459960576
0.035145996057
0.0351459960569
0.0351459960578
0.0495521712951
0.0495521712951
0.0495521712951
0.0495521712951
0.127448435894
0.127448435894
0.127448435894
0.127448435894
0.0668521610008
0.0668521610008
0.0668521610008
0.0668521610008
0.0588431708411
0.0588431708411
0.0588431708411
0.0588431708411
0.150775954038
0.150775954038
0.150775954038
0.150775954038
0.244451995109
0.244451995109
0.244451995109
0.244451995109
0.10915109425
0.10915109425
0.10915109425
0.10915109425
0.105788631494
0.105788631494
0.105788631494
0.105788631494
0.18651102261
0.18651102261
0.18651102261
0.18651102261
0.116452884105
0.116452884105
0.116452884105
0.116452884105
0.0636023450544
0.063602345055
0.0636023450557
0.0636023450551
0.0710184459232
0.0710184459232
0.0710184459232
0.0710184459232
0.0961823632111
0.0961823632111
0.0961823632111
0.0961823632111
0.112745697699
0.1127456977
0.112745697698
0.112745697699
0.180385924518
0.18038592452
0.180385924522
0.180385924519
0.171177962492
0.171177962492
0.171177962492
0.171177962492
0.164117823663
0.164117823663
0.164117823663
0.164117823663
0.0930104136973
0.0930104136961
0.0930104136964
0.093010413697
0.0691146893031
0.0691146893029
0.0691146893036
0.0691146893038
0.0913174753348
0.0913174753348
0.0913174753348
0.0913174753348
0.078725584575
0.078725584575
0.078725584575
0.078725584575
0.0878148365359
0.0878148365369
0.087814836537
0.0878148365361
0.0456926206094
0.0456926206094
0.0456926206094
0.0456926206094
0.0633734130785
0.0633734130785
0.0633734130785
0.0633734130785
0.106895094466
0.106895094468
0.106895094468
0.106895094468
0.120394370611
0.120394370611
0.120394370611
0.120394370611
0.127781263139
0.127781263139
0.127781263139
0.127781263139
0.109585534141
0.109585534144
0.109585534143
0.109585534142
0.116879607198
0.116879607198
0.116879607198
0.116879607198
0.1473271527
0.147327152702
0.147327152701
0.147327152703
0.163619487641
0.163619487641
0.163619487641
0.163619487641
0.275314328912
0.275314328912
0.275314328912
0.275314328912
0.180711050538
0.180711050538
0.180711050538
0.180711050538
0.137324094122
0.137324094122
0.137324094122
0.137324094122
0.294002788113
0.294002788113
0.294002788113
0.294002788113
0.127146953148
0.127146953148
0.127146953148
0.127146953148
0.154930372503
0.154930372504
0.154930372504
0.154930372506
0.082775811838
0.082775811838
0.082775811838
0.082775811838
0.144288160288
0.144288160291
0.144288160291
0.144288160292
0.215860415653
0.215860415653
0.215860415653
0.215860415653
0.0535587301612
0.0535587301613
0.0535587301613
0.0535587301614
0.0168030251185
0.0168030251195
0.0168030251194
0.0168030251195
0.0274360053563
0.0274360053563
0.0274360053563
0.0274360053563
0.150658027733
0.150658027733
0.150658027733
0.150658027733
0.0762914942955
0.0762914942955
0.0762914942955
0.0762914942955
0.0219399869058
0.0219399869058
0.0219399869058
0.0219399869058
0.153059158613
0.153059158613
0.153059158613
0.153059158613
0.0389233920959
0.0389233920959
0.0389233920959
0.0389233920959
0.0351548487931
0.0351548487931
0.0351548487931
0.0351548487931
0.327452008324
0.327452008324
0.327452008324
0.327452008324
0.281339234992
0.281339234992
0.281339234992
0.281339234992
0.153516365086
0.153516365087
0.153516365087
0.153516365087
0.0827750845356
0.0827750845356
0.0827750845356
0.0827750845356
0.129386819294
0.129386819294
0.129386819294
0.129386819294
0.0995528462034
0.0995528462039
0.0995528462038
0.0995528462035
0.17736339116
0.17736339116
0.17736339116
0.17736339116
0.152822299142
0.152822299142
0.152822299142
0.152822299142
0.140610400221
0.140610400221
0.140610400221
0.140610400221
0.219060050084
0.219060050083
0.219060050082
0.219060050081
0.235824412302
0.235824412302
0.235824412302
0.235824412302
0.0881825536483
0.0881825536483
0.0881825536483
0.0881825536483
0.0988541690036
0.0988541690036
0.0988541690036
0.0988541690036
0.0704204970702
0.0704204970702
0.0704204970702
0.0704204970702
0.088227411085
0.0882274110858
0.0882274110859
0.0882274110866
0.210644444383
0.210644444383
0.210644444383
0.210644444383
0.180286361367
0.180286361367
0.180286361367
0.180286361367
0.164105962646
0.164105962646
0.164105962646
0.164105962646
0.132646358374
0.132646358374
0.132646358374
0.132646358374
0.0835989558471
0.0835989558471
0.0835989558471
0.0835989558471
0.146493583621
0.146493583621
0.146493583621
0.146493583621
0.214458714353
0.214458714353
0.214458714353
0.214458714352
0.0879494282624
0.0879494282624
0.0879494282623
0.0879494282624
0.024289178697
0.024289178697
0.0242891786969
0.024289178697
0.28773422027
0.28773422027
0.287734220268
0.287734220272
0.237261273883
0.237261273881
0.23726127388
0.237261273882
0.140231400814
0.140231400812
0.140231400813
0.140231400812
0.200055999224
0.200055999222
0.200055999221
0.200055999224
0.492074450625
0.492074450629
0.492074450625
0.492074450625
0.434238688755
0.434238688755
0.434238688755
0.434238688755
0.248603545334
0.248603545334
0.248603545334
0.248603545334
0.261393132405
0.261393132405
0.261393132407
0.261393132405
0.241075320606
0.241075320609
0.241075320606
0.24107532061
0.254661058749
0.254661058749
0.254661058752
0.254661058749
0.454284181865
0.454284181864
0.454284181866
0.454284181862
0.12375295192
0.123752951918
0.123752951918
0.123752951919
0.0981849480975
0.0981849480975
0.0981849480975
0.0981849480975
0.101308032993
0.101308032993
0.101308032993
0.101308032993
0.136523007532
0.136523007532
0.136523007532
0.136523007532
0.18305739006
0.18305739006
0.18305739006
0.18305739006
0.131811873571
0.131811873571
0.131811873571
0.131811873571
0.06660545867
0.06660545867
0.06660545867
0.06660545867
0.158182746894
0.158182746894
0.158182746894
0.158182746894
0.140949540505
0.140949540505
0.140949540505
0.140949540505
0.13723670333
0.13723670333
0.13723670333
0.13723670333
0.0893386336771
0.0893386336771
0.0893386336771
0.0893386336771
0.157888378508
0.157888378508
0.157888378508
0.157888378508
0.159715248446
0.159715248446
0.159715248446
0.159715248446
0.12587047728
0.12587047728
0.12587047728
0.12587047728
0.197798850913
0.197798850914
0.197798850914
0.197798850913
0.18198814191
0.18198814191
0.18198814191
0.18198814191
0.120457387008
0.120457387008
0.120457387008
0.120457387008
0.142251660365
0.142251660365
0.142251660365
0.142251660365
0.0796752725643
0.0796752725643
0.0796752725643
0.0796752725643
0.333355608245
0.333355608245
0.333355608245
0.333355608245
0.370670386835
0.370670386836
0.370670386837
0.370670386838
0.494188545108
0.494188545109
0.494188545111
0.494188545109
0.281738258971
0.281738258971
0.281738258971
0.281738258971
0.350350948945
0.350350948945
0.350350948945
0.350350948945
0.290282167672
0.290282167672
0.290282167672
0.290282167672
0.288933184024
0.288933184023
0.288933184023
0.288933184025
0.338047435586
0.338047435586
0.338047435586
0.338047435589
0.35582631847
0.355826318472
0.355826318472
0.35582631847
0.370067227142
0.370067227142
0.370067227142
0.370067227142
0.323388637486
0.323388637486
0.323388637486
0.323388637486
0.305161044616
0.305161044616
0.305161044616
0.305161044616
0.302842404239
0.302842404239
0.302842404239
0.302842404239
0.293202724279
0.293202724279
0.293202724279
0.293202724276
0.0853779436058
0.0853779436058
0.0853779436058
0.0853779436058
0.0728357594687
0.0728357594694
0.0728357594698
0.0728357594682
0.0667313635143
0.0667313635143
0.0667313635143
0.0667313635143
0.0770170142405
0.0770170142405
0.0770170142405
0.0770170142405
0.0581341637902
0.0581341637901
0.0581341637901
0.0581341637901
0.0765283081739
0.0765283081739
0.0765283081739
0.0765283081739
0.0373482553628
0.0373482553628
0.0373482553628
0.0373482553628
0.0403619556678
0.0403619556678
0.0403619556678
0.0403619556678
0.0269140868574
0.0269140868574
0.0269140868574
0.0269140868573
0.031080825703
0.031080825703
0.031080825703
0.031080825703
0.208993706562
0.208993706558
0.208993706558
0.208993706561
0.282449946004
0.282449946004
0.282449946004
0.282449946004
0.25383455742
0.25383455742
0.25383455742
0.25383455742
0.177084552212
0.177084552212
0.177084552212
0.177084552212
0.151218080423
0.151218080423
0.151218080423
0.151218080423
0.0932745926478
0.0932745926478
0.0932745926478
0.0932745926478
0.158211529421
0.158211529422
0.158211529421
0.158211529422
0.187296937013
0.187296937013
0.187296937013
0.187296937013
0.176096374724
0.176096374724
0.176096374724
0.176096374724
0.258116824955
0.258116824955
0.258116824955
0.258116824955
0.273781662848
0.273781662848
0.273781662848
0.273781662848
0.195617231163
0.195617231163
0.195617231163
0.195617231163
0.208574776278
0.208574776278
0.208574776278
0.208574776278
0.184167849284
0.184167849284
0.184167849284
0.184167849284
0.174464186512
0.174464186512
0.174464186512
0.174464186512
0.26307308581
0.26307308581
0.26307308581
0.26307308581
0.243729969461
0.243729969461
0.243729969461
0.243729969461
0.197204275879
0.197204275879
0.197204275879
0.197204275879
0.226241021055
0.226241021055
0.226241021055
0.226241021055
0.0155023521396
0.0155023521396
0.0155023521396
0.0155023521396
0.0227582432373
0.0227582432373
0.0227582432373
0.0227582432373
0.0428042566481
0.0428042566481
0.0428042566481
0.0428042566481
0.0700776820542
0.0700776820542
0.0700776820542
0.0700776820542
0.0233832057007
0.0233832057007
0.0233832057007
0.0233832057007
0.0507643070369
0.050764307037
0.050764307037
0.0507643070371
0.0306103650098
0.0306103650098
0.0306103650099
0.0306103650098
0.0239691441048
0.0239691441048
0.0239691441048
0.0239691441048
0.0345670315146
0.0345670315146
0.0345670315146
0.0345670315146
0.0457579262305
0.0457579262303
0.0457579262303
0.0457579262303
0.0839582066071
0.0839582066071
0.0839582066071
0.0839582066071
0.0836023012779
0.0836023012779
0.0836023012779
0.0836023012779
0.128372713463
0.128372713465
0.128372713465
0.128372713465
0.123151522541
0.123151522541
0.123151522543
0.123151522542
0.106428151137
0.106428151137
0.106428151137
0.106428151137
0.0817321721634
0.0817321721645
0.0817321721642
0.0817321721637
0.0924024522946
0.0924024522946
0.0924024522946
0.0924024522946
0.0845031967939
0.0845031967939
0.0845031967957
0.0845031967934
0.0936578230951
0.0936578230956
0.0936578230961
0.0936578230967
0.0939194563774
0.0939194563774
0.0939194563774
0.0939194563774
0.108434928084
0.108434928084
0.108434928084
0.108434928084
0.101410599991
0.101410599991
0.101410599991
0.101410599991
0.104983825215
0.104983825215
0.104983825215
0.104983825215
0.10302959771
0.10302959771
0.10302959771
0.10302959771
0.0857361363266
0.0857361363266
0.0857361363266
0.0857361363266
0.155083938757
0.155083938757
0.155083938757
0.155083938757
