0.147103446539
0.197301073945
0.26104644418
0.23624803097
0.121020292586
0.0876755364441
0.100282089737
0.074283776075
0.0717231497292
0.0755849366696
0.199803256246
0.183674185529
0.107236179621
0.178769630809
0.197203191545
0.240660855497
0.24142032107
0.197327225155
0.186066031942
0.126249236124
0.143967015495
0.121276229394
0.134444243318
0.148988364553
0.105355337856
0.15073855684
0.162872506434
0.173031552868
0.200788012935
0.185362024862
0.183933100369
0.211559363263
0.201481696067
0.183965672912
0.169059923533
0.121694223654
0.141338047108
0.142040947388
0.140904676858
0.192946695701
0.164566136588
0.172318069604
0.104107884029
0.15567525062
0.100512782212
0.121069915923
0.175547754704
0.197510080961
0.199195225268
0.208660116311
0.198485766077
0.10871678621
0.152565909081
0.113067177796
0.0929725656822
0.0859829455032
0.0594202763929
0.0564535121738
0.066252817514
0.0851553874073
0.0915787696345
0.0659732036094
0.0509026768392
0.148353012856
0.175165533949
0.117037611245
0.0796356294413
0.114386396131
0.120659938551
0.13544241532
0.106094516573
0.155531678596
0.126691341797
0.133887415241
0.149500142098
0.157319362676
0.157264217226
0.161188733879
0.161620096373
0.19898270424
0.220717886622
0.174133705044
0.230603398925
0.151591695314
0.165970837059
0.155972302634
0.130007072889
0.0903335133285
0.0956696408416
0.0787107483882
0.0702473241947
0.0967436279394
0.106107084235
0.0754539577303
0.0492301757201
0.143870884383
0.131178530646
0.122842751222
0.155890407348
0.103777904212
0.113867778356
0.107751460473
0.164473765195
0.123905395203
0.124165996882
0.149821899962
0.120308924226
0.115752459357
0.103899193471
0.137865651532
0.100660910173
0.155436976914
0.141996232827
0.158219527066
0.16196455399
0.104899474701
0.083496558583
0.142666351573
0.102804458681
0.155800868482
0.155367571818
0.189968550156
0.267041556616
0.16759086561
0.189834278879
0.149565119195
0.133758955205
0.13422650172
0.139283766703
0.175960218708
0.166856574864
0.151375099229
0.144751171822
0.157762196728
0.146193447219
0.177874838337
0.154299807128
0.160250244792
0.204998761224
0.143296223931
0.111896021291
0.0912469570827
0.101140179397
0.153788728702
0.133948668108
0.179258930024
0.184241730641
0.147179954157
0.186815931464
0.171551877392
0.167516787393
0.178941957607
0.194692620239
0.178067631849
0.19355991557
0.235569973902
0.175744402953
0.164267490984
0.177984572971
0.144344245104
0.167327442318
0.144512894346
0.163275390403
0.174220076763
0.15719795772
0.176789561974
0.156065874584
0.149288371886
0.156344825321
0.125247400448
0.155263850011
0.116204070937
0.168091420234
0.142066339685
0.165304552872
0.132434921059
0.081802766352
0.0988195496885
0.0889953575779
0.08293760962
0.0962478635717
0.185482956768
0.120312538108
0.194186669378
0.187113156319
0.143066719749
0.184985649741
0.179309939196
0.17179397193
0.159170484777
0.107758425025
0.14238668863
0.137353277095
0.104613769105
0.14445946354
0.143755846435
0.117950896256
0.0907459381592
0.125240187583
0.0911387318411
0.148174333592
0.146916890458
0.137389844728
0.138605993674
0.114792600785
0.193459912946
0.162237477796
0.216660664304
0.212690757994
0.162481668722
0.186919182568
0.214120280738
0.169445380361
0.202947275522
0.186864848258
0.154476803575
0.175410681757
0.17554252593
0.194136306395
0.240197832229
0.181696770414
0.129410527311
0.14956959363
0.124964251758
0.14192150438
0.157306003021
0.114962056732
0.158601606273
0.118764448781
0.0930831931326
0.105756644966
0.130764931215
0.153934658335
0.15860066182
0.135763083506
0.166329032997
0.150937911798
0.126511619759
0.144643533711
0.176480080429
0.180627127753
0.169510913206
0.148987276201
0.148512149916
0.185050299173
0.172517869021
0.152082280533
0.168738961879
0.152620700848
0.220115708655
0.169816669782
0.172346288282
0.207356864221
0.168366087902
0.138486009695
0.132176248468
0.165866597099
0.180175780017
0.140277514318
0.149885312706
0.144613112298
0.133564997728
0.160607485056
0.230578982068
0.155702762208
0.128377358142
0.16130209462
0.172757105913
0.153729325974
0.200055506042
0.212970725347
0.184321698128
0.175561447901
0.184529987515
0.167386341118
0.163805446084
0.14966947854
0.155935992618
0.160621622651
0.187400722045
0.176762225856
0.16203705498
0.168313227041
0.149037629372
0.162145597097
0.159895621171
0.129790624323
0.195082947161
0.170074189764
0.152452155223
0.154460385518
0.131041502977
0.130309848034
0.129949943949
0.139570657804
0.139109804214
0.155497236684
0.180177328105
0.198648436777
0.132409849596
0.147206586728
0.15691936353
0.130688110429
0.131947349088
0.0810790866259
0.0877387436853
0.0917194842496
0.11485273659
0.177664296482
0.186928731086
0.160926913887
0.0996202402018
0.138915119421
0.139358452798
0.144675939254
0.16252581794
0.14485077164
0.204203270773
0.16413838269
0.144908767469
0.12642506412
0.0708925223841
0.0640724126645
0.0560377614418
0.11156198971
0.0893681086555
0.147943165594
0.120217687786
0.205783081041
0.192396610853
0.266813454299
0.187779882512
0.163482541573
0.161403788336
0.169883385625
0.18313934206
0.164843199968
0.131470747967
0.139708293847
0.144632280206
0.174942938064
0.21661719044
0.0856112682554
0.0855948829751
0.0626057181615
0.151578582274
0.146367896236
0.161063563938
0.153051094501
0.167761401437
0.133069517912
0.16773080794
0.183766048202
0.186726796358
0.191901247527
0.159630690581
0.189655128963
0.152927461323
0.164419714286
0.152506470882
0.121806170087
0.12068843768
0.14074223688
0.138994254914
0.151126719752
0.148577559648
0.132997638003
0.143547640735
0.136899793183
0.138083123856
0.145435197931
0.119388194987
0.112130195838
0.0884980196052
0.0916422059743
0.0462753717881
0.075559609665
0.10441767591
0.133599331599
0.0865245211411
0.065339303682
0.13351505577
0.120191034875
0.0904516333568
0.11908167437
0.11753315233
0.111725306537
0.111115894132
0.120276106546
0.158026427354
0.194419694173
0.178487257088
0.151035188491
0.165861875388
0.168729160872
0.181626655746
0.168636111068
0.133221753674
0.169243368788
0.0933108503128
0.0584138602736
0.0936328694647
0.0552515585429
0.0685621198434
0.0947352899353
0.116942405291
0.109200545981
0.117747923456
0.185633000209
0.077074043691
0.0911826139942
0.111184241195
0.143449520684
0.174781303846
0.11773120371
0.108797499428
0.183848341866
0.116974986414
0.127151396428
0.159836131857
0.0840758823516
0.0859486141721
0.111015246805
0.0885370856805
0.101805806332
0.0664325022662
0.0492808260155
0.0823076676947
0.099668381977
0.08742255206
0.109678265215
0.144193419282
0.105220506349
0.108458537484
0.0944597106789
0.138968814798
0.103965092251
0.106391148798
0.0888758687532
0.0861127630938
0.103957618033
0.0811656599041
0.0836124811201
0.109228958415
0.0965976910971
0.0933547266669
0.0882282362042
0.0802066935399
0.0824595501105
0.180945605001
0.139793012254
0.13741132151
0.156237473621
0.0876303747256
0.0572375030656
0.167429678866
0.10519040852
0.112784143951
0.0349159019016
0.173754488011
0.109780499571
0.0909137429086
0.121200697368
0.146819434421
0.170487970642
0.110514687471
0.133077802365
0.129163434991
0.142528000148
0.134442167691
0.150004842935
0.134210623337
0.129711393464
0.137881454164
0.121783266961
0.106434483995
0.0924235896192
0.0920776572285
0.152723782926
0.12127694676
0.115406778549
0.160024227664
0.13148211853
0.204281394438
0.117446964583
0.11299662623
0.143848861712
0.169917418486
0.207051282441
0.158802673181
0.15034183388
0.126424320547
0.138176314015
0.117892835232
0.139226085146
0.156046168889
0.151977071375
0.124418489131
0.120651263529
0.109796600832
0.146580970832
0.128165069503
0.137362798256
0.112146497332
0.102491394427
0.100233882884
0.16547960643
0.110782009895
0.14565129755
0.109479040645
0.0936600131528
0.107174141677
0.0664616068299
0.0736370006496
0.0863784164785
0.0556663583266
0.0647081420001
0.0518473814527
0.0888180494909
0.117529554133
0.111202232592
0.107979402014
0.121061090303
0.0736105337616
0.0881597086136
0.0987779003192
0.109405084068
0.157538171985
0.137296808131
0.119574458324
0.089909221703
0.0901016269544
0.160064856897
0.190604604438
0.159078606023
0.136200336921
0.139343215773
0.127486953421
0.123812048506
0.149266631484
0.144270137955
0.131850065323
0.175270473553
0.145561741248
0.133853200768
0.146408768258
0.11357204233
0.106544969617
0.104662052277
0.110679708091
0.109511562917
0.109285868216
0.152605164577
0.200686995121
0.120301093885
0.17265764832
0.14808867212
0.174892618711
0.148604146901
0.145441449615
0.156168998227
0.172047770378
0.174765005055
0.163138256448
0.17115186273
0.183492372464
0.159831066383
0.195488917465
0.147475245159
0.187386717214
0.185355371535
0.180184867619
0.203181969441
0.140198375632
0.145333902482
0.167118188509
0.124963176367
0.149051666713
0.103375872329
0.177253741442
0.119254721963
0.129643445111
0.118282351265
0.205981036285
0.208245664507
0.190930058945
0.163301287154
0.115352804186
0.165600987006
0.077807041564
0.112321722527
0.112360322577
0.121557397666
0.13965464209
0.163179938834
0.14484027605
0.160724244436
0.136246981674
0.167078225142
0.165574464434
0.133818439018
0.0589894723919
0.0698566388388
0.156768962166
0.160441379313
0.203445786184
0.213079233019
0.216767480636
0.0964826821706
0.159317623764
0.122920650441
0.140012215847
0.181840532687
0.192382498801
0.130820777812
0.10756754966
0.164953111058
0.152848393437
0.152729305113
0.127617585982
0.240079493558
0.202882421206
0.131956887741
0.153412777754
0.125982297835
0.144896803103
0.193462379135
0.144391413072
0.139948207792
0.161705258418
0.121985138117
0.18206909967
0.186750034179
0.140612433592
0.142904499438
0.179632313654
0.195362608477
0.17553843946
0.184589022601
0.170989952306
0.156504634398
0.112760429971
0.1448683148
0.23799034218
0.247085278769
0.167546115588
0.185628418735
0.150845769292
0.19789793922
0.175471214166
0.121767689981
0.130016803538
0.124908515142
0.154949836157
0.146460671131
0.144674574821
0.117873543914
0.158000891976
0.184557874987
0.129542137315
0.116563798915
0.128627078132
0.124164191666
0.138179129532
0.127939652132
0.183233428952
0.196032228979
0.201824558118
0.124737869903
0.0952508570489
0.100755848679
0.0788187595095
0.0841602903678
0.168742958306
0.163139581251
0.183338281456
0.193332007055
0.156134611199
0.154369463219
0.201310612266
0.176461711796
0.20582594053
0.147859846919
0.120238201124
0.138684285583
0.167404671646
0.148460883912
0.128844156313
0.139668526587
0.14376250181
0.116297183602
0.154969572876
0.147733240463
0.130271672619
0.148450564776
0.128606241103
0.11788143524
0.165401745918
0.128915107301
0.132238348432
0.113535846952
0.119375514701
0.128050159361
0.129464831781
0.146039198566
0.113135254634
0.12617092984
0.138561383847
0.159837108342
0.146517567014
0.168199458553
0.153857778069
0.0958440066385
0.0992046940013
0.10086201816
0.087874270794
0.119083905542
0.09838837804
0.156042011085
0.162610726938
0.142314992792
0.14835612386
0.148244695525
0.139461086922
0.158128422658
0.227287049108
0.179930094649
0.128357443946
0.134594448153
0.184404740351
0.210633737883
0.150845872398
0.103949462972
0.116864095476
0.119869137655
0.0858254198224
0.122591979794
0.123299869077
0.139307105846
0.0914690371734
0.0733847013392
0.0785171976078
0.113251599666
0.11597840438
0.118422279295
0.0879678093518
0.170808371198
0.150017648463
0.139503599195
0.104823068981
0.116493088448
0.102766758099
0.100124691023
0.115594613897
0.139730637731
0.131075264859
0.109149459168
0.11060221241
0.128547418557
0.119639904985
0.141371260167
0.137637289604
0.111819910048
0.123582880476
0.119082996224
0.126120327336
0.157304728757
0.144515803161
0.115748639984
0.104716001187
0.115518098558
0.157696578134
0.138079351086
0.130422622217
0.193087389101
0.178054677762
0.168976736213
0.179995342582
0.144641305677
0.192054155606
0.130412527905
0.102088479925
0.106947681198
0.111131368076
0.112133427185
0.125083629096
0.156216638365
0.173295873024
0.141930409065
0.182637639943
0.18665599141
0.129890429386
0.0897184125121
0.123448233928
0.173196583483
0.196379885236
0.145097151494
0.152487259299
0.201263483787
0.229903582019
0.202030098277
0.212864586176
0.125795614615
0.12201700345
0.170591834902
0.163665982329
0.153662270299
0.166224356615
0.150740843842
0.159072761598
0.191632503052
0.143840590052
0.138882586015
0.161524981066
0.126874163948
0.148025699605
0.163236590645
0.117341551414
0.126405130654
0.121712621127
0.13870008451
0.140891793349
0.123234327316
0.114065174617
0.141660044325
0.147689230528
0.157278854106
0.184982225342
0.185484776068
0.156333865698
0.158413162373
0.149807324627
0.191268539165
0.155049958902
0.121898073745
0.130050636601
0.137645254895
0.139525434659
0.12122750025
0.122597514087
0.120523041886
0.12210890394
0.122059451795
0.115292187665
0.120967689068
0.134485474366
0.146123836082
0.154759220978
0.122204210219
0.120238286898
0.109273501299
0.111889195498
0.145616364686
0.176447945458
0.15117587396
0.122095026786
0.143582907107
0.149158926326
0.12174401895
0.131631427598
0.124266717876
0.137749397232
0.120584574363
0.146735302064
0.14012316571
0.153892332174
0.136915634098
0.138477158645
0.177624811898
0.131856096844
0.121850418247
0.127800098625
0.213585567023
0.17388782816
0.141475456458
0.157231910767
0.145408063168
0.183981835559
0.162886703704
0.160055423421
0.15535831045
0.179991477322
0.162338780591
0.13924860888
0.130501010805
0.124629419483
0.178342391018
0.154016804312
0.12344378905
0.106066936553
0.149071172179
0.143520887063
0.180790602822
0.13299717991
0.146820327375
0.143458741413
0.132713053112
0.103999079037
0.147825869851
0.118856693441
0.134780935713
0.124149596474
0.154417789613
0.114056566034
0.137113538931
0.140664831042
0.113940054252
0.122642243211
0.1588350747
0.179484125797
0.162163455694
0.216395578337
0.165271796506
0.131046916887
0.197952548327
0.192586322466
0.11904371837
0.12261554007
0.138964252414
0.122968107147
0.114331732447
0.133901654661
0.163772271735
0.172222867129
0.159478895831
0.160247991313
0.198995600633
0.151949659945
0.198613251252
0.166475271707
0.209283179964
0.180201815174
0.151995895426
0.134688066385
0.158585933582
0.126090739734
0.0626438106001
0.184137664444
0.140213107249
0.130229821497
0.124180256353
0.13686538803
0.151109783572
0.136888889759
0.104101496565
0.106040944884
0.113536434906
0.128731497731
0.120950115729
0.0975253983376
0.146584693957
0.12572758762
0.112042934023
0.169795814885
0.161773016403
0.164200116581
0.141300391392
0.167080481065
0.14600247924
0.12900298434
0.148198007575
0.178037148791
0.127207571709
0.109484382872
0.152502067277
0.160404623863
0.168206854558
0.182198334559
0.153916521495
0.149172548858
0.106431570865
0.111632495841
0.103179636128
0.103596390173
0.111571024669
0.107681859601
0.116744127117
0.131839855657
0.174535156504
0.159113519911
0.166175155969
0.158095520118
0.1202827527
0.113104141854
0.125035575704
0.163849611768
0.164404952537
0.156727820207
0.17268051935
0.12402418067
0.122581387309
0.0904951280694
0.111000744554
0.153274677698
0.159612255521
0.127498813482
0.156444798538
0.13698052148
0.124815640578
0.170982720059
0.101506029205
0.11938924371
0.167508962418
0.119895230964
0.131022271614
0.150130446317
0.124138214563
0.154499763796
0.139312644711
0.11849551834
0.144024406306
0.0979747980536
0.0631237624534
0.0737688383203
0.10248864242
0.107672439273
0.108369754245
0.144497722517
0.121130961689
0.140098708704
0.131531823678
0.122900760265
0.14141833143
0.10978244222
0.116879306695
0.104782922706
0.0769958573827
0.128380669766
0.118276930606
0.1196055214
0.138083316928
0.119420057988
0.0964631260304
0.140694910386
0.137733400624
0.109280477056
0.136798940255
0.120236243654
0.125575381784
0.146323614179
0.117951959136
0.112995266279
0.139754447401
0.122846988838
0.107532292495
0.133724790152
0.144765383795
0.148082241648
0.150266834978
0.162749250299
0.124343322345
0.180870640147
0.145074423111
0.186255439083
0.0731143395362
0.157550483734
0.143158262536
0.186176181974
0.155332015715
0.180377598745
0.136868019135
0.114145172346
0.102156685712
0.136960635477
0.15098161509
0.106187147815
0.134716315583
0.136292110702
0.0843947752065
0.12461333139
0.18821493894
0.143184995726
0.14683698141
0.152998229107
0.120388934411
0.127978630216
0.141119969881
0.141362520038
0.150558957319
0.127258857834
0.102869662076
0.109794192715
0.108319400455
0.110535320084
0.137942115486
0.146690912235
0.144412025294
0.132331422835
0.17596781672
0.155433271982
0.167724913376
0.149896619083
0.158735243536
0.165879704412
0.159193054363
0.17583725603
0.153882882315
0.139468448976
0.130099098372
0.116589600515
0.118739096675
0.156338459919
0.14423604831
0.158496090918
0.127804363642
0.154209512617
0.127435743333
0.121619493979
0.116470063444
0.123370147259
0.12582314884
0.149604370019
0.156782246261
0.124085750657
0.123043586612
0.148069082643
0.155296855921
0.143918529942
0.169009677492
0.171161074767
0.151483863508
0.157480346672
0.135879196504
0.133590579105
0.15015257176
0.116606520122
0.118450543114
0.132683638249
0.105630170749
0.116927095501
0.13821881773
0.13821078232
0.167069219972
0.129788928286
0.136610730784
0.129573744754
0.131899867632
0.136035926888
0.209945455763
0.110640009803
0.112118304358
0.149959303758
0.172286204255
0.140261657709
0.149710703217
0.153648532533
0.162941430058
0.163284314021
0.118894700372
0.131442196351
0.154384730702
0.158301943787
0.189587121604
0.192931549371
0.194918090062
0.187281865577
0.16427723637
0.169114861677
0.155205097653
0.169171508449
0.115860220399
0.103946258572
0.103844145026
0.073700595146
0.0464028922802
0.0175614781816
0.0424146024575
0.0274818549478
0.096932031971
0.0683115325859
0.0798581502729
0.0859118043393
0.0397361238186
0.0580551570138
0.0574220380234
0.0846904967605
0.0586668674878
0.0524079389675
0.108835362497
0.0576415028157
0.0487509344234
0.0380207028392
0.0461947249915
0.0604238927697
0.0706760228123
0.00526791287722
0.0138551508957
0.0110920497273
0.0125899375562
0.0160340804621
0.00697460391859
0.0161368121197
0.0161655442843
0.0156666860058
0.0168596385552
0.0185118410351
0.00453012674751
0.0160129370312
0.00580723167809
0.0561553420591
0.0371946190986
0.0580126840191
0.0709969330342
0.0491190999238
0.0953481475187
0.0670900636476
0.0492778116625
0.0663512574977
0.0518753203423
0.0775327626175
0.102230003096
0.0936023692695
0.117255663101
0.0603227382149
0.0742109612473
0.0396978557328
0.0420162057601
0.0618189531867
0.0612083941416
0.0685485239466
0.133434103499
0.0355645128658
0.0925517123252
0.0321595046471
0.0398396724566
0.0317058618743
0.0507975565093
0.0503559206192
0.107663328937
0.0452116993878
0.0500866310492
0.0410851830716
0.0302013211492
0.0900074963671
0.0594680443466
0.0703699704729
0.0649757670988
0.0621004680706
0.059148320135
0.0666691046197
0.103511603362
0.100201486294
0.0843025501948
0.13189972102
0.11840323115
0.107843622457
0.154184283526
0.129960865204
0.0625144005402
0.0499488858658
0.0487506082203
0.0560112398789
0.0444633974177
0.0381229707372
0.0276071776309
0.0581412395609
0.0998418737011
0.116230581498
0.0522113145771
0.0383856357974
0.0753797768768
0.0508416739198
0.0396928218641
0.0358592190197
0.0514690548211
0.0428114417901
0.0449898486725
0.0382472422269
0.043216107816
0.0741231945722
0.103871255073
0.0795407012181
0.0604128967445
0.0520367957942
0.0643415897507
0.0577205823868
0.0468451455761
0.0538531716015
0.10194330508
0.0958994916104
0.0665677644122
0.0673074534002
0.0706769224384
0.0487114639198
0.0392033339696
0.047659760707
0.0640778413847
0.0704162547356
0.0635648521454
0.0893806033222
0.117100118015
0.0555149864146
0.0460222391605
0.0420989335223
0.0425223826159
0.0286091589938
0.0813491066301
0.0738068884691
0.0590742697459
0.0764411223669
0.0272627828507
0.0568680251829
0.0503601441983
0.0429042954835
0.0448170940152
0.110207254002
0.110933509638
0.0551252459669
0.0380486161472
0.0403474861036
0.0536612497056
0.0553106751137
0.0577910841056
0.0570077656086
0.0613628503533
0.074633105416
0.0828620468234
0.0803401326079
0.0830227714851
0.0879297370263
0.101967008215
0.0581185689111
0.106020096883
0.0823908697688
0.0788328905386
0.0425092209629
0.061084071834
0.0585625893115
0.059135557879
0.0449827996369
0.0457241241259
0.0402121794419
0.0467513366939
0.0534821514403
0.042252938588
0.0549676348276
0.0599734945288
0.065553932532
0.0832675576515
0.0598644244772
0.0618721003635
0.0829935350886
0.139879422404
0.053968366708
0.0555784667697
0.0564523049461
0.0383599512567
0.0373174695831
0.0352566490705
0.038422933773
0.0416335585331
0.0523338064748
0.0480041354213
0.0481354972838
0.054112440224
0.0525486550767
0.0485518338636
0.0466690987886
0.0768338920746
0.0734615105147
0.102596368692
0.0827051484069
0.0501975653447
0.0622907349665
0.054227736979
0.0647112408317
0.128511007971
0.146079786023
0.0679026445535
0.0622303149873
0.0649927908367
0.1551328646
0.159886664594
0.0535715753085
0.0501260607786
0.0668078307482
0.067900209005
0.0312402844182
0.0234571754938
0.0240210805889
0.0169738020553
0.0349269066508
0.0333597891791
0.0244974102724
0.0911144550535
0.157189822508
0.0224144328389
0.0239286651671
0.0229449102156
0.0297552129097
0.0291392128393
0.0414131719741
0.072112313414
0.10088569425
0.0755464648223
0.0924153008339
0.0756403125124
0.0411907072066
0.0529955638268
0.0363853260816
0.0424147121319
0.0480378964322
0.0734021854502
0.0625701650598
0.0660382294209
0.0801025424096
0.0465710040928
0.0402857276395
0.0567353204762
0.0489327340341
0.171351541773
0.143973484283
0.106582733286
0.127382763151
0.162295557154
0.107857148563
0.0874795521205
0.11564121561
0.0621132183064
0.0626409367646
0.0548842131177
0.0534552627145
0.0592867770493
0.0598591228386
0.0891911914825
0.0891254687896
0.110379354918
0.104978914435
0.0883188469278
0.103425065177
0.0567844867727
0.0505345310727
0.0595982889393
0.0502806206168
0.0666800949168
0.0632720239681
0.0548269577755
0.0373939224419
0.0517395024124
0.0435763593184
0.0751491038229
0.0719800150912
0.0805307330638
0.103948047188
0.0511083535012
0.0618820119485
0.0678588700618
0.0457953542366
0.0572701601461
0.059200190904
0.0595875101876
0.0693289422973
0.0388092679066
0.0438160853479
0.0522304755251
0.0432834428119
0.0287442221501
0.0846985194656
0.0503948453286
0.0289287828978
0.0267802328509
0.0409844715576
0.0476475076205
0.036226466891
0.0331006228145
0.0451475367388
0.0433200145224
0.0428509997119
0.0409120019912
0.0194950414571
0.0192898560474
0.0274965861667
0.0261536289693
0.0318574058176
0.0367546009728
0.0326243458846
0.0704609970719
0.10998280766
0.0633334843862
0.0319893492498
0.026133639274
0.0395849450971
0.100468639889
0.0251550283853
0.0291679667754
0.040837070511
0.0373678111588
0.0731198001881
0.0546879905431
0.0291157843381
0.0227192180582
0.0412563352418
0.0843161831057
0.0575121381673
0.0447877914381
0.0636911093247
0.0618135135903
0.0593373216627
0.0500948647626
0.0848931000132
0.0636575466415
0.0500446763471
0.0259724583051
0.0180721318335
0.0363095585525
0.019554684465
0.082321742256
0.0831866566561
0.0916396403403
0.0830043342962
0.0740627799299
0.11631034046
0.0795312419971
0.102581280325
0.0400827081175
0.0110357315444
0.0270107254347
0.0449004247234
0.0803276444233
0.0765104387807
0.0526255137975
0.107188400007
0.0382725206666
0.0489856924082
0.0389149353843
0.0520961775431
0.0629481587361
0.0873935384392
0.0342972708712
0.0378172202623
0.0447996968031
0.0621746075563
0.049298682044
0.055589567091
0.0585042208687
0.0562328108851
0.107555888823
0.0822596649876
0.0892305565547
0.05456251358
0.0255806132374
0.0158138230985
0.0162000408592
0.0134814478925
0.0367748192863
0.0769793972041
0.0509215303846
0.0366106870441
0.0262837306437
0.0338357117975
0.0772412520537
0.0380791282671
0.0350582463194
0.0365244480849
0.0382421685583
0.0421873471427
0.0802787689498
0.0648519798999
0.0833184757995
0.0839708863227
0.0452863783089
0.0430362257537
0.0807378911137
0.100829917151
0.0429237841834
0.0496331895112
0.0357968516491
0.0383299535312
0.0636858348988
0.120464358294
0.0248119495065
0.0212399296329
0.0229485004687
0.0416246933924
0.0688739055293
0.0802497472745
0.0458183684426
0.0513904784554
0.0639123994405
0.0468385283891
0.0247438304908
0.0223231351196
0.0270058054942
0.0315703866058
0.0708203873946
0.101466824787
0.0841065396628
0.116470466925
0.0511760691902
0.048845513788
0.0563324179647
0.0390334587035
0.0333037787165
0.0351169543518
0.0517406844134
0.0275653119105
0.0242867007519
0.0278777397314
0.0418322326999
0.0233198824721
0.0325219211522
0.0310850997819
0.0250322419167
0.0395668941349
0.0478330202293
0.0714182074237
0.0647261682556
0.0706481771402
0.0810924845556
0.0829109664301
0.0490918253742
0.0364201985007
0.0408015325031
0.0418744552094
0.045274263016
0.0446782355412
0.0159088986777
0.0503728674586
0.0177772791861
0.0203568406322
0.0179843693628
0.015974400042
0.0173662319611
0.02152530255
0.0314883066695
0.0138120826985
0.0122290147523
0.0172775543385
0.0366502011158
0.0428067980815
0.0300246533094
0.0243930827069
0.0195050944095
0.0317889253399
0.0638607284549
0.0485049385489
0.0187368137792
0.0262460342477
0.0257720522702
0.026819555038
0.0360292676138
0.0272444101975
0.0283131316219
0.0394350330252
0.0302641260082
0.0285373159874
0.0297715187527
0.0187111115541
0.0363641898586
0.0295753140364
0.0233647007531
0.0228141651841
0.0208734690428
0.0157384369001
0.0289161046167
0.0167688039778
0.050657354215
0.0134903959256
0.0146719066047
0.0141041445094
0.0299195643157
0.0168893403548
0.0522165584238
0.0242890003334
0.0815178556993
0.0178761878253
0.036191118606
0.0380959373434
0.0541390620245
0.040323105819
0.0586226643798
0.0601453569115
0.0294023852561
0.0214579679998
0.0214023499904
0.027329690026
0.0279189490637
0.0444324058607
0.0677571489287
0.0461713903129
0.0379662954124
0.033641168101
0.0265554216135
0.0224574741957
0.0257590611368
0.0397213174045
0.0362005632455
0.0437477565234
0.0398591009004
0.0509003929954
0.0268555257753
0.0446772822515
0.0367515374336
0.0294190066709
0.0192779032767
0.0304408915842
0.0183781491881
0.0384659704225
0.0153433393171
0.014622132887
0.0152257729694
0.0182217366005
0.0425968450387
0.0373862826785
0.0201833278162
0.0574865880875
0.0253071632995
0.0253055739948
0.0228493562771
0.033522853924
0.0196256282952
0.0214448250391
0.0282798807993
0.0315468904177
0.0259980289414
0.0386293098303
0.0449083989836
0.0406341416395
0.0876769953868
0.0401397729915
0.0530332655618
0.0560919430929
0.0635824185948
0.0501772383294
0.0287933111187
0.0456005515161
0.0295127887192
0.0476293146824
0.0127130991329
0.0314465079834
0.0146360091299
0.0360353248103
0.0151629428437
0.0201434661813
0.0190979321286
0.0236329326533
0.00900570341715
0.0123245659437
0.0144927720195
0.0148550131008
0.0328688256062
0.0165989528456
0.0149083563334
0.0216398005456
0.0297334870766
0.042925610671
0.0271243978446
0.0483842642367
0.0189865694276
0.0280725197009
0.0205203888403
0.0256242799872
0.0195191585456
0.0251312024378
0.0234154992153
0.0188145032688
0.0084795966666
0.0181188977961
0.0231572646667
0.0171599263437
