0.437686453057
0.445921732547
0.311494226591
0.0649561102272
0.69464093075
0.925937369047
0.427092420911
0.232478590356
0.563317866464
0.608506459899
0.808227200194
0.692069458895
0.29007814205
0.345469873122
0.571899984443
0.588880398011
0.152858059273
0.19717215626
0.189738713957
0.135922792807
0.113810038653
0.260711666561
0.29595842812
0.463160553276
1.03413432389
1.29467820205
0.860892146929
0.502652736404
0.283453088131
0.317855155567
0.234475138873
0.320265905648
0.0952944058368
0.120332582359
0.101085289751
0.442256060983
0.489508837123
0.266616284841
0.38717169649
0.47508705019
0.342762520685
0.242471008716
0.282083025604
0.18912850022
0.175739224244
0.248621456678
0.553173322333
0.37538917787
0.858130627726
0.460532740458
0.637996683861
0.499950050493
0.369966163656
0.491803725423
0.479944963523
0.833156411114
1.26508112008
1.20536674865
0.762776969524
1.01695094267
0.462022962056
0.60244153316
0.331800753
0.46748931438
0.521425767553
0.264025515495
0.450455404088
0.318656512529
0.477083597185
0.281247252919
0.310553245927
0.388653708059
0.320730059692
0.317432081007
0.976921318
1.08411366219
0.666748926408
0.533896535829
1.21188226486
1.22498972879
1.20033732714
0.981251435994
1.72406798939
1.29836281716
1.51726793768
0.744262724545
0.725802408292
0.63290823406
0.961436087911
0.85745404852
1.00056419708
1.2341893186
0.305439423966
0.277244607749
0.306015151615
0.522101072386
0.374483458364
0.513947736098
0.571964645602
0.545407848204
0.607736533764
0.330328597655
0.673806819562
0.366149915314
0.216598768257
0.254132829687
0.204127381722
0.268388280898
0.413964865817
0.210256646556
0.430607376638
0.293032533194
0.401564552986
0.622698267918
0.720000447302
0.452081505607
0.647421385553
0.378038094125
0.622218337781
0.623385332794
0.446121822563
0.389840338923
0.378293250183
1.07448212481
0.976847947734
0.593126936157
0.639603002123
0.923712574073
0.401306024689
0.220101312265
0.474074877927
0.817552833508
0.163137114669
0.238767024662
0.301881677199
0.334306246312
0.266526141597
0.835273799265
0.307496264541
0.297878267741
0.251243035702
0.266494967558
0.741444681316
0.991421570884
0.302540303778
0.147440014298
0.189425477044
0.552050053365
0.260079141161
0.217403094576
0.587991591557
0.945065460252
0.439652284097
0.508663962685
0.660275685057
0.430739739134
0.272950536903
0.243040443645
0.445667830897
0.546405613561
0.714378512058
0.697572237218
0.575638870732
0.383587298458
0.25252191455
0.342459592641
0.381553659506
0.350870335224
0.192748686981
0.235646170747
0.427091177689
0.441302558371
0.599047147403
0.407982529075
0.519664203926
0.564491674154
0.681056365355
1.15640642741
0.734713231149
0.511095029734
1.19496019223
0.502957734678
0.624612885061
0.301558852453
0.601427238075
0.79958442216
0.211719646829
0.05544229411
0.102074754126
0.594492875775
0.290714161106
0.0856062525696
0.526585757608
0.168272719334
0.179638917619
1.24947175788
1.11359360787
0.646587497681
0.36238264204
0.542466058031
0.431980043196
0.699945498234
0.527186254494
0.537952298938
0.93570830457
1.02152372778
0.333728578328
0.401866091211
0.280835470051
0.320875980048
0.914335923552
0.730144255984
0.60975668906
0.457495480251
0.320167762451
0.551820806854
0.883495405279
0.272357044132
0.108212451291
1.0578431786
0.900536578281
0.637114443294
0.751342246397
1.94919307787
1.64092801614
0.973844008746
1.01882769787
1.02784621942
1.04999175865
1.77904786141
0.467133352201
0.370411852415
0.433592922266
0.52889064168
0.734138539394
0.543556091493
0.327944846105
0.616307537204
0.508964578631
0.513982985992
0.395415022713
0.692359253884
0.690875708282
0.508088915532
0.820521907271
0.761462046211
1.00984116771
1.51132866611
0.707141657222
0.483277441623
0.299188634798
0.288927857147
1.30489814259
1.42925880118
1.94793439786
1.18674775099
1.352815493
1.15399727712
1.12023892893
1.28068568431
1.33609315415
1.39157922403
1.21133670509
1.23244116014
1.19407586363
1.15507429848
0.335598345095
0.335539652825
0.255440430238
0.334635392745
0.254309224243
0.29619872792
0.141039688294
0.140610699768
0.0916403457198
0.0831661936344
0.806246220762
0.7297246891
1.05995371659
0.931238779474
0.641588489756
0.637020751672
0.71317357226
0.636416553875
0.691895548658
0.710986770246
1.05946141121
1.14873042948
0.813631969127
0.799707538365
0.736899284664
0.693976835596
1.06521489865
0.922754455962
0.783315706053
0.897423580063
0.0644614927094
0.0811646891081
0.161115304656
0.22894765677
0.115169830633
0.190064124605
0.103454341996
0.092728265508
0.153676955877
0.208268278291
