0.115596731967
0.115596731967
0.115596731967
0.115596731967
0.100158154271
0.100158154272
0.100158154272
0.100158154273
0.0353668932489
0.035366893249
0.035366893249
0.035366893249
0.0252775414125
0.0252775414125
0.0252775414125
0.0252775414125
0.24329678334
0.24329678334
0.24329678334
0.24329678334
0.180533932415
0.180533932415
0.180533932417
0.180533932414
0.0927295044438
0.0927295044432
0.092729504443
0.0927295044424
0.0606090134175
0.0606090134175
0.0606090134175
0.0606090134175
0.171694803677
0.171694803677
0.171694803677
0.171694803677
0.141680720203
0.141680720203
0.141680720203
0.141680720203
0.188749315804
0.188749315804
0.188749315804
0.188749315804
0.151727629135
0.151727629135
0.151727629135
0.151727629135
0.0799658330176
0.0799658330176
0.0799658330176
0.0799658330176
0.0956530585643
0.0956530585643
0.0956530585643
0.0956530585643
0.178323940258
0.178323940258
0.178323940258
0.178323940258
0.125712183955
0.125712183955
0.125712183955
0.125712183955
0.0353825740047
0.0353825740047
0.0353825740047
0.0353825740047
0.0397863252807
0.0397863252807
0.0397863252807
0.0397863252807
0.0551373318581
0.0551373318581
0.0551373318581
0.0551373318581
0.0539020423984
0.0539020423983
0.0539020423983
0.0539020423983
0.0190379414885
0.0190379414885
0.0190379414885
0.0190379414885
0.0207508328634
0.0207508328634
0.0207508328634
0.0207508328634
0.0488048321821
0.0488048321821
0.0488048321821
0.0488048321821
0.113953059432
0.113953059432
0.113953059432
0.113953059432
0.236931980582
0.236931980582
0.236931980582
0.236931980582
0.262421431681
0.262421431681
0.262421431681
0.262421431678
0.230960388236
0.230960388236
0.230960388236
0.230960388236
0.168679268972
0.168679268972
0.168679268972
0.168679268972
0.106604520113
0.106604520113
0.106604520113
0.106604520113
0.0693611593925
0.0693611593925
0.0693611593925
0.0693611593925
0.0450888231761
0.0450888231761
0.0450888231745
0.0450888231761
0.0661695031248
0.0661695031248
0.0661695031248
0.0661695031248
0.0068120894954
0.0068120894954
0.0068120894954
0.0068120894954
0.00757105965107
0.00757105965107
0.00757105965107
0.00757105965107
0.0365337000475
0.0365337000475
0.0365337000475
0.0365337000475
0.0694786013337
0.0694786013337
0.0694786013337
0.0694786013337
0.0578018723245
0.0578018723245
0.0578018723245
0.0578018723245
0.0764886322066
0.0764886322066
0.0764886322066
0.0764886322066
0.0520227819257
0.0520227819257
0.0520227819257
0.0520227819257
0.118174727082
0.118174727082
0.118174727082
0.118174727082
0.0376580561477
0.0376580561477
0.0376580561477
0.0376580561477
0.0461260569423
0.0461260569423
0.0461260569423
0.0461260569423
0.0614498407094
0.0614498407094
0.0614498407094
0.0614498407094
0.0562558815882
0.0562558815882
0.0562558815882
0.0562558815882
0.0744419460649
0.0744419460649
0.0744419460649
0.0744419460649
0.0919682057027
0.0919682057027
0.0919682057027
0.0919682057027
0.100774016224
0.100774016224
0.100774016224
0.100774016224
0.110719793404
0.110719793404
0.110719793404
0.110719793404
0.13271643956
0.13271643956
0.13271643956
0.13271643956
0.0811066633042
0.0811066633042
0.0811066633042
0.0811066633042
0.0562238219455
0.0562238219455
0.0562238219455
0.0562238219455
0.0685094454355
0.0685094454357
0.0685094454357
0.0685094454357
0.0938576098597
0.0938576098597
0.0938576098597
0.0938576098597
0.125420599926
0.125420599926
0.125420599925
0.125420599925
0.102724104517
0.102724104517
0.102724104517
0.102724104517
0.108878380127
0.108878380127
0.108878380127
0.108878380127
0.0939927538643
0.0939927538643
0.0939927538643
0.0939927538643
0.137292194155
0.137292194154
0.137292194154
0.137292194157
0.291195589499
0.291195589499
0.291195589499
0.291195589495
0.310578753788
0.310578753788
0.31057875379
0.31057875379
0.212341901527
0.212341901527
0.212341901527
0.212341901527
0.225649543292
0.225649543292
0.225649543292
0.225649543292
0.125100456391
0.125100456389
0.125100456389
0.125100456389
0.0585231855947
0.0585231855947
0.0585231855947
0.0585231855947
0.0274533558114
0.0274533558114
0.0274533558114
0.0274533558114
0.0776599997577
0.0776599997577
0.0776599997577
0.0776599997577
0.0923276976205
0.0923276976205
0.0923276976205
0.0923276976205
0.110975912851
0.110975912851
0.110975912851
0.110975912851
0.0880435697115
0.0880435697115
0.0880435697115
0.0880435697115
0.0268464485495
0.0268464485495
0.0268464485495
0.0268464485495
0.101034464514
0.101034464514
0.101034464514
0.101034464514
0.0942167458644
0.0942167458644
0.0942167458644
0.0942167458644
0.0772270803596
0.0772270803596
0.0772270803596
0.0772270803596
0.0796393641365
0.0796393641365
0.0796393641365
0.0796393641365
0.0521546965938
0.052154696594
0.052154696594
0.052154696594
0.0779724296513
0.0779724296513
0.0779724296513
0.0779724296513
0.176593418364
0.176593418364
0.176593418365
0.176593418362
0.13547993042
0.13547993042
0.13547993042
0.13547993042
0.130232567242
0.130232567242
0.130232567242
0.130232567242
0.149930789034
0.149930789034
0.149930789034
0.149930789034
0.101082269386
0.101082269386
0.101082269386
0.101082269386
0.118759808947
0.118759808947
0.118759808947
0.118759808947
0.184133815355
0.184133815355
0.184133815355
0.184133815355
0.17191951426
0.17191951426
0.17191951426
0.17191951426
0.177234222748
0.177234222748
0.177234222748
0.177234222748
0.170897068739
0.170897068739
0.170897068739
0.170897068739
0.166741092567
0.166741092567
0.166741092567
0.166741092567
0.172848678688
0.172848678688
0.172848678688
0.172848678688
0.097301556034
0.097301556034
0.097301556034
0.0973015560338
0.132815446339
0.132815446339
0.132815446339
0.132815446339
0.103837345674
0.103837345674
0.103837345674
0.103837345674
0.138513466832
0.138513466832
0.138513466832
0.138513466832
0.117193246587
0.117193246587
0.117193246587
0.117193246587
0.14167800394
0.14167800394
0.14167800394
0.14167800394
0.111340810905
0.111340810905
0.111340810905
0.111340810905
0.136317447917
0.136317447917
0.136317447917
0.136317447917
0.1325423894
0.1325423894
0.1325423894
0.1325423894
0.0770343389138
0.0770343389138
0.0770343389138
0.0770343389138
0.149705823404
0.149705823404
0.149705823404
0.149705823404
0.087946645238
0.087946645238
0.087946645238
0.087946645238
0.135500285884
0.135500285884
0.135500285884
0.135500285884
0.121026354294
0.121026354294
0.121026354294
0.121026354294
0.160165588706
0.160165588703
0.160165588703
0.160165588703
0.169196791603
0.169196791603
0.169196791603
0.169196791603
0.172953030193
0.172953030193
0.172953030193
0.172953030193
0.189342777817
0.189342777819
0.189342777818
0.18934277782
0.181059971474
0.181059971474
0.181059971474
0.181059971474
0.179695314097
0.179695314098
0.1796953141
0.179695314098
0.0749084126921
0.0749084126915
0.0749084126907
0.0749084126913
0.0454884832022
0.0454884832022
0.0454884832022
0.0454884832022
0.0826426909221
0.0826426909221
0.0826426909221
0.0826426909221
0.0742500555546
0.0742500555546
0.0742500555546
0.0742500555546
0.0961311531438
0.0961311531439
0.0961311531445
0.0961311531432
0.106899669697
0.106899669698
0.106899669699
0.106899669698
0.159464925821
0.159464925821
0.159464925821
0.159464925821
0.129468405666
0.129468405666
0.129468405666
0.129468405666
0.0783477944316
0.0783477944316
0.0783477944316
0.0783477944316
0.143725537911
0.143725537912
0.143725537913
0.143725537912
0.187343328402
0.187343328402
0.187343328402
0.187343328402
0.108823611066
0.108823611066
0.108823611066
0.108823611066
0.108173751306
0.108173751306
0.108173751306
0.108173751306
0.109742617427
0.109742617427
0.109742617427
0.109742617427
0.0965488060118
0.0965488060118
0.0965488060118
0.0965488060134
0.102791365847
0.102791365847
0.102791365846
0.102791365847
0.05787346626
0.0578734662609
0.0578734662598
0.0578734662607
0.0528163151911
0.0528163151911
0.0528163151911
0.0528163151911
0.104720696831
0.104720696831
0.104720696831
0.104720696831
0.0684165508749
0.0684165508749
0.0684165508749
0.0684165508749
0.0882922537159
0.0882922537157
0.0882922537165
0.0882922537151
0.0846481629768
0.0846481629768
0.0846481629768
0.084648162978
0.170453020286
0.170453020287
0.170453020289
0.170453020287
0.161822732547
0.161822732547
0.161822732547
0.161822732547
0.118489868224
0.118489868224
0.118489868224
0.118489868224
0.181553982182
0.181553982182
0.181553982182
0.181553982182
0.110548398755
0.110548398755
0.110548398755
0.110548398755
0.166830531877
0.166830531877
0.166830531877
0.166830531877
0.157984446585
0.157984446586
0.157984446586
0.157984446587
0.109495833789
0.109495833788
0.109495833787
0.109495833788
0.0752863583819
0.0752863583819
0.0752863583834
0.0752863583819
0.073925627264
0.0739256272655
0.0739256272655
0.0739256272649
0.285340919011
0.285340919011
0.285340919012
0.285340919007
0.324620017385
0.324620017385
0.324620017385
0.324620017385
0.14264209108
0.14264209108
0.14264209108
0.14264209108
0.14287808134
0.14287808134
0.14287808134
0.14287808134
0.134519013161
0.134519013161
0.134519013161
0.134519013161
0.128638826727
0.128638826727
0.128638826727
0.128638826727
0.144630218371
0.144630218371
0.144630218371
0.144630218371
0.132671090811
0.132671090811
0.132671090811
0.132671090811
0.132642988607
0.132642988607
0.132642988608
0.132642988607
0.167204869541
0.167204869542
0.167204869542
0.167204869544
0.0875476976557
0.0875476976557
0.0875476976557
0.0875476976557
0.0658452526656
0.0658452526656
0.0658452526656
0.0658452526657
0.139085211382
0.13908521138
0.13908521138
0.139085211379
0.170031525509
0.170031525509
0.170031525509
0.170031525509
0.0438565209266
0.0438565209266
0.0438565209266
0.0438565209266
0.0986524414661
0.0986524414661
0.0986524414661
0.0986524414661
0.0849716097334
0.0849716097334
0.0849716097334
0.0849716097334
0.0434816025853
0.0434816025853
0.0434816025853
0.0434816025853
0.0942518808101
0.0942518808101
0.0942518808101
0.0942518808101
0.186050772315
0.186050772315
0.186050772315
0.186050772315
0.0705895733384
0.0705895733384
0.0705895733384
0.0705895733384
0.0742489410694
0.0742489410694
0.0742489410694
0.0742489410694
0.0489090220914
0.0489090220914
0.0489090220914
0.0489090220914
0.0828188294735
0.0828188294735
0.0828188294735
0.0828188294735
0.143310611464
0.143310611464
0.143310611464
0.143310611464
0.119483953048
0.119483953047
0.119483953047
0.119483953048
0.111205932007
0.111205932007
0.111205932007
0.111205932007
0.0557330158315
0.0557330158316
0.0557330158322
0.0557330158321
0.0223700780332
0.0223700780333
0.0223700780336
0.0223700780336
0.0508408260179
0.0508408260179
0.0508408260179
0.0508408260179
0.127896760622
0.127896760622
0.127896760622
0.127896760622
0.0396708176772
0.0396708176772
0.0396708176772
0.0396708176772
0.0677035425226
0.0677035425226
0.0677035425226
0.0677035425226
0.117949798329
0.117949798329
0.117949798329
0.117949798329
0.0879130176117
0.0879130176117
0.0879130176117
0.0879130176117
0.0790131126355
0.0790131126355
0.0790131126355
0.0790131126355
0.0687613728894
0.0687613728894
0.0687613728894
0.0687613728894
0.117892806614
0.117892806614
0.117892806614
0.117892806614
0.156598317175
0.156598317176
0.156598317175
0.156598317176
0.163674494706
0.163674494707
0.163674494709
0.163674494707
0.0603598017118
0.0603598017118
0.0603598017118
0.0603598017118
0.0604466024603
0.0604466024603
0.0604466024603
0.0604466024603
0.0983897724057
0.0983897724057
0.0983897724057
0.0983897724057
0.105399817231
0.10539981723
0.105399817232
0.105399817231
0.0893996773395
0.0893996773395
0.0893996773395
0.0893996773395
0.128800135204
0.128800135204
0.128800135204
0.128800135204
0.0733024389275
0.0733024389275
0.0733024389275
0.0733024389275
0.0805515370546
0.0805515370546
0.0805515370546
0.0805515370546
0.122152302783
0.122152302782
0.122152302781
0.122152302782
0.10518562488
0.10518562488
0.10518562488
0.10518562488
0.136647908641
0.136647908642
0.136647908642
0.136647908643
0.0667744871419
0.0667744871399
0.0667744871404
0.0667744871399
0.0539466055784
0.0539466055784
0.0539466055784
0.0539466055784
0.0774658900223
0.0774658900223
0.0774658900223
0.0774658900223
0.107166861429
0.107166861429
0.107166861429
0.107166861429
0.106300707539
0.106300707537
0.106300707537
0.106300707537
0.0944339340507
0.0944339340491
0.0944339340517
0.0944339340491
0.0677715177715
0.0677715177715
0.0677715177715
0.0677715177715
0.065879323148
0.065879323148
0.065879323148
0.065879323148
0.0984418350228
0.0984418350228
0.0984418350228
0.0984418350228
0.133224506199
0.133224506199
0.133224506199
0.133224506199
0.0692872143511
0.069287214351
0.06928721435
0.0692872143503
0.131809061493
0.131809061493
0.131809061493
0.131809061493
0.217637563038
0.217637563038
0.217637563038
0.217637563038
0.150436527192
0.150436527192
0.150436527192
0.150436527192
0.0945132047965
0.0945132047965
0.0945132047965
0.0945132047965
0.154689188217
0.154689188217
0.154689188217
0.154689188217
0.139096403757
0.139096403757
0.139096403757
0.139096403757
0.0751342326018
0.0751342326018
0.0751342326018
0.0751342326018
0.113920135463
0.113920135463
0.113920135463
0.113920135463
0.147222335529
0.147222335529
0.147222335529
0.147222335529
0.154495298585
0.154495298585
0.154495298585
0.154495298585
0.0691631228408
0.0691631228408
0.0691631228408
0.0691631228408
0.196550320989
0.196550320989
0.196550320989
0.196550320989
0.0817599092177
0.0817599092177
0.0817599092176
0.0817599092177
0.0742461530218
0.0742461530218
0.0742461530218
0.0742461530218
0.117747594275
0.117747594274
0.117747594274
0.117747594273
0.106104067767
0.106104067767
0.106104067767
0.106104067767
0.0423310088238
0.0423310088238
0.0423310088238
0.0423310088238
0.170541615146
0.170541615146
0.170541615146
0.170541615146
0.144931741689
0.144931741689
0.144931741689
0.144931741689
0.0135655389534
0.0135655389534
0.0135655389534
0.0135655389534
0.0217059585002
0.0217059585002
0.0217059585002
0.0217059585002
0.176497333385
0.176497333385
0.176497333385
0.176497333385
0.0923603227707
0.0923603227707
0.0923603227707
0.0923603227707
0.0294952338146
0.0294952338146
0.0294952338146
0.0294952338146
0.0743106272978
0.0743106272978
0.0743106272978
0.0743106272978
0.043743795478
0.043743795478
0.043743795478
0.043743795478
0.0385092160344
0.0385092160344
0.0385092160344
0.0385092160344
0.259385906596
0.259385906596
0.259385906596
0.259385906596
0.315721920588
0.315721920588
0.315721920587
0.315721920588
0.167791115955
0.167791115955
0.167791115955
0.167791115955
0.0777895855379
0.0777895855379
0.0777895855379
0.0777895855379
0.162585317921
0.162585317921
0.16258531792
0.162585317921
0.105423228818
0.105423228818
0.105423228818
0.105423228818
0.0824273410525
0.0824273410527
0.0824273410527
0.0824273410524
0.0808250096188
0.0808250096188
0.0808250096188
0.0808250096189
0.121062177884
0.121062177884
0.121062177884
0.121062177884
0.0945761527652
0.0945761527652
0.0945761527652
0.0945761527652
0.0551904326674
0.0551904326685
0.0551904326678
0.0551904326681
0.0943876535688
0.0943876535688
0.0943876535688
0.0943876535688
0.216776009132
0.216776009132
0.216776009132
0.216776009132
0.228707511573
0.228707511573
0.228707511573
0.228707511573
0.137528797579
0.137528797579
0.137528797579
0.137528797579
0.0955555770883
0.0955555770883
0.0955555770883
0.0955555770883
0.0888856737314
0.0888856737314
0.0888856737314
0.0888856737314
0.123128913358
0.123128913358
0.123128913358
0.123128913358
0.0975413873512
0.0975413873512
0.0975413873512
0.0975413873512
0.0924666093624
0.0924666093624
0.0924666093624
0.0924666093624
0.118910766576
0.118910766578
0.118910766578
0.118910766579
0.112451017385
0.112451017385
0.112451017385
0.112451017385
0.157253776485
0.157253776485
0.157253776485
0.157253776485
0.152309669776
0.152309669776
0.152309669776
0.152309669776
0.137068072832
0.137068072832
0.137068072832
0.137068072832
0.162109823993
0.162109823993
0.162109823993
0.162109823993
0.0426684050005
0.0426684050005
0.0426684050005
0.0426684050005
0.150373018047
0.150373018047
0.150373018047
0.150373018047
0.196657953025
0.196657953025
0.196657953025
0.196657953025
0.0845755970429
0.0845755970429
0.0845755970429
0.0845755970429
0.0314106170818
0.0314106170818
0.0314106170818
0.0314106170818
0.13687324383
0.13687324383
0.136873243831
0.136873243832
0.171302997546
0.171302997548
0.171302997548
0.171302997548
0.156112922267
0.156112922267
0.156112922267
0.156112922267
0.196210292136
0.196210292136
0.196210292136
0.196210292136
0.173602860573
0.173602860573
0.173602860573
0.173602860573
0.161171842975
0.161171842975
0.161171842975
0.161171842975
0.150303740553
0.150303740551
0.150303740552
0.15030374055
0.158857386086
0.158857386085
0.158857386085
0.158857386084
0.125858647413
0.125858647413
0.125858647413
0.125858647413
0.121134624463
0.121134624463
0.121134624463
0.121134624463
0.23442619086
0.23442619086
0.234426190861
0.23442619086
0.274922246729
0.274922246729
0.274922246731
0.274922246729
0.173525818033
0.173525818033
0.173525818033
0.173525818033
0.170604610389
0.170604610389
0.170604610389
0.170604610389
0.134053043563
0.134053043563
0.134053043563
0.134053043563
0.136769168153
0.136769168153
0.136769168153
0.136769168153
0.167615104444
0.167615104444
0.167615104444
0.167615104444
0.176286404462
0.176286404462
0.176286404465
0.176286404462
0.208338564538
0.208338564541
0.208338564541
0.208338564541
0.195936814911
0.195936814912
0.195936814914
0.195936814913
0.163832493516
0.163832493516
0.163832493516
0.163832493516
0.169349633278
0.169349633278
0.169349633278
0.169349633278
0.177474876917
0.177474876917
0.177474876917
0.177474876917
0.172283936159
0.172283936159
0.172283936159
0.172283936159
0.217546027342
0.217546027342
0.217546027342
0.217546027342
0.15687523996
0.15687523996
0.15687523996
0.15687523996
0.175833870326
0.175833870327
0.175833870329
0.175833870329
0.1944895634
0.1944895634
0.194489563401
0.194489563396
0.12643285733
0.126432857331
0.126432857332
0.126432857332
0.0965245977243
0.0965245977243
0.0965245977243
0.0965245977243
0.173447722895
0.173447722895
0.173447722895
0.173447722895
0.130567892333
0.130567892333
0.130567892333
0.130567892333
0.155366106995
0.155366106995
0.155366106995
0.155366106995
0.142873750694
0.142873750693
0.142873750692
0.142873750692
0.152640297946
0.152640297945
0.152640297945
0.152640297944
0.114766805012
0.114766805012
0.114766805012
0.114766805012
0.131966207094
0.131966207094
0.131966207094
0.131966207094
0.165913760488
0.165913760487
0.165913760486
0.165913760488
0.199865897461
0.199865897459
0.199865897459
0.199865897458
0.136538568211
0.136538568211
0.136538568211
0.136538568211
0.0394672650001
0.0394672650001
0.0394672650001
0.0394672650001
0.134780014834
0.134780014834
0.134780014834
0.134780014834
0.0341246429509
0.0341246429509
0.0341246429508
0.0341246429509
0.101194542945
0.101194542945
0.101194542945
0.101194542945
0.0951509629495
0.0951509629495
0.0951509629495
0.0951509629495
0.124141531423
0.124141531423
0.12414153142
0.124141531423
0.141884978271
0.141884978271
0.141884978271
0.141884978271
0.079571713131
0.0795717131314
0.079571713132
0.0795717131325
0.138828992372
0.138828992372
0.138828992372
0.138828992372
0.161248970042
0.161248970042
0.161248970042
0.161248970042
0.0918135387865
0.0918135387867
0.0918135387866
0.0918135387866
0.20687713593
0.206877135929
0.206877135929
0.206877135931
0.187038412367
0.187038412367
0.187038412367
0.187038412367
0.198870111034
0.198870111033
0.198870111032
0.198870111031
0.112367797516
0.112367797515
0.112367797514
0.112367797516
0.126905602086
0.126905602086
0.126905602086
0.126905602086
0.11362508461
0.11362508461
0.11362508461
0.11362508461
0.110974848264
0.110974848264
0.110974848264
0.110974848264
0.131777977049
0.131777977049
0.131777977049
0.131777977049
0.142430328966
0.142430328966
0.142430328966
0.142430328966
0.0831855050384
0.0831855050384
0.0831855050384
0.0831855050384
0.077155857895
0.077155857895
0.077155857895
0.0771558578948
0.0949496004838
0.0949496004835
0.0949496004835
0.0949496004835
0.139938291434
0.139938291434
0.139938291434
0.139938291434
0.137381806974
0.137381806974
0.137381806974
0.137381806974
0.143361522881
0.143361522881
0.143361522881
0.143361522881
0.147154906239
0.147154906239
0.147154906239
0.147154906239
0.134405960059
0.134405960059
0.134405960059
0.134405960059
0.136340119861
0.136340119861
0.136340119861
0.136340119861
0.16276683442
0.16276683442
0.16276683442
0.16276683442
0.157007671896
0.157007671896
0.157007671896
0.157007671896
0.135312280473
0.135312280474
0.135312280475
0.135312280473
0.149483300348
0.149483300348
0.149483300348
0.149483300348
0.189125617811
0.189125617811
0.189125617811
0.189125617811
0.215154065078
0.215154065078
0.215154065078
0.215154065078
0.21111122743
0.21111122743
0.21111122743
0.21111122743
0.152990613066
0.152990613066
0.152990613066
0.152990613066
0.164210271018
0.164210271018
0.164210271018
0.164210271018
0.208441607406
0.208441607406
0.208441607406
0.208441607406
0.146016785437
0.146016785437
0.146016785437
0.146016785437
0.144758344771
0.144758344771
0.144758344771
0.144758344771
0.148216230591
0.148216230591
0.148216230591
0.148216230591
0.189787789184
0.189787789184
0.189787789184
0.189787789184
0.181426601657
0.181426601657
0.181426601657
0.181426601657
0.139175716488
0.139175716488
0.139175716488
0.139175716488
0.196792218773
0.196792218773
0.196792218773
0.196792218773
0.167470785769
0.167470785769
0.167470785769
0.167470785769
0.183398939287
0.183398939287
0.183398939286
0.183398939286
0.1237667556
0.123766755598
0.123766755598
0.123766755598
0.142110552409
0.142110552409
0.142110552409
0.142110552409
0.132010989008
0.132010989008
0.132010989008
0.132010989008
0.128321610531
0.128321610531
0.128321610531
0.128321610531
0.156872686176
0.156872686176
0.156872686176
0.156872686176
0.137319389764
0.137319389764
0.137319389764
0.137319389764
0.14090848767
0.140908487671
0.14090848767
0.140908487672
0.272533466593
0.272533466593
0.272533466597
0.272533466593
0.186284921702
0.186284921702
0.186284921702
0.186284921702
0.198503661015
0.198503661015
0.198503661015
0.198503661015
0.165563381728
0.165563381728
0.165563381728
0.165563381728
0.13426819902
0.13426819902
0.13426819902
0.13426819902
0.134376113171
0.134376113171
0.134376113171
0.134376113171
0.210618048422
0.210618048422
0.210618048422
0.210618048422
0.165010221081
0.165010221081
0.165010221081
0.165010221081
0.133510871357
0.133510871357
0.133510871357
0.133510871357
0.11935591234
0.11935591234
0.11935591234
0.11935591234
0.142503687884
0.142503687884
0.142503687885
0.142503687884
0.13805968137
0.138059681371
0.138059681371
0.138059681371
0.123469444365
0.123469444365
0.123469444365
0.123469444365
0.0806760570332
0.0806760570332
0.0806760570332
0.0806760570332
0.0635281282563
0.0635281282569
0.0635281282574
0.0635281282557
0.0760907340662
0.0760907340662
0.0760907340662
0.0760907340662
0.0634901860354
0.0634901860354
0.0634901860354
0.0634901860354
