0.0925492309206
0.0881340528967
0.0880580841618
0.092246870245
0.0922204119935
0.0879871650541
0.0878214133683
0.0922656069305
0.0922436126596
0.087950692962
0.0879779797876
0.0922536593502
0.0921583224213
0.0882019393409
0.0880571161392
0.0920369503963
0.0079258146269
0.00746305329607
0.00746538286024
0.00784312203462
0.00785547150081
0.00907648140801
0.0717536977549
0.0612570718856
0.0614301927842
0.0560693895142
0.0560737803635
0.0558530727288
0.0559200907456
0.0613109169031
0.0715937328542
0.0611910365005
0.0614510375563
0.0559720092613
0.0557710416188
0.0559626128098
0.0559639162698
0.0613861579694
0.0716759607679
0.0611148874436
0.0614916695862
0.0559443479317
0.0560049835952
0.0560800011479
0.0559159324097
0.061444809319
0.0716763911497
0.0611747521634
0.0613209541878
0.0560259650742
0.0560830182876
0.0558448852492
0.0558545364899
0.0613577936553
0.0715760109586
0.0611965076557
0.0614275211733
0.0558777490062
0.0559243852134
0.0561810472157
0.0559911357828
0.0613257577878
0.057717297286
0.0537960261404
0.053824766941
0.0563798288043
0.0563209936436
0.0644653233626
0.0955532602099
0.0867902429899
0.0869824252895
0.0869824252895
0.0867183933546
0.0954629103317
0.0955071002138
0.0867663483356
0.0869434711939
0.0867422781635
0.0866720612424
0.0958919916051
0.0954777502118
0.0868989269957
0.086837710767
0.086837710767
0.0869372387775
0.0953156203227
0.0853369397286
0.076018871976
0.0760832784388
0.0751732377246
0.0750921982233
0.0823781802421
0.0854665187208
0.0758467429887
0.0759360288104
0.0747570774459
0.0747112459808
0.0826585084988
0.085436010897
0.0758381223957
0.0759107444371
0.0750365805924
0.0750709173698
0.0824197346529
0.150136216555
0.150404527889
0.150197560121
0.167768602508
0.0938076973987
0.0830110471353
0.083278917952
0.0820211633376
0.0818684593754
0.0907715588359
0.0935654602751
0.0828781146036
0.0830004177038
0.0819668860638
0.0819211520473
0.0905996624318
0.093652200456
0.083162812977
0.0832478245527
0.0818827108674
0.0819045690789
0.0906370292334
0.0706762398087
0.0791737436118
0.0705992890368
0.0623715008898
0.0623794114232
0.0610776572447
0.0728455054104
0.0651255481397
0.122416052109
0.109440053012
0.109753965893
0.108235779327
0.107924886785
0.118431726464
0.0774524050627
0.0775181151522
0.0737834779575
0.0735858484561
0.0773509440796
0.073852106297
0.0736385202255
0.0764264658217
0.0763080654715
0.0847183334586
0.0773669802564
0.0738431514631
0.0738402138946
0.0764011627202
0.0762657318722
0.0848507130126
0.077526095584
0.0736831650888
0.0737087740028
0.0765854817981
0.0763564171174
0.0847186076019
0.0922436321569
0.0863801416067
0.0864668470658
0.089743357406
0.089583173713
0.101286038442
0.0924946804849
0.0866917206903
0.0868138174918
0.0897694702711
0.0896638025655
0.10146443861
0.0923031743306
0.0865959264169
0.0864032968584
0.0897915705621
0.0896489331044
0.10124890709
0.0924944607747
0.0867303534237
0.0866630095312
0.0896686245211
0.0896248778521
0.101524615732
0.0291451807251
0.0274361434836
0.0274354392438
0.0286882040436
0.0287175880603
0.0325213557835
0.102234968725
0.100104564786
0.069708202602
0.0534418839886
0.14101739351
0.150656856004
0.149477331435
0.179843500236
0.0896360966464
0.117873184786
0.0898336427153
0.117969691578
0.114833208586
0.12442404525
0.123632160658
0.149560327243
0.114663705101
0.124151980793
0.123523481164
0.149363036923
0.109479300542
0.143805348667
0.125024606984
0.125346303242
0.12527243989
0.12527243989
0.122442898793
0.109576485882
0.109689658152
0.109689658152
0.0678327250687
0.0650677085062
0.0650085809278
0.0681510255994
0.0679222203627
0.0757983744813
0.0679545612965
0.065346526304
0.0653290919958
0.0679211135454
0.0678383289741
0.0762187733403
0.149471572469
0.0976210011281
0.100152441195
0.0648682047308
0.0659267133566
0.0513572188548
0.0515102792557
0.0603253416194
0.149596779512
0.0974544101106
0.100300238185
0.0647934610898
0.0658937490567
0.0517066804775
0.0518785676749
0.104832571208
0.100655649201
0.100652541726
0.105033283948
0.100677006528
0.10066615215
0.104802346796
0.104691574602
0.117339657031
0.0808895481598
0.0767594769654
0.0765912925991
0.0807196674145
0.0809578070695
0.0770419940876
0.0770445595354
0.0808917334064
0.0808629637442
0.0768184617394
0.0767844849302
0.0808439929556
0.08902122812
0.0796500821233
0.0797910174362
0.0781385215115
0.0782008051109
0.0844747916837
0.0842498997863
0.0977709906721
0.0798474433655
0.0709235993235
0.0709263618692
0.0673068410639
0.0676177167852
0.0698518586009
0.0695436044867
0.0768163082197
0.0796691176759
0.0708549005186
0.0708539088795
0.0676417033549
0.0678043310416
0.0697816822382
0.0694912004411
0.0768002566272
0.0794840400143
0.070790704418
0.0709728096052
0.0675728587323
0.0675441087753
0.0695014867827
0.0693557016762
0.0771210990505
0.0795903432538
0.0708981542919
0.0710984321997
0.0675989983006
0.067615225484
0.0697049909996
0.069606314243
0.0768867275835
0.0797762558284
0.0710085164628
0.0711229558669
0.0676259882053
0.0676419384849
0.0694990590296
0.0695570205317
0.0771197090114
0.0907594550557
0.0909945793166
0.0907925633574
0.102552234817
0.0904871329596
0.0906122516564
0.0904803020607
0.102613881649
0.090354268921
0.0909046129041
0.0907747609705
0.102685594785
0.090202722373
0.0908947390007
0.0907350405549
0.102735204693
0.0905330767234
0.0910068073745
0.0908090085674
0.102788778887
0.0779737333594
0.0904707579774
0.0779110633046
0.090250052946
0.0780322288945
0.0903916385763
0.078019322698
0.0904202980544
0.0779374194258
0.0903454746861
0.0779506878834
0.0904232023695
0.0778143786006
0.090367250185
0.0781438514456
0.090279143044
0.137907444981
0.134913743763
0.137747414519
0.134868086175
0.137542948469
0.135187798834
0.0914183734623
0.078805462555
0.0914187390063
0.0788905833639
0.0915290474371
0.0789387693944
0.0911747805783
0.0788422254347
0.0915575860183
0.0788345441685
0.0914074735949
0.0786964292201
0.0911919606215
0.0788585034603
0.0914295827399
0.0788138621373
0.130330256936
0.130842157534
0.130589399133
0.147842810613
0.09142532314
0.0866880329198
0.0866218245046
0.0916042279305
0.0915512252908
0.105565278695
0.0881659592402
0.0820407082246
0.0819204356922
0.085837628334
0.0859323993177
0.100134012455
0.0885583008094
0.0819608205257
0.0817536315707
0.0860468226549
0.0859660781849
0.100219342494
0.0880961219862
0.0820419347712
0.0818706211348
0.0860182690029
0.0858717321649
0.100087516489
0.0884528708296
0.0817134797524
0.0817327788849
0.0862186689369
0.0859044163417
0.100094893391
0.0882702554956
0.0819208958996
0.100263330099
0.0968178864635
0.0989296667196
0.0968546257607
0.0987134189979
0.0968998956385
0.0987246341814
0.0967896640324
0.0985226872654
0.0985307893846
0.0935042564285
0.0934180241121
0.0984841919815
0.0984276292562
0.0935001944396
0.0935764529823
0.0986768560441
0.0984011488449
0.0934494962266
0.0934604298955
0.0983764473655
0.0986266831694
0.0935452741658
0.0934812934161
0.0983442150129
0.0985134744185
0.0936203779967
0.0986196110188
0.0936125995727
0.0935380198756
0.0985953404807
0.0983935272058
0.093362686101
0.0934830208554
0.0984718054737
0.0983887464779
0.0935920877826
0.0935911391866
0.0984342145433
0.0744552796701
0.0634955368136
0.0637180752632
0.0582903114269
0.0584125132784
0.058109560102
0.058067084706
0.0638140735751
0.0636336792548
0.0747231474411
0.0745461235008
0.0638561586967
0.0640514724694
0.0581809991857
0.0580597748402
0.0581691645419
0.058207854412
0.0638095518477
0.0637966564367
0.0747554626766
0.0745462128247
0.0638238256394
0.0639747153569
0.0579837977801
0.0580681977979
0.0580681977979
0.0580076997044
0.0638526676812
0.0637505803738
0.0746749319149
0.0748072369544
0.0635870682962
0.0637075577954
0.0581007970556
0.0581550729021
0.0583076135037
0.0581800584586
0.0636987399915
0.0637020013736
0.0746725300897
0.0746012147756
0.0637593597521
0.0638525228358
0.0581612885732
0.0583081002434
0.0581565742028
0.0580756810248
0.0639453442637
0.0637041866874
0.074594027147
0.0746452021951
0.0637914383969
0.0638961320484
0.0581690925729
0.0581579973413
0.0581579973413
0.058237446115
0.0639510151679
0.0637022043732
0.0744033877337
0.094066067826
0.0712840117242
0.0715718826164
0.0569076964391
0.0572129031295
0.0522893452364
0.0522453442064
0.0571291798865
0.0569914073721
0.0714803046318
0.0709820093739
0.0939275890101
0.0940092578978
0.0712448455609
0.0715430094628
0.0569562605119
0.05714919415
0.052315507892
0.0522292978318
0.0569711437835
0.0568260970066
0.0715882953666
0.0711808011861
0.0938833599074
0.140221204738
0.126043799452
0.126509442003
0.122263177515
0.12169955769
0.127848162807
0.0837431722709
0.076375953742
0.0765233038558
0.0753653738364
0.0753400667208
0.0805681500734
0.0838903845056
0.0765131523334
0.0766690641882
0.0755190504393
0.0753029787409
0.0803914044426
0.0837880625388
0.0763478353721
0.0765604051077
0.0753793270002
0.0752995966789
0.0804938217303
0.0839912992875
0.0765165053305
0.0765667689194
0.0753941256697
0.0753583459446
0.0803841579993
0.0839355908063
0.0764445673151
0.0764826750382
0.0752695735739
0.0751783028473
0.0805768698464
0.0839592183444
0.076389280336
0.0764960252056
0.0755194691619
0.0754018565919
0.0802993630828
0.083663722416
0.0765695120364
0.0767392170113
0.0753870854242
0.0753323639298
0.0806299083421
0.0839147390317
0.0765166581945
0.0765977466721
0.0754465113408
0.0754311252518
0.0806189667184
0.0837991162095
0.0764813927746
0.076471253053
0.0752026831403
0.075235561442
0.0803358425315
0.0842149991436
0.0764567470976
0.0765009635021
0.0754038822823
0.0753612931567
0.0806105459741
0.054989830278
0.052666743361
0.0526627460165
0.0530146376013
0.053015250221
0.0562120899451
0.121762093289
0.123974673257
0.121521098594
0.123881771143
0.121646806893
0.124052128914
0.111236640999
0.111236640999
0.111036527341
0.111444203959
0.111255090222
0.110865093389
0.112845231698
0.106514328577
0.113054694101
0.109758539945
0.0770270804977
0.0278409609119
0.0316561642338
0.0403315260652
0.0402911253845
0.0532221999616
0.0919257720528
0.0866015876139
0.0916730728949
0.0862442909922
0.091855450022
0.0861106957817
0.091753531368
0.0804996386234
0.080619571825
0.0772551986633
0.0771929896428
0.0818410797766
0.0916331007006
0.0804476637448
0.0807128581144
0.0773200337316
0.077132266703
0.0820302433832
0.091563512763
0.0806544241455
0.0808204065831
0.0772814419832
0.0773123510055
0.0820597911373
0.0806590301966
0.0686279456927
0.0686281996066
0.0652575027277
0.0653549560802
0.0708846635775
0.0706838104767
0.0850940665543
0.0807898221003
0.0688345675333
0.0688290519494
0.065002876046
0.0649889989094
0.0711843115388
0.0709526522161
0.0848168935325
0.14999609062
0.0445608253514
0.0357959374266
0.0357959374266
0.0356595014863
0.044539284685
0.0767601714058
0.0670161008658
0.0670883128123
0.0650298905735
0.0649970124544
0.0710236879411
0.0709115312819
0.0840763530667
0.0765603958715
0.0669239258356
0.0670146779855
0.0653149239646
0.0651631802976
0.0707649344944
0.0707315792839
0.0839735546526
0.0766529473846
0.06702437562
0.06731333172
0.0652227318828
0.0650404728189
0.0710548773344
0.0709845609763
0.0839921569553
0.0762537004627
0.0668791914668
0.0670663598591
0.0652325574426
0.065192960082
0.0710512203555
0.0708219035186
0.0838234640211
0.0765500897779
0.0670019418114
0.0671388227593
0.0651476313576
0.0650355424768
0.0711174945794
0.070906793964
0.0840087733796
0.0668358342901
0.0640887144102
0.0642437959709
0.0665405365999
0.0662925664762
0.0731940970434
0.0666329075683
0.0642630138299
0.0642819612294
0.0665718208497
0.0664048343647
0.0731570133771
0.0666871840311
0.0642034968362
0.0642398223787
0.0663229179602
0.0663430892652
0.0733226278051
0.0996949069123
0.0944700234969
0.0994157370754
0.0941665176376
0.0942834573573
0.0993047986202
0.0943709970038
0.0943106650279
0.0995829057444
0.0944287774913
0.0943740611781
0.0993374998503
0.0997057690482
0.0944087097213
0.0942685240762
0.0996662123741
0.0994159906466
0.0944379183392
0.0945068867782
0.0995188445848
0.114682959484
0.117000027462
0.114915036764
0.117189748826
0.115004245304
0.117022092492
0.119595189407
0.117411554201
0.119446079199
0.116981848572
0.119456107445
0.117332111845
0.119524908267
0.117303482269
0.0403891045271
0.0403213730359
0.0499537006562
0.0502763566823
0.0880059496909
0.0661269724545
0.0961879222434
0.0715643048698
0.0918786110107
0.0654758835851
0.0630624357046
0.0668938662995
0.0458809589427
0.0468828813881
0.0241238859276
0.0243332340689
0.0630659230429
0.0667612264211
0.0459095559415
0.0469718093275
0.0242011963754
0.024359179512
0.0617529046604
0.0615683178307
0.0853584950313
0.0666353510496
0.0455093253795
0.0353345852141
0.072140838008
0.0610116128147
0.0724606610876
0.0845079481114
0.0665163757093
0.0999663407165
0.0651571415982
0.0652784905539
0.0364771693735
0.0365709398293
0.0432482774744
0.0414262959121
0.0874215599094
0.101392785122
0.0863411878596
0.0965913896201
0.0685257271195
0.0698443277171
0.0364302901889
0.0366323638365
0.0650866492647
0.0662839096614
0.0346534390213
0.03474565398
0.0351479157348
0.0349273982247
0.066705979063
0.065841262917
0.0380345328287
0.037876654449
0.0728597511216
0.0715850572536
0.08474821417
0.0892277076431
0.0586359232063
0.059409099524
0.114984145595
0.116317760645
0.0976938840639
0.0764567092707
0.117258488687
0.0607479724271
0.060131583943
0.0526687725792
0.0679879944255
0.132545900839
0.095336981804
0.0944407622772
0.0498057133419
0.0494237742539
0.0215315725215
0.0204280001775
0.0214923742755
0.0203199922736
0.0335982589207
0.0324028557769
0.0335227807431
0.0323627551786
0.107819499632
0.109657954031
0.0568703480054
0.0569265382445
0.0372870965282
0.0376246264699
0.0620517384003
0.0693286329737
0.0695201341771
0.12569934081
0.0962629676316
0.0500885657286
0.0499109887299
0.0771392238845
0.0494928601012
0.0497853971085
0.0958587999586
0.0420446240797
0.058516788937
0.0695587270244
0.0385053080334
0.0573893700218
0.0497596812691
0.064239270213
0.0566121457066
0.0558697812865
0.06365684074
0.0724181788572
0.0875123560119
0.0815060568823
0.0898969913039
0.080943834776
0.0434202906427
0.0433256088474
0.0896687426309
0.0891531384333
0.046176359869
0.0460240072082
0.127998887437
0.0664868309329
0.0657166321109
0.0467669290445
0.0643189535868
0.0805264258769
0.0876993808772
0.044659943722
0.0674723675089
0.0989821532778
0.0508609884587
0.050675457366
0.0852521287711
0.0612833310983
0.0447336064441
0.0575144430209
0.0566508348217
0.0559998571896
0.0551090463581
0.090933206021
0.0920294441076
0.048312616833
0.0483965487948
0.124983050405
0.0902217022672
0.0902557184892
0.0472928710272
0.0472232978597
0.066221074508
0.0662078985734
0.0854422560622
0.0778920237252
0.0591563936718
0.0697108368763
0.0826610810554
0.0575162797715
0.0417327373713
0.0517324429082
0.0860878625664
0.0447148813288
0.0445261340282
0.0667564256945
0.0606285474797
0.0555803124991
0.0774094827137
0.0979907435284
0.100594559034
0.0643604606882
0.0545147748161
0.0548832171661
0.105302157028
0.140437305267
0.0844321084185
0.0710401626898
0.0701823818116
0.0449123325908
0.0501901927173
0.086533550492
0.066487842744
0.0635432524427
0.0395290579511
0.0462437672881
0.0766944515431
0.0770226736033
0.0698632608851
0.0382287248054
0.0669111690564
0.0766241184843
0.0555776130875
0.0422311392399
0.0487554498723
0.0703984221166
0.0748860607857
0.0673547680272
0.0757356706051
0.0696812929002
0.051896677661
0.0400515217439
0.0957997815459
0.0664706918894
0.0671848484184
0.034623989617
0.0345933032862
0.0635930221408
0.0623663761573
0.0636708786652
0.0425811635028
0.0521370297893
0.0583282012752
0.0583470719831
0.042487097924
0.0424335850772
0.0223186083011
0.0222740748966
0.0752165796916
0.0882532683644
0.0772192970134
0.040659062317
0.063002795307
0.0522158316294
0.0518375109211
0.0790023776256
0.078982145704
0.0668707676436
0.066877427412
0.0666348379153
0.0641769701762
0.0666349516695
0.0643532719448
0.0662044248068
0.0645832728053
0.0659984336651
0.0650005979126
0.0651140265765
0.0659656096481
0.0669564979968
0.0662548930589
0.0638417269895
0.0669518675934
0.0637641444073
0.0667046054857
0.0639810746471
0.0659656096481
0.0651140265765
0.0642072036457
0.0668676712919
0.0624587616912
0.0672458824613
0.0659788987177
0.0672974447528
0.0637170730044
0.0648377682836
0.0659788987177
0.0626130266957
0.0677224757078
0.0629816971052
0.0656801759304
0.0657797067358
0.0633850599767
0.0672458824613
0.0624587616912
0.0668676712919
0.0642072036457
0.0622605958552
0.0717126837944
0.0619866217179
0.0622857294671
0.0718242682664
0.0622857294671
0.0619866217179
0.0717126837944
0.0622605958552
0.0622605958552
0.0717126837944
0.0619866217179
0.0622857294671
0.0718242682664
0.0622857294671
0.0619866217179
0.0717126837944
0.0622605958552
0.0553549256074
0.0553557105636
0.0553549256074
0.0553549256074
0.0553557105636
0.0553549256074
0.105993603346
0.0945363127071
0.11286470879
0.0741008450846
0.0327766486389
0.0477319502849
0.0745855733989
0.0723449589623
0.0779881469327
0.0713235282989
0.0968778117592
0.0735167646561
0.0889200428587
0.0905542592924
0.0623358936729
0.0501748441702
0.0550765110619
0.0680010612491
0.0394858328423
0.034110678918
0.0935744953259
0.0946999259213
0.067346978969
0.0797338118053
0.0592479762524
0.0755716667029
0.0669169902566
0.0357421351349
0.0558510311812
0.0718208140131
0.0743174217563
0.110684957547
0.0844586496888
0.0821887654458
0.0739967193766
0.0902922814683
0.0400012945634
0.039095586765
0.0838216694924
0.0935929540003
0.0812478906018
0.0600467396742
0.0593078257758
0.00702354292718
0.0665045034265
0.0652366285533
0.0655970519155
0.0645423943157
0.0666049864575
0.0659788987177
0.0648377682836
0.0637170730044
0.0672974447528
0.0624122015314
0.0694909276543
0.109320705047
0.0920202232691
0.0983091634551
0.0671471608037
0.0476701232849
0.0467149533742
0.0999336791877
0.080749550265
0.051474469973
0.0488142239311
0.0652430537835
0.0684686990529
0.10298064935
0.0634326367909
0.0737630791962
0.0542499065437
0.0513429966646
0.0891074695606
0.0511122018749
0.032342512128
0.0559011395121
0.072464351622
0.0673355185786
0.0784474119203
0.0796978427782
0.101486771175
0.0286927479209
0.0299228651703
0.00204358961144
0.0679263093801
0.0681783877358
0.0801246207355
0.0681783877358
0.0679263093801
0.0574947127482
0.0422110823392
0.0940345447349
0.0862725536077
0.106343880078
0.089417216066
0.121764927583
0.107450751953
0.124593522722
0.117321913051
0.0582421785564
0.0844724948652
0.12252465957
0.121968600555
0.0705808411221
0.0711807823503
0.0497808773677
0.0494412492662
0.0490228053206
0.0974852197643
0.0872771656764
0.121470722428
0.0642072036457
0.0642072036457
0.0659656096481
0.0639810746471
0.0659656096481
0.0651140265765
0.0651140265765
0.0659984336651
0.0659984336651
0.0650005979126
0.0650005979126
0.0651234526438
0.0661900236592
0.0651234526438
0.0662642297246
0.0662642297246
0.0662135493083
0.0662135493083
0.0662070162823
0.0662070162823
0.0651514057024
0.0661900236592
0.0651234526438
0.0662642297246
0.0666349516695
0.0643532719448
0.0662044248068
0.0645832728053
0.0659984336651
0.0650005979126
0.0637641444073
0.0667046054857
0.0639810746471
0.0666562426353
0.0774126076198
0.109637043482
0.0826540468247
0.0673055561302
0.0993844959111
0.087648870934
0.119925379492
0.0662070162823
0.0647456051675
0.0494372593547
0.0956060707291
0.0813278375235
0.0748211567205
0.0561970719967
0.0603057868554
0.096447227814
0.0711107721094
0.0823376363518
0.0451505510487
0.0453115906585
0.10448559306
0.0702778834058
0.0750332360091
0.0882613523208
0.0894682915479
0.167438119413
0.0920623147126
0.0441390190761
0.110132214439
0.0648601313906
0.101507900641
0.0560822918665
0.0488948419979
0.0489621606345
0.0869125169078
0.115746098056
0.0663017866973
0.0514477406793
0.0594418820383
0.0677625404778
0.0677625404778
0.0683619977692
0.0655387936645
0.0687531190656
0.065313240237
0.0683619977692
0.0658310555836
0.0658310555836
0.0660308749772
0.0656222271986
0.0661712440377
0.0653796583675
0.0662880501655
0.0660308749772
0.0655356933644
0.0655356933644
0.0655356933644
0.0660308749772
0.0656222271986
0.0661712440377
0.0653796583675
0.0662880501655
0.0660308749772
0.0655356933644
0.0658310555836
0.0683619977692
0.0655387936645
0.0687531190656
0.065313240237
0.069023924787
0.0687531190656
0.0655387936645
0.0683619977692
0.0658310555836
0.0677625404778
0.0705510453502
0.0667998809879
0.0715724852789
0.0664984039808
0.0667998809879
0.0705510453502
0.0677625404778
0.0683038077727
0.0670921454438
0.0666279996717
0.0683038077727
0.0906564263208
0.0754899735097
0.06081459174
0.0514606461313
0.0362610063188
0.0489124990391
0.0462167508432
0.0463551551394
0.0491303793594
0.0402738053454
0.067131262585
0.0782117687452
0.0901216193457
0.0881100103081
0.0858713576156
0.0701319043624
0.0704684387031
0.0692616461055
0.0498162356893
0.0594821066057
0.086442816227
0.0848844197645
0.0479514103938
0.0794400013139
0.0783292661143
0.0581600110041
0.061686998306
0.0867312460593
0.0914228560399
0.106409587886
0.0660384828149
0.0598027291267
0.0524847407372
0.0750954229497
0.0658931528461
0.0776543064501
0.0729562034117
0.0794205693665
0.0696472872749
0.0296137897988
0.0463541825675
0.0737889619049
0.0700992593613
0.0926834770819
0.0425707617914
0.0441763943215
0.0149374934561
0.0148339851776
0.00952864508994
0.00950867183154
0.0280656687788
0.0280406990195
0.0680046297284
0.0665862683498
0.122669536764
0.0454787715176
0.0535125362555
0.0700592425683
0.0708612491422
0.0550019813052
0.0662651585488
0.0653342497585
0.06611511701
0.065371345263
0.0662872409028
0.0653489885519
0.0665041321742
0.069023924787
0.0651667330315
0.0690581157432
0.0650644769901
0.0689654275271
0.0653471971798
0.0686648317135
0.0657787613596
0.0681933136385
0.0715724852789
0.0664984039808
0.0715724852789
0.0667998809879
0.0705510453502
0.0677625404778
0.0677625404778
0.0705510453502
0.0667998809879
0.0715724852789
0.0670921454438
0.0666279996717
0.0684387434134
0.0666279996717
0.0670921454438
0.0683038077727
0.0683038077727
0.0670921454438
0.0666279996717
0.0684387434134
0.0666279996717
0.0670921454438
0.0632582596247
0.0732497374142
0.063297238281
0.0632623943074
0.0729323413171
0.0632623943074
0.063297238281
0.0732497374142
0.0632582596247
0.0564595596201
0.0563011201487
0.0564595596201
0.0544503847186
0.0645366309006
0.0593957063284
0.0374960574594
0.0904746122014
0.117288244587
0.0691458497598
0.0682571240165
0.102328041881
0.0848701224048
0.0700231208959
0.0942094323569
0.0730656743553
0.061762235891
0.0473639106784
0.0563673537475
0.0787483090199
0.114851555867
0.0815727716613
0.0721433487579
0.0461415831653
0.0345207607752
0.0534098844504
0.0414667756282
0.0418175937047
0.0581868535345
0.0460548231405
0.060075625236
0.0440392133927
0.0610613367136
0.0363636168168
0.0354447365803
0.0611950123478
0.0662559308308
0.0549928372859
0.0634036743789
0.0418015062109
0.0642635412501
0.0662175763468
0.0641376366574
0.0662175763468
0.0642635412501
0.0661970927685
0.064457136492
0.0660391584478
0.0643606479147
0.0655061556649
0.0643905377385
0.0654183662457
0.0644145548925
0.0653002115157
0.0647064101539
0.0651115015646
0.0647537460615
0.0647064101539
0.0653002115157
0.0644145548925
0.0654183662457
0.0637332952408
0.0648328280734
0.0639293271668
0.0649551113924
0.0639360222097
0.0649375889297
0.0637253373647
0.0648316596502
0.0637990263562
0.0650044641621
0.0638441374305
0.0649262919933
0.0638441374305
0.0650044641621
0.0637990263562
0.0648316596502
0.0637253373647
0.0649662397115
0.0638690172639
0.0647485644339
0.0638217274053
0.065006947198
0.0637332952408
0.0648328280734
0.0639293271668
0.0649551113924
0.0639360222097
0.0649375889297
0.0637253373647
0.0648316596502
0.0637990263562
0.0650044641621
0.0638441374305
0.0649262919933
0.0638441374305
0.0650044641621
0.0637990263562
0.0648316596502
0.0637253373647
0.0656977444133
0.0643012646065
0.0657000109589
0.0640983063349
0.065659725443
0.0643727342902
0.065565398077
0.0642024036174
0.0654709349941
0.0643606479147
0.0655061556649
0.0643905377385
0.0654183662457
0.0644145548925
0.0653002115157
0.0647064101539
0.0651115015646
0.0647537460615
0.0647064101539
0.0653002115157
0.0644145548925
0.0654183662457
0.0644261582919
0.0661220304135
0.0645396628129
0.0658125900759
0.0647699327427
0.0654955334431
0.0650997933868
0.0648176779012
0.065542633358
0.0646364363459
0.0660391584478
0.064457136492
0.0661970927685
0.0642635412501
0.0662175763468
0.0641376366574
0.0662175763468
0.0642635412501
0.0661970927685
0.064457136492
0.0657706175279
0.0649202172863
0.0667274073826
0.0644737349701
0.0671371173309
0.0640250229324
0.0672756977593
0.06434925654
0.067070467236
0.0646733866362
0.0663229256027
0.0652858632209
0.0652858632209
0.0663229256027
0.0646733866362
0.0637960231989
0.0690593696105
0.0641697343788
0.0679351053083
0.0656183490954
0.0649414985987
0.0684240033705
0.0639295739799
0.069087170589
0.0639295739799
0.0641517469209
0.0668052550796
0.066537608373
0.0650821459465
0.0679079282632
0.0636294011287
0.0624256718526
0.10122666924
0.0667947942994
0.0670389259125
0.0656892032757
0.079878944779
0.0804034858946
0.100874260106
0.0805206343539
0.0804790128822
0.0882582862087
0.078992737364
0.0718801633363
0.0788031253917
0.0478246664416
0.0451370924241
0.0651337211627
0.0707475989363
0.0742130497925
0.073863050218
0.0417348143041
0.0366670362724
0.0609871520671
0.0717752160655
0.0643177321195
0.0693197887151
0.058155894684
0.0594061028683
0.0434861130305
0.0425402709765
0.0622126920491
0.0858648691608
0.0791759865284
0.058364571561
0.0520770450535
0.070165691994
0.0955401960695
0.0606257004599
0.0650641079552
0.0841164045847
0.0916267670989
0.0908634435843
0.0617715739236
0.0334328492878
0.0433341963638
0.0339851176657
0.0340623909173
0.0505165470316
0.0462267091301
0.0704887826555
0.0723594867467
0.078286235971
0.110608932096
0.11014820462
0.0875321489111
0.0926802455462
0.0894004472164
0.051378698407
0.0444174851382
0.0638315056888
0.06975344494
0.0624256718526
0.0668052550796
0.066537608373
0.0650821459465
0.0679079282632
0.0636294011287
0.0679351053083
0.0656183490954
0.0649414985987
0.0684240033705
0.0639295739799
0.069087170589
0.0639295739799
0.0672756977593
0.06434925654
0.067070467236
0.0646733866362
0.0663229256027
0.0652858632209
0.0652858632209
0.0663229256027
0.0646733866362
0.067070467236
0.06434925654
0.0660391584478
0.064457136492
0.0661970927685
0.0642635412501
0.0662175763468
0.0641376366574
0.0662175763468
0.0642635412501
0.0661970927685
0.064457136492
0.0660391584478
0.0646364363459
0.0654183662457
0.0644145548925
0.0653002115157
0.0647064101539
0.0651115015646
0.0647537460615
0.0647064101539
0.0653002115157
0.0644145548925
0.0654183662457
0.0643905377385
0.0655061556649
0.0643606479147
0.0648316596502
0.0637990263562
0.0650044641621
0.0638441374305
0.0649262919933
0.0638441374305
0.0650044641621
0.0637990263562
0.0648316596502
0.0637253373647
0.0649375889297
0.0639360222097
0.0649551113924
0.0639293271668
0.0648316596502
0.0637990263562
0.0650044641621
0.0638441374305
0.0649262919933
0.0638441374305
0.0650044641621
0.0637990263562
0.0648316596502
0.0637253373647
0.0649375889297
0.0639360222097
0.0649551113924
0.0639293271668
0.0648328280734
0.0654183662456
0.0644145548925
0.0653002115157
0.0647064101539
0.0651115015646
0.0647537460615
0.0647064101539
0.0653002115157
0.0644145548925
0.0654183662456
0.0643905377385
0.0655061556649
0.0643606479147
0.0654709349941
0.0642024036174
0.065565398077
0.064457136492
0.0661970927685
0.0642635412501
0.0662175763468
0.0641376366574
0.0662175763468
0.0642635412501
0.0661970927685
0.064457136492
0.0660391584478
0.0646364363459
0.065542633358
0.0648176779012
0.0650997933868
0.0654955334431
0.0646733866362
0.0663229256027
0.0652858632209
0.0652858632209
0.0663229256027
0.0646733866362
0.067070467236
0.06434925654
0.0672756977593
0.0640250229324
0.0671371173309
0.0644737349701
0.0639295739799
0.069087170589
0.0639295739799
0.0684240033705
0.0649414985987
0.0656183490954
0.0679351053083
0.0641697343788
0.0636294011287
0.0679079282632
0.0650821459465
0.066537608373
0.0844244619793
0.0721327647103
0.0509341218782
0.0484490392939
0.054744730034
0.0499300947676
0.0799800872358
0.0617857371405
0.0786716721889
0.0622947214859
0.0642091295748
0.0594593485879
0.0507126341359
0.0446489292313
0.0508876778995
0.0591430810873
0.043057033714
0.0392557483689
0.0436356678533
0.0512836271241
0.086643276981
0.0681890089494
0.0950849758558
0.0791805466197
0.0752490013489
0.0752091377909
0.102430435756
0.0578458337415
0.0568945468433
0.159336203107
0.0772855352734
0.0876549867278
0.0500619866965
0.0491535370141
0.0542088632075
0.0470547819196
0.0391489280377
0.0375903993195
0.0703621214682
0.0622795848754
0.0651614082682
0.0638336052757
0.10447928904
0.0801646911941
0.0642810840158
0.0575898085797
0.0632971904294
0.0754392043851
0.0820878670998
0.0819009443963
0.106136313355
0.0762190485542
0.092912090431
0.0697668754711
0.0838190081918
0.0886339945224
0.0809857500938
0.1471989892
0.0630831151379
0.0921884554703
0.0830763427969
0.082953111316
0.0749907299671
0.074126733118
0.0691033237696
0.0686252167865
0.069491445022
0.0679692334075
0.0695877960745
0.0685775180015
0.0687733739339
0.0689656600454
0.0681608006812
0.0699158924244
0.0677635369096
0.0701131520615
0.067636660941
0.0691059252941
0.0695609854085
0.0675442573429
0.070941167114
0.066996078068
0.093884035918
0.0906669211855
0.0594718434345
0.0575653894497
0.112524997173
0.0563540515047
0.0549071896977
0.0532595541969
0.0994122645225
0.0459199550849
0.0796475391773
0.0950568036821
0.0707743871468
0.0911506357849
0.102917938045
0.0699304631706
0.0740890566312
0.14279363452
0.0845189088074
0.0502634236001
0.107928122665
0.0589121836911
0.0614892322383
0.0428554880587
0.0432525385729
0.0687843044015
0.0671138340583
0.142536492537
0.0589251443401
0.0613814322923
0.0793222268803
0.0493264908898
0.0487277901613
0.0802274730843
0.0665605022217
0.0641819961788
0.0659349179115
0.0956754755201
0.0641012446564
0.0683016273525
0.0473128123741
0.0632754697237
0.0553557105636
0.0553549256074
0.0717126837944
0.0622605958552
0.0622605958552
0.0668676712919
0.0642072036457
0.0627700620121
0.0945935120238
0.0412010010224
0.0419145958468
0.0719670858049
0.0734769908968
0.0477638195971
0.0485619738427
0.0772603694917
0.0881107993381
0.157909847603
0.0468093941293
0.0504609585992
0.0557711240697
0.0595876494838
0.0636890272889
0.0516415315129
0.0492764409125
0.0471889531803
0.0502087311605
0.0573404770864
0.0669153186983
0.091103286638
0.0888914241702
0.0614112824569
0.100263738047
0.0652682212451
0.0652682212451
0.0663229256027
0.0646733866362
0.067070467236
0.06434925654
0.0663229256027
0.0652858632209
0.0652858632209
0.0655840465548
0.0648191680871
0.0659145496154
0.0643465171435
0.0662122960371
0.0643227760381
0.0655840465548
0.0649082968137
0.0649082968137
0.0654962158086
0.064551184321
0.0652894254991
0.0643003767485
0.0655389500774
0.0643812263183
0.0656873770313
0.0643077715463
0.0647692953876
0.0639841892345
0.064884244929
0.0637810354749
0.0648921135906
0.0930998313573
0.0692125305563
0.0579539695448
0.0498269599464
0.0414646808441
0.0540432879852
0.0948526030929
0.0688895698673
0.0687375564539
0.0410982182856
0.0411141026595
0.0728473010842
0.0764776546613
0.0624906933231
0.11171003273
0.0647454722278
0.0413309845667
0.036720108677
0.0560569925411
0.0528101955332
0.0820212697171
0.0705613839575
0.0507290660396
0.0575114825513
0.0941978052146
0.0982281330882
0.0734297769999
0.0710751840061
0.102785143374
0.101112740989
0.0639953637872
0.0644974921993
0.100913528155
0.0407000974999
0.0404533295972
0.111014364191
0.0648347165876
0.0658921787582
0.0740649160686
0.0681341697682
0.0637164277718
0.0597609451921
0.06372152405
0.071285871279
0.0683564012895
0.0848603843881
0.105815883527
0.100967622737
0.101461829307
0.110542923178
0.112542709943
0.0457377602917
0.0461383260695
0.0747890823951
0.0644096635684
0.0551763201111
0.0551768418451
0.0551763201111
0.0551763201111
0.0551768418451
0.0551763201111
0.0716809863283
0.0624256718526
0.0625781045494
0.0718458804943
0.0625781045494
0.0624256718526
0.0716809863283
0.0625685663013
0.0625685663013
0.0716809863283
0.0624256718526
0.0625781045494
0.0718458804943
0.0625781045494
0.0624256718526
0.0716809863283
0.0625685663013
0.0625685663013
0.067515085605
0.0639078961495
0.0681724508599
0.0645929953807
0.0672071120344
0.0660756939294
0.0642317693066
0.0684563514383
0.0641517469209
0.0668052550796
0.066537608373
0.0650821459465
0.0679079282632
0.0636294011287
0.0679079282632
0.0650821459465
0.066537608373
0.0668052550796
0.0641517469209
0.0684563514383
0.0642317693066
0.0660756939294
0.0672071120344
0.0645929953807
0.0681724508599
0.0639078961495
0.067515085605
0.0655802295284
0.0655802295284
0.068185713269
0.0641130951795
0.0690914417294
0.0638640811803
0.0686369810106
0.06462731938
0.0659946859679
0.0674376116273
0.0646238281751
0.0689328024474
0.0637960231989
0.0690593696105
0.0641697343788
0.0679351053083
0.0656183490954
0.0649414985987
0.0684240033705
0.0639295739799
0.069087170589
0.0639295739799
0.0684240033705
0.0649414985987
0.0656183490954
0.0679351053083
0.0641697343788
0.0690593696105
0.0637960231989
0.0689328024474
0.0646238281751
0.0674376116273
0.0659946859679
0.06462731938
0.0686369810106
0.0638640811803
0.0690914417294
0.0641130951795
0.068185713269
0.0652682212451
0.0652682212451
0.0663229256027
0.0646733866362
0.067070467236
0.06434925654
0.0672756977593
0.0640250229324
0.0671371173309
0.0644737349701
0.0667274073826
0.0649202172863
0.0657706175279
0.0661300198095
0.0649202172863
0.0667274073826
0.0644737349701
0.0671371173309
0.0640250229324
0.0672756977593
0.06434925654
0.067070467236
0.0646733866362
0.0663229256027
0.0652858632209
0.0652858632209
0.0663229256027
0.0646733866362
0.067070467236
0.06434925654
0.0672756977593
0.0640250229324
0.0671371173309
0.0644737349701
0.0667274073826
0.0649202172863
0.0672756977593
0.06434925654
0.067070467236
0.0646733866362
0.0663229256027
0.0652858632209
0.0652858632209
0.0655840465548
0.0648191680871
0.0659145496154
0.0643465171435
0.0662122960371
0.0643227760381
0.0660741883056
0.0643475971074
0.0663266921684
0.0642158045461
0.0662572141374
0.0644261582919
0.0661220304135
0.0645396628129
0.0658125900759
0.0647699327427
0.0654955334431
0.0650997933868
0.0648176779012
0.065542633358
0.0646364363459
0.0660391584478
0.064457136492
0.0661970927685
0.0642635412501
0.0662175763468
0.0641376366574
0.0662175763468
0.0642635412501
0.0661970927685
0.064457136492
0.0660391584478
0.0646364363459
0.065542633358
0.0648176779012
0.0650997933868
0.0654955334431
0.0652894254991
0.0643003767485
0.0655389500774
0.0643812263183
0.0656873770313
0.0643077715463
0.0655585786149
0.0641192997466
0.0656977444133
0.0643012646065
0.0657000109589
0.0640983063349
0.065659725443
0.0643727342902
0.065565398077
0.0642024036174
0.0654709349941
0.0643606479147
0.0655061556649
0.0643905377385
0.0654183662457
0.0653002115157
0.0647064101539
0.0651115015646
0.0647064101539
0.0653002115157
0.0644145548925
0.0654183662456
0.0643905377385
0.0655061556649
0.0647692953876
0.0639841892345
0.064884244929
0.0637810354749
0.0648921135906
0.0638406760694
0.0647624922312
0.0638875744903
0.0649662397115
0.0638690172639
0.0647485644339
0.0638217274053
0.065006947198
0.0637332952408
0.0648328280734
0.0639293271668
0.0649551113924
0.0639360222097
0.0649375889297
0.0637810354749
0.0648921135906
0.0638406760694
0.0647624922312
0.0638875744903
0.0649662397115
0.0638690172639
0.0647485644339
0.0638217274053
0.065006947198
0.0637332952408
0.101268388408
0.0845491487051
0.0787626241389
0.0550870741781
0.051449156203
0.0452998598949
0.0389233532471
0.0437325213314
0.0420242919839
0.04847386837
0.0937124217607
0.113958941335
0.0644145082571
0.0659804948451
0.0626551850907
0.061021969935
0.0845190417095
0.0648915441988
0.0643270853238
0.105221133901
0.0661300198095
0.101593003799
0.0877194533499
0.094032371753
0.100474676821
0.075436348485
0.0608781966122
0.0708641276687
0.0567268028449
0.0563803414565
0.0608432430595
0.0437416584048
0.0387230504319
0.0848514961845
0.0493218335299
0.0416106690075
0.0465664992242
0.0610734516627
0.0642421405699
0.0774798907459
0.0777545826961
0.0774594401477
0.0979022449487
0.0847584804843
0.0627447832612
0.0630837462485
0.0596829678908
0.0596839360716
0.0596829678908
0.0596829678908
0.0596839360716
0.0596829678908
0.0773555008144
0.0672680858654
0.0672380461235
0.077596419054
0.0672380461235
0.0672680858654
0.0773555008144
0.0672121952494
0.0672121952494
0.0773555008144
0.0672680858654
0.0672380461235
0.077596419054
0.0672380461235
0.0672680858654
0.0773555008144
0.0672121952494
0.0672121952494
0.0662393696302
0.0726287113269
0.0645507707158
0.0726287113269
0.0662393696302
0.0661538008602
0.072783727522
0.0646317426657
0.0726106262884
0.0661493938748
0.0661493938748
0.0726106262884
0.0646317426657
0.072783727522
0.0661538008602
0.0662393696302
0.0726287113269
0.0645507707158
0.0726287113269
0.0662393696302
0.0661538008602
0.072783727522
0.0678765139223
0.0684205759421
0.0684205759421
0.0678765139223
0.0674208844517
0.0689025927234
0.067210821041
0.0688867212132
0.0671247294631
0.0683554976593
0.0680001166819
0.0692021179228
0.0673317904114
0.0680001166819
0.0683554976593
0.0671247294631
0.0688867212132
0.0669584086504
0.0693655558779
0.0665480327733
0.0697479404373
0.0659773665529
0.0700602606689
0.0660923030693
0.0698940413251
0.0661321154414
0.0697184055236
0.0667884879208
0.0671631595445
0.0690288028652
0.0667884879208
0.0697184055236
0.0661321154414
0.0698940413251
0.0672144488112
0.0673742655118
0.0675033917148
0.0670932191414
0.0674019170295
0.0669157263429
0.0677155574813
0.06691013044
0.0675721320997
0.0670217450702
0.067904665854
0.0667897635888
0.067627559471
0.0667897635888
0.067904665854
0.0678723753176
0.066708039225
0.0677190440884
0.0666637809384
0.0676082380779
0.0667959043729
0.0677144140509
0.0666353698046
0.0678429134177
0.0666996390095
0.0676233503699
0.066797143092
0.0676142030198
0.066708039225
0.0677190440884
0.0666637809384
0.0676082380779
0.0667959043729
0.0677144140509
0.0666353698046
0.0678429134177
0.0666996390095
0.0676233503699
0.066797143092
0.0669157263429
0.0677155574813
0.06691013044
0.0675721320997
0.0670217450702
0.067904665854
0.0667897635888
0.0763004110359
0.0987972796956
0.059959675685
0.0745239349136
0.101982117407
0.0748591640482
0.0725503202336
0.0782626804742
0.100780234267
0.0591988990459
0.102149391585
0.0693671882755
0.106752010783
0.0902580593493
0.107217901138
0.0678445329853
0.0361853623272
0.0361680288757
0.0585703035975
0.0605918248157
0.0622969052201
0.0752239916001
0.089514475032
0.0830539385731
0.0761677575257
0.0899634906073
0.129117009967
0.0644240631131
0.0626021337256
0.0639820108546
0.0840053552772
0.0685968624446
0.0605831394717
0.0800078675647
0.0675922630447
0.0659642980142
0.0547986267392
0.0578163097015
0.0524612755016
0.0511160020664
0.115589001776
0.0680683272786
0.0891388979487
0.108151706743
0.093579925732
0.0995435242758
0.0761925967549
0.0791838230007
0.0459784545439
0.0480267251044
0.0680407005016
0.0663818073873
0.0450142505498
0.0256951203043
0.0256951203043
0.0256951203043
0.026881652318
0.026881652318
0.026881652318
0.0420340619736
0.0374163987801
0.0374163987801
0.0374163987801
0.0374163987801
0.0264805929887
0.0264805929887
0.0264805929887
0.0264805929887
0.0268610369745
0.0268610369745
0.0268610369745
0.0268610369745
0.0747641861025
0.0209615487217
0.0209615487217
0.0209615487217
0.0261824984711
0.0361810610575
0.0396241270598
0.0199108476496
0.0439234117492
0.0439234117492
0.0250217785832
0.0250217785832
0.0250217785832
0.0352943007864
0.0352943007864
0.0307773508444
0.0272724651217
0.0420957421347
0.023611367717
0.0174851432025
0.0220446348157
0.0220446348157
0.0220446348157
0.0386098483631
0.0384577832183
0.0190822689365
0.0190822689365
0.0190822689365
0.0190822689365
0.0238630932103
0.0238630932103
0.0238630932103
0.0238630932103
0.0349589467496
0.0349589467496
0.0349589467496
0.0349589467496
0.0348109352503
0.0348109352503
0.0348109352503
0.0348109352503
0.050314495766
0.050314495766
0.0374335450532
0.0374335450532
0.0374335450532
0.0374335450532
0.0269699584718
0.0269699584718
0.0269699584718
0.0418714408241
0.0531119960561
0.0531119960561
0.0210401368141
0.0210401368141
0.0210401368141
0.0268860363017
0.0268860363017
0.0268860363017
0.0209524869858
0.0209524869858
0.0209524869858
0.0209524869858
0.0260227685222
0.0364452124591
0.0364452124591
0.0505833054068
0.0505833054068
0.0395853628986
0.0395853628986
0.0321682790368
0.0321682790368
0.0137040900532
0.0137040900532
0.0137040900532
0.0137040900532
0.0598417198825
0.0598417198825
0.0738777359438
0.0738777359438
0.0584947599127
0.0584947599127
0.021424854947
0.0237721135725
0.0118860567862
0.0118860567862
0.0118860567862
0.0119139509264
0.0119139509264
0.0119139509264
0.0119139509264
0.0238279018527
0.0251994930666
0.0251994930666
0.0251994930666
0.0251994930666
0.0265263236978
0.0265263236978
0.0210170309868
0.0210170309868
0.020904933731
0.020904933731
0.0268301789487
0.0134150894744
0.0134150894744
0.0134150894744
0.0134150894744
0.0104807743609
0.0104807743609
0.0180905305288
0.0180905305288
0.0136006012436
0.0136006012436
0.00995542382479
0.0125108892916
0.0118056838585
0.0118056838585
0.0120407018185
0.0120407018185
0.0120407018185
0.0120407018185
0.0120407018185
0.0120407018185
0.0252086492473
0.0126043246237
0.0126043246237
0.00757272764319
0.00757272764319
0.00757272764319
0.00757272764319
0.00757272764319
0.00757272764319
0.00757272764319
0.00757272764319
0.0151454552864
0.0151454552864
0.0151454552864
0.0151454552864
0.00874257160126
0.00874257160126
0.0297503201107
0.0297503201107
0.02248683967
0.02248683967
0.02248683967
0.02248683967
0.0302379189781
0.0302379189781
0.0148885270437
0.0148885270437
0.0148885270437
0.0148885270437
0.0251268965985
0.0251268965985
0.0256968204414
0.0256968204414
0.0256968204414
0.0348005531518
0.0348005531518
0.0348005531518
0.0348005531518
0.0504351783257
0.0194538721242
0.0194538721242
0.0194538721242
0.0238543152798
0.0238543152798
0.0238543152798
0.0382029282549
0.0192050595954
0.0192050595954
0.0192050595954
0.0192050595954
0.0192518885247
0.0192518885247
0.0192518885247
0.0192518885247
0.0191108036845
0.0191108036845
0.0191108036845
0.0191108036845
0.0190897155001
0.0190897155001
0.0190897155001
0.0190897155001
0.0192288916091
0.0192288916091
0.0192288916091
0.0192288916091
0.0265369956217
0.0265369956217
0.0265369956217
0.0178105178143
0.0178105178143
0.0189362167028
0.0189362167028
0.0189362167028
0.0418072741405
0.0248889210744
0.0248889210744
0.0507054710004
0.0507054710004
0.0174910514929
0.0174910514929
0.0174910514929
0.0174910514929
0.0361651552646
0.0361651552646
0.0350990408042
0.0350990408042
0.0346985313074
0.0346985313074
0.0346985313074
0.0346985313074
0.0362659602434
0.0259863642465
0.0259863642465
0.0540768021001
0.0540768021001
0.0213998230659
0.0213998230659
0.0213998230659
0.0354779949722
0.0127301533751
0.0127301533751
0.0127301533751
0.0127301533751
0.0133722049761
0.0133722049761
0.0133722049761
0.0133722049761
0.0172322797013
0.0172322797013
0.0172322797013
0.0172322797013
0.0414520002533
0.00913039558032
0.00913039558032
0.00913039558032
0.00913039558032
0.0225071252749
0.0225071252749
0.0130912492355
0.0130912492355
0.0144809692901
0.0144809692901
0.00724048464507
0.00724048464507
0.00724048464507
0.00724048464507
0.0144809692901
0.0144809692901
0.0144809692901
0.0193049241816
0.0193049241816
0.0238373721759
0.0238373721759
0.0119186860879
0.0119186860879
0.0119186860879
0.0119186860879
0.0192288916091
0.0192288916091
0.0209357204121
0.0209357204121
0.0268872748671
0.0268872748671
0.0134436374336
0.0134436374336
0.0134436374336
0.0134436374336
0.0105200684071
0.0105200684071
0.0130113842611
0.0130113842611
0.0141453775279
0.0141453775279
0.00707268876394
0.00707268876394
0.00707268876394
0.00707268876394
0.00707268876394
0.00707268876394
0.00707268876394
0.00707268876394
0.0141453775279
0.0141453775279
0.0118860567862
0.0118860567862
0.0119139509264
0.0119139509264
0.0134150894744
0.0134150894744
0.0049777119124
0.0049777119124
0.0380806465216
0.0190484609208
0.0190484609208
0.0190484609208
0.0190484609208
0.0424984595574
0.0491810504584
0.0491810504584
0.023418754188
0.023418754188
0.023418754188
0.023418754188
0.0467716156085
0.0493101803421
0.0493101803421
0.0532073620165
0.0282561288164
0.0282561288164
0.0282561288164
0.0282561288164
0.0531156584375
0.0531156584375
0.0184589920796
0.0184589920796
0.0184589920796
0.0363749548415
0.0363749548415
0.0363749548415
0.0363749548415
0.0274642879021
0.0274642879021
0.0274642879021
0.0274642879021
0.0557145969776
0.0557145969776
0.0726769382486
0.0726769382486
0.0559150538529
0.0559150538529
0.0190526274008
0.0190526274008
0.0190526274008
0.0190526274008
0.0158281482295
0.0158281482295
0.0374414153069
0.0374414153069
0.0374414153069
0.0374414153069
0.0497903747249
0.0497903747249
0.0497584900306
0.0497584900306
0.0260902432362
0.0260902432362
0.0363451537399
0.0363451537399
0.0175510365101
0.0175510365101
0.0175510365101
0.0175510365101
0.0523204654372
0.0523204654372
0.0252158955624
0.0252158955624
0.0252158955624
0.0252158955624
0.0262300249273
0.0262300249273
0.0515607833799
0.0515607833799
0.064496330695
0.064496330695
0.0399807610256
0.0399807610256
0.0180697868087
0.0180697868087
0.0322072774463
0.0322072774463
0.0320376216697
0.0320376216697
0.0233759142899
0.0233759142899
0.0233759142899
0.0233759142899
0.0421670480159
0.0304925803516
0.0207476245026
0.0207476245026
0.0207476245026
0.0207476245026
0.0404218942561
0.0202648708992
0.0197153208104
0.0197153208104
0.0197153208104
0.0197153208104
0.0388337268146
0.0388337268146
0.051284188368
0.051284188368
0.0128475601522
0.0128475601522
0.0092663098518
0.0092663098518
0.0046331549259
0.0046331549259
0.0046331549259
0.0046331549259
0.0046331549259
0.0046331549259
0.0046331549259
0.0046331549259
0.0046331549259
0.0046331549259
0.0046331549259
0.0046331549259
0.0257301638176
0.0257301638176
0.0257301638176
0.0257301638176
0.0265263236978
0.0265263236978
0.0373820930512
0.0373820930512
0.0118056838585
0.0118056838585
0.010930709942
0.010930709942
0.010930709942
0.010930709942
0.021861419884
0.021861419884
0.0110223174078
0.0110223174078
0.0266265181703
0.0266265181703
0.0133132590852
0.0133132590852
0.0133132590852
0.0133132590852
0.0134849792359
0.0134849792359
0.0265719280965
0.0132859640483
0.0132859640483
0.0132859640483
0.0132859640483
0.0134430181508
0.0134430181508
0.0227786462387
0.0227786462387
0.0174118017566
0.0174118017566
0.0174118017566
0.0174118017566
0.0174118017566
0.0174118017566
0.0174118017566
0.0174118017566
0.0125634482993
0.0125634482993
0.0125634482993
0.0125634482993
0.0128484102207
0.0128484102207
0.0185209710067
0.0185209710067
0.00926048550335
0.00926048550335
0.00926048550335
0.00926048550335
0.0252175891629
0.0252175891629
0.0119271576399
0.0119271576399
0.0190763250293
0.00953816251467
0.00953816251467
0.00953816251467
0.00953816251467
0.0119056156778
0.0119056156778
0.0119056156778
0.0119056156778
0.0119056156778
0.0119056156778
0.0119056156778
0.0119056156778
0.0191584467338
0.0191584467338
0.0119108773431
0.0119108773431
0.0119108773431
0.0119108773431
0.0119108773431
0.0119108773431
0.0119108773431
0.0119108773431
0.0191014641275
0.0191014641275
0.0209036370703
0.0209036370703
0.0181329801217
0.0181329801217
0.00903489340436
0.00903489340436
0.00903489340436
0.00903489340436
0.00903489340436
0.00903489340436
0.00903489340436
0.00903489340436
0.0106999115329
0.0106999115329
0.0177389974861
0.00737031769795
0.00737031769795
0.00737031769795
0.00737031769795
0.00737031769795
0.00737031769795
0.00737031769795
0.00737031769795
0.00737031769795
0.00737031769795
0.00737031769795
0.00737031769795
0.00737031769795
0.00737031769795
0.00737031769795
0.00737031769795
0.00737992010141
0.00737992010141
0.00737992010141
0.00737992010141
0.00737992010141
0.00737992010141
0.00737992010141
0.00737992010141
0.00737992010141
0.00737992010141
0.00737992010141
0.00737992010141
0.00737992010141
0.00737992010141
0.00737992010141
0.00737992010141
0.00573636356018
0.00573636356018
0.00573636356018
0.00573636356018
0.00573636356018
0.00573636356018
0.00573636356018
0.00573636356018
0.00573636356018
0.00573636356018
0.00573636356018
0.00573636356018
0.00573636356018
0.00573636356018
0.00573636356018
0.00573636356018
0.00689497517785
0.00689497517785
0.00689497517785
0.00689497517785
0.00689497517785
0.00689497517785
0.00689497517785
0.00689497517785
0.00689497517785
0.00689497517785
0.00689497517785
0.00689497517785
0.0137899503557
0.0137899503557
0.00766772293907
0.0113893231194
0.0113893231194
0.0113893231194
0.0113893231194
0.0368824946655
0.0368824946655
0.018430704496
0.018430704496
0.018430704496
0.018430704496
0.0380985946362
0.0380985946362
0.0191208728635
0.0191208728635
0.0191208728635
0.0191208728635
0.0425016140899
0.0425016140899
0.0526013713818
0.0526013713818
0.0262370408369
0.0262370408369
0.0262370408369
0.0262370408369
0.0586315012531
0.0586315012531
0.0409822169849
0.0409822169849
0.0214811619448
0.0214811619448
0.0214811619448
0.0214811619448
0.0428759642632
0.0428759642632
0.0245985121736
0.0245985121736
0.0245985121736
0.0245985121736
0.0466771729422
0.0466771729422
0.0233206293631
0.0233206293631
0.0233206293631
0.0233206293631
0.0246554392173
0.0246554392173
0.0246554392173
0.0246554392173
0.0468117336386
0.0468117336386
0.0492184336834
0.0492184336834
0.0531999797304
0.0531999797304
0.0282957745821
0.0282957745821
0.0282957745821
0.0282957745821
0.0436438953979
0.0436438953979
0.0369895222664
0.0369895222664
0.0472181605827
0.0472181605827
0.0248427108349
0.0248427108349
0.0248427108349
0.0248427108349
0.0235676058162
0.0235676058162
0.0235676058162
0.0235676058162
0.0471439791934
0.0471439791934
0.0498449571979
0.0498449571979
0.0248892784021
0.0248892784021
0.0248892784021
0.0248892784021
0.0236667494474
0.0236667494474
0.0236667494474
0.0236667494474
0.04731720541
0.04731720541
0.0498053210724
0.0498053210724
0.0496859622781
0.0496859622781
0.0269103412938
0.0269103412938
0.0269103412938
0.0269103412938
0.0405344870681
0.0405344870681
0.0493187878469
0.0493187878469
0.0192262640726
0.0192262640726
0.0163917856653
0.0163917856653
0.0163917856653
0.0163917856653
0.0125468198816
0.0125468198816
0.0125468198816
0.0125468198816
0.021747761461
0.021747761461
0.0287956585334
0.0287956585334
0.0428306348314
0.0428306348314
0.0159555844069
0.0159555844069
0.0159555844069
0.0159555844069
0.0221876605628
0.0221876605628
0.0340928566345
0.0340928566345
0.0323366933181
0.0323366933181
0.0208653285919
0.0208653285919
0.0202780165697
0.0202780165697
0.01385041887
0.01385041887
0.01385041887
0.01385041887
0.0333509628806
0.0333509628806
0.0435218480543
0.0435218480543
0.0239736643417
0.0239736643417
0.0239736643417
0.0239736643417
0.0190565517945
0.0190565517945
0.0190565517945
0.0190565517945
0.0215942937138
0.0215942937138
0.0323768730308
0.0323768730308
0.0356439545181
0.0356439545181
0.0165097628896
0.0165097628896
0.0165097628896
0.0165097628896
0.0134898135504
0.0134898135504
0.0134898135504
0.0134898135504
0.0132117015038
0.0132117015038
0.0132117015038
0.0132117015038
0.0216005628095
0.0216005628095
0.0283861590392
0.0283861590392
0.0166346287079
0.0166346287079
0.0166346287079
0.0166346287079
0.010661599356
0.010661599356
0.010661599356
0.010661599356
0.0349473910614
0.0349473910614
0.0115843060977
0.0115843060977
0.0115843060977
0.0115843060977
0.0119324066061
0.0119324066061
0.0119324066061
0.0119324066061
0.0119324066061
0.0119324066061
0.0119324066061
0.0119324066061
0.013440826159
0.013440826159
0.020904933731
0.020904933731
0.0130752614458
0.0130752614458
0.00653763072288
0.00653763072288
0.00653763072288
0.00653763072288
0.0198120635299
0.0198120635299
0.0136006012436
0.0136006012436
0.010521875
0.010521875
0.010521875
0.010521875
0.00443279770662
0.00443279770662
0.00443279770662
0.00443279770662
0.00443279770662
0.00443279770662
0.00443279770662
0.00443279770662
0.00886559541324
0.00886559541324
0.00443279770662
0.00443279770662
0.00443279770662
0.00443279770662
0.00584106063852
0.00584106063852
0.00584106063852
0.00584106063852
0.00584106063852
0.00584106063852
0.00584106063852
0.00584106063852
0.00584106063852
0.00584106063852
0.00584106063852
0.00584106063852
0.00584106063852
0.00584106063852
0.00584106063852
0.00584106063852
0.00935973865988
0.00935973865988
0.00935973865988
0.00935973865988
0.0153886754222
0.0153886754222
0.0136362325608
0.0136362325608
0.0210478710674
0.0210478710674
0.0191277974188
0.0191277974188
0.00956389870939
0.00956389870939
0.00956389870939
0.00956389870939
0.0107124274735
0.0107124274735
0.00594302839312
0.00594302839312
0.00625544464581
0.00625544464581
0.00295142096463
0.00295142096463
0.00295142096463
0.00295142096463
0.00590284192926
0.00590284192926
0.00602035090923
0.00602035090923
0.00301017545462
0.00301017545462
0.00301017545462
0.00301017545462
0.0126043246237
0.0126043246237
0.00315108115592
0.00315108115592
0.00315108115592
0.00315108115592
0.00630216231183
0.00630216231183
0.0110070137884
0.0110070137884
0.0110070137884
0.0110070137884
0.0220140275769
0.0220140275769
0.0097269360621
0.0097269360621
0.00961126435329
0.00961126435329
0.00961126435329
0.00961126435329
0.00961126435329
0.00961126435329
0.00961126435329
0.00961126435329
0.0095953405986
0.0095953405986
0.0095953405986
0.0095953405986
0.0095953405986
0.0095953405986
0.0047976702993
0.0047976702993
0.0047976702993
0.0047976702993
0.0190427169383
0.0190427169383
0.00952135846913
0.00952135846913
0.00952135846913
0.00952135846913
0.0191584467338
0.0191584467338
0.0374739923564
0.0374739923564
0.0187369961782
0.0187369961782
0.0187369961782
0.0187369961782
0.0132684978108
0.0132684978108
0.0175168255909
0.0175168255909
0.00875841279544
0.00875841279544
0.00875841279544
0.00875841279544
0.0094681083514
0.0094681083514
0.0215729598753
0.0215729598753
0.0215729598753
0.0215729598753
0.0188603532017
0.0188603532017
0.00943017660087
0.00943017660087
0.00943017660087
0.00943017660087
0.0188603532017
0.0188603532017
0.0188603532017
0.0188603532017
0.0207260001267
0.0207260001267
0.00766772293907
0.00766772293907
0.00383386146953
0.00383386146953
0.00383386146953
0.00383386146953
0.00766772293907
0.00766772293907
0.00724048464507
0.00724048464507
0.0190403232608
0.0190403232608
0.0212492297787
0.0212492297787
0.0233858078042
0.0233858078042
0.0266036810082
0.0266036810082
0.0128419567343
0.0128419567343
0.00642097836715
0.00642097836715
0.00642097836715
0.00642097836715
0.0128419567343
0.0128419567343
0.0128419567343
0.0128419567343
0.00922949603979
0.00922949603979
0.0180473379179
0.0180473379179
0.00902366895894
0.00902366895894
0.00902366895894
0.00902366895894
0.00903489340436
0.00903489340436
0.00451744670218
0.00451744670218
0.00451744670218
0.00451744670218
0.0210835240079
0.0210835240079
0.0152462901758
0.0152462901758
0.020210947128
0.020210947128
0.0101324354496
0.0101324354496
0.010521875
0.010521875
0.0052609375
0.0052609375
0.0052609375
0.0052609375
0.00935973865988
0.00935973865988
0.00935973865988
0.00935973865988
0.0132859640483
0.0132859640483
0.00953816251467
0.00953816251467
0.00886949874306
0.00886949874306
0.00383386146953
0.00383386146953
