0.107670691326
0.117515917663
0.127013686825
0.108712058643
0.116431680352
0.120165525891
0.132069052714
0.123858487585
0.111233521674
0.094048706572
0.121887245555
0.0992811731732
0.0333845834051
0.0463773337809
0.0304481989212
0.0339714720857
0.0300885409248
0.030445894287
0.133191383327
0.149323879417
0.120100252999
0.123254354955
0.133166301267
0.107297702115
0.160186870578
0.1322200145
0.129693471815
0.120980217218
0.122369182588
0.130168887967
0.15437755677
0.126441545192
0.115434686515
0.12356673028
0.112230754582
0.132474763404
0.0621695550167
0.0564607806926
0.0593252061884
0.0678020730454
0.0742539910584
0.0785673550707
0.132798831452
0.127699791717
0.127170852102
0.142145634251
0.1208389765
0.131964168106
0.145548699927
0.132129427096
0.129522709212
0.137370830495
0.140720809742
0.142391806887
0.127903371089
0.115600373434
0.113698058665
0.111288544536
0.117285029674
0.127691422351
0.132138346838
0.111200210968
0.108724676826
0.103537026607
0.12686059991
0.114357680002
0.155906582679
0.146286820628
0.137323880993
0.15228333674
0.127920496727
0.145105963278
0.118601959085
0.118842807293
0.119542602704
0.133510380364
0.145621367971
0.116899484662
0.118530623274
0.114248432554
0.11536501932
0.117763688322
0.0874231821444
0.0770355066693
0.0760884996009
0.0612290649134
0.065548763301
0.0736330751724
0.0775692532811
0.0711053110223
0.120523422126
0.112391569667
0.090696097352
0.110165910917
0.0943533871075
0.112966490018
0.143553626154
0.138783440222
0.140046907835
0.153949904107
0.137577095565
0.142171940964
0.158683815155
0.144138675746
0.138941358861
0.136668665302
0.14172777112
0.155546530688
0.135978969938
0.145749338872
0.138553876586
0.163695069578
0.12078834059
0.130239798419
0.112699144207
0.115420075758
0.14200274573
0.121257813128
0.133683464393
0.123147007484
0.115954031913
0.120087691919
0.139616168728
0.12720263096
0.117801001904
0.1101550205
0.104600576598
0.110945017182
0.138875983397
0.105893030716
0.0503668662294
0.049407949186
0.0513914295525
0.0472418002197
0.0538138745208
0.037003411037
0.106128926601
0.109864989505
0.0687535580541
0.0518567263023
0.139187686471
0.143605521359
0.145337450616
0.165032971114
0.0867574372206
0.10975843521
0.0918930198396
0.132572756401
0.110288450069
0.115345666679
0.150785589006
0.112178311917
0.114803167176
0.120424154645
0.15382722543
0.117668129888
0.117857385691
0.136415012148
0.230173843722
0.247852932901
0.118659742533
0.0962115266426
0.113604391355
0.110815327335
0.200477703811
0.187714658722
0.183529997015
0.215755911313
0.350610961126
0.177469901557
0.195617789027
0.121875446609
0.125811513496
0.126193435867
0.12295396588
0.177927754531
0.159646538471
0.148961964688
0.144104235128
0.171929646168
0.151843686474
0.156622287613
0.148901884806
0.177462159524
0.12054309943
0.118917651675
0.122693659887
0.126670544694
0.117590100273
0.114116520203
0.116934146224
0.120117213182
0.113929598367
0.126080994203
0.108962728701
0.113405859339
0.141391432506
0.110557470475
0.121436510026
0.105551416501
0.123754373029
0.108610514079
0.119615353188
0.128935500465
0.109538576793
0.139806752776
0.112427837865
0.11721575352
0.132258839456
0.111171684777
0.133915806093
0.115711889961
0.11747179092
0.112949106593
0.110986822466
0.129722729002
0.13109698297
0.117613651728
0.110196641219
0.118696499585
0.112970695311
0.130635111318
0.111857925262
0.118027056792
0.119039623979
0.130667134371
0.115820082451
0.112636179382
0.115113620489
0.135098624325
0.112324699471
0.108419901467
0.135015694808
0.115674612558
0.107271793069
0.11186860518
0.10877675781
0.113963137196
0.129643956906
0.110028962602
0.114900200699
0.111657769374
0.0933463452852
0.0881633775565
0.080921941324
0.0926074674338
0.0825406821749
0.1031602998
0.126091551225
0.0937830901314
0.182214726393
0.19942173688
0.187236600826
0.198655557922
0.134346078841
0.112030606624
0.12549911831
0.103066243661
0.116806102346
0.0923986058042
0.0941049769062
0.107536306033
0.0962877555161
0.119457699204
0.110770958851
0.111210999705
0.120300728606
0.133885306799
0.139757226055
0.118267525448
0.0913908658195
0.0757939078509
0.0732126715771
0.0841055437911
0.0905011583553
0.109314068464
0.103934187664
0.110965205875
0.106584544755
0.10094319096
0.106838936816
0.118598446342
0.103632056288
0.117444518039
0.102053838273
0.109213492519
0.10553727483
0.130680255578
0.115050905107
0.100703288009
0.103661561804
0.10599938436
0.131642287114
0.110312099079
0.100719980478
0.107864376935
0.0987733832156
0.111511997162
0.109770278611
0.128434177723
0.13122627556
0.121795321049
0.120865609658
0.128192257245
0.129790200155
0.128568760431
0.109098518964
0.120929409152
0.129457653929
0.105184979817
0.125586603068
0.111061675566
0.127859290346
0.118407854788
0.113575264262
0.117069681568
0.114749483403
0.122780048102
0.118346739823
0.127616227857
0.113855293952
0.125328006617
0.128346116748
0.115769193784
0.121770140731
0.121100925369
0.114738239069
0.126192834437
0.112382574403
0.120225396173
0.123570844417
0.119205747286
0.114797069156
0.119211597966
0.132238289457
0.113327060766
0.108461170012
0.123501502419
0.121706570613
0.149578313319
0.118370615365
0.108204926823
0.110831739426
0.106597466418
0.151402906474
0.113298263643
0.143358995259
0.115539253739
0.116873352865
0.106824431895
0.106721750287
0.114277705881
0.14244162259
0.117084819979
0.114406201285
0.135521575105
0.106057320634
0.117180335283
0.103414092548
0.113177802475
0.112236066468
0.133615517919
0.136777112935
0.11740486508
0.115243840353
0.112605853595
0.114442576025
0.114078888449
0.111010046079
0.143062539101
0.215490942104
0.147464409939
0.120947564667
0.141563499679
0.122835205978
0.137145480528
0.133689892677
0.14386264037
0.141396521077
0.213245602785
0.21319336408
0.173596403996
0.175632706466
0.187985489504
0.150946692887
0.129035941516
0.150588191296
0.147784321125
0.131915125263
0.151470443697
0.14846542546
0.14548426598
0.147080640691
0.139949392728
0.144111776511
0.144321166531
0.158704596689
0.134874648376
0.134117454707
0.141147961031
0.135006375092
0.151495085805
0.129186984277
0.139530109842
0.153010212434
0.135309844152
0.131943584364
0.141391230797
0.135025198703
0.155902063524
0.134943962281
0.142853933612
0.146378102473
0.137238263796
0.131526519988
0.141292771973
0.0775926111033
0.100934372688
0.100033774909
0.0808752729061
0.171680749434
0.171343244445
0.173992506449
0.0718287903327
0.165466749527
0.152048352541
0.143439473559
0.140711492501
0.134657033943
0.142863243352
0.150923828502
0.139571555682
0.151106846705
0.154545071442
0.245101192278
0.131382103967
0.131771608003
0.267104949647
0.203032448202
0.143926331086
0.156309731979
0.116549268414
0.206910981386
0.143775071987
0.14103920348
0.118586650812
0.19773495941
0.24689189688
0.191588880439
0.244882998038
0.243875213869
0.192866161477
0.183503370305
0.232100752381
0.0586093325378
0.066977310647
0.0642531092428
0.0966234440613
0.151829712002
0.248607631436
0.238995236069
0.149972671556
0.138959403152
0.122529880964
0.124539241833
0.139538906918
0.118115669045
0.144442563277
0.108767991804
0.112465314928
0.138789604381
0.114720802259
0.142844774028
0.118311198817
0.115840220913
0.11400088094
0.121119418148
0.128658543402
0.157561011439
0.128467567021
0.114601940767
0.119021366576
0.109913596716
0.122959706644
0.134248106804
0.167009569299
0.137070771956
0.107424343051
0.107233363287
0.0821396043314
0.154114535554
0.112190863809
0.103280432287
0.0858290148511
0.154084238328
0.121642074508
0.0854150373987
0.103860327117
0.148493994392
0.107523132695
0.100844271346
0.0835194249379
0.104591707768
0.148090070753
0.101076531866
0.0829106941687
0.1438300211
0.113033650166
0.102655019229
0.0852949789409
0.0844043094301
0.0843896265438
0.0857985867096
0.0880961546733
0.135845488477
0.119485295036
0.116816492524
0.107061631713
0.111042415832
0.109382364205
0.14537868916
0.115929811592
0.131725905214
0.110883600032
0.106019288643
0.113556912377
0.104395728329
0.115590713911
0.118744574631
0.145480636225
0.121125648633
0.113048122092
0.109823007426
0.107263111391
0.108189074778
0.115397966771
0.141690989029
0.118882734342
0.152732762611
0.142184346099
0.140997635171
0.154803336423
0.145915653252
0.135807567375
0.156486840238
0.14898439723
0.138255657467
0.128076476424
0.142184170953
0.136449825382
0.13406492668
0.121555686971
0.141099851558
0.119351825743
0.128876559714
0.122144149917
0.116873877529
0.132879055476
0.12216585639
0.128176394333
0.125061558776
0.123717016672
0.129526371145
0.123316537872
0.114931247223
0.132309454051
0.116789634163
0.128741104316
0.137243364501
0.122434304217
0.171384349977
0.159545937683
0.153969545817
0.165696650416
0.160449484033
0.150056897699
0.149716744171
0.148257356339
0.151471666375
0.148407495498
0.046265806042
0.0462800254798
0.0716117669338
0.0888192469171
0.0816206396235
0.0488743659607
0.0389659682936
0.0738974902827
0.0666818858573
0.054382598543
0.055459534876
0.0403800647917
0.0440053100577
0.0942765380927
0.0710897699525
0.0594477158096
0.0408894341847
0.0394027975149
0.0882057133946
0.140319188178
0.129071377399
0.0918813573131
0.090750432201
0.12256696016
0.109857899377
0.0803849091491
0.0720857577974
0.0947867533832
0.078419285091
0.117173117668
0.128737398576
0.0835434593572
0.0837929808656
0.0472321057406
0.051785852951
0.0713889927232
0.0735069277752
0.0488495412199
0.0533375725857
0.0436760771688
0.0458577815502
0.0631449262647
0.0647320077177
0.0489665635391
0.0451815652141
0.0678545764438
0.0677854348686
0.0877876573363
0.0933610007489
0.162137906178
0.164978547578
0.119689029863
0.12295775307
0.114203405344
0.110456004032
0.195050982087
0.146254047911
0.1392222766
0.0768216446218
0.0835107806259
0.0982097781679
0.0820353492294
0.0742285511721
0.0525076775329
0.0489512104258
0.0302825068197
0.0417544340923
0.165742324835
0.0435809191993
0.0496103094145
0.046678086169
0.0672817714217
0.0615761973423
0.164815458498
0.0975838981845
0.102234287564
0.171991149494
0.0905548762895
0.0943034983391
0.172528270881
0.107814340419
0.0998237417033
0.0869800916709
0.0947589347284
0.164062578633
0.163192519056
0.0912760786971
0.0948110193078
0.103202939456
0.100437090919
0.141577117833
0.0959915798909
0.134179181873
0.153547697821
0.0950342777371
0.100662017852
0.0923272637243
0.091443665008
0.118105158394
0.154873139305
0.11137175542
0.156394440838
0.0973472438378
0.0894743432077
0.066464687805
0.0739652710093
0.0773857911126
0.0775383254245
0.0957650132926
0.0973688453403
0.0602112735173
0.0610002484104
0.119241360936
0.0906488157337
0.0882869680706
0.055228496892
0.0596477542095
0.0696643797434
0.0722467786822
0.101884471678
0.119321473382
0.185148099733
0.158871523556
0.157076507663
0.122570271423
0.123088080481
0.0777371308093
0.084145369565
0.0792215272305
0.0764462999933
0.123686052002
0.123794328224
0.172746729293
0.136569137782
0.123134446597
0.107807619389
0.0888745898351
0.124965929983
0.0905646496099
0.114759280019
0.125766236022
0.0904406986728
0.0888472995375
0.103016224002
0.120837360212
0.115992024526
0.137994173633
0.117215402227
0.0771094516278
0.0792447438637
0.0969162352359
0.0992657247036
0.116314053238
0.105902459181
0.119463826082
0.118010862936
0.204960290896
0.148969209661
0.161854681001
0.146893760146
0.15827081422
0.19276496678
0.110194568783
0.113577879094
0.108967627461
0.0953242397388
0.0793452741761
0.0517444858058
0.0741025137181
0.0430446966956
0.050924625525
0.0457312849492
0.0943515480254
0.0928335786543
0.0972530416006
0.123736865474
0.0826545632519
0.0803950448345
0.148827912724
0.148452491087
0.0787719875659
0.0830309504457
0.0831598965819
0.0790346637159
0.105459736934
0.0979541240568
0.1067654075
0.105995470511
0.112477197057
0.107333377662
0.117308720644
0.10577099726
0.116469748151
0.112168167683
0.109963908619
0.121976494141
0.111611965143
0.108171675311
0.0995283237964
0.110789854118
0.123633455275
0.115797562028
0.121612355349
0.115603151705
0.105546889549
0.118871793091
0.107310129824
0.0989596061908
0.0978725858018
0.0938190510804
0.0933051536455
0.0949480145848
0.0949581750433
0.139885504596
0.141370080178
0.194448524563
0.14351664031
0.142012615254
0.186220419236
0.115229449152
0.13836289151
0.14008169221
0.147103649301
0.0809660178847
0.0792833345079
0.0755333775921
0.0739522633743
0.077961992386
0.0491642862971
0.088054657236
0.138613898859
0.154731105187
0.118416822601
0.182477418394
0.138157935705
0.170026276717
0.20882794003
0.122697578212
0.12824244009
0.0832964930311
0.0923180750411
0.0971596409067
0.0658377640261
0.121439920909
0.0535604628021
0.122689342295
0.0999533658004
0.0781193867974
0.0851791414441
0.104980015562
0.155397339563
0.119107355877
0.13843015169
0.148809785471
0.122685999459
0.149925919697
0.134348953294
0.129672601103
0.168329472568
0.158103026233
0.0735009040637
0.141344343196
0.0732950309339
0.104146480152
0.102628889654
0.134055493525
0.0447125111407
0.0182556362852
0.0994550457646
0.124727706197
0.151121068469
0.084605222442
0.0866355623993
0.0658978763318
0.0570700590789
0.087940582953
0.177515989842
0.17175374396
0.128163599081
0.119098680059
0.112876619967
0.188413965561
0.158158572827
0.0916578364087
0.0859350136807
0.199011922121
0.106466092575
0.110838855561
0.114381780844
0.108801516713
0.108270685274
0.1038453483
0.113039667565
0.106513900894
0.107081669879
0.107115244366
0.117901981606
0.111360329041
0.109567160608
0.106400020268
0.123224516081
0.105863603881
0.104996268371
0.0941229996699
0.125356496064
0.11930850386
0.144298555452
0.103822262317
0.100144098805
0.0881563285723
0.132368188711
0.116446027216
0.15853304294
0.143206621606
0.118824459169
0.13137735065
0.134323182413
0.103146545676
0.0983988888243
0.424306201314
0.142579734645
0.111557746596
0.103196619114
0.111131872732
0.143229668808
0.158666335121
0.140295314063
0.136692683708
0.111930730218
0.115408653921
0.114672262564
0.113068228379
0.116992371876
0.114564021922
0.11837473948
0.123847095425
0.112736550149
0.112257888643
0.111035484429
0.110078534627
0.114164332697
0.117017604477
0.1153912932
0.120296385515
0.11135153846
0.116046049315
0.11480700793
0.106964894437
0.119222090629
0.165692209968
0.152659773346
0.131583943277
0.111576497257
0.0898713716697
0.110832056411
0.0963889935302
0.0938324537288
0.13441249276
0.137612932692
0.147537827035
0.127156294734
0.125262827858
0.145448170982
0.0985440105177
0.10992131253
0.135208720833
0.172680546541
0.163119789401
0.0969306549488
0.0876755708486
0.131573991956
0.122028938497
0.150588706742
0.151670136634
0.122738344004
0.134711490454
0.147161614964
0.166755090485
0.0982067173821
0.0964578119641
0.0539333778422
0.0582563905733
0.0575678076415
0.0554682767477
0.0885225368389
0.0862455181645
0.142596937175
0.134043737725
0.111557633932
0.111290018679
0.118442478287
0.117972570619
0.114785873062
0.113835061088
0.108388919244
0.114158216066
0.113437551074
0.114709858405
0.11554748084
0.120491631512
0.106102070556
0.108464358889
0.12695854249
0.109352134675
0.112333659115
0.125288568359
0.0938363525139
0.0938071492718
0.0941182744468
0.077911121278
0.107292547887
0.0599886535237
0.142738288478
0.157114832813
0.120081565359
0.123474625124
0.174033726782
0.1422063253
0.128734986847
0.136222619254
0.111949789057
0.111295956624
0.15614857637
0.165577952106
0.150680652148
0.103052363747
0.0879964332004
0.118677486367
0.0977851185735
0.0968710917621
0.120422720618
0.0963973547999
0.119049282873
0.0879637540778
0.109032908687
0.0787915280247
0.0510987955053
0.103676331169
0.108500270864
0.107675665233
0.115086065519
0.104389295068
0.100433985381
0.103046133908
0.107891856279
0.110352346513
0.111949874985
0.113869419748
0.108848062721
0.109661945114
0.108921270658
0.11031372949
0.11465561066
0.108496522092
0.11133257376
0.110837384134
0.106739864629
0.10519965119
0.106971605498
0.108196672807
0.109733265746
0.108747033798
0.110343873004
0.108847174689
0.110474294856
0.10911376851
0.110617210181
0.114532070298
0.109230100536
0.117240441329
0.108915140963
0.112286129927
0.110915100648
0.110602988594
0.11597962431
0.110253206033
0.114307853162
0.109036529843
0.1130937619
0.10791052644
0.110597853334
0.105755962048
0.112735205524
0.105797082033
0.112885178864
0.118897786342
0.11117192979
0.112862972249
0.107160070841
0.11250743406
0.111674262168
0.120601090851
0.115262019825
0.114094583207
0.113025799726
0.121520231361
0.115191644926
0.112974134532
0.120262805785
0.111494367475
0.106698360731
0.168168180491
0.128372258011
0.123614852516
0.128700383225
0.151704803302
0.149009138891
0.130555033522
0.132113110038
0.113654391999
0.11142301917
0.169309916847
0.111121877064
0.115875813399
0.12951248816
0.136947669069
0.114150674262
0.104453598702
0.11218308419
0.0922396338878
0.0956174974872
0.125797295842
0.15628618771
0.149587585382
0.115242451889
0.114961512612
0.0783895916799
0.0798812025395
0.109482057198
0.126359127802
0.10889632872
0.108616827737
0.136181975455
0.111544285384
0.137692210389
0.153078599507
0.124800469752
0.126809839492
0.199856496268
0.116990804049
0.161348396496
0.150529630671
0.0906579515792
0.0890613522523
0.116539607122
0.141645145259
0.116727680519
0.129130694518
0.11164026744
0.117542132167
0.111599211067
0.11507846189
0.114523409259
0.118973335061
0.108807567052
0.103553132742
0.113543156463
0.107703447266
0.110958974861
0.105937424234
0.118735875466
0.110355287714
0.107579487925
0.113336666382
0.110060369049
0.109305334388
0.110360228384
0.108748042725
0.106598970282
0.105912816207
0.106737231193
0.108804272096
0.106524040059
0.113232398016
0.110070309758
0.109443353253
0.110462490026
0.108745355897
0.110094443423
0.108567489249
0.109857269524
0.110281300857
0.115526018739
0.103206079159
0.114192582691
0.107532299268
0.110799690061
0.105811980128
0.110212381486
0.109040252455
0.11385851929
0.110630563571
0.119138929246
0.119999820485
0.113444236195
0.121615006933
0.114147816705
0.111201299114
0.114315928878
0.106428945504
0.116597376444
0.114937660015
0.11165573754
0.120361444933
0.114286884673
0.115862664896
0.165560534334
0.148614580382
0.137019919224
0.151412721167
0.15306060339
0.106778307157
0.109436767348
0.118446095409
0.116202576563
0.106622821965
0.0982793087309
0.151438696563
0.11456977054
0.154636995092
0.0880200771112
0.0784589694155
0.0975144133495
0.156020901892
0.130528670494
0.180391596741
0.145210475855
0.158103511975
0.276166131082
0.135918041589
0.154132210085
0.132829988926
0.120194952018
0.10513678426
0.103796321808
0.156638994225
0.0983940849508
0.0970473406818
0.113033591417
0.134370975893
0.140918503547
0.166113725327
0.126281671797
0.173160811386
0.148924640364
0.191627332339
0.126589745383
0.164122545865
0.108276299032
0.11474671018
0.141363521167
0.10676463534
0.120046563277
0.115699905002
0.107891730887
0.111797398276
0.111485759043
0.109032255061
0.113023172795
0.120937988317
0.201739591006
0.133897419722
0.0935461974348
0.162248153898
0.192364850626
0.175886424075
0.134700556013
0.135546682867
0.155589646135
0.134821640394
0.141696642898
0.103938805718
0.123092559568
0.125705656474
0.11364355501
0.169513224765
0.143372334607
0.141247729698
0.109622939642
0.186831188766
0.174521827891
0.169762046283
0.155830673702
0.109426804139
0.105687152729
0.17561610796
0.0908712811274
0.0726014149336
0.0836530442533
0.204929231713
0.0605825485549
0.259675546767
0.147340532501
0.214846516413
0.114396649774
0.121612112064
0.251771197545
0.173408676268
0.1302648031
0.136648711154
0.0873311574478
0.140343043453
0.130500206723
0.132075911324
0.12884079202
0.15777128062
0.134385936226
0.158713566089
0.126297092113
0.182258766716
0.165445079068
0.15460271347
0.0980267878794
0.0851777709757
0.140637058775
0.134875466045
0.11264126857
0.110587013298
0.115426318399
0.116580591536
0.119075855281
0.117471113065
0.113510598192
0.103445818773
0.100820810035
0.108631399109
0.103198845622
0.107495773055
0.103300424741
0.144619658522
0.112409657972
0.0992509915481
0.0797706064569
0.0744348770527
0.142732821076
0.115636645596
0.0992695952923
0.108290637843
0.143030720087
0.14394031404
0.131090224976
0.119981771458
0.117606587216
0.110559098143
0.114492891899
0.104249170167
0.121897036558
0.134184272952
0.171755256305
0.123819345172
0.106811885546
0.144826162315
0.119818959282
0.113210342
0.115810077948
0.193221955231
0.150026436901
0.12240021148
0.156679670397
0.146193226135
0.115760309188
0.18465282593
0.1219307542
0.118477003428
0.111376784769
0.114408521309
0.0854287227442
0.110736263096
0.0988239328128
0.101345683667
0.146613229933
0.0998549482977
0.0999032833158
0.0999161758023
0.099905992762
0.0998904721921
0.099863589352
0.125040058488
0.108945258981
0.109872927426
0.124867120124
0.106825645623
0.109734502892
0.125976718928
0.109342039937
0.109279163208
0.125944395409
0.109864598893
0.106701164827
0.124806372396
0.109984319498
0.109259138904
0.125100517692
0.10959169694
0.109735434867
0.117454851264
0.10923415273
0.117432124876
0.107877687411
0.115397636589
0.117495086065
0.112075228911
0.114475619238
0.10654501953
0.115824074202
0.113892289042
0.113770041712
0.116994841433
0.107155321583
0.116895889441
0.113942304143
0.113956265605
0.11600044471
0.105939899001
0.113881168399
0.114624022464
0.12040521032
0.110107645862
0.107265174505
0.125358066134
0.118773523181
0.120279692611
0.1114067096
0.109035387629
0.112900372208
0.110664571675
0.115602989436
0.109697636134
0.112809924367
0.107244947201
0.114783154061
0.111373775596
0.114020836126
0.116811857776
0.112917056454
0.115925368198
0.110952266678
0.112553177217
0.107371884179
0.1144073413
0.111017514963
0.114530108493
0.11508177609
0.11170647505
0.114393722548
0.106580400978
0.11218512412
0.109789352622
0.114353537375
0.108059576445
0.113376459147
0.107180931103
0.109217899037
0.105096961774
0.11519230133
0.109385823355
0.112895804512
0.1078159215
0.110040062367
0.105845999995
0.111190460687
0.108973328446
0.114969272836
0.111425451976
0.110964556404
0.115927090814
0.111958098311
0.117797181222
0.109141042625
0.108747490873
0.102392443729
0.108081080253
0.1010464249
0.105370792522
0.105039439146
0.109718996015
0.106148696428
0.109366854265
0.114255375604
0.11647662893
0.11383267171
0.110718600097
0.106480210555
0.104395398075
0.109592790366
0.10908250405
0.109083961531
0.10790021866
0.107365806519
0.101060779709
0.103383116079
0.102279100471
0.107137618718
0.103578207429
0.143818097873
0.135495393335
0.118771836126
0.0905683229259
0.0837399218675
0.090609269894
0.159546085923
0.120236675035
0.117782562761
0.110513364678
0.0974314967489
0.0970062291693
0.0876153165819
0.0942617929637
0.0895343007046
0.107818229842
0.195390428302
0.19104193724
0.106070400252
0.109957867792
0.12995225224
0.172456521927
0.112867117083
0.112394984844
0.184496338556
0.17663961327
0.158132734491
0.189636634631
0.108015480851
0.0961761799355
0.0955611296626
0.112490725956
0.128851616808
0.0942101332546
0.0928020451529
0.134616062426
0.152660611757
0.127906520415
0.150771365486
0.143770867251
0.178388022937
0.106773816629
0.105741146659
0.088512079104
0.111884086738
0.100204131091
0.101342776969
0.098632171924
0.0982844657142
0.0981800682372
0.0983275948801
0.100675210157
0.118385547081
0.103184893699
0.104837119426
0.124815709627
0.111232972557
0.113767320353
0.128755877558
0.11043243848
0.107458675378
0.123896018753
0.107464839462
0.104759646696
0.123182539885
0.107676179516
0.102864833778
0.118324878369
0.115534449181
0.105214189275
0.113804243935
0.107846206582
0.112169707609
0.113422167994
0.105221279342
0.111948601336
0.107026292902
0.114808641013
0.118215793809
0.109226028665
0.105368597857
0.108570523683
0.106867633892
0.110412713518
0.1115433169
0.112866263213
0.112870613199
0.111774282928
0.11172670047
0.110129133463
0.115110701673
0.113111968236
0.114028387481
0.111611563332
0.108825006418
0.110271707602
0.105829574422
0.109491758587
0.10817374303
0.111615607859
0.107163842399
0.111485007261
0.111474294287
0.10894995345
0.112210954142
0.109622171878
0.113143066468
0.112702555122
0.120323835197
0.11210132006
0.110444825537
0.106743394941
0.109458160624
0.111592111736
0.160300604949
0.161742377927
0.123970028467
0.114649980371
0.117068369394
0.112647683856
0.135207510342
0.171720068256
0.177155198225
0.143334666299
0.111344498223
0.11163580345
0.12071454786
0.147438476576
0.12272982087
0.0986810999788
0.091429659739
0.0979868092629
0.112349939292
0.18024030136
0.14938212527
0.136329083393
0.136573785671
0.162468641485
0.163404745088
0.115952494254
0.108848194703
0.0867556465445
0.11574790764
0.0940677877305
0.0931192244104
0.156835970157
0.129416367005
0.0939657252961
0.0966129020985
0.154645314791
0.127424807869
0.123255814295
0.115198891708
0.11284427668
0.226576399545
0.114839877437
0.0919204236889
0.0601209036246
0.0574033969735
0.116941746546
0.0512050390266
0.0998980818478
0.105218458587
0.183420924902
0.140353597838
0.0508065776565
0.0845225140091
0.0836273963728
