0.0388206043122
0.0452966237052
0.0287466052141
0.0297459002005
0.0425329462567
0.0376329525716
0.0380550860436
0.0361631655738
0.0250124304594
0.0293374148218
0.0331940425328
0.0371501598388
0.052577741692
0.0414137181066
0.0378500934068
0.0389038157366
0.050966124895
0.0476973198216
0.041836026066
0.0489038328692
0.0358338305884
0.0337796587964
0.0472103866599
0.0457503750276
0.036974855966
0.0310532395278
0.0260885584169
0.0286202397367
0.0344185614209
0.0317256659944
0.0372147888496
0.0374161931088
0.0329905720072
0.037488969842
0.0368833952469
0.0409210883501
0.0385012354479
0.0182462298356
0.0236342602801
0.0176925211254
0.0173739286496
0.0208843840259
0.0146377247858
0.0308407538551
0.0468107561242
0.0543080550985
0.0379256362406
0.0432555967055
0.0311685390329
0.0309065312157
0.0414643887538
0.040954000053
0.0423072161031
0.0403618064408
0.0466442740896
0.0397887514121
0.0346678247147
0.0293337570226
0.0217775685233
0.0234089146947
0.0321592649079
0.0302672907374
0.0290521605796
0.0333823013886
0.0571636803341
0.0607978318483
0.0438156096644
0.0484381452218
0.0307815426509
0.0327487944892
0.0459194729589
0.0415499109822
0.0509978492089
0.0486226902218
0.0568308616032
0.048013584833
0.0471887891633
0.0406906010837
0.0318864711569
0.0309488455883
0.0410951329588
0.0442324289611
0.0473657732315
0.0462083609042
0.0343707236361
0.0418865779999
0.0292184943268
0.0331964876963
0.0226535579176
0.0216672854677
0.0315056056019
0.0285381103155
0.0327262444053
0.0318639418318
0.0534463656296
0.042650523334
0.0376148235996
0.0342588132462
0.0281295881348
0.0319778806655
0.0406198654969
0.0400094716466
0.0393186124706
0.0501613684391
0.0508780047242
0.0461777605805
0.0488020375141
0.0455100772141
0.0426393496282
0.0467383190864
0.0438849498195
0.0540430801386
0.0544614267561
0.0584176928751
0.0468459466411
0.0389815299544
0.0393253039216
0.0475284033743
0.0585053103564
0.0530095325099
0.0557986894905
0.0512977216637
0.0368132585272
0.0397775354696
0.0539138092051
0.0493327685446
0.0618563793694
0.0578265817907
0.0519172061077
0.0486524533062
0.0342017618802
0.039500592885
0.0470460746255
0.0511534387901
0.0577276701353
0.0578425133913
0.0533175175326
0.0556798703384
0.0465401183848
0.0372760065163
0.0545226792307
0.0499719669485
0.0536542464074
0.0633811700424
0.0515411777699
0.0501321995831
0.0617222213423
0.0481794892395
0.0477272774244
0.0487463237783
0.047936107458
0.0551911086283
0.07483090903
0.0651718475531
0.0610759871377
0.067214955296
0.0687206372793
0.0648347309453
0.0651294508713
0.0685903801809
0.0548387892431
0.0463992762711
0.0460553345505
0.0418931794099
0.0499867118195
0.0526439757295
0.0518673436446
0.0524153073757
0.0574311071903
0.043105090197
0.0513873544534
0.0411558942989
0.0627292614585
0.0519736358251
0.0412599999246
0.0555407893619
0.0493920438807
0.039488300646
0.0503601587489
0.0621986787633
0.0439808972046
0.0511479415394
0.0424958958998
0.0467067098968
0.0435762367774
0.0473506880181
0.0494879350099
0.0551904179396
0.0371391841588
0.0454309397628
0.0360198144749
0.0489742013134
0.0361884418874
0.0392870395026
0.0355258157251
0.0472304039223
0.0374386162126
0.0514608185229
0.048319565037
0.0380127399696
0.0527387415007
0.051203455562
0.0407844334818
0.0467753217761
0.0537474760118
0.0531875641921
0.047303195102
0.0471513817733
0.0483784393243
0.0449826919757
0.0436079593621
0.0423061222624
0.0708225616787
0.0751026699094
0.0550709067528
0.0424987510836
0.0424901559703
0.0358986825129
0.0387530860935
0.0469104022637
0.057552871569
0.0374339722771
0.0387087872072
0.047520107011
0.0384354333175
0.0412783096616
0.042690570841
0.0419875239869
0.048687382222
0.044835781097
0.0520536210884
0.0489378889139
0.0392761296109
0.0450929791153
0.0363203329249
0.0394031235458
0.0451670265044
0.0423952376332
0.0424056282657
0.0450899177432
0.0429041850911
0.0504197026686
0.0452796661718
0.0376703521465
0.0471536955399
0.049357199473
0.0353188823741
0.0329450038666
0.035108118905
0.0285269871405
0.0291900581561
0.0356337703385
0.0405041164578
0.0365222161742
0.0434361578311
0.0480718151578
0.0367229550062
0.0463197914425
0.0455723012562
0.038325282345
0.0475403141893
0.0531083415371
0.0531931526032
0.0495001199073
0.046981569593
0.0376412135204
0.0397813288087
0.0460272226911
0.0611790093922
0.0515563398069
0.043069410291
0.0370838693957
0.032124105916
0.0351634172169
0.044344533376
0.0487151177747
0.0466218569981
0.0493908144824
0.0306134126181
0.0353694549669
0.027726201539
0.025986909063
0.0397442501952
0.0357420865453
0.038285113166
0.039436973039
0.0452128294862
0.0424676552808
0.0316285136743
0.040776414732
0.041849219011
0.0365877050291
0.0474143378869
0.0490945889422
0.0523979660172
0.0473139003049
0.053767389524
0.0456075718663
0.0480090000997
0.0452255708315
0.0466330798438
0.0479698159784
0.0399864062243
0.0301259420505
0.0333485132401
0.0402163069524
0.0396859184756
0.0382487032033
0.0350563466047
0.0386364926036
0.0412688133667
0.0460155000944
0.0481309800755
0.0502888868704
0.0501249899324
0.0510928902349
0.0446263205333
0.0519259118244
0.0479445136313
0.0480370373099
0.050161086005
0.0467497438072
0.053291454115
0.0503464957132
0.0480921415385
0.0586563698385
0.0359949725803
0.0400207586206
0.0346530742805
0.0369014863149
0.0377408109009
0.0361651504958
0.0377308563741
0.0385961357855
0.0398517290583
0.0437613551841
0.0424180831668
0.0422632408866
0.0488287920044
0.0488117881962
0.0455058834227
0.0519987035855
0.0262306880601
0.0378548104672
0.0266512276185
0.0372420022905
0.03177434612
0.0320975368214
0.0277385382592
0.0222710838891
0.0392710733679
0.041924948091
0.0503089497481
0.0407429560936
0.0584137586017
0.0458245809592
0.0416001729259
0.0383815802902
0.0442265146776
0.0406671395401
0.0542066290191
0.0604274697844
0.0361828030894
0.0422282443393
0.0421590988961
0.0382908905053
0.0600173199697
0.047865105597
0.0733375381578
0.0617157127523
0.0574336382947
0.061727890054
0.0539799870819
0.0714583302184
0.0486192601159
0.0437909546027
0.0452285313835
0.0494449658295
0.07216630779
0.0462664104874
0.0473792466332
0.0517068795346
0.0510338364756
0.0550638404731
0.0525224390779
0.0716512204553
0.0496601155827
0.0480330284976
0.0496154754582
0.0481289683943
0.0540571983103
0.0663961691699
0.0447921307105
0.0738000185604
0.0683577402556
0.0579338992234
0.0501227294764
0.0537236209576
0.078334112717
0.0705174676833
0.0619902460269
0.0576815210482
0.0539962625047
0.0608362184644
0.0710424438484
0.0577167764827
0.0593009568723
0.0622160758295
0.0685784870624
0.0628062337239
0.040867126302
0.048733464059
0.0401906796378
0.0335693418989
0.0599742567721
0.0569156515423
0.0606452851634
0.0581631988119
0.043020416642
0.0476229236603
0.0420237080948
0.0369960907023
0.0576348092435
0.0569095122124
0.065889010187
0.0626212690654
0.0812112270297
0.0602116855238
0.0430143379121
0.0560226045167
0.028714499336
0.0325778273253
0.0315837295632
0.0236288877541
0.0335454022225
0.0363966941699
0.0341438557012
0.0394097137721
0.0438390347205
0.0488662929954
0.0401037092281
0.0688904903024
0.0287957401126
0.0404767659788
0.0293937614876
0.0214976589136
0.014161886652
0.0141491076925
0.0202413426065
0.0181846286493
0.0232370883454
0.0201720498411
0.0299486684115
0.0252381262964
0.0836259417606
0.0663790197336
0.0482641463755
0.0635323136862
0.0451572530242
0.0349542283736
0.0236723524998
0.0231801997598
0.0306848275242
0.0347103388215
0.0345839719755
0.0361561973985
0.038474428271
0.0411122853951
0.0670292194272
0.0550369134619
0.0455752353147
0.0408964662946
0.0431341114385
0.0481199583442
0.0605534489166
0.0576061024703
0.0495846693238
0.0417080889559
0.0404507314114
0.0420160439079
0.0535823911906
0.0563211944346
0.0607156668782
0.0685760691403
0.0440797248155
0.0524325198348
0.0604750494059
0.0383230711399
0.0585604120776
0.0406417495359
0.0509796536997
0.0541809756128
0.0508072918746
0.0553636795226
0.0473608464407
0.0407901159519
0.0550516698951
0.0488332601691
0.0570671815149
0.0523282356004
0.041966649399
0.0451006460432
0.0538069627663
0.0554796783286
0.0531635445715
0.0474039014659
0.0420373622291
0.0434759373689
0.0603669710533
0.052141937104
0.0614132591524
0.0583474521359
0.0510718282421
0.0541458999369
0.0641686001401
0.0534643707918
0.0553653656806
0.0671725902248
0.0599781506436
0.0715122328985
0.0442843273426
0.0436403438221
0.0389834237055
0.0481738841714
0.0499982414793
0.0431431709528
0.0355725311509
0.0387334350741
0.0468279536063
0.0458334857809
0.055647229311
0.0495181958413
0.0398142392223
0.0370702437775
0.0433349975091
0.0443803489814
0.0370118595618
0.0366731397339
0.0428469729108
0.0494254694257
0.0483283784817
0.0430715282728
0.0347906166212
0.0349012042588
0.0412438345232
0.0395501712642
0.0366168955861
0.0346116202856
0.0539262784127
0.0476108548344
0.0334917657091
0.0291104166772
0.0231830432456
0.0230868931666
0.0275979389023
0.0268233190202
0.0202881837032
0.025407879684
0.0362869093692
0.0297873214984
0.0426837750566
0.0518474418443
0.033099490621
0.036486397179
0.0408729493855
0.0418473104026
0.0362441233926
0.0299292189756
0.0424202446217
0.0500756191117
0.0551581944118
0.0524605720441
0.0384205039599
0.0369985258266
0.0433422222018
0.0433181961519
0.035171236261
0.0382298755849
0.0553487339508
0.0537833818028
0.0563284363243
0.0534087401077
0.0452203221046
0.0381242613653
0.0439408385887
0.0389620997506
0.0370335769778
0.0308085887061
0.0502853924059
0.0630905056161
0.054213503274
0.0536330242411
0.0535620366256
0.0536842256158
0.0540929314791
0.0531804259398
0.0501672477336
0.047084982909
0.052738567869
0.0480645722741
0.0577954292123
0.0559381144012
0.046318564249
0.0501142370065
0.0492418334288
0.0519579742508
0.0551139282247
0.0585397187718
0.048256376213
0.05073265556
0.0512394530626
0.0491233237814
0.0483383683181
0.0514706792603
0.0495468088077
0.0473896131995
0.0511900740572
0.0514293064981
0.0487579621979
0.0543198023063
0.0423663971442
0.0468087564939
0.0478647493278
0.0439330238508
0.0448895844178
0.0532439467156
0.0612240234265
0.0589924769765
0.0507241880576
0.0506565358714
0.0373014626459
0.0425788779705
0.0523114645474
0.0552605059506
0.0585955768182
0.0512114043857
0.0506676194226
0.0403668832528
0.0350550036993
0.0423208902861
0.0341894821651
0.0427359854593
0.0530772587612
0.0629475378047
0.070083999879
0.0660822166603
0.048710811637
0.0451505336294
0.0503922874347
0.0513503731962
0.0530451196215
0.0457833792983
0.0470265599483
0.0430288564959
0.0478733815648
0.0530865746519
0.0401937196615
0.0459370229097
0.0440867657978
0.0485730751327
0.0444308775173
0.0571152057173
0.0615774356856
0.0597987400203
0.0553840127602
0.0513667156419
0.0368669146451
0.0392250540307
0.0530312811324
0.0559743291968
0.0597930130254
0.0561033845892
0.0614677157335
0.0585636877553
0.0554149157339
0.0574250872799
0.044041699188
0.0420831716154
0.059392558733
0.0585661968559
0.0639132350682
0.0667795485058
0.0369103644248
0.0475718379065
0.044442214647
0.0345562953291
0.0565754346896
0.0439945801481
0.0583612773909
0.0559172615353
0.0413118519019
0.03607598064
0.0395504345039
0.0454956316145
0.0608392910412
0.0508190739607
0.0481855020935
0.0521434407047
0.0585766894582
0.0687883536313
0.0747011209002
0.0732474307124
0.0472438982324
0.0354111093888
0.0340468593313
0.0311805264169
0.0415146683592
0.0468571401447
0.0423109922603
0.0401624387974
0.050215803302
0.0494023015063
0.0365709258617
0.0445619521544
0.0344915936177
0.0348565008699
0.0454559051676
0.0450436457649
0.0393374932029
0.0353306247867
0.0534171842489
0.0519187357459
0.0461262970817
0.0466138446059
0.037226890627
0.0353068794017
0.0436700043813
0.0407650222336
0.0319731970622
0.0384563912954
0.0525173774304
0.0570372295798
0.047451743548
0.0505531341926
0.0366685518216
0.033811660087
0.0450648141503
0.0453015667671
0.0379018360407
0.0381969136309
0.0537016646766
0.0471323513017
0.049484963109
0.0456386290347
0.0369021734088
0.0354956159026
0.0440305147727
0.0428391275841
0.0350342140586
0.0372720569391
0.0551207345514
0.0519166967409
0.0458539112422
0.0432630273574
0.0355229476812
0.0363762979626
0.0391002070175
0.0389571091423
0.0299350825901
0.038113337707
0.0535472754069
0.0613486332967
0.0429630586198
0.0432562908212
0.0465228551772
0.0531344988045
0.0442885931181
0.046260927902
0.0379174497035
0.033498636937
0.0351846295143
0.0267516777368
0.0287595101038
0.0336688828594
0.0316920326109
0.0370409581608
0.0408745032819
0.0359325529714
0.0340490344968
0.0371313470153
0.0410951203784
0.0376887399495
0.0560189584947
0.0458733155364
0.0442130977418
0.0460247723798
0.0493215231498
0.0465905048743
0.0474073180019
0.0527701535713
0.0503101208284
0.0528947966192
0.0441657337657
0.0505311744876
0.0392386696661
0.0443106966684
0.0508073759098
0.0501573862491
0.0491734241456
0.0485042426803
0.0343368525399
0.0481601513759
0.0373764541307
0.0383649512508
0.0392536547002
0.038925611793
0.0476583378786
0.048374157635
0.0466755316318
0.0450519632066
0.0478047283548
0.0448661450997
0.0536020716022
0.0545059726795
0.0513008961892
0.0539175487096
0.0475758947106
0.059732945022
0.0522203604469
0.0522749400237
0.0551868499026
0.0539117967353
0.056782484673
0.0543087173376
0.0579617272878
0.0519069544066
0.0523965881448
0.0493327485028
0.0507016098596
0.0494097394621
0.0475384529858
0.0476641185877
0.048249059363
0.0480534420198
0.0481843036451
0.048340992584
0.0382459135398
0.0388503058887
0.0377125805486
0.0371516952663
0.0343934702085
0.046713962956
0.0511718314474
0.048872546926
0.0499923244456
0.0501420990262
0.0368711902816
0.049951814884
0.0515360377074
0.0540944566158
0.0545516516157
0.0505440658299
0.0435907834941
0.041631944496
0.0589932309913
0.050224830267
0.054805821606
0.0510592523688
0.0462655453501
0.0675238417155
0.0447853180662
0.0393246855375
0.0354529403947
0.0336103650151
0.0449989343705
0.0446375299571
0.0494643994806
0.0462344460709
0.0448793119593
0.0427885705344
0.0306888257753
0.0334577009255
0.0465745759706
0.037616042725
0.0489423193998
0.0424903603228
0.0341654124436
0.0328891536401
0.0443844165055
0.0451520042853
0.0461705694388
0.0460646326156
0.0414431619685
0.0417060171843
0.0330200880688
0.0307407636937
0.0380591572096
0.0441467042386
0.045600193183
0.0382591686689
0.0306291471267
0.0317927779819
0.0410696655379
0.0429977632838
0.0419763699316
0.0399937953224
0.0357877266677
0.0381955722928
0.030729684484
0.0350741973037
0.0373141179947
0.0455961980988
0.0306301931223
0.0342132300924
0.0217907277148
0.0231059621942
0.029031224097
0.0276771721584
0.0301471184767
0.0301099058799
0.028465963704
0.0278723238954
0.0226453331779
0.0264218975036
0.0388997515582
0.0359413586787
0.0459708746971
0.0413704489896
0.0314501602669
0.030446440444
0.0401291143316
0.0406921579449
0.0420230396175
0.0417178976256
0.0387182971231
0.0346406208982
0.0287940540627
0.0327780466054
0.0525721858392
0.046312202919
0.0449671136215
0.0502399052413
0.0347788179362
0.0362395274035
0.0419286212486
0.0454517853615
0.045250256841
0.0435018254808
0.0391759404557
0.0413942445035
0.0312238388227
0.0335645591803
0.0538314538015
0.0488993861524
0.0439080709486
0.0504134646335
0.0314951396307
0.0390742906827
0.0461044851376
0.0552012289445
0.0524063511947
0.0546681243624
0.0501732873395
0.048058738548
0.0347626172131
0.0313789863554
0.0399087253894
0.0574321184719
0.0637440477359
0.0631048468878
0.0487355834441
0.0614145962625
0.0475106186704
0.0466891463482
0.0317714182553
0.0343402311215
0.0352872912759
0.028739969795
0.040349229348
0.0401076346854
0.0425536772685
0.050568496281
0.0614334476047
0.075452967733
0.0729834321251
0.0512505393458
0.050788652247
0.0618984061569
0.0533982725871
0.0624456183346
0.05225580507
0.0481605528316
0.0335814942561
0.0361199856256
0.0502151548046
0.0478505284496
0.0509319181695
0.0609272562991
0.0610378731548
0.0596140464812
0.0610368613675
0.0407232594964
0.0425878294556
0.0343524026005
0.0540997015084
0.0479958427151
0.0502391386253
0.057779608789
0.0389392696586
0.0585791825572
0.0460566480741
0.0332559433212
0.0417186138122
0.0337068831267
0.0525490831073
0.0492596072387
0.0523411512082
0.054607929101
0.0411655504151
0.038732724598
0.0510235053388
0.051852749848
0.0633442659692
0.0630851895481
0.0656914676011
0.0546224041837
0.0375962721693
0.0413186538482
0.0542218092975
0.0513068503171
0.0632690694077
0.0605062791151
0.0524363376484
0.0478513800359
0.0328580976819
0.0387296154665
0.0426390662944
0.029609708119
0.0541666861572
0.0396282782003
0.0349749722122
0.0295191988073
0.0321308586307
0.0243737133244
0.0204775137173
0.0352549439301
0.0270931840624
0.037371610138
0.0375886082078
0.0491156484479
0.0352125528636
0.0384042425846
0.0510016511927
0.0495618672102
0.0491951156913
0.0544907176391
0.0552121081958
0.052158644761
0.0361764134297
0.0402158072835
0.0500573949605
0.0494397522711
0.0533445541234
0.0573146025322
0.0503544077909
0.0565433800447
0.0364312026865
0.038396600729
0.0519973711337
0.0505172007117
0.0548914939514
0.0570844811583
0.0557798073476
0.0504741964842
0.0378124035221
0.0455672700946
0.0503456622675
0.0399250437921
0.0530542725072
0.0501547679417
0.04562709065
0.0449375261091
0.0430759982935
0.0358286092558
0.035041593672
0.0445798694099
0.0500751852121
0.0498614067941
0.036480145231
0.0368197213987
0.0272039044613
0.0343023007099
0.0344216070364
0.0268322329995
0.036223474012
0.0426877681025
0.0492248147999
0.0502459278988
0.0465659105716
0.0374225252234
0.0363291613733
0.0471815384901
0.0447869199953
0.0361590538982
0.0508963036519
0.0542742269281
0.0396067678732
0.0503623736877
0.0508843961644
0.0403514231207
0.0458918962573
0.0445436107081
0.056071285186
0.0445073965845
0.0500440406893
0.033593237187
0.036989869584
0.0478054133152
0.0469507701336
0.0486597095359
0.0552324504684
0.0563009900761
0.0472859078456
0.0464909178766
0.0538152085166
0.0578401538183
0.0502113632382
0.0448276686639
0.0540358766883
0.0454388254531
0.046329393456
0.048203760946
0.0486211072728
0.050427290996
0.042080964273
0.0352740444998
0.0378265621188
0.032841905881
0.0387764885991
0.0491348740231
0.0328086268664
0.0438179754759
0.0484996109822
0.0508709105449
0.047955332944
0.0576438472713
0.0566364980644
0.0512797916577
0.0592698390804
0.0552880459495
0.0496250620369
0.0459545394218
0.0423502957599
0.0534718705784
0.0526350792277
0.0475073253088
0.0438045342333
0.0535330581249
0.0460831792685
0.0496725501721
0.0555374636295
0.0564032333061
0.0501236995126
0.0498351355436
0.0503030088827
0.0498924940503
0.0510756764352
0.0432066151502
0.0526144005343
0.0565172727491
0.0434367338388
0.0437396708194
0.0410395904975
0.0435662226235
0.085393977073
0.0636324033971
0.0600595866053
0.04225493824
0.0675577393055
0.0895974403398
0.0548165414337
0.0505675809803
0.0594475421278
0.0824651064101
0.0495401989099
0.0540801223059
0.0478146675601
0.0341801367219
0.0478463409293
0.0368684331148
0.0773930286744
0.0750009063242
0.055011996445
0.0519584476429
0.03467360493
0.047746179308
0.0362892369682
0.0463515627722
0.0758876159144
0.0507524595428
0.0484709533565
0.0549279616223
0.0476966019481
0.0336512881718
0.0442255719842
0.0386057565334
0.0350250823576
0.0435753910807
0.0350243007907
0.0307905978686
0.0229511759119
0.0247909548771
0.0313608094937
0.0306329914838
0.0394743081958
0.0441259722923
0.0300629642716
0.0449718542464
0.0391843119966
0.0305822775759
0.0303909956229
0.0452354476493
0.0414378604452
0.047757153052
0.0423805283607
0.0466617563457
0.0457193178147
0.0332637998083
0.0424794008857
0.0260499713662
0.0240887325507
0.0412455871287
0.032647402261
0.0314901777327
0.0412631382668
0.0386172228693
0.0404050981022
0.0371415205854
0.0311167500712
0.0297775140698
0.0416840084112
0.0426592402058
0.0437221836202
0.0278793029017
0.0318091441337
0.0263042847523
0.0345722620017
0.041241506695
0.0302213635561
0.0451163527553
0.0390208631079
0.026683600408
0.0458888357795
0.0517732930007
0.0603932875892
0.0577900480519
0.0468444353017
0.0435294913384
0.0509734373475
0.0464833440802
0.0455227976655
0.0403640506726
0.0357561134973
0.038009163398
0.0482330402259
0.0455938748742
0.0491205466675
0.0463151611899
0.0462638896532
0.0452343354609
0.0579977632433
0.0442092061511
0.0431738937641
0.0382925324574
0.045952474299
0.0472942796135
0.0419864022126
0.0430980161714
0.0460157542214
0.0436766397503
0.0454399974966
0.0375059569946
0.0384025828157
0.0385574767278
0.0355942418665
0.0366148823066
0.0376531433443
0.0362568107318
0.0556563977985
0.048097522593
0.0506228494981
0.0479277121367
0.0522551845864
0.0493089045972
0.0445710182894
0.0532773629949
0.0552270103394
0.0474241243266
0.0397287714817
0.043449881533
0.0308736644366
0.0334469032561
0.0460555470211
0.0455243363855
0.0477734628938
0.0486496462777
0.0666339358625
0.0561237236946
0.0553481095351
0.0481044575505
0.0440524329804
0.0426743936086
0.0333385315268
0.0375424501149
0.0505667405153
0.0428893339348
0.0482439078369
0.0435304581956
0.0634023681644
0.0517483146407
0.0608270241373
0.0486897032196
0.0658276078974
0.0320546867403
0.0382747847954
0.0403644206101
0.053005315651
0.0424603218159
0.0372134102695
0.0632000928201
0.0508850470042
0.0676833210147
0.0552675025294
0.0492246824212
0.0536505280723
0.0388755794517
0.0416293063401
0.0759437113374
0.0636842847079
0.0459942351204
0.0587480538138
0.045125017769
0.0426714319051
0.0784772844248
0.0569033055678
0.049477547892
0.0541237641987
0.0488557151184
0.0445680162433
0.0352796670994
0.0469084322967
0.0380351509821
0.0377743242272
0.0434994217392
0.0288409941571
0.0335137638551
0.0289017354742
0.0266332516878
0.0339470028281
0.0311272594254
0.0501584730127
0.0417832725367
0.0339834330499
0.0333032003648
0.0451594496538
0.0448536711628
0.0441456561303
0.0443484036661
0.0365861808583
0.0339236490049
0.0544051995536
0.0454581068327
0.0388483915349
0.0304275805604
0.0248092761935
0.0273083658156
0.0353309356428
0.0374082227055
0.0319929239751
0.0349269026114
0.0254882261787
0.0230968173234
0.0420704131766
0.0356298095691
0.048568488529
0.0402980586507
0.0326572874141
0.0329037605296
0.0476093932066
0.0452144595306
0.0488297218704
0.0456951220577
0.0312839657836
0.0356178976269
0.04757940663
0.0530896193545
0.0425806277878
0.048698233767
0.034401664022
0.0297569074178
0.0418706507664
0.04499486415
0.0446592695341
0.0468664817445
0.0352187062133
0.0363593080083
0.0428012154769
0.0477314961383
0.0379662053601
0.0335934356861
0.0252782283641
0.025680069229
0.0323700526747
0.0358072094589
0.0314043552721
0.0361864949884
0.0269689065747
0.0293462686758
0.0311699516713
0.0394789656628
0.0488199463459
0.0445122154155
0.0338034697863
0.0329294381355
0.0424087326647
0.0465279388107
0.0526842325657
0.0390314520956
0.0352105974776
0.0418088693178
0.044439497842
0.0533540425816
0.0485105524634
0.045452041884
0.0381771186016
0.0384249340044
0.0520649333264
0.0502738958387
0.0583549429628
0.0524766259194
0.0448028576942
0.0421688335333
0.042620155827
0.0383993833631
0.0532295696699
0.050293163213
0.0609106331033
0.0499925016163
0.0481702144738
0.050167833964
0.0533641101939
0.0363711593562
0.0525877459252
0.0378077719701
0.0465331707571
0.0569570198412
0.056303048367
0.0488834483497
0.0548968614229
0.0515889517964
0.0584210917988
0.0560091453054
0.0512874119366
0.0517407256859
0.0500074128904
0.056282027159
0.05640733441
0.0580047481369
0.0563424832411
0.0476724355918
0.0551652071708
0.0478632568392
0.0563243844135
0.0514719650219
0.0430082653344
0.0551789140894
0.0432303687568
0.0473278561431
0.046168387877
0.0488867850163
0.0335575018716
0.041888356776
0.0378661177445
0.0378160548784
0.0335284285502
0.0386196484936
0.0475909546405
0.0414051355099
0.0504192714991
0.0492932450821
0.0474135644013
0.0466515032043
0.0523055084926
0.0483744678766
0.0552255640823
0.0560931384887
0.0499114129448
0.0540433132208
0.0542470583813
0.0555733049537
0.0565692920372
0.0540742148949
0.0535154388597
0.0535335287852
0.0601529109727
0.0537375210284
0.0526669045415
0.0524967453634
0.0489867834794
0.0602524810093
0.0468550348725
0.0524605706355
0.049136659229
0.0467419561422
0.0530546980635
0.0533347798903
0.0449067091543
0.04696622706
0.036190178849
0.0432122763087
0.0398372508467
0.0459490683155
0.0497547440499
0.0545289522223
0.0401569654778
0.0313501169186
0.0358522898835
0.0309339105895
0.0436715204601
0.047119553193
0.0356905016792
0.0440733940473
0.0319421879119
0.0339200769213
0.0410801243624
0.0452242176171
0.0354510643941
0.0310881838673
0.0373935808825
0.0367431750983
0.0405254250101
0.0446879016357
0.0477066526853
0.0497998843006
0.0313514329739
0.0397926131251
0.0535609083433
0.0450001840127
0.0288105840581
0.0365556906283
0.033209229118
0.0322110436839
0.0422905851269
0.0403410025322
0.0443727974242
0.0501422648742
0.0413462731106
0.0280274714301
0.0616872414025
0.0362447829418
0.0381388027875
0.0452296362453
0.0344657131909
0.0266171799833
0.013631913172
0.029444951489
0.0244966667858
0.0205511053136
0.0206692477154
0.0379127665042
0.0274670721293
0.0391616889238
0.0337448654933
0.0372754991901
0.044061280249
0.0429045770248
0.0341567913926
0.0317595904684
0.0227393943966
0.0302128609374
0.0252210487448
0.0259620543077
0.0400786930597
0.0272091936977
0.0317206450078
0.0349543664314
0.0241000496438
0.0351228733296
0.0247294808119
0.0293835791758
0.034048825234
0.0321986214249
0.0554187404589
0.0387310042586
0.0462128365236
0.0441739305776
0.0470734987853
0.054755625949
0.0364443732574
0.0378440264566
0.0342101380338
0.0329646852429
0.044406674884
0.0421684528807
0.0512973314748
0.0447069771297
0.0496226583162
0.0491340696284
0.0446890092346
0.059504601406
0.0514100585318
0.0459016617926
0.0662200875427
0.0347682060679
0.0435519419908
0.0387057301175
0.0451672513228
0.0403757712401
0.0362925550481
0.0426659849039
0.0429253994189
0.0563497792507
0.0458647418034
0.0555575425257
0.0480687217072
0.0514823515003
0.0426053537792
0.0451872674216
0.0309859701842
0.0347631722653
0.0498872043109
0.0490459981334
0.0401426201021
0.0418036155965
0.031777716015
0.0331404249746
0.0290856627982
0.0321639119969
0.037737550768
0.0414304078343
0.0477099447784
0.0546274939736
0.0326503147928
0.0344252312869
0.0414334124887
0.0384185226791
0.0411117502546
0.0417614317211
0.0482027466569
0.0351729585458
0.0362697946661
0.0336296203185
0.0431213670392
0.0501170366337
0.0358358442974
0.0567016699592
0.044281080258
0.0486333320382
0.0523193523327
0.04803553159
0.0493083441213
0.0460088731225
0.0423155555923
0.0385496697147
0.0380350436737
0.0380985374114
0.0343880537262
0.0399124156996
0.0416735023635
0.0442579492312
0.0582251456353
0.0636441557142
0.0741666559451
0.0573610983486
0.0519566070721
0.0274316208363
0.0346112351356
0.0546058262366
0.05190810088
0.0610695445731
0.0451812124988
0.0380997244422
0.0502722337941
0.0519199468954
0.0464172757807
0.0459289148321
0.0409507438336
0.0272069032005
0.0374988760662
0.027339458845
0.0264838776884
0.0349053117902
0.0354979507318
0.0326596494955
0.0318984295573
0.0312855205303
0.0283752196256
0.0292785343835
0.0298775689947
0.029102668825
0.0343177520517
0.0323230167141
0.0374629490707
0.0338817066507
0.0356318651164
0.0324638484853
0.0362215515053
0.0354555751145
0.0493221287259
0.0374170305892
0.0423562344855
0.0432449386547
0.0555837613765
0.0361047045007
0.0424908552443
0.0487572188665
0.0429982705273
0.0526581762423
0.0607458575625
0.0705372171533
0.0459346964718
0.0268997860229
0.0308221812643
0.0489576388613
0.0394849189961
0.0281529018792
0.0209026008013
0.0481882315294
0.0322012048881
0.0465149465509
0.0363726542634
0.0497991921857
0.0437649560646
0.058462946657
0.0279986982927
0.0463364893976
0.0345244313485
0.0344076952939
0.0268193054476
0.0362518460824
0.0438685936825
0.047338946746
0.0383979511621
0.029415048646
0.034420872805
0.0577408069835
0.0389142491521
0.0416911537647
0.0378278416393
0.0398281159514
0.0328363937256
0.0382042879915
0.0344515173647
0.0371739169188
0.0346137485674
0.0548557800918
0.0511309865098
0.0459452232034
0.0396986295901
0.0394028617964
0.0491502182353
0.0313426814967
0.0490141910512
0.0518438011685
0.038898800022
0.0464776059992
0.0536337951932
0.059392438417
0.0607672997031
0.0495800264979
0.03157819553
0.0390514519035
0.0476735861254
0.0384771860358
0.0377965629149
0.0273356221941
0.0397832300071
0.0275956979894
0.0394700346545
0.0605524936592
0.0550119617003
0.0422141053117
0.0496858313885
0.0512521062414
0.052292849211
0.0518430078916
0.0396675434529
0.0437611615639
0.042455667954
0.0469731513196
0.0544237351091
0.0438237869463
0.0395276608855
0.045897353607
0.057815072062
0.0482119868049
0.0428902036909
0.0346921477593
0.0398050256337
0.0352481202768
0.043258580428
0.0402834289339
0.0346433634362
0.037977055065
0.0372987336204
0.0488568254775
0.0450668737034
0.0624700518469
0.0536052267703
0.0488675057579
0.0417695646745
0.0410743955904
0.0578510901179
0.0642753398419
0.042595295019
0.0481294385853
0.0541288175282
0.0418041827448
0.0393876036823
0.0284676497648
0.0371659951657
0.033696798203
0.0420083915069
0.0457782574958
0.034588523101
0.0332513363527
0.045847569967
0.0348920235878
0.058558972089
0.0648037644064
0.0534719905757
0.03037966298
0.0331369659937
0.0427765077887
0.0443930527978
0.0396040206932
0.0644650552852
0.0577576222797
0.0513499293799
0.0449772672709
0.0477484164206
0.0301653083557
0.0351231186002
0.0510853892342
0.0457059643696
0.0318313607897
0.0424284316537
0.0677096365153
0.0491360982355
0.0501275356933
0.0412943799678
0.0405112735522
0.0425860718732
0.0351653866367
0.0373571696382
0.0565434014871
0.0407343155282
0.043983446628
0.0429922721709
0.0412596484051
0.0313215380309
0.043764308665
0.0655608835001
0.0536126357092
0.0509561594396
0.0733328787891
0.0539249030255
0.0378258021567
0.0431904778696
0.0682070220525
0.0520613269591
0.0400988610347
0.0453783314607
0.0384005853584
0.0466579687744
0.0362928068567
0.0377158572297
0.0411497371304
0.0428422612713
0.0387163421924
0.0573661514966
0.0552663121519
0.045899581287
0.0510751204672
0.0497315087019
0.0565217426593
0.0479373788319
0.0396440869988
0.0499067994975
0.048463726293
0.0533359192225
0.0487768049816
0.0430574011677
0.032155553655
0.0433360842287
0.0362217940069
0.0416971929223
0.0377191019178
0.0390456605712
0.0461913626126
0.023801222824
0.0312665171544
0.0378043794593
0.0383562418097
0.0385518993749
0.0547772555106
0.0416650914713
0.0435121278999
0.026056261967
0.0401212602394
0.0453225049802
0.0369763693381
0.0388774968964
0.0633060908596
0.0497738265554
0.0319609263665
0.0358221368428
0.0383552668761
0.038398806175
0.0398627310556
0.0309892730429
0.0448628973023
0.0357659731552
0.0386999544671
0.031912887529
0.0242002380917
0.0351352088176
0.0365996730893
0.0313240645733
0.0363540926068
0.0341055082185
0.0341179049677
0.038595260089
0.0243204548045
0.0308775792476
0.0311753199711
0.0362411354293
0.0394161630398
0.0328830868069
0.0353529559537
0.0216436599456
0.0281868380403
0.0421291287228
0.0452481927864
0.0385748251175
0.0317528443581
0.0367809793228
0.0447922126573
0.0393302722115
0.0357880941174
0.0368151451721
0.0227152235843
0.0317225775264
0.0254734171496
0.0299066759729
0.0323656607883
0.0307489095512
0.0347500268344
0.0244435921806
0.0261047537291
0.0336173542357
0.0365190340009
0.035667346784
0.0445808138909
0.0417500962953
0.0450333652075
0.0378978996243
0.0576140293217
0.0496693874455
0.0371760716628
0.0417724475488
0.0386812194697
0.0522924914768
0.0488224312824
0.0322345867406
0.0334235722856
0.0369539234484
0.0390381411971
0.0424993264544
0.0449681649229
0.0363322047003
0.0287191833247
0.0288942507069
0.0488187645247
0.0353853117628
0.0475300412414
0.0536530146555
0.0498207031283
0.043365842233
0.0440702400434
0.0374200957173
0.0396704194864
0.0522325851947
0.0463749102882
0.0457021342751
0.0469882364995
0.0492502265517
0.0462445243663
0.0348311761812
0.0323357873204
0.0439465081862
0.0465802457349
0.0493103779946
0.0502485741241
0.0450766144314
0.0457039943259
0.0372088635891
0.0379201246673
0.0465376518252
0.0471610865951
0.0468937377
0.039522250167
0.039031909145
0.0343290803881
0.0426318830407
0.0426198242302
0.041146823695
0.0399450217087
0.0400504491184
0.0373325998369
0.0363726505227
0.0451253081032
0.045936208646
0.0424464715723
0.0417337524478
0.0429558464064
0.0360145045299
0.0345592295621
0.047025419866
0.0418324140492
0.0424225633799
0.0431113664783
0.0401809007083
0.0357941955602
0.0334263034612
0.0452404962808
0.0433308114645
0.0316360459977
0.0367713672819
0.0283293952733
0.0381087784172
0.0437721368023
0.0422982991504
0.0377280926343
0.0276391125629
0.0367372143681
0.0374662079587
0.0598847962347
0.0369088678527
0.0380872949257
0.0414769987519
0.0338572453517
0.0330456689745
0.0374274667999
0.0281692416118
0.0380447097765
0.0340789939046
0.0313174981796
0.0375980342701
0.026703475878
0.0369133814333
0.0327642439354
0.0316036120643
0.0372005393787
0.026899356171
0.0369261157987
0.0326152421681
0.0443584401166
0.0507794001789
0.0461906459046
0.0452583806955
0.04936532724
0.0409720963566
0.0417126027848
0.0543858585315
0.0480870577411
0.0448807371266
0.0513728567756
0.0440857130158
0.0441304966765
0.0508681049624
0.043740866049
0.0437378502486
0.0506823229164
0.0440355151813
0.0458358883294
0.0456014970238
0.0453480299223
0.0457259148673
0.0455777065058
0.045550101273
0.0538003153238
0.0505876185566
0.0454724681426
0.0431011376347
0.0459920492304
0.0609557354993
0.064271018805
0.0575320415406
0.0455314747276
0.0439605997243
0.0325948985005
0.0340298291594
0.0412971558087
0.0418251006092
0.0400165908569
0.0388165106527
0.0443127760885
0.0572569107256
0.0642507846871
0.0405898760037
0.0509127383571
0.0586278648541
0.0494626922089
0.0575973182471
0.0501822636864
0.043655037861
0.0384708331005
0.0556124430128
0.0463452054452
0.0586279194918
0.0410572302109
0.0565695970439
0.0476646485128
0.0557255356154
0.0682562150009
0.0473724690584
0.0523191574223
0.0595669657756
0.0450503550653
0.0349228175791
0.062955504283
0.0478794079866
0.0488107051642
0.0611353532458
0.0552801112378
0.0481456567407
0.0533306157266
0.0518371797283
0.0488452637869
0.0279442160136
0.0332927605192
0.0452503246717
0.0430311792308
0.0425328388952
0.0465454193063
0.0441557841242
0.0488227244851
0.046577115131
0.0491328030226
0.0420185500393
0.0432408462918
0.052761141115
0.0533235964931
0.0517799730762
0.0445588894779
0.0442069273057
0.0401287373871
0.0334690349894
0.0345564905985
0.0412302450032
0.0442954017739
0.0428097792434
0.0467300577347
0.0430438744625
0.032223891435
0.0275805001054
0.0336217125174
0.0292874467732
0.0411380726572
0.0333469707337
0.0344402820988
0.0461129268379
0.0379954903915
0.0483265382954
0.0268515465328
0.0440274781639
0.0352483844642
0.0383880412487
0.0390141476401
0.0374028252646
0.0342725399387
0.0393986125422
0.0507736211185
0.0419788693213
0.0437087971007
0.0350249285612
0.0311143379288
0.0525051799747
0.0535361905618
0.0350501420107
0.0560633006125
0.0448666463068
0.0386422477634
0.0351311863569
0.0364075780948
0.0470232529023
0.0369544706061
0.0360637036916
0.0337621656651
0.0374697564511
0.0461513264997
0.0430436169516
0.0430755749869
0.0455184603451
0.0536505137878
0.0402182555902
0.043482547569
0.0355721306189
0.0409938047633
0.0403151227257
0.0444657484928
0.0346253489287
0.0211300075094
0.0451855443085
0.0423884001347
0.0364051271294
0.0293723391869
0.0321133583295
0.0314907353004
0.0340902201572
0.0347038277476
0.0356579877255
0.0354559156552
0.0264848293866
0.0363529198455
0.0323994392386
0.0436008549287
0.0481936805475
0.055329711145
0.0438443664286
0.040564993625
0.0421395289862
0.0289434835111
0.0297837080676
0.0411365056827
0.0454259286216
0.0470275037021
0.0492598872681
0.0518515382068
0.0394851931701
0.0616275975963
0.0381960550534
0.0413311169027
0.0364843384065
0.0410696439253
0.0396078644682
0.0459304749294
0.0656312467328
0.0595854489373
0.0500665755084
0.0436025874644
0.0323798753798
0.0588535756697
0.0355843028677
0.0516433494825
0.0406480653472
0.0312788195533
0.0558763118489
0.0559464976669
0.0552759710773
0.0496375890293
0.0438077670097
0.0781993092249
0.052252785845
0.0719533521415
0.0595406677495
0.0408698446623
0.0345210046361
0.0487002710898
0.0509628752907
0.047934291945
0.0492838366725
0.045194420632
0.0456676273719
0.0449994375432
0.0548430097355
0.052523932571
0.052489896537
0.0485510315738
0.0449993904975
0.0499900654646
0.0463663734789
0.0482615362699
0.0515892173792
0.0514341117349
0.0491742319502
0.0514873654822
0.0480830624925
0.0459118654202
0.0468254851027
0.0487473535872
0.0531306255642
0.0499885742928
0.0301517573407
0.0342012362719
0.024734000132
0.0331624440364
0.0356056788924
0.0444247868479
0.0342805185069
0.0314275077345
0.0362183889157
0.0428276004254
0.0447713907748
0.0331997574938
0.0376783613099
0.0336853616775
0.0410343648212
0.0368491243691
0.0367914239254
0.0475991970388
0.0491511377875
0.0551002029231
0.0479025930764
0.0478644040346
0.0400760343895
0.0336543532089
0.0332688726322
0.0475532520856
0.0474419556347
0.0494164605072
0.0530767440516
0.0446520255801
0.0439224465019
0.0443329103766
0.0341484238218
0.0348132922613
0.0467646511863
0.0483107908876
0.0461621152575
0.0395796786428
0.0418944087437
0.0549741151175
0.052492144166
0.0568270287331
0.0661170155481
0.0527662442699
0.0380298903739
0.0302753170775
0.0343210648848
0.0456924073558
0.0554747315754
0.0590839216004
0.0500778295067
0.0430246242454
0.0432288917569
0.0518248651435
0.0506762294461
0.0521785042978
0.0491693731592
0.043590646838
0.050815813681
0.0518506661775
0.0498747726435
0.0670849758949
0.0417806894367
0.0413685464138
0.0543834118776
0.0551765290161
0.0458432831249
0.0433731152299
0.0582707123535
0.0377546038156
0.0373941985029
0.0554402647351
0.0461730561659
0.0772455333022
0.0444720382492
0.083933479382
0.0510181516431
0.0554745601012
0.0504588617678
0.052172259808
0.0450954153388
0.0469699557392
0.0451062047106
0.0504006120182
0.0602439108166
0.0388580853105
0.0546493547919
0.0463350813488
0.0469984267521
0.0486925083577
0.0512981728779
0.053210749687
0.0507335168189
0.050057229011
0.0536537535474
0.0480496466707
0.0416250305954
0.0337558157046
0.0513052011483
0.055052423914
0.0520917426976
0.0464957724543
0.0458057976839
0.04716076038
0.0500472830107
0.0436737297346
0.0361575108306
0.0490711099528
0.0462829742747
0.050651104054
0.0428361266919
0.0436575006531
0.0355317569059
0.0364747200031
0.0363897504139
0.0380720406466
0.0338939246743
0.0363822771319
0.0384611974091
0.0353428915699
0.0352482648102
0.0338113552275
0.0350643568639
0.0335737357549
0.0448786215905
0.0486744003108
0.0487660237725
0.0485719697146
0.0455752702342
0.0477404755347
0.0480953410714
0.0490686155226
0.0479139008392
0.0457423679885
0.0477237237667
0.0455722521849
0.050987553208
0.0514069451292
0.0507867338959
0.0506466180276
0.0502452234177
0.0441209224348
0.0480064423196
0.0392838045641
0.0520539032784
0.0522924635014
0.0517032939546
0.0509821410559
0.0514078237216
0.0514243328786
0.0508580211996
0.0424348060321
0.0424233191762
0.0333461240195
0.0345313717109
0.0435982386253
0.0461616567875
0.0507554917898
0.0508324548041
0.0514359362721
0.0464500423594
0.0526727484254
0.0465803071892
0.0401844914843
0.0251493072718
0.0428674370158
0.0450009261069
0.046384994644
0.0373428547515
0.0341188656144
0.0500376116819
0.0426516092203
0.0452974346682
0.0552810997398
0.0535411296117
0.0457656275387
0.029966930856
0.0321413898733
0.0289626055962
0.0416965923039
0.0399019363793
0.0413728327125
0.0468835320312
0.0428748421674
0.0502106630132
0.0396020823742
0.039797988407
0.0447446431253
0.0497924559006
0.0529682384821
0.0448041878481
0.0362405140035
0.0320969950372
0.0399755564373
0.0503306071728
0.0464113087263
0.0341077635932
0.0416238923447
0.0488991685491
0.0514548634221
0.0520261363612
0.0425846279101
0.0421514468006
0.0525358680901
0.0548042872511
0.0602333353881
0.0534746766489
0.0297045114778
0.0342740990862
0.0416979647629
0.0437047225525
0.0574302207682
0.0614208974163
0.0456674544353
0.0383352144091
0.0376236077104
0.0407385797031
0.055072722408
0.0470553415451
0.0386318268581
0.0310318995055
0.0428258878539
0.0392507742544
0.0339829742423
0.0364314683387
0.0385452690948
0.0544905776113
0.036728844224
0.0374063768805
0.0469028584837
0.0422899582112
0.0425341168878
0.0353566931707
0.0337146086587
0.0427721854299
0.0475743123192
0.0483378561606
0.0428794674463
0.0501960200595
0.0489876225498
0.0481501267947
0.0464140747694
0.03912826899
0.0441333773735
0.0339034467136
0.0362885795352
0.0438664698996
0.0568514848054
0.0632241543877
0.0589847402263
0.0582033720814
0.0467173107232
0.0468081662029
0.0432903917959
0.0403306163062
0.0404815271636
0.0357431284489
0.0353693646431
0.0552640442293
0.0527802859539
0.0478950839005
0.0477759604742
0.0476045037207
0.0434464758631
0.0443885557349
0.0421649700117
0.0486191482638
0.0493555583427
0.0537519783967
0.0371011082866
0.0500300515031
0.0474973080881
0.0494816531531
0.0485761361961
0.0478860009163
0.0485670840951
0.0486146751285
0.0440920818672
0.0374458340067
0.0471242051151
0.0450195366373
0.0348980744796
0.0477589377475
0.047364299648
0.0529724029583
0.0509757708237
0.0513237338646
0.0529636063983
0.0529111854979
0.0461750505977
0.0515226510417
0.034749234182
0.0349853557738
0.041266727652
0.0442301659432
0.0454032086455
0.047527423538
0.0503186482049
0.0472559787394
0.047037054707
0.0377906375643
0.030923072052
0.0375163144342
0.0502163204189
0.0480650764956
0.0501544425467
0.0466031695639
0.037031231119
0.0251470973118
0.0327787705184
0.0362955548974
0.0339970351264
0.0332325991003
0.0284045994012
0.0345279254124
0.0272123336134
0.0363154432101
0.0404205931527
0.0462506319409
0.0545603454707
0.0468083042393
0.0447089483893
0.0513916701441
0.041966498024
0.045151452561
0.0527081926117
0.0492842978132
0.046009942012
0.0461575872204
0.0456868760936
0.0494528213876
0.0394316283478
0.0486968269231
0.0496623723171
0.0412028304245
0.0445020993189
0.0576356924939
0.055133176429
0.0498786492859
0.0472433541426
0.0491445979213
0.0508545834704
0.0586871999791
0.0419345295548
0.0504730568525
0.0661339364567
0.0451518059868
0.0517042228906
0.0465437354358
0.0405455738792
0.0429196892125
0.0504115347519
0.0491464409498
0.050131155215
0.0459024895146
0.043989761046
0.0433554877397
0.044035328483
0.0486101930755
0.0432753830635
0.0473015794591
0.0392930894754
0.0537944994813
0.048410380548
0.0609334735833
0.0541810369447
0.0402822867666
0.0379823168611
0.0512127196488
0.0446203587452
0.0460865165688
0.0394150317379
0.0603620710855
0.059506623367
0.0489675984453
0.0562458354844
0.0558344610945
0.0514867571938
0.0504558802294
0.0475724617693
0.0348925212659
0.040179468651
0.0316586342171
0.0435780719457
0.0424449838055
0.0423163989894
0.0448181193795
0.0350375141031
0.0400963427642
0.0347548743086
0.0347273273639
0.0382642089937
0.0373456094482
0.0346642342578
0.0282488159799
0.0289217267416
0.0270638960553
0.0263585784156
0.0328398606173
0.0331525432599
0.0328447935666
0.0333268547232
0.0308788670114
0.0337463717235
0.026893663602
0.042122818537
0.0447445052419
0.0513757971097
0.0335686415339
0.0345842678344
0.0374259368998
0.0420417375192
0.0445487642593
0.0357714959206
0.0437653577296
0.0425812316468
0.0347619852484
0.0455280846571
0.0443774512389
0.0427041633776
0.0465165355922
0.0360792945731
0.0424369710375
0.0459823146832
0.035381079785
0.0409749758747
0.0380460094192
0.0329026365731
0.034342195534
0.0482194323609
0.0492730633093
0.0491498172812
0.0470086849581
0.0468561128875
0.0485961208362
0.0435027093849
0.0440866078801
0.0372997454705
0.037710309405
0.0451594602405
0.0459523173015
0.0483325859079
0.0483633847379
0.0489783309779
0.045494582246
0.0438417202408
0.0380008520973
0.0372428158958
0.0486519729305
0.0406778758413
0.0457857637054
0.0472248183875
0.0444355423899
0.0409205864727
0.0428194397679
0.0351121259529
0.0377826261323
0.0460690094911
0.0474655362098
0.0487738582974
0.0482468910389
0.0481709713093
0.0477982219963
0.0441204555944
0.0447507547473
0.0372804786875
0.0385320836495
0.0456421214737
0.0458143079752
0.0481412350198
0.0480176357279
0.048957049373
0.0454632033082
0.0442601329809
0.0388085593906
0.0372786460083
0.0488977446955
0.0415324214415
0.0402606795242
0.0406312749082
0.0427548272477
0.0430915031301
0.0313356823413
0.0306322270235
0.0349934106237
0.036234876833
0.0436289149558
0.0401442357328
0.0368979265342
0.0411220801582
0.03303344691
0.0458452946299
0.0455996036668
0.0423162180952
0.0458115729834
0.0352365442399
0.04237616127
0.0421072613668
0.0338804300239
0.0438589860765
0.0429508919744
0.0416501024481
0.0454370222752
0.0354153522433
0.0414330575452
0.0453117118366
0.0297091250407
0.0333393301738
0.0340635767545
0.0346999371405
0.034453236808
0.0341522733473
0.0352567979026
0.0377069235861
0.0244913511656
0.029512137983
0.0366387366793
0.0329866199392
0.0380171580194
0.0273417951
0.0365258584629
0.0335624383073
0.0340823020437
0.0327896422588
0.0329995342228
0.0311177379398
0.0320576278527
0.0264231470956
0.0267295104886
0.0325539852843
0.0327670593098
0.0329949565724
0.03353303224
0.0308020465031
0.036289333578
0.0230330995814
0.0449354556574
0.0351312819799
0.0404303197195
0.0405229801663
0.0445625426518
0.0514327445915
0.0328123971687
0.0396574845978
0.0493854384196
0.0471742850539
0.0494452942028
0.0485923133936
0.0412866268734
0.0444678320702
0.03660623174
0.0462921536364
0.0454843905992
0.0419844132278
0.0425044018404
0.0317253279439
0.0429162496895
0.0439872436352
0.0438363111278
0.04602524774
0.0374659692703
0.0471814181664
0.0399651330995
0.048864098175
0.0534425051777
0.0514005618757
0.0516877599428
0.0515747453929
0.050483914451
0.0495125987664
0.0414234778603
0.0401567757148
0.037378200065
0.0382850872796
0.046630944114
0.0470446782749
0.0521895448884
0.0485028964599
0.0485505862335
0.0527652744895
0.0454916005537
0.0472184441952
0.0382441071716
0.0514336652634
0.0399185791857
0.0490054952534
0.0450859439776
0.0459559721539
0.0481896136143
0.0441789957974
0.0397646553799
0.0493158152198
0.0436168789359
0.0446323605112
0.0493611191797
0.0393282126283
0.0503120203973
0.0426148544821
0.0423997774783
0.0379916830279
0.0435518711778
0.0399163663929
0.0466267334411
0.0440662626908
0.0465614160876
0.0384973710289
0.0423037912689
0.0419274006738
0.032007433267
0.0328462887358
0.0348400252763
0.0397016366867
0.0304048761282
0.0379735757675
0.0340397171393
0.0378790560699
0.0465299799758
0.0448062326766
0.0351586723654
0.0426892990229
0.0457890728356
0.051057084328
0.0437736760996
0.0432237419253
0.0404903871247
0.0395746460149
0.0383542173724
0.0343071242505
0.0450028519287
0.0469635349391
0.0285975368845
0.0490297059157
0.0390035677419
0.0549430871401
0.039774270446
0.0351319181962
0.0394417938666
0.0373544699918
0.0404009746638
0.0379904436238
0.031577028672
0.0403385326918
0.0414080632204
0.0410008856716
0.0432885121278
0.0486766841346
0.035297922987
0.045634111511
0.0445213673838
0.034388356248
0.0387757296183
0.0394682215854
0.0406081211375
0.0424083647921
0.0447566896108
0.0532074834199
0.0475888582572
0.0446390420926
0.0437751204605
0.0474220850446
0.0373268841278
0.0512537697601
0.0384975507063
0.0357256480101
0.0444995375219
0.0446234399542
0.0337021159974
0.0385756620796
0.0405744853622
0.0426049570829
0.0532048147544
0.0508884455344
0.0387939098634
0.0352444811889
0.0409986268814
0.0296217645695
0.0445210067251
0.0397300354624
0.0335533961098
0.040671935892
0.0368113185548
0.0383028255731
0.0415216364761
0.0477881774512
0.0504758256685
0.045116790478
0.0468001472612
0.0432803723596
0.0489803071364
0.0538851450405
0.0398783808944
0.0424896417223
0.0406984147932
0.0528232712032
0.0332467594054
0.0324709727611
0.0345635390795
0.0344474383688
0.0305068230018
0.0382322865663
0.034414510365
0.0338947368609
0.0450918641484
0.0410804247375
0.0475065513757
0.0402233775232
0.0438074122698
0.0434602063365
0.0337733146528
0.0434094956367
0.043580665099
0.0405335100084
0.0386148452507
0.0375171041614
0.0467867827917
0.0436358868628
0.0449177936163
0.0492956320208
0.0383771638009
0.0502945037444
0.0434226999459
0.0444625292832
0.0363845535957
0.0352311252908
0.0370778468595
0.0385636149951
0.0466641592452
0.0471877822975
0.0526352485777
0.0490632836163
0.0491186914062
0.0533346558324
0.0455848701378
0.050363655184
0.0415796607908
0.0396505919143
0.0450024844199
0.0357469921633
0.0456480613118
0.0445144651727
0.0409822830305
0.0414756633842
0.0303865259664
0.0422026260733
0.0431149135015
0.04318729986
0.0456280555604
0.0393133785715
0.0455517434577
0.0352690570597
0.03332943179
0.0333076131067
0.0309474477914
0.0322162790331
0.0267792062742
0.025896819583
0.0325306324457
0.0328842949057
0.032906096972
0.033492055028
0.032735032661
0.0338313016176
0.0319818561652
0.0302318203343
0.0261931443765
0.0389198891555
0.0457194912439
0.0355522697404
0.0432516156548
0.043250279934
0.0352414950933
0.0454732802392
0.0444123736445
0.042679265175
0.0466779669534
0.0360257960187
0.0467003331454
0.0448520840778
0.0445768434203
0.0461440676845
0.0360266049113
0.0437884713061
0.0423628204421
0.0425965495953
0.0375015106831
0.0464053678881
0.0460386815177
0.0486207291217
0.048402615553
0.0490083829289
0.0455227272085
0.0438589529411
0.0378436636556
0.0371729646274
0.0466386183683
0.0458924098785
0.0483559972637
0.0487102178512
0.0472659519933
0.0482084808494
0.0443596074502
0.0426465419675
0.0387505920016
0.0468062798361
0.0459076059787
0.0483658802598
0.0480485125143
0.0489984585806
0.0454769554163
0.0442666246703
0.0385725023552
0.0372279624544
0.0464616640273
0.0457145340269
0.0481090427736
0.0484108414681
0.0489944667715
0.0498368253083
0.0503961155904
0.039308619672
0.0457488589316
0.0353150296152
0.0424182533656
0.0422335081307
0.0338870321301
0.0438882872924
0.042942341809
0.0416568360813
0.0455921520241
0.0352852741671
0.0461015649122
0.0439405074819
0.0447173516544
0.0458943703041
0.033255903937
0.0417720639167
0.0388309045118
0.0447865790906
0.0500271996803
0.0320904076268
0.0330717886074
0.0328438253567
0.0311614018736
0.0320836189857
0.0264291955365
0.0267318661672
0.0325466324619
0.0327317505935
0.0329965518111
0.0331142081816
0.0329333878277
0.0339988699712
0.0328504943221
0.03652949641
0.0275730228425
0.0342203732909
0.0386793299025
0.0430985677755
0.0420759680707
0.0438953053772
0.0359876233994
0.0459772945125
0.0447917992112
0.0419600379211
0.042384628019
0.0317126608859
0.0429235386484
0.0439970630521
0.0439621865477
0.0463376572742
0.0364400137595
0.0444706634126
0.042799267536
0.048334371122
0.0486158888488
0.0491178019108
0.0444102795613
0.046339383036
0.0367784245025
0.0454356923726
0.0462297768584
0.0518401820087
0.0483438314768
0.0485282496258
0.0523493870437
0.045484189399
0.0451379968107
0.0381086495036
0.0375104363138
0.0415295094059
0.042958422715
0.0491688489823
0.048113836201
0.0468388318952
0.0373191172975
0.0367485365784
0.0480037261979
0.0388528016854
0.0498882179116
0.0461712153207
0.0423217013018
0.0476005666381
0.0379231581025
0.0433833280339
0.0523398712962
0.0504943936223
0.0265314148505
0.0352448373263
0.0336322361248
0.0429543485057
0.0430781041593
0.0390771246642
0.0461788369932
0.0491208045283
0.0390293933491
0.0400983052476
0.0407431182995
0.0289129332874
0.0389822540865
0.0645168342123
0.0582467557802
0.0519427669141
0.0573127019884
0.0382044446393
0.0386222205918
0.0389905423085
0.0442968352889
0.0495226495605
0.0497154209521
0.0589493432029
0.0562270672965
0.054179357587
0.0515295278791
0.0532580979299
0.0499154536289
0.0512115132071
0.0342684367864
0.0372774782172
0.03900934728
0.0275297497644
0.0396807264796
0.0466085639784
0.0542631173724
0.0605851978981
0.0540621862639
0.0526475749855
0.0475847602833
0.044288143413
0.0375500090289
0.0291617369453
0.0443788953041
0.0469880252907
0.0548471518827
0.0512263744942
0.0462288104718
0.0451255766792
0.0577127292082
0.0477531479486
0.0511848483288
0.0323007308894
0.073282893784
0.0391748318331
0.0413508333354
0.0511577678202
0.0504057070624
0.0462464842295
0.0473742371117
0.0476853296083
0.0427924752154
0.0506396026349
0.0394679612574
0.0324673222964
0.046141636883
0.0477376773288
0.056825860284
0.0478870961951
0.0455910973599
0.0414840017427
0.0442261313599
0.0456799928035
0.0407029277078
0.0340533941048
0.0425089535343
0.0437333455551
0.0396603260772
0.0282667156284
0.0403629737497
0.0392987541208
0.0516257879775
0.0482704162603
0.0652498104625
0.050148395238
0.0476380550838
0.0559515416212
0.0511453418237
0.0482849153558
0.0528941804592
0.0476974296082
0.0494026409449
0.0563623835739
0.0547885171399
0.0361134703474
0.04258178281
0.0462231757002
0.0368514598432
0.0388469703462
0.0340683757799
0.0439138410614
0.0375233235273
0.035434140956
0.0354406992915
0.0335009339381
0.0366200724954
0.0293448934461
0.034624328566
0.036410623249
0.0346868616675
0.0379210703216
0.0455737485855
0.046035060389
0.0495910820958
0.0479735700092
0.051470734751
0.0442390713397
0.0522734491089
0.0515666851469
0.0512755467295
0.0327576979473
0.0249897681738
0.0407953400111
0.0496339799246
0.0527077701571
0.0542203249912
0.052249922773
0.042083659965
0.0432628740267
0.0366457130835
0.0357252386328
0.0426869875649
0.0588611181248
0.0623193697053
0.0509511629
0.0694353876575
0.0606322427746
0.0351880869674
0.0408800899884
0.0725272957283
0.042842199675
0.0490542757247
0.0381232262351
0.0602637604774
0.0476973339766
0.0477786398251
0.0682650026951
0.0577288635257
0.0377564661513
0.0404721930232
0.0427203849251
0.0543871273005
0.0508540433962
0.0408547714097
0.0456991313837
0.0294799440956
0.034926196261
0.0504673861709
0.0497798623371
0.0394798180936
0.0467944026692
0.0388290976211
0.0546240893219
0.049475515658
0.0449307824658
0.0658080144697
0.0532978915101
0.0499810116826
0.0708545259698
0.0380199182938
0.0566941197759
0.0359072918192
0.0418520265295
0.0413891866779
0.043247443348
0.0447944989799
0.0471027957025
0.0463486966775
0.0489234178708
0.0527442310773
0.0313405472938
0.027017265885
0.0523529226337
0.047240388109
0.0282140106024
0.0300511544602
0.0538493935213
0.0237010247774
0.0345304848096
0.0314356958735
0.0495215173846
0.0555332503469
0.0539662164614
0.0452164264091
0.0385437314804
0.0543032296267
0.0633073038226
0.041792284512
0.0221619558071
0.0350443969527
0.0414769564912
0.0250239467001
0.060442091224
0.0500440309919
0.0316134664645
0.0403408757869
0.053200895748
0.0325235631609
0.0323242023868
0.046389220797
0.0509953678833
0.0389841619484
0.0478873541352
0.0345039369456
0.0549779356398
0.0389758704039
0.0474555287399
0.0551123701705
0.0512702103068
0.0691715381229
0.0598585985423
0.0485392538365
0.0795700100132
0.057742892284
0.0470135503806
0.0513020684881
0.0409915840915
0.0425226035506
0.0479103738384
0.049132734369
0.0478219307729
0.0554829402107
0.047157814387
0.0424740462705
0.0344609109142
0.0385828720213
0.0364328190005
0.0358994610467
0.0467582987522
0.0456870521165
0.0494159926674
0.0483777354452
0.0447226780262
0.0325816565659
0.0400842830458
0.0373256673556
0.0450009014476
0.0335978182692
0.0390446280466
0.0484239190199
0.043825796605
0.0463625296004
0.0437654157344
0.0402397072668
0.0389335135149
0.0457228334376
0.0466297536527
0.0552786009146
0.0495998688898
0.0506135506398
0.0531808732649
0.0488873342171
0.0508212510918
0.0511759435398
0.0523817567521
0.0468228144118
0.040646693378
0.0355730681677
0.0408229325626
0.0404119762186
0.0473696872792
0.0446488545287
0.0531980712213
0.0427890474237
0.0386975155893
0.0367080862744
0.0477492217756
0.0464816086678
0.0435904955713
0.0451677641465
0.0468968742178
0.052506659732
0.0523307969608
0.0529399069954
0.0503854581264
0.0489195159147
0.0500577153253
0.045222646058
0.0511298082446
0.0507280981497
0.0520298000341
0.0518679263833
0.0518379535415
0.0444474755316
0.0413769196793
0.0504220053724
0.0467072012935
0.0492426572265
0.0350494708557
0.0261973172557
0.0325476796202
0.0505900495161
0.0483429654052
0.0503553919526
0.047478406573
0.046286810555
0.0342192249789
0.0342179947315
0.049231464973
0.0354233267833
0.0334877323976
0.0337319819304
0.0324836038228
0.0446860007964
0.0387960588084
0.0348113741946
0.0353521921752
0.0484197464545
0.0473107445783
0.0482737789635
0.0462901573776
0.0476600134529
0.0434634944506
0.042855660192
0.03551904254
0.0371800866598
0.044642627112
0.0468807099227
0.0535734620722
0.0520547545724
0.0467069852753
0.0426313058135
0.0448024533705
0.0406064616151
0.0391191328042
0.0431875076022
0.0461095818271
0.0420600028293
0.0442361515169
0.0535164605198
0.0431622906575
0.0472907170978
0.0383948579021
0.0422471883648
0.0417403711803
0.0384863120425
0.0351600985787
0.0513836334638
0.0476751791899
0.0369471936736
0.0345207910995
0.0334374408247
0.0459892256809
0.0491159258951
0.0405027816447
0.0422358448052
0.0348134019316
0.0379641222913
0.0478372277548
0.0477206129955
0.0431866300682
0.0531278817262
0.0477864283279
0.0437351390882
0.0568370513958
0.0477164632609
0.0584075033376
0.050522377302
0.056245712276
0.047484793678
0.0440293934694
0.0511096432837
0.0524090067511
0.0574943219979
0.0536866166378
0.0456699621673
0.0504639368999
0.036597498564
0.0428991666829
0.0442799054076
0.040288843264
0.0458779767443
0.0537032655713
0.0658721276466
0.0503748799464
0.042142777119
0.0383744572815
0.0454215844517
0.0497856816885
0.050006205145
0.0462891699959
0.0432838877042
0.0447857865276
0.0463794501774
0.0414191605353
0.0455992617895
0.0467026589381
0.040334194452
0.030030643601
0.0351886798229
0.0377655498831
0.0452239189205
0.0361047033444
0.0335535729375
0.0324939332994
0.0454628589122
0.0404075051243
0.0523631928833
0.0666975137644
0.0330587925481
0.0447398153624
0.0492771420846
0.0418858113546
0.0340263389327
0.0330782330683
0.0296923858015
0.0336113255472
0.0413033171176
0.0425458034195
0.0370961418911
0.0372196423883
0.0374863753202
0.0381497602146
0.0384063892458
0.0345730859249
0.0404968119604
0.0389912448567
0.0449730625654
0.0449526392432
0.0450134681675
0.0450168890088
0.0449647462177
0.0449819922323
0.0473790440254
0.0398536330455
0.0398952242046
0.0476126594922
0.0400203620691
0.0399055535255
0.0477273353996
0.0399731647264
0.0400930679149
0.0477031626779
0.0398147652102
0.0401409098864
0.0476115904946
0.0398385937093
0.0398601768224
0.0474052179885
0.039490553693
0.0395706350831
0.0379070583039
0.0280299687063
0.0372264811043
0.0326194845681
0.0339028929519
0.0374894455786
0.0281701504764
0.0370880491412
0.0315262108056
0.0343986256067
0.0382623269891
0.0290547209289
0.036312241268
0.0322652122014
0.0313594197132
0.0363812798618
0.0288595695895
0.0378944460836
0.0355149599671
0.0310014564676
0.037302404349
0.0278737173042
0.0373230288863
0.034571723645
0.0324938318603
0.0371180563136
0.0279394405145
0.0375380572346
0.0344939802066
0.0341546013241
0.0447752852993
0.0403951343436
0.0366997740947
0.0347281422322
0.0440813731298
0.0411126832832
0.0463527523729
0.0472687799631
0.0438937455534
0.0377394476379
0.0355229570794
0.0415235267611
0.0407847759764
0.0450959877063
0.0487435832629
0.0483215609917
0.0390175071681
0.0436801216384
0.043196775539
0.0334627076056
0.041656306146
0.0446843870017
0.0388508299619
0.0484253283785
0.0491304269922
0.0464648124973
0.0395150055597
0.0403881636519
0.0353772719777
0.0371702107885
0.045130773693
0.0470256476374
0.0473702084818
0.0398906927618
0.0439639043198
0.0346986426084
0.0366968256426
0.0416551548972
0.0453930338875
0.0468565692886
0.0472139624392
0.0506228944257
0.0442356312309
0.0447314196762
0.0367896622791
0.0377084890547
0.0453984451007
0.0441231831834
0.0456117782649
0.0484199360604
0.046342819641
0.0390519540468
0.0472465625099
0.0467325199465
0.037756855223
0.048083485452
0.0467288977269
0.0475385088767
0.048595287719
0.0431871018621
0.0378747208001
0.0478495593045
0.0436674574183
0.0449781642159
0.0492574247661
0.0381636529569
0.049578750827
0.0462437257467
0.0423976283512
0.0478848922151
0.0382878974389
0.0442338146051
0.0485032296345
0.047176855923
0.0453708614794
0.0485597975287
0.0376754298368
0.0450608943496
0.0477579975186
0.0390528539252
0.0477179725766
0.0483282353256
0.0449176435836
0.042403558917
0.0436475102456
0.0378749432214
0.0372466202373
0.0461387545428
0.0457644021862
0.0508244560653
0.0503595923311
0.0505610629555
0.0512744883664
0.0455545995025
0.0467800910992
0.0373413777781
0.036672043429
0.0441354012678
0.0468030231322
0.0482808443998
0.049524968281
0.0483948106135
0.0438380592564
0.0409980289934
0.0359132814444
0.0402677263108
0.0489007323813
0.0498760826081
0.0502929382881
0.0507246372528
0.0512743474039
0.0505146244323
0.0498544104327
0.0418124225917
0.0401059338251
0.0368683795105
0.0388258347575
0.0467330236288
0.0472383197649
0.0526299837071
0.0490382145525
0.0491014143009
0.0529366937514
0.0456015489188
0.0454145574536
0.0387436778663
0.0372353354023
0.0414611256139
0.0430920900151
0.0489283184435
0.0498103676354
0.0499722019178
0.0516624032169
0.0413736533651
0.0502366705418
0.0327719762832
0.0475820325052
0.0350503654916
0.0433868951566
0.0407792685654
0.0444078040482
0.0452086370454
0.0451923299708
0.0452906985076
0.0457095268323
0.0395412211301
0.0404138432062
0.0489336617884
0.0524823390998
0.0556608015585
0.0497344523821
0.0471300139042
0.0478734589363
0.0481440071908
0.0408272861304
0.0405365344608
0.036148967741
0.0358536854199
0.0413776288938
0.040442909057
0.044564482323
0.0412888084362
0.0440626686296
0.041808377533
0.0402579449139
0.0430437920461
0.0330099759558
0.0392228494149
0.0390893177926
0.0422091677899
0.0491809706653
0.0328843669794
0.0477811482788
0.0448576088056
0.0451039402626
0.0481485940024
0.0468580085959
0.0402408442224
0.0432841736639
0.0359202526643
0.0454157866536
0.0446325780904
0.0409904920601
0.0415021819205
0.0303941334375
0.042146916217
0.0435748301904
0.0432189998327
0.0448466044179
0.0356633781207
0.0434324855891
0.0414206404648
0.044839370873
0.0461912196894
0.0421706416554
0.0437330775762
0.0496052940484
0.0412235056281
0.031740344129
0.0423211749399
0.0336285686316
0.0269459409191
0.0359212881311
0.0360605095507
0.0270712750865
0.0354360963691
0.0339261207289
0.0331219124326
0.0360227995383
0.0274045318583
0.0335204736829
0.0329643123867
0.0345950037705
0.035107709674
0.0352858422292
0.0346057084638
0.0326128452722
0.0354830662963
0.0317546273834
0.0278454570353
0.0307660701724
0.0369260189323
0.0366194393354
0.0327992423732
0.0270763047343
0.0359502865822
0.0327847759568
0.0339627180262
0.0327961408608
0.0336167768083
0.0312994969635
0.0325035066208
0.0269270780192
0.0261088154552
0.0329363491178
0.0332906546251
0.0377279426795
0.0375217883473
0.0329098138395
0.0311500238966
0.0292244964131
0.0354696017315
0.028981725802
0.0391404796253
0.038728555809
0.0480290712294
0.0476849094707
0.0455084760845
0.0463685390138
0.0425369618237
0.0414933594973
0.0371548267857
0.0369580092774
0.0450218933929
0.0434190261223
0.0468842897653
0.0460499414093
0.0447786298249
0.0457352450146
0.0318969690589
0.0305802358909
0.0348614979207
0.0362723570287
0.0468562551638
0.0429815327274
0.0390284526766
0.0428732054284
0.0335718929285
0.0474154551965
0.0462347335469
0.042585374794
0.0469584183664
0.0386705177901
0.0445754073731
0.0431799981466
0.0337843296833
0.0429758498846
0.0404514297871
0.0390730555651
0.04200821762
0.0393845748434
0.0419300692944
0.0291563992376
0.0460271924601
0.0446331808882
0.0495540153722
0.0451642756908
0.0446127157078
0.0362646415404
0.037489421994
0.0460608957385
0.0473880154757
0.0489875471388
0.0497246419437
0.0492318803109
0.0462232292184
0.0421358682909
0.0426963507295
0.0355854804431
0.0371989455461
0.0450048051163
0.0464117346767
0.0506542541536
0.0515420755605
0.0504477100078
0.0464588688095
0.0414428292762
0.0373990157146
0.0427224360238
0.0413397288558
0.0356117706832
0.0393667951267
0.0492259842065
0.049577478302
0.0494279731936
0.0439334288154
0.0445843339773
0.0442241568259
0.0397946314027
0.0401940740585
0.0326936905818
0.0357462210617
0.0413082377151
0.039520979547
0.0431318406393
0.0324465996162
0.0422205505802
0.0365515023532
0.0375957583827
0.0355080567622
0.034897670321
0.0276123684999
0.0476936098951
0.0373446294317
0.0341387683264
0.0439103814984
0.0457324225213
0.0523934031826
0.045094267867
0.0360583854337
0.037022733825
0.0425948466699
0.0474290284222
0.0539880660886
0.0440376949302
0.0461100856809
0.0403529153252
0.0415045723501
0.0382363546898
0.0386636977454
0.044507430662
0.0448025181514
0.0642899201922
0.0320849538234
0.0390670770817
0.040214341656
0.0447021808614
0.0527420105704
0.0675556782575
0.0745793511579
0.0572643955974
0.0386734837616
0.0559427964423
0.045549706655
0.0502012914796
0.0503463685728
0.0262374360333
0.0427790652437
0.0433171558729
0.0453580383299
0.0363643469007
0.0386392088099
0.0374053547784
0.0339448300049
0.0431170925047
0.0508798400963
0.0528919896543
0.0586756468256
0.0437796693532
0.0545139783604
0.0481016208173
0.0559274186861
0.0541223726568
0.0440542112709
0.035168695352
0.0379329983489
0.0344886510449
0.0407611961393
0.036016050138
0.0312607822717
0.0529236749791
0.055122374107
0.0464457857348
0.0480474181806
0.0420380249939
0.0455389986948
0.0554126167241
0.0484243573332
0.0363659819749
0.0352126001407
0.0338306411681
0.0386460310545
0.0501255644364
0.058289634685
0.0405702079404
0.0336555606651
0.032711370104
0.0339939146423
0.0375584994156
0.0453785820855
0.0482175079295
0.0417545064278
0.038034823256
0.0447970587958
0.0447867718235
0.0446097504191
0.0445857668323
0.0451755066645
0.0451886412993
0.0552880575678
0.04128577172
0.0404417698477
0.0544888531076
0.0437048522282
0.0415146127919
0.0476531903237
0.0400579247647
0.0400970856777
0.0475846834423
0.0385188368763
0.0420201871899
0.0547323204714
0.0495705582893
0.0490187781309
0.0546099493468
0.0406921873627
0.0414690602512
0.051688718514
0.0491635656453
0.0329134123246
0.0546861024967
0.0323786903635
0.0478777168598
0.0424895585856
0.030611454513
0.0482548833415
0.0327574942072
0.0384073488167
0.0280577055972
0.0363146803885
0.032248729325
0.031485170541
0.0360737799879
0.0275512264504
0.0358009403762
0.0333927297844
0.0345865299565
0.0440568429392
0.04246165501
0.0483720067143
0.0422675970295
0.0376571923062
0.0468382701624
0.0449479164244
0.0332248166121
0.0521938075721
0.0339452988955
0.0430893735448
0.038489050545
0.0249615201681
0.0302045720417
0.0347524785389
0.0397105545963
0.0507105481714
0.046799481821
0.0460658401133
0.0361285612661
0.036932755611
0.0424467013877
0.0426142690026
0.043224360394
0.0423865286256
0.0433663304063
0.0369544147403
0.0361354102664
0.0435215240783
0.0461333340994
0.0431127323603
0.0322931889633
0.0304431570871
0.0337650795473
0.025498698554
0.0329804588155
0.0357205487223
0.0306380904307
0.0334142367309
0.0285749194728
0.0363130220289
0.0334245900097
0.049608513053
0.0507128289781
0.0471576885311
0.0506890484686
0.0391088151179
0.0454198832863
0.0464279970921
0.0475377229511
0.0359490527992
0.0445554639655
0.0442193969662
0.0437291520843
0.0478604585397
0.0358325928653
0.0486342700715
0.0472563650632
0.0475782466544
0.0326904947724
0.0446786100833
0.0415643302271
0.0457576196473
0.0431240894018
0.0328499062904
0.0407549491875
0.0388759264277
0.045352498545
0.0489967625849
0.0495344626669
0.0488838580387
0.0498525966697
0.0493362708727
0.0460196856003
0.0451719422445
0.0357457542774
0.0348009910521
0.0460323865051
0.047213562396
0.0506231387775
0.0523858879614
0.0494082962359
0.0497332888108
0.05105827221
0.0534809536562
0.0485699915949
0.0397008520194
0.045256373797
0.0522295044782
0.0497905530107
0.0504914638994
0.0514198549425
0.0482644774774
0.036727141889
0.0473883093508
0.0444527062929
0.0454655258558
0.0482113257626
0.0359310829599
0.046746880188
0.0439242209762
0.0459483008235
0.0466016852949
0.048315770085
0.0506954126346
0.043718387704
0.0464929760376
0.0489619553733
0.0467710340367
0.0449756712656
0.0446206106648
0.0379343035691
0.0415443153394
0.0333919460263
0.0446165856331
0.0458699097866
0.0410297327781
0.0453275855491
0.0329856591414
0.044190335981
0.0443901455479
0.0469201961753
0.0440299306681
0.045986058428
0.0367732791328
0.0365631717038
0.0344858687894
0.0344555020838
0.0348227701967
0.0322843924811
0.0330848090125
0.024669184196
0.0294662029397
0.0317917411312
0.0251733620327
0.0342298997519
0.0343083219008
0.0434806886667
0.0462592687828
0.0477084510022
0.0471280804707
0.046882622336
0.0453305332625
0.0420482910542
0.0438216760494
0.0336095765115
0.041001399175
0.0417863037921
0.0344286337995
0.0444824615919
0.0441253101563
0.0428710830454
0.0526069853785
0.0429663016959
0.0447301439127
0.0375086759947
0.0475077509544
0.0515337628983
0.0459282396336
0.0487374916539
0.0365860862467
0.0481094881943
0.0461465590432
0.0424024639601
0.0390640652735
0.0517982774164
0.0470014007962
0.0468837096919
0.0482427262933
0.0353041638675
0.0427137534253
0.0527201944626
0.0553700526742
0.0487958430058
0.050994423435
0.0569326512387
0.0482221728783
0.0815486164032
0.0602817295216
0.0603295586587
0.0617808272374
0.0660304430226
0.048604147925
0.0498081367632
0.0826562020713
0.0412053447312
0.042481887753
0.053455253877
0.0499920496373
0.0560238845198
0.0393428524841
0.064510969824
0.0459111378439
0.0416589692387
0.0567281755245
0.0544908826031
0.0551951427477
0.0615438326712
0.0448950392076
0.0497241678078
0.045976119298
0.0411347522708
0.0457627918812
0.0370846188317
0.0556265718478
0.0746335931457
0.0583478190225
0.0564744988362
0.0581183431311
0.0579451207813
0.0518460014171
0.0401184597642
0.0302483007246
0.04717172399
0.0537841329139
0.0660099166821
0.0520555121109
0.0476051564597
0.0584078665285
0.0513039427945
0.0551969905257
0.0444315514201
0.0378090037661
0.0484747617444
0.0519160345739
0.0469043499223
0.0496508360605
0.0339533035909
0.0424907718505
0.0624715237265
0.0504074148486
0.0489276000641
0.0599564974777
0.0581746115836
0.0557474087399
0.0471453064406
0.0488484554761
0.0332713894313
0.0438061459017
0.0223007213491
0.0532530991248
0.046852477696
0.0381366198165
0.0454259836327
0.0362281989269
0.0342199604809
0.0328536487993
0.0290614485201
0.0361074290861
0.0408213497636
0.051482490867
0.0492174077093
0.0468970709089
0.0547728409499
0.0362233975484
0.0525501325476
0.0309625485719
0.0182348903388
0.0295242581457
0.0275182110034
0.0339679477015
0.0496268562975
0.0415434178243
0.0434119971934
0.0323383909883
0.0358675834514
0.032126918598
0.0242463267972
0.0358662472371
0.0303691481858
0.0350393580865
0.0164435013701
0.0185657420732
0.0180760841134
0.0164083501217
0.0221691667616
0.0360674191504
0.0151472406542
0.0164732121139
0.0153935184629
0.0136618803026
0.0241515598588
0.0258949991812
0.0245285918164
0.0338350049598
0.0283567728707
0.0405108423746
0.0175678565539
0.0311502791796
0.0158418312835
0.0150935032652
0.0143824878848
0.0145594948382
0.0258845090983
0.0226736678839
0.0310094473666
0.0402036394584
0.0309030576252
0.0278043537062
0.0261280638898
0.0261443205605
0.0566685509836
0.0378213420022
0.0185807114231
0.0234460084222
0.0285164350256
0.0152795777628
0.0180989758953
0.0154933320908
0.0151046707642
0.0136338107811
0.0144459157355
0.0145728208833
0.014387088716
0.0118663050334
0.0280148779879
0.0490720504426
0.0177298509098
0.0556369078648
0.0173754048511
0.0163494775859
0.0172830663444
0.0131188809421
0.01032879302
0.0128490008577
0.0210018585095
0.0168267002207
0.0338774490077
0.0610285944584
0.0205103376289
0.0226165133449
0.0258378949955
0.0208563982884
0.0271778316487
0.0188938136447
0.0335779229104
0.031609557637
0.0185655808367
0.0213831492031
0.0222667983284
0.015438601337
0.013243455047
0.0166200894788
0.021463357249
0.0159867166871
0.0141243157944
0.0138231181572
0.0133237486672
0.0151008813689
0.0228851225818
0.0216340704653
0.0293028066446
0.0449457516085
0.0358546694832
0.0323078279719
0.0275875620276
0.0289191288464
0.0253821691508
0.0269803363931
0.0198162739198
0.0221549621164
0.0158054654713
0.0348792075788
0.0155055055803
0.00472511157922
0.00925514092261
0.0205414091048
0.0122361451064
0.0115096375164
0.00929983375485
0.0130121877512
0.029080413031
0.0551184917161
0.0272843569393
0.0277647957503
0.0255150792479
0.0228488472845
0.0208398516428
0.0214937939559
0.0261964779105
0.0496475217316
0.0239865710538
0.0282709700243
0.0148662379603
0.0253182117918
0.0267717131935
0.0324422289015
0.0221816649931
0.0227880141266
0.021121627888
0.0184887732109
0.0166632503238
0.0205444316173
0.0213537510925
0.0171877494397
0.0204480636553
0.0194428772381
0.0304534491377
0.0199609355374
0.0284389446264
0.0210045197164
0.0195870143825
0.0277250221066
0.0254476318568
0.0186112012801
0.0198619512323
0.0201873649669
0.0053953798288
0.0249400911521
0.0288758794444
0.0212219439995
0.0237902647811
0.0121165313122
0.0191509869746
0.0170923862009
0.0445977424731
0.0463214365516
0.0308553560171
0.0451821912347
0.0281665852556
0.0299626916722
0.0182436052983
0.0166578126133
0.0170504025132
0.0186360980397
0.0171805262789
0.0221324511182
0.021678017983
0.0252095872394
0.0291381777664
0.0309769935062
0.0203245841197
0.0178803630734
0.0314282397929
0.0255472994182
0.0144185862101
0.0139174631087
0.0213439745857
0.0192481611661
0.0254494973152
0.019763400947
0.0176024450502
0.0221094030233
0.0224904925725
0.0223668316427
0.0260640906414
0.0250552637675
0.024612179428
0.0412801689438
0.0113188722132
0.01619113382
0.0157452156584
0.0117056578978
0.0338046628122
0.0387861337202
0.024862246522
0.023188905475
0.0190289748109
0.023510340484
0.0369464738917
0.0348055902285
0.0132447123468
0.0137431429938
