0.453287337091
0.515248744042
0.194812615235
0.0252891239967
0.881116441272
1.02688923037
0.315475664538
0.264987067021
0.537220494075
0.667229488926
0.840746441501
0.616411076349
0.309513565835
0.335103500534
0.579725822052
0.636695054184
0.145838020809
0.192259705079
0.195365931258
0.139129461291
0.0809800297281
0.187473917887
0.217186733744
0.468926369476
1.04099963662
1.28666530937
0.993434045352
0.612555803882
0.284011129221
0.296836507221
0.21096092843
0.217735455774
0.0279767507258
0.0850985694579
0.0994445123449
0.387404666586
0.359491158778
0.272969182832
0.264970195492
0.442468926934
0.279012102147
0.195652248539
0.293618869857
0.199504130305
0.199648238974
0.225653368396
0.562699555617
0.382171352797
0.875877649692
0.476724783839
0.622664968009
0.536886406751
0.375597425102
0.469917362932
0.409592241573
0.831560212432
1.33484182333
1.29794628858
0.77086389718
0.912546576307
0.47451416209
0.512505824503
0.15886243695
0.39407665961
0.438312630288
0.25229768677
0.420411398894
0.161534379682
0.441464518535
0.310210506701
0.361445501537
0.357458996334
0.425138640519
0.314951952393
1.03037521887
1.10904223202
0.530088484399
0.471170856892
1.14524016933
1.18588163416
1.00631480984
1.84869797926
1.63481452559
0.790878052388
0.719717827736
0.690695702533
0.64776364144
1.00907938134
0.911270230485
1.03981313175
1.1488783883
0.294182186203
0.230869125329
0.333729283491
0.4390661988
0.365802139219
0.439056717464
0.56512596948
0.469856642343
0.595223068542
0.265639717753
0.717856563703
0.36507263227
0.457947263509
0.427996264268
0.297482702707
0.250774701621
0.242556277828
0.390709044413
0.194827389388
0.415064526935
0.243562525268
0.301217274951
0.747580667544
0.691758146144
0.456262782526
0.646821448796
0.439154880573
0.709053194634
0.662535225285
0.425041284019
0.337120212081
0.345435170622
1.13987304908
1.01231566083
0.561262302004
0.629364797209
1.06569539573
0.378095525825
0.283067908778
0.521172337842
0.756859679643
0.097035006945
0.245289568137
0.300434628936
0.302385309386
0.266735743147
0.845300229801
0.316213540986
0.289709197838
0.251421846475
0.293936535455
0.709922598317
0.948336253935
0.240794542849
0.11417086815
0.173788931721
0.588908428115
0.21870876895
0.240164350277
0.598682134826
0.88067141139
0.439367385729
0.475156554045
0.654474866542
0.319264637966
0.185061004538
0.235769629256
0.461914952972
0.377987072696
0.778904974954
1.18665764633
0.581166692373
0.309406423782
0.291322640941
0.28448665948
0.411559425057
0.444397199505
0.2189436706
0.219558223686
0.293111579531
0.441055589507
0.585547109356
0.317219601516
0.460113365508
0.659266826272
0.443158527048
1.27162869914
1.15513175954
0.35601008671
0.926890807451
0.416983109103
0.618185149855
0.252701862184
0.770033588373
0.847489400238
0.205376060834
0.0690999186396
0.0802339688714
0.752556210665
0.312638491583
0.0959802318947
0.424704285647
0.182219252888
0.186079594683
1.38259181716
1.07478884816
0.673035871755
0.30016126982
0.495872728783
0.442755608959
0.787442214608
0.592352988003
0.509306572111
0.966012365488
1.1364208481
0.364339904055
0.445211038422
0.333094792122
0.463235501674
0.958419161777
0.78978127427
0.587148296984
0.440958887369
0.2161848434
0.534496260554
0.928967448697
0.2111311864
0.0913344482965
1.14182805939
0.942893142223
0.654222146892
0.651641156624
2.20211359067
1.51426041369
0.663438815952
1.05728690777
1.02238329178
1.01752739962
1.8344599352
0.309689174313
0.390866542216
0.379279422529
0.678301596389
0.845081982825
0.546865360718
0.203821953788
0.699089564124
0.201857112413
0.322466350163
0.416489182606
0.513213671467
0.56063254323
0.369813833907
0.617840937372
0.713592054141
0.436270395107
0.880800829924
0.711390369067
1.01817467495
1.76229752624
0.730754056103
0.461034668173
0.312335738592
0.385954864858
1.38066353719
0.981535537617
1.26073394729
1.14430211013
1.34237075672
1.42008542959
1.46951566877
1.06795481777
1.20334132227
1.37875147068
1.26162795852
0.314752514623
0.282047942437
0.264473803164
0.301925245368
1.12676485325
1.08593112427
0.785797162182
0.995239756751
0.801548216396
0.737607737847
0.949329549849
0.942943919834
0.789932548565
0.909889716047
0.803278572865
0.75841122739
1.05781923969
1.00618017538
0.491589536418
0.646242412675
0.679532111002
0.577095914272
0.559941952567
0.671588924688
0.529191196451
0.614929035909
0.782694141707
0.905424529333
0.725504350546
0.82659050445
0.602329782985
0.731081204057
1.2343278455
0.662850791996
