0.139300145008
0.165396134562
0.139300145008
0.139300145008
0.165396134562
0.139300145008
0.165396134562
0.139300145008
0.139300145008
0.139300145008
0.139300145008
0.139300145008
0.165396134562
0.139300145008
0.139300145008
0.139300145008
0.165396134562
0.139300145008
0.139300145008
0.139300145008
0.139300145008
0.0711160394571
0.071876994621
0.0718361073809
0.0434390308763
0.0457143672713
0.0434390308763
0.0434390308763
0.0364407117769
0.0379065952815
0.0360323044519
0.036440711777
0.0364407117769
0.0379065952815
0.036440711777
0.0360323044519
0.0360323044519
0.0379065952815
0.036440711777
0.0364407117769
0.0434390308763
0.0457143672713
0.0434390308763
0.0434390308763
0.036440711777
0.0379065952815
0.0360323044519
0.0364407117769
0.0364407117769
0.0379065952814
0.0360323044519
0.0379065952813
0.0364407117767
0.0364407117769
0.0434390308764
0.0457143672716
0.0434390308764
0.0434390308764
0.0364407117769
0.0379065952813
0.0360323044519
0.0364407117767
0.0718361073807
0.0360323044519
0.0379065952814
0.0364407117769
0.0364407117769
0.0434390308763
0.0718361073809
0.0718361073809
0.0364407117767
0.0379065952813
0.0360323044519
0.0364407117769
0.0711160394571
0.0718769946212
0.0711160394571
0.0718769946212
0.0360323044519
0.0379065952813
0.0364407117767
0.0364407117769
0.0434390308764
0.0457143672716
0.0434390308764
0.0434390308764
0.0718361073807
0.071836107381
0.0718361073807
0.071836107381
0.0718361073809
0.071836107381
0.0434390308763
0.0457143672713
0.0434390308763
0.0434390308763
0.0718361073809
0.0718361073809
0.036440711777
0.0379065952815
0.0364407117769
0.0360323044519
0.071836107381
0.0718361073809
0.0434390308763
0.0457143672713
0.0434390308763
0.0434390308763
0.036440711777
0.0379065952815
0.0360323044519
0.0364407117769
0.0364407117769
0.0379065952814
0.0364407117769
0.0360323044519
0.0360323044519
0.0379065952813
0.0364407117769
0.0364407117767
0.0364407117769
0.0379065952813
0.0364407117767
0.0360323044519
0.0360323044519
0.0379065952814
0.0364407117769
0.0364407117769
0.0434390308763
0.0457143672713
0.0434390308763
0.0434390308763
0.0364407117769
0.0379065952815
0.0360323044519
0.036440711777
0.0364407117769
0.0379065952815
0.036440711777
0.0360323044519
0.0434390308764
0.0457143672716
0.0434390308764
0.0434390308764
0.0364407117767
0.0379065952813
0.0360323044519
0.0364407117769
0.0711160394571
0.0718769946212
0.0854184518114
0.0854184518117
0.0364407117769
0.0379065952813
0.0364407117767
0.0360323044519
0.0360323044519
0.0379065952814
0.0364407117769
0.0364407117769
0.0854184518115
0.0854184518115
0.0718769946212
0.0711160394571
0.0360323044519
0.0379065952813
0.0364407117767
0.0364407117769
0.0434390308764
0.0457143672716
0.0434390308764
0.0434390308764
0.0718361073807
0.071836107381
0.0364407117767
0.0379065952813
0.0364407117769
0.0360323044519
0.0854184518114
0.0854184518114
0.036440711777
0.0379065952815
0.0360323044519
0.0364407117769
0.0364407117769
0.0370383459568
0.0183598686004
0.018321815584
0.0181696835186
0.0181061565163
0.0364407117769
0.0370383459568
0.0230600683434
0.0230600683434
0.0110016508775
0.0111394004366
0.010990835709
0.0110016508775
0.0219101004818
0.0218890178841
0.0183578302793
0.0188656428163
0.0181472370532
0.0186301848056
0.0375334080085
0.0361781576305
0.0183578302792
0.0188656428163
0.0181472370532
0.0186301848056
0.0181472370532
0.0188656428163
0.0183578302793
0.0186301848056
0.0183578302792
0.0188656428163
0.0181472370532
0.0186301848056
0.0186301848056
0.0188656428163
0.0181472370532
0.0183578302793
0.0219101004818
0.0218890178841
0.0230600683434
0.0230600683434
0.0218890178841
0.0219101004818
0.0110016508775
0.0111394004366
0.0110016508775
0.010990835709
0.0183578302793
0.0188656428163
0.0181472370532
0.0186301848056
0.0181472370532
0.0188656428163
0.0183578302792
0.0186301848056
0.0449071376663
0.0434390308764
0.0434390308764
0.0449071376666
0.0377745079967
0.0364407117767
0.0181061565163
0.0187646011509
0.0180485258635
0.0185820537619
0.0188426101824
0.0190277557777
0.0180988495931
0.0183598686003
0.0360323044519
0.0373604992668
