0.134015317803
0.15010979208
0.134384114969
0.139105193782
0.139842718133
0.164598424596
0.13888387717
0.139044149831
0.139257735519
0.165334665994
0.139280401836
0.139262705113
0.139227002079
0.165307224278
0.139284594295
0.139364213717
0.139536211279
0.165154633106
0.139244740105
0.139135281092
0.137763556851
0.160338075126
0.137850939853
0.139008953475
0.135383719563
0.153157534594
0.135367446832
0.13914653971
0.138853519045
0.164888120038
0.139296903925
0.139734150451
0.134139722179
0.150107827638
0.138970129821
0.134447409691
0.139281022875
0.165359659848
0.139280736168
0.139281420436
0.139270322327
0.165341251415
0.139279489126
0.139263224251
0.138855426529
0.164897926238
0.139739200642
0.139297230002
0.139260914101
0.165347331163
0.139278174325
0.139276323189
0.139232465899
0.165308719865
0.139366506393
0.139284660196
0.13761108369
0.160516727477
0.137697312331
0.139270559369
0.13651044804
0.156270202289
0.138815907876
0.136659347274
0.0744856490879
0.0811565216033
0.0460843013594
0.0458268886974
0.0517636409202
0.0518200993006
0.0811714191478
0.0745190212921
0.0818530772944
0.081787052653
0.0744620651824
0.0794157789394
0.0441146694713
0.0437849523833
0.0434656029477
0.0481480633498
0.0726008823251
0.0733386441494
0.0786280325146
0.0729468544487
0.0735965723777
0.0720324906199
0.0442310415221
0.0438296220984
0.0464608364921
0.0428945900871
0.0773338775813
0.0746188673262
0.0722908545527
0.0765254092363
0.0749922704835
0.0749394809892
0.0445318834683
0.043946343556
0.0424941090195
0.044490421741
0.0716134590999
0.0740007392377
0.0739287824969
0.0716351515802
