0.139300145008
0.165396134562
0.139300145008
0.139300145008
0.139300145008
0.165396134562
0.139300145008
0.139300145008
0.139300145008
0.165396134562
0.139300145008
0.139300145008
0.139300145008
0.165396134562
0.139300145008
0.139300145008
0.139300145008
0.165396134562
0.139300145008
0.139300145008
0.139300145008
0.165396134562
0.139300145008
0.139300145008
0.139300145008
0.165396134562
0.139300145008
0.139300145008
0.139300145008
0.165396134562
0.139300145008
0.139300145008
0.139300145008
0.165396134562
0.139300145008
0.139300145008
0.139300145008
0.165396134562
0.139300145008
0.139300145008
0.139300145008
0.165396134562
0.139300145008
0.139300145008
0.139300145008
0.165396134562
0.139300145008
0.139300145008
0.139300145008
0.165396134562
0.139300145008
0.139300145008
0.139300145008
0.165396134562
0.139300145008
0.139300145008
0.139300145008
0.165396134562
0.139300145008
0.139300145008
0.139300145008
0.165396134562
0.139300145008
0.139300145008
0.139300145008
0.165396134562
0.139300145008
0.139300145008
0.139300145008
0.165396134562
0.139300145008
0.139300145008
0.139300145008
0.165396134562
0.139300145008
0.139300145008
0.069650072504
0.069650072504
0.0413490336405
0.0413490336403
0.0413490336405
0.0413490336405
0.069650072504
0.069650072504
0.069650072504
0.069650072504
