0.0228504618409
0.0199878804194
0.0317697676072
0.00684759759496
0.00660193356771
0.0131478995276
0.00787039923217
0.0039737795963
0.00323760284237
0.0111968612277
0.0100815657212
0.0172640643377
0.0128236395583
0.00427285682234
0.00585535466517
0.00507139671341
0.00431160102482
0.00733190118275
0.00637670550766
0.00725454335976
0.00533567814659
0.0070301097518
0.00267947047622
0.00352000802333
0.00350906940526
0.00628881413287
0.00462222676535
0.00416038018213
0.00563203791333
0.00308595165499
0.00477648335041
0.00391110811146
0.00374097589427
0.00363395237277
0.00412949715321
0.00379123833233
0.00319888386824
0.00391995939026
0.00420280564942
0.0255327564256
0.0184191652761
0.0211156370508
0.00552398223124
0.00466460650419
0.0104436088682
0.00900331862562
0.0102839578335
0.00662346002258
0.00601530359641
0.00566317672865
0.00831997298626
0.00523945304111
0.0085891276195
0.00809667038007
0.00852928127535
0.00524511433895
0.00559508646626
0.00888815465949
0.00895297111178
0.00979531636476
0.00792039880093
0.0156177807741
0.010390465344
0.0107136876405
0.015118905094
0.0109602403588
0.0123847698542
0.0114942711949
0.0121633154115
0.00257420038882
0.00256689627256
0.00270405810212
0.00677492314554
0.00325591812997
0.00592577035662
0.00713244585419
0.0064648269099
0.00860972417123
0.0117807135864
0.0102885100813
0.0100345534244
0.019313409797
0.0145628546757
0.0113873897139
0.0314823326136
0.0270360589195
0.0348204065971
0.0294072647558
0.00347527723989
0.00368929487803
0.00415974820803
0.00477004109078
0.00347122661364
0.00336278812805
0.00676309062512
0.00419963762877
0.0045461436576
0.0202483985569
0.015175457595
0.0161745286472
0.0190983586811
0.0139919596567
0.0144082223981
0.0135933462788
0.0174375836665
0.0128299295972
0.0141108993145
0.0136613505224
0.00990831314445
0.0119281501572
0.00977466128107
0.0101276492362
0.024088333658
0.0313825344607
0.0276822677324
0.0201414465941
0.0207779577179
0.0301972883159
0.00700719419972
0.014344474453
0.0105472674653
0.00600333976169
0.00478451840926
0.00517828410056
0.00397179931527
0.00405090100131
0.00608569024939
0.00441536859133
0.0344126257623
0.0370988133048
0.0421030451753
0.0367327715079
0.031118454393
0.0404898741717
0.0317829457785
0.00611276866338
0.00477806769795
0.00713548059573
0.0069744987375
0.00645235914719
0.0040514766115
0.00659848530862
0.00632614578558
0.00576007987807
0.0145565717087
0.0131220195985
0.00379250030716
0.00353825497518
0.0193119312336
0.0203382171518
0.00796088067538
0.00334072412037
0.00489679894814
0.00365917189874
0.0036095093621
0.00298510545655
0.00476981831562
0.0102646629247
0.00859023965242
0.013988406388
0.00650336534391
0.00701538763496
0.00630043726921
0.0072613756932
0.00733823835001
0.0030423359418
0.00350228706223
0.00299212287016
0.00299468381484
0.00849341438987
0.00519760326271
0.00616208406161
0.00835294841084
0.00732008896569
0.0113175528235
0.0112486367535
0.00336505456145
0.0229335714531
0.0043288174566
0.00361484336155
0.00679215899993
0.0126388003849
0.0107232904324
0.00755070631319
0.0297343222029
0.0278073191183
0.00398460330955
0.00564192661574
0.00519452795107
0.00501054122603
0.00732912902281
0.00833666981329
0.0301620534262
0.0245401324034
0.0257816407949
0.0265112692271
0.028313944129
0.0271614503552
0.0317547237362
0.024487979015
0.00355757283837
0.00406138728354
0.0038205795527
0.00360431888115
0.0025779396569
0.00301992470047
0.00316983847693
0.00308753615126
0.00255721703772
0.00255629185127
0.00286863926
0.00742968691295
0.0051554915413
0.00580118751665
0.00635051476781
0.00260862469855
0.00278896450834
0.00252949479719
0.0119681983878
0.0084215431427
0.00965787602212
0.0109794654503
0.00844118820769
0.00819502494092
0.00972767232134
0.0189934674674
0.0225590072345
0.0162969790125
0.0200332205537
0.0149446102358
0.0164475060471
0.0219987755208
0.00944053452217
0.00352760700383
0.00323576099623
0.00288698759607
0.00348550317138
0.00362192651458
0.00284598755036
0.00290568145737
0.00301082143431
0.00220230203274
0.00256506249518
0.00255534632336
0.00271648457039
0.00288720412847
0.0023616755115
0.00230594360495
0.00269162383555
0.00252466443255
0.0331380567264
0.0033616325359
0.0087395360608
0.00301722633535
0.00272432127034
0.00303793959585
0.0271831963892
0.034956587081
0.0066634991864
0.0122229760115
0.00846830730354
0.00320660952246
0.00313993320145
0.00372374317795
0.00190633379946
0.00231766397257
0.00248507831644
0.00261398203639
0.0384574745841
0.00282065538021
0.00701899079021
0.0082495133666
0.00834510664089
0.00916911550376
0.0134611179104
0.013783298016
0.00935087293909
0.0101335084982
0.0304932470177
0.0256393485225
0.0159399226498
0.0187110146451
0.0228578268369
0.0278039428744
0.0345815122348
0.0275748206534
0.00762174280199
0.00779663893627
0.00804238996266
0.00837866670673
0.00858435298505
0.00835190288115
0.00874341177576
0.00969216204795
0.00705699642707
0.00632834689286
0.00592299182813
0.00876485159588
0.00797776437607
0.00643767262808
0.00646512332338
0.00730594889267
0.00758355383882
0.00698075698995
0.00822508902923
0.00799559194419
0.0263028707852
0.0216930306359
0.0215194533025
0.0269061574723
0.00827267945691
0.00878679125371
0.00950311371335
0.00926386214048
0.00230907881764
0.00206748481085
0.0022084858145
0.00263942030556
0.00894574285034
0.0126673093752
0.011594509796
0.0136642457547
0.0031664118235
0.00270655452868
0.00204680467511
0.0044248358932
0.0067784884937
0.00701806476373
0.00222961097888
0.00363281527312
0.00259753089332
0.00210798210421
0.00221151849602
0.00234139184994
0.00238325154283
0.00534406696625
0.0069660996108
0.00510565338425
0.00342719697765
0.00388505920098
0.00253892888193
0.00859982650107
0.00600743851933
0.00712588790764
0.00605433062734
0.00624402847815
0.0128518184438
0.00955271290721
0.00520648439034
0.00604691099713
0.00562984846969
0.00412503905166
0.00371479096075
0.00488688727091
0.00983834150646
0.00864108338792
0.0106256803434
0.0116534253576
0.00506448027955
0.00437621033432
0.00785156468766
0.00206961776584
0.00210089554675
0.00356285704691
0.00243819708392
0.0105344365319
0.00783455892034
0.0116286558926
0.0289695315161
0.0253095185563
0.00217367573337
0.00272788941107
0.00425932157549
0.00331341508306
0.0293587808049
0.0270942132202
0.0336411134057
0.0032934910902
0.00317166541442
0.00259504341999
0.00242912127919
0.00294258144008
0.00242487782211
0.0286213183517
0.00277102296759
0.0103286071403
0.0102045110293
0.00589101627545
0.0068797482556
0.00255306220404
0.0235241081514
0.0201271257028
0.00272806232795
0.00242532763317
0.00300456061808
0.00388613599834
0.0154705304287
0.0120714889309
0.0171393797727
0.0095085196791
0.00604121095108
0.0028390216316
0.00240599645283
0.00413664363619
0.00394324737972
0.0038076006367
0.00417224942055
0.00218960343091
0.00211086387044
0.00220757035378
0.00238739582119
0.00214512495859
0.0025260216328
0.00257983071838
0.00232930898122
0.00222514574381
0.00225777692181
0.00264066423064
0.00243021754076
0.00211559157173
0.00219946593456
0.00220261643078
0.00232175873499
0.00290229991943
0.00507155833155
0.00449483684249
0.00220762101773
0.00251788861149
0.0046807352675
0.00544330028952
0.00328390528843
0.00272992509285
0.00306178613176
0.00352324778699
0.00310246394716
0.00276231910575
0.00279306298716
0.00268469573402
0.0041187429219
0.00370745787284
0.00304140205366
0.00335318049774
0.00359713112632
0.00316050936805
0.0046635410362
0.00480560042944
0.00432194882781
0.00289110789507
0.0023478700923
0.00283415172198
0.00279656698996
0.00234207154955
0.00279016614106
0.00250011750064
0.00383939829086
0.00424330072395
0.00445398488194
0.00408212760106
0.00189872135358
0.00199554019382
0.00223005292712
0.0022807057624
0.00336414100624
0.00378650710441
0.00544442220472
0.00209723987753
0.002236662412
0.00222453594003
0.00298220525209
0.00443340399715
0.0040151952136
0.00348029264311
0.00321954462108
0.00274782869435
0.0027551877762
0.00334141325525
0.0028635009213
0.0026597584463
0.00248347454437
0.0029101425081
0.00296066732269
0.00314093725604
0.00250015215561
0.00317788230823
0.0115802149669
0.011537528244
0.010283511699
0.0110983921177
0.0117388108305
0.00360094374543
0.00681851944063
0.00972348355618
0.00289914362063
0.00355419447854
0.00678319660699
0.00811029165495
0.00268070941021
0.00241516360996
0.00257038334955
0.00230323727915
0.00299345848115
0.00292747229726
0.00394400182366
0.00552791138773
0.0047644824308
0.00296678113034
0.0020978780066
0.00197889793721
0.00206610937214
0.00277884760826
0.00298206779573
0.0024810241486
0.00225995810525
0.00274886333859
0.00278100029462
0.00285444641074
0.00205116708833
0.00226355754791
0.00211013507122
0.00219037477533
0.00187731600596
0.00338272979735
0.00231771511515
0.0029163223074
0.00260292260161
0.002185175796
0.00290864460895
0.00216046495867
0.00231607407362
0.00305918594865
0.00335425700939
0.00290966571603
0.00259203132794
0.00291397954837
0.00231223233099
0.00191691009613
0.00262670780518
0.0282411112985
0.00412738173695
0.00462667299046
0.0180560733486
0.0110602825543
0.00753692165856
0.0107359424984
0.00622401542061
0.0138944736169
0.0107502481328
0.0143194161112
0.0106361727516
0.0107697459998
0.0105835999605
0.012150319745
0.0132811914406
0.00453506502746
0.00491886561858
0.00548600836187
0.00603486114359
0.00762180110007
0.00680146773555
0.00725703610179
0.00848601976997
0.00888758720578
0.0103070163518
0.00697167627786
0.00697324774127
0.00663920782539
0.00559564047344
0.00524502214477
0.00519105860791
0.00424097243534
0.00809735982749
0.00681644025215
0.00182502059193
0.0014949162213
0.0014403397111
0.00152570555484
0.00156752544966
0.0019549866719
0.00279496532097
0.00180107014754
0.00350951518109
0.00302571328066
0.00334926108356
0.00362085845808
0.00290542667453
0.00322209929515
0.00270535381415
0.00212841646155
0.00306940902931
0.00285108440243
0.00397704871151
0.00411457302881
0.011211741007
0.00402246606931
0.0038627925229
0.00289920767194
0.00375572371097
0.00271492520307
0.00193431781491
0.00199435569471
0.00190033003656
0.00210426136358
0.00171355774219
0.00178861132005
0.00153632845534
0.00171074046938
0.0021201925712
0.00320226967165
0.00331953023611
0.0039949849547
0.00305029573612
0.00633330016661
0.00618786220542
0.00513516436139
0.00609237733926
0.0053367133319
0.00595553775703
0.00784472890869
0.00245979703876
0.00929184782964
0.00273347446191
0.00233206686189
0.00445632167053
0.00430534556613
0.00514667437106
0.0104677175877
0.0146608473819
0.00650824567913
0.00555286587451
0.00490583517458
0.00254226520749
0.00266231606426
0.00363061273685
0.00260112623999
0.00213918666025
0.00813783325439
0.00749896697009
0.00615107037618
0.00722877106945
0.00304946536709
0.00318132370839
0.00229177966795
0.00269514452443
0.00264130713628
0.00269914183544
0.0193935358709
0.0223274856119
0.0267671140088
0.0152852520739
0.0193180882202
0.0139549824448
0.0145029778969
0.0187712881242
0.0169385811232
0.00406979928732
0.00408005070802
0.00566872207656
0.00433066112914
0.00502258000703
0.00434081337177
0.00574008810787
0.00518990064871
0.00452759037056
0.00449727747199
0.00602867838178
0.00520174525779
0.00520152260453
0.00394945198525
0.00420875997304
0.00431622602514
0.00406035743835
0.00419454219019
0.0112456685407
0.0211996765373
0.0200570251498
0.00533377098684
0.00380243218087
0.00549734265229
0.00482450739918
0.00447282784088
0.00402403205224
0.00451031778569
0.00428073513636
0.0051592235236
0.00572162250631
0.00677138120919
0.00748393340958
0.00776239192161
0.0100942870771
0.00328090491884
0.00254334782512
0.00295079598203
0.00232923029316
0.00275884279429
0.0034676765651
0.00385854953351
0.0033269977168
0.00457369763255
0.00569946100642
0.00626115697807
0.00772192897738
0.00748444828269
0.006040505986
0.0106575477901
0.00308040107013
0.00273965720584
0.00288968879701
0.00245035936061
0.00304177492594
0.0124154889383
0.0138340463329
0.0113337843788
0.00992458856233
0.00983137157452
0.0107100849959
0.0152421565062
0.0183923465573
0.0207538914757
0.0244955565383
0.0170310031101
0.0146857287336
0.0131779892846
0.0032555041787
0.00240366221499
0.00274809494073
0.00234192115687
0.00445577933765
0.00490583038258
0.00408540221383
0.0105949970186
0.0118233886772
0.0164811416332
0.011859745349
0.00231710466287
0.00216637572468
0.00267625288337
0.00142607027145
0.00195026216827
0.00176366248996
0.00173672445051
0.00312033061951
0.00338959336893
0.0087415855994
0.00780630959008
0.00194764242157
0.00171977168035
0.00313615782517
0.00203368853935
0.00210059538885
0.00299570027018
0.0291136203473
0.0243536534573
0.0290876659176
0.0301606195462
0.0348324337054
0.0355224474785
0.0292450960341
0.0303730400835
0.0331482968386
0.0312498019485
0.0299101659364
0.0307197031202
0.0304307872619
0.0282530797443
0.0347986903338
0.0333185634261
0.036133606845
0.0326084154767
0.0363851581404
0.0201363027085
0.0340875858425
0.0100519952783
0.00994868992537
0.00793604139104
0.00849905284485
0.00782797358759
0.00827270544082
0.010126456787
0.0113048822486
0.0215817260432
0.018136703378
0.0172455608794
0.0216985745459
0.0187505003654
0.0266113348484
0.0301957500508
0.0110059521861
0.00681870236476
0.00529874241116
0.00666998650203
0.00553904274805
0.00685245917706
0.005183896125
0.00634088731649
0.00732734681525
0.00288569928185
0.00267529536965
0.00246877200677
0.00300194246815
0.00289261115756
0.00303902764015
0.00201397971482
0.00188245030319
0.00191080342612
0.00279699618428
0.0040222707264
0.00363292743883
0.00243220256758
0.00194960755307
0.00291202405122
0.00251565168368
0.00403300617065
0.00489289788645
0.00217922709534
0.00174582122429
0.00192964238021
0.00261931668011
0.00376294267718
0.00258990502782
0.00243367742381
0.00187363164209
0.00201603524276
0.00218554994508
0.00258850062153
0.00302868457806
0.00300073710519
0.00487401919962
0.00266895098461
0.00264509883275
0.0252431374701
0.00266533755667
0.00254432514579
0.00293328868947
0.00349652709554
0.00379136437389
0.00350657527243
0.00285840059301
0.00268429524852
0.00298110356647
0.00345273274466
0.00366449019129
0.0027776621348
0.00318184860686
0.00292433975539
0.0128437303995
0.0105338766398
0.0251729180556
0.0252454766081
0.0143614086687
0.0147504130727
0.0319846391419
0.0408767179558
0.035631334568
0.0390321115202
0.0208960260887
0.0220865217038
0.0192276103874
0.0169668484263
0.0177395297928
0.0216771639284
0.00886744392965
0.0132279984679
0.0160411960417
0.011234522172
0.0133699129195
0.0104336163786
0.00966397643998
0.00859637074906
0.00269467110185
0.00323862141936
0.0048710995008
0.00430940599285
0.00247390237237
0.00212069216855
0.00545526832518
0.00496452856394
0.00556485543107
0.00720271997639
0.0121413174835
0.0134346981662
0.0106292982942
0.010132706319
0.00957642844837
0.0128539973473
0.00404169533447
0.020499141242
0.0189072384074
0.032821882683
0.00220552261173
0.00185750741704
0.00218329976577
0.00147688771281
0.00122118525472
0.00151359890024
0.00150252296971
0.00141879714329
0.00135763534495
0.00146326465462
0.00189076921477
0.00245937199993
0.00226744943787
0.0032279214112
0.00292229975234
0.0018757495536
0.00223662694987
0.00143555302825
0.00114503180648
0.00134880802332
0.00178365556271
0.0200437742837
0.0223086435245
0.00700505404609
0.00785672497051
0.00964457469882
0.00797645528497
0.00825102106901
0.00760294332188
0.00732523439542
0.00891584404014
0.0169976729894
0.0127124700849
0.0156103525141
0.0161948506267
0.00180529010067
0.00180879508037
0.00967925764395
0.012502712718
0.00302756379853
0.00262560663706
0.00143960682494
0.00168191869146
0.0224137713201
0.0222268061424
0.0280661123334
0.0274283562099
0.0229843015962
0.0225403895281
0.0206140300689
0.0214244009138
0.0209005645227
0.0193133530255
0.0134556940427
0.0266738000831
0.0133521344084
0.0189595889263
0.0184695031753
0.0254230814109
0.0160283116855
0.0157682572343
0.0136328352401
0.00948680743438
0.00927652190367
0.0136269055289
0.0169205720726
0.00701382576084
0.0114601555397
0.0127395275795
0.00766523786335
0.00567723778536
0.0063560233
0.00669591771216
0.00678079540074
0.0064941878065
0.00306656854177
0.00288953380241
0.00401527882736
0.00349144185043
0.00289278780387
0.00348944737633
0.00480659294564
0.00579918624019
0.00882843719084
0.00841481397116
0.00914566418702
0.00965539611755
0.0188784029089
0.00777310968769
0.00898413675236
0.00187242157631
0.00162245793616
0.0131317648539
0.0107347817109
0.0301131267515
0.025510073745
0.0301128636366
0.0257953584502
0.0240484563401
0.0260372170309
0.0272984460096
0.0292920108189
0.00421698627229
0.0140314606313
0.0166046741285
0.00951454670659
0.00914264790902
0.00848766642475
0.0107420295616
0.018117674883
0.0163095155819
0.00954133472049
0.00796052591713
0.00902665011665
0.00918952934269
0.0202942365884
0.019107897729
0.0101228942495
0.00760324092527
0.00868722634474
0.00940304889879
0.00525197345579
0.00580380183591
0.0132441353235
0.00936417970807
0.00417826317536
0.00348395315505
0.00384121389148
0.00394395562746
0.00200864369594
0.00213256334712
0.00210967953251
0.00283155901526
0.00350724269955
0.00371775716919
0.00398406863164
0.00363544142538
0.00294361902397
0.00197890277162
0.00235177692493
0.00202265230626
0.00345920988045
0.00250501744877
0.00378558901319
0.00282122697648
0.00279454092961
0.00285218765763
0.0180535703676
0.0155736443421
0.00995520875097
0.00896419548996
0.0085917341142
0.00908892754192
0.0087847815185
0.00835946548907
0.00914917830638
0.00939066226408
0.00997266861892
0.0104104311766
0.0105768848338
0.0114084863921
0.0131330549137
0.0268602899251
0.0153490251311
0.0216349342221
0.00406547492643
0.00538328271505
0.00368256149686
0.00279469564635
0.00245897401922
0.00334712564746
0.00656973671465
0.00488134578185
0.00269152146647
0.00217808299762
0.00182479068913
0.00218643967244
0.00180386981492
0.00193167962464
0.00398671935908
0.00321885520379
0.00326756256476
0.00249820729849
0.00259675637729
0.00187136317352
0.00144772693961
0.00191536589373
0.00136421222358
0.00170103168587
0.00153863064096
0.0015821352768
0.00135232068106
0.00145003738884
0.002623647987
0.00342254654215
0.00360146666437
0.00226071981319
0.00270714820655
0.00226124519682
0.00194501583691
0.00133647478424
0.00160344803627
0.00140047730264
0.00168973768479
0.00215163830225
0.00138991477331
0.00360588664917
0.003044557611
0.00123659107205
0.00149092022458
0.00205511206845
0.0153762783173
0.0071572341443
0.00895083368632
0.00475807246796
0.00499959253055
0.00233796178175
0.00222610359481
0.00174955170767
0.00137882085161
0.00166412060795
0.00193781444342
0.00254862400456
0.00264963085879
0.00388096882944
0.00377912108585
0.00448366881638
0.00561033983792
0.00272164431598
0.00276223055239
0.00265468054996
0.00362583686732
0.0215729736125
0.021386552179
0.00185822664304
0.00348524611282
0.00328528603799
0.00192805158575
0.00139161082848
0.00184337869719
0.00131367575433
0.0117994848196
0.0108270784272
0.004197948897
0.00432261641742
0.00218602009271
0.0150634638945
0.0142744254296
0.00844936038781
0.00696267437197
0.00801988000101
0.00801284447243
0.0131189248467
0.0142703891752
0.0019128522767
0.00188541289659
0.0015337886267
0.00154539272566
0.00183361007936
0.00202314241668
0.00259971016064
0.0024379589558
0.00469068563806
0.00524830080184
0.0170846493212
0.0155547487862
0.0275461286908
0.0266520104337
0.0315117798896
0.0262689634641
0.00824185552524
0.00697961634814
0.00555798374635
0.00885105473689
0.0154689035568
0.0118641382505
0.00291910036299
0.00238277406033
0.00332743787869
0.00304105605757
0.00374687472785
0.00279253256103
0.00522663320515
0.00484440540149
0.00412889879856
0.00371745959214
0.00652981550249
0.00823185996895
0.00669689104242
0.0047124331117
0.00528853043907
0.00400526226694
0.00593186326209
0.00377107875145
0.0049953712184
0.00343481603844
0.0027343290319
0.00256501849243
0.00304124946208
0.00543612705373
0.00668532799465
0.00570635864249
0.00440979131599
0.00277587189899
0.00367720852917
0.00353281038147
0.00320169703526
0.00270070375842
0.00318141558158
0.00331106522032
0.00339087474028
0.0103722041603
0.00249962811985
0.00204522504087
0.0178026333771
0.0137248721574
0.00919839265986
0.00858456453427
0.00976267125457
0.0095152109507
0.00903296458228
0.00963482477932
0.0105489261493
0.00804821776048
0.00863842465185
0.00192245031323
0.00192452383746
0.00181074858241
0.0020987911202
0.0253310721199
0.0211002373741
0.0191827677572
0.0202882258187
0.0254298554299
0.023010619981
0.0220556764589
0.0230527992404
0.026543904747
0.0313943992571
0.0316565825168
0.034654860981
0.0132236661988
0.0136433456606
0.00552793447419
0.00511893713673
0.00661862448421
0.00524291727599
0.00922596961274
0.00913696257316
0.0164003710312
0.0269088433526
0.0208408151567
0.0134455774825
0.0174996223229
0.0155869420773
0.00940407547223
0.00963670006414
0.00784400408398
0.00861436596113
0.0108091507725
0.00737080834351
0.0163228470003
0.0183475156291
0.015310682362
0.0233793372727
0.0295728656736
0.0180050406344
0.0257696250519
0.00306076935963
0.00239684775018
0.0194330818268
0.0175909506418
0.0176015385835
0.0199704685718
0.00143431799239
0.00169840762744
0.0118802944508
0.0103510415004
0.00791885377771
0.00785555693567
0.0039204458269
0.00230496961851
0.00227430097039
0.00249471513037
0.00280161778987
0.00213199160457
0.00939420925624
0.0123094057365
0.00818499780242
0.0062213051431
0.00591319746697
0.00838276675713
0.00620256057825
0.00431212715006
0.0037925274863
0.00463396241753
0.0181179732028
0.0148620482242
0.0180197168824
0.0171913575634
0.00392733317059
0.00358337493702
0.00381105218605
0.00331179153297
0.00538511987222
0.00484484487648
0.00610966015583
0.00495202968059
0.00161817416176
0.00191284361365
0.00132037879125
0.00130245261951
0.00154016310993
0.00148160026101
0.0128424698376
0.0111004094652
0.00722423978944
0.00634535057868
0.00620592737602
0.00588113449776
0.00507826636657
0.00481333831642
0.00696036671876
0.00751775770627
0.00505460470932
0.00542582588021
0.00346505557551
0.00299486346396
0.00331218628755
0.00356462216447
0.00601565494287
0.00572233079839
0.0034140606001
0.0033506350913
0.00266454940143
0.00213111359123
0.00119463345366
0.000961288506246
0.000994606665844
0.00108824435106
0.000969774046659
0.000871452087436
0.00103940184888
0.00106287036317
0.00102770467656
0.000896076080238
0.00105848830597
0.00109020077318
0.00212114419534
0.00205802405774
0.00171661822502
0.00169138124242
0.00440455383727
0.00353881307644
0.00411030153981
0.00344219681561
0.00374284819862
0.00364464444232
0.00167363725486
0.00144951582837
0.00239631318582
0.00202902671234
0.00638056164936
0.00672114162081
0.00348185190275
0.00293998400105
0.00329681296663
0.00315131634924
0.00968576086469
0.0153509834925
0.00625531847734
0.012440444172
0.0084443117169
0.00736275670387
0.00548661087078
0.00538709367697
0.00509424444862
0.00477660386913
0.00458773671478
0.00544202379846
0.00420812460651
0.00312660278999
0.00360587482349
0.00346089853262
0.00557173876578
0.00476815129169
0.00676396071398
0.00705735263846
0.00283978979658
0.00394050702406
0.00240594428749
0.002240176213
0.00148398392562
0.00141841348373
0.00153901910385
0.0017413742442
0.0119189430098
0.0133086941803
0.00600926261329
0.005581455011
0.00512410402075
0.00653243938171
0.00491908409271
0.00610017797801
0.00595048885513
0.00643149571616
0.0106083325135
0.0124026548682
0.00933281481195
0.0118893995064
0.00139215330195
0.00149462682678
0.0015650140338
0.00134320368737
0.00180148301428
0.00241293328884
0.00313307969271
0.00278218125927
0.00185295014292
0.00153895516563
0.00157056499472
0.00169985900139
0.00238829890891
0.00230198539561
0.00269891801015
0.00251976385319
0.0212724082236
0.0197623349715
0.0129156361114
0.0152729623603
0.014765037248
0.014607243471
0.00520423305393
0.00524738127905
0.00214885803811
0.00241458423544
0.00359075507922
0.00311105788609
0.00350881059147
0.00329129824246
0.00571666015154
0.00477817020493
0.00210965713472
0.00227543378129
0.00141503866597
0.00108186869336
0.00132011208469
0.00109965730378
0.00111818547169
0.000884626674032
0.00115956521403
0.00106967335736
0.00250601592216
0.00232797072415
0.00551566680274
0.00564313368262
0.00475365780438
0.00471622764589
0.00193929110109
0.00191655560095
0.00118471068934
0.000970654290173
0.00121380421607
0.00110732609163
0.00175161205093
0.00188712034379
0.00128308555218
0.00166950393504
0.00180273703493
0.00155987175341
0.00204014548315
0.00132251057894
0.00455411551817
0.00522886030152
0.00153348070837
0.00173933693844
0.00131566512074
0.00163919173545
0.000880174365572
0.00103604966761
0.00113660827416
0.00132241528469
0.0030797745017
0.0016290147243
0.00203911318738
0.00235230951642
0.00270920531572
0.00300380904762
0.00149432480261
0.00160357567513
0.000880745441584
0.00101487691087
0.00157146473228
0.000823918786518
0.00141447758879
0.00138750957965
0.0013870807341
0.00182037234993
0.00229832633708
0.00285371226006
0.00224647982365
0.00257449775138
0.0203145908676
0.0216787755867
0.0017647505318
0.00177586652048
0.000770110425773
0.000721744513469
0.000946136807938
0.000798381717464
0.00153209227633
0.00133834489376
0.00109591362323
0.00120792136331
0.00133977663946
0.00126389355816
0.00163410544762
0.00171427678679
0.00123102163701
0.00109675961605
0.0012423220418
0.00117894064884
0.00209680733983
0.00224661017085
0.00147016071967
0.00127184233041
0.00138412103794
0.00163013855568
0.00172181652309
0.00163536526667
0.00215765480034
0.00217587072061
0.00294189131194
0.00253255048294
0.00170346056092
0.00162453809098
0.00140525780921
0.00264662397703
0.00167157844065
0.00137033147579
0.00236837646052
0.00198096851777
0.00253064980176
0.00228899811272
0.00483717004844
0.00525368912402
0.0017887389469
0.00155274187912
0.00177040771434
0.00193484809944
0.00197608944907
0.00207616355664
0.00778578617603
0.0075545729556
0.00266299264167
0.00351042813877
0.00401422156986
0.00388232894511
0.00221322523622
0.0025795801191
0.00201258955462
0.00171337687603
0.0170531371354
0.0173251070056
0.0125588854639
0.0121681073297
0.0125029719212
0.013835812311
0.011215294812
0.0113339891932
0.0180769803842
0.0299633380712
0.00214667706542
0.00187053584954
0.00176391599396
0.00224042819404
0.00353550156124
0.00293182232973
0.00303244037428
0.0030472502023
0.00317057830201
0.00335797381925
0.00336987313557
0.00378193424133
0.0101013333991
0.0123828842701
0.00991658534476
0.00866096269345
0.00906720844681
0.00934163884124
0.00188542590553
0.00160222670379
0.00232761102037
0.00256219326903
0.00141374865719
0.00148144107636
0.00131301350756
0.00197834201033
0.00113227199046
0.00103914248015
0.00114136043106
0.00191821022955
0.00122455833138
0.00118859626602
0.00875625714908
0.00702740813496
0.00426131719405
0.00477292772972
0.00477942728273
0.00432321052813
0.00179576045278
0.00224496335123
0.00208169112392
0.00201113029011
0.00135504584545
0.00127689349314
0.00142658234887
0.00132368638471
0.00213900586821
0.0017516360296
0.00596087027863
0.00673317453758
0.00777181539742
0.0069316449875
0.0190484711536
0.0181605514966
