0.012318043808
0.00992036382318
0.0130750227391
0.0100763061735
0.0125663299553
0.0151883448538
0.0152403728966
0.0135293792456
0.013132495414
0.0112798876326
0.013182764718
0.0121463132721
0.0114040170526
0.0132268365593
0.00996779048945
0.00991450213843
0.0114942604009
0.010519857762
0.0099175357479
0.0121875001926
0.0109271469096
0.00993799059327
0.0121115521386
0.0118692903504
0.0129710383067
0.0119749139642
0.0120957008494
0.0110656437807
0.00944038936932
0.0125834612695
0.0113576347685
0.0118592849861
0.0109781086759
0.0119139350976
0.00911218938331
0.00942431576181
0.00849566686053
0.0103609410651
0.0110843983266
0.0118148905639
0.0116254698258
0.0120722402166
0.0114836393187
0.0115972992099
0.0112761608695
0.0107851069657
0.011490233987
0.0119628748273
0.0116430727444
0.0105866336527
0.0109730141751
0.0111208720688
0.010609182017
0.0122069809077
0.0116255339739
0.0103384593043
0.00948135193141
0.0109389185005
0.0117818965361
0.0117893132329
0.0144904075838
0.010257744221
0.00995849815883
0.0112768904044
0.0091540734928
0.0120697894537
0.013001971876
0.0107894893675
0.0101704626877
0.0124139847625
0.012429013221
0.0117146861233
0.010441076728
0.0114677648482
0.0113493217974
0.0096629526447
0.011230825089
0.0123227868907
0.0124993113447
0.00738476844026
0.011991331238
0.0109193590599
0.011206868477
0.0106427919232
0.0110600199315
0.0124502898151
0.012623726076
0.013007348715
0.0111013087398
0.0118728493126
0.0100367676346
0.00950390426447
0.011202111867
0.0135520248965
0.0104648761573
0.00964849157216
0.0121845222381
0.0134172391481
0.0109376753611
0.0113028502239
0.0112312206086
0.0109530423776
0.00968057596247
0.00861401902735
0.0135218218728
0.0110552899585
0.0100519267647
0.00946141898642
0.0102764657028
0.00981833395331
0.0113903868582
0.0110748886596
0.0120141360169
0.0107922040317
0.0117570253699
0.00985039380088
0.0116090783195
0.00960486849684
0.0110089587587
0.0116250496483
0.00907921110666
0.0119615172102
0.00975735769306
0.00773697160836
0.00803120876449
0.00909709979115
0.00849021623313
0.010634978899
0.0105907006162
0.00946308749853
0.00865521470779
0.00752494766138
0.00949548945417
0.00912401424559
0.00910821432692
0.0108242717614
0.0111468577861
0.0114568162664
0.00959438966343
0.0103799750201
0.010012046172
0.00781974944186
0.00852668989538
0.011623697876
0.0111274340292
0.0107319663062
0.0121194946393
0.0116261025045
0.0123934598761
0.0124256746045
0.0101328086053
0.0102093505182
0.00980995192812
0.0110318991536
0.0108397707997
0.00966325836407
0.0102029159739
0.0101589724355
0.0108355107778
0.00884460507892
0.0123059315589
0.00843535331944
0.00890797252194
0.0121399878156
0.0116364605883
0.0115824061914
0.0110153088481
0.0111970239858
0.00953041938978
0.00688003445364
0.00546478368893
0.0072905154705
0.00747447969644
0.0104202372021
0.00943883078381
0.00902997983465
0.0102832176152
0.0107048864882
0.011677567649
0.0107937219864
0.0120675277128
0.0110339995445
0.010828063326
0.0114340751315
0.00785123385966
0.00939589948889
0.0141277675541
0.0130221851148
0.0120237042086
0.0103414548828
0.0095389846495
0.00884942141572
0.00972843818225
0.00803358432221
0.00822571083734
0.0086019532745
0.00906664524699
0.00894538267427
0.0110142957573
0.009353254748
0.00905813804129
0.00789286434968
0.00753248724363
0.00880423945761
0.0100162352031
0.00990241049715
0.0117180840825
0.0108483315618
0.0105806002802
0.00949244270818
0.00900395821652
0.010753679966
0.0102429463177
0.00989704384097
0.0108962288111
0.00938004669294
0.0115873884828
0.0133604087281
0.0122998479294
0.0105051505774
0.0106250674617
0.0102995890681
0.0125088242609
0.00901885422576
0.00904379966645
0.0086352913582
0.0102809791097
0.0135965968954
0.0106791735034
0.012079052274
0.00982366716856
0.00927393922605
0.00940966966435
0.00999902200023
0.00836505403071
0.00804661417552
0.00918742725872
0.00873650371888
0.00908683267353
0.0088573080236
0.00993976608073
0.00942134379835
0.00876680118818
0.00889534412892
0.0098161615041
0.0095568295482
0.00966950730492
0.00953057655569
0.00959508755285
0.0100095209149
0.00969082177944
0.0124008720582
0.00913860245937
0.00764122007437
0.0086521813192
0.00706389154908
0.00870186490093
0.010271461967
0.0103252555226
0.010226000986
0.00863893692069
0.0107814168546
0.0109474716875
0.0117214167606
0.0116982777705
0.0106955087541
0.0116859132494
0.0105874887456
0.0106165762794
0.0119237678494
0.0108235071608
0.0104353273611
0.00925630374655
0.0100958081048
0.0121295565669
0.0112922801054
0.00990880017914
0.0118553697088
0.00874134212327
0.00944908301496
0.00944470551472
0.00908417028461
0.00801541976868
0.010193091259
0.0100333713879
0.00815373546615
0.00868457493082
0.00887294082877
0.00945819196969
0.00880233346489
0.00881637210599
0.00875183203446
0.0119626702949
0.00869418297019
0.00863627967472
0.00851397136888
0.00866636807762
0.00865681709656
0.00863478043369
0.00926981225728
0.00850014270157
0.0080358266721
0.00737020878925
0.00907361249656
0.00832318855342
0.00832428827481
0.00848923288252
0.00956780902133
0.00865509658943
0.00849462932937
0.00794612310615
0.0104150869984
0.00870563394912
0.00895269200396
0.00841760436105
0.0117446497266
0.0113526494043
0.00796616806132
0.00743788372335
0.00846829468471
0.00984598520314
0.0107296774889
0.00925764616024
0.00930857382667
0.007595121137
0.00891824819437
0.00801756123482
0.00917612839129
0.0100300985467
0.00813126569602
0.00852741079994
0.00764255764646
0.00978755361401
0.00804741368627
0.00948524420834
0.00741605719441
0.00807591838054
0.00848044540118
0.011698935297
0.0102024139459
0.0088187330407
0.00984770114997
0.00917135722398
0.00848609857734
0.00820166444694
0.0079481317299
0.00808694659368
0.00650512794666
0.0106120869833
0.00879937740656
0.00952882116569
0.00847068884208
0.0089551158373
0.00847790132396
0.00979125254129
0.0115002532537
0.0107709561643
0.00750498809242
0.00868424387928
0.00813185408436
0.00873546044266
0.0107255220409
0.0090253015885
0.00905105611893
0.0071963848361
0.0120587229746
0.00751542761931
0.011519099828
0.00990566349284
0.0112753995833
0.0117752185473
0.0123384139469
0.00951997236071
0.00975496778812
0.0107575433631
0.00741733448667
0.00806075864036
0.00961087849565
0.00887165261281
0.00976261636241
0.0087946705094
0.0100254917593
0.00739359711202
0.00830870998509
0.00960064448672
0.0106507100307
0.00874968433272
0.00974847850316
0.00835987173327
0.00790822339797
0.00761221973248
0.00908718595857
0.00791310330198
0.00996231653592
0.00829735336752
0.0116675749635
0.00764647448292
0.00814835132954
0.00742799777334
0.00956713650032
0.00893014777719
0.0078552375751
0.0092886591068
0.00978449087781
0.0102602454865
0.0111233635673
0.00953984069649
0.00884961374593
0.00737876356197
0.00854858248279
0.00764158493112
0.00770330920395
0.00824345589096
0.0081769008036
0.00834882937448
0.00819441342943
0.00890762530699
0.0091780009644
0.00966217941283
0.00852850756055
0.00766405855443
0.0095028569683
0.00686546253746
0.0106078592162
0.00730151151792
0.00699725735775
0.00829641064202
0.00884706262414
0.00708546041676
0.00755395897665
0.00885378992433
0.00833191286586
0.00894660667403
0.00739952602148
0.00857165671753
0.00772173893458
0.0108107568814
0.0118219967705
0.00978698897945
0.00928121265952
0.0110240745719
0.0100220059072
0.00712380831216
0.00937693905214
0.00863129074443
0.009986434427
0.00866383716067
0.0081657608039
0.00786804644014
0.00810224989753
0.00913439499936
0.00857977864863
0.0112994778803
0.0112516816753
0.00764629865871
0.00896836494194
0.00990094440586
0.00789410156215
0.00848434179905
0.0105958302368
0.00906921020957
0.0104988737873
0.0105069823818
0.011001222239
0.00749109678994
0.00574171162715
0.00653010282128
0.00733400051704
0.0104895856075
0.00829676025977
0.0069538100786
0.00949046679759
0.00850042290264
0.0117268100326
0.0105941683821
0.0101717592644
0.00787296443151
0.00781958683224
0.00867511189746
0.010133481452
0.0100878837508
0.00833702659396
0.0109504334364
0.00927784280695
0.00967495056387
0.0106823417975
0.0100552463643
0.0098418272224
0.00977533361837
0.0105618250442
0.00972283763272
0.00762349892219
0.00782465328336
0.00859133231714
0.00704944377009
0.00691490873054
0.0071688573944
0.00777309019088
0.00774327727154
0.0100441768612
0.00775703466914
0.00751526489727
0.00980086203001
0.00826686166077
0.00864787391872
0.00938347162419
0.00852618456483
0.00850738018118
0.00897569143182
0.00873336788193
0.0100965648169
0.00805822663515
0.00852038117197
0.00997424560743
0.00708479659332
0.00636168828837
0.00697042158106
0.00713180584366
0.0083238394456
0.00982195485582
0.00801764976561
0.00811989688588
0.00743859003817
0.00860021604519
0.0087951171727
0.00827688641655
0.00934338268922
0.00914067786914
0.0114576851447
0.00919155437729
0.00774329850123
0.0103897539289
0.00983744849648
0.00915938869974
0.00880478836504
0.00748101970336
0.00880635200195
0.00844434122324
0.00925377446988
0.00879212736427
0.00880068204512
0.00869093709289
0.00693306420492
0.00651745465675
0.00790059613603
0.00863331954721
0.0106417059384
0.0116099776239
0.0115730858017
0.0119497132092
0.00928592615134
0.00808750855394
0.00645554346908
0.00784555653429
0.00681435838938
0.00714103614673
0.00678181994419
0.00766636129041
0.0104262475347
0.00768335365768
0.00982347326191
0.0110708458725
0.00981428472745
0.00933567236249
0.00913512409175
0.00892656908901
0.00945888299333
0.00946693780924
0.00889903565611
0.00820237498667
0.00733388018791
0.00897639458244
0.00940963939254
0.00884712440734
0.00929449449958
0.00958439526284
0.00863158014952
0.00749844337463
0.00871625981545
0.00719436086788
0.00830725543102
0.010934308268
0.00759342906809
0.00643231629782
0.00666032158937
0.00742764922705
0.00915721191456
0.00998929284233
0.00924275447235
0.0077404810508
0.00691826079821
0.0101302213018
0.00786603689859
0.00838094129739
0.0074691290058
0.00673086997285
0.00731983805972
0.0060506931626
0.0104028469416
0.0092004791015
0.00557769197244
0.00649503427718
0.00605178962273
0.00669265962964
0.00608700789213
0.00584362344245
0.00647605366313
0.00732046262699
0.00631833658169
0.0069143095777
0.00711849047662
0.00962575690372
0.00531839952542
0.00648898772943
0.0064463075551
0.0121450821193
0.0106563034533
0.00905450247261
0.00805090434804
0.00757715753172
0.00825650680912
0.00775611870726
0.00818600554229
0.00756695978772
0.00980030872352
0.0105074509596
0.00925583545608
0.00959798450801
0.00786996519674
0.00577015697612
0.00728600283675
0.00713507552
0.00922235539853
0.00910923877862
0.0106480848061
0.00906569523862
0.00948753340985
0.0112368151223
0.0115334784939
0.0095437203488
0.00941568090665
0.00938507047018
0.00999927660717
0.00880307949222
0.00956424981808
0.00898039200149
0.00568142546323
0.00624503011628
0.00599107585831
0.00582503301231
0.00677203320458
0.00615602979713
0.00558093132071
0.00846754670693
0.00674695735828
0.00809431925983
0.00856876437153
0.00849179774021
0.0073097094896
0.0083004066184
0.00891018232794
0.0081839331642
0.00695736033195
0.0071034658304
0.00896348257554
0.00700663285676
0.0092836075703
0.00925424125165
0.00804719470201
0.00854473418978
0.00979654228795
0.00879412205191
0.00978401443498
0.00851196547954
0.00815503814385
0.0101331028568
0.0071513485913
0.00746795692968
0.00624732199035
0.00607406197343
0.00823321105361
0.00681674467784
0.00775120667248
0.00834821152108
0.00653724205562
0.0069725053159
0.00681381256037
0.00932766529232
0.00735196379126
0.00748047574053
0.00861003690221
0.00954018059881
0.00676645699151
0.00582166125898
0.00933142153865
0.00738797202293
0.00666471909116
0.00571729080992
0.00761842314171
0.00578704709872
0.00558901743538
0.00666258378628
0.00596889950756
0.00601480043236
0.0062444468373
0.00699116933119
0.00860431246323
0.0089558893661
0.00838877325026
0.0100130443388
0.00858771696531
0.00809454503402
0.00895465028988
0.00751086096357
0.00773449082962
0.00764461268558
0.00866359784524
0.00821195387088
0.00729329937468
0.00610513083053
0.00755626278345
0.00799799734943
0.00849883400634
0.00871615102191
0.0120833419062
0.0104852411196
0.0061296708864
0.00525024124314
0.00624067877111
0.00753033437195
0.0077053262358
0.00857917675862
0.00611910324494
0.00516937679359
0.00611846361351
0.00797285787725
0.00776002071859
0.00716433232652
0.00816348581215
0.00627886943303
0.00714290689704
0.0066599315575
0.00566754346555
0.0073627741251
0.00659150901153
0.00461860313874
0.00531536566457
0.00706277912108
0.00969471292974
0.010657496814
0.00882285841053
0.00800047834792
0.00841429859471
0.00692980618117
0.00651703463771
0.00657044616083
0.00736615079227
0.0086126555893
0.00907603708511
0.00906836229819
0.00522172139317
0.00668379178495
0.00751125023784
0.00700144332746
0.00692886771308
0.00630345055878
0.00685320879448
0.00622805653813
0.00960862001196
0.00963146463103
0.00684485239835
0.00649985910389
0.00641635968382
0.00501561368125
0.00426409863292
0.00523644756693
0.0063470888753
0.00894364817764
0.00902444251022
0.0103627746211
0.00812170167266
0.00972410139949
0.00831572855174
0.00828632550433
0.00705176526872
0.0062480527972
0.00656658459404
0.00807263527937
0.00510643802692
0.00605715549709
0.00749065405241
0.00608611851043
0.00873745753728
0.0103317179433
0.00735945242922
0.00586460680985
0.00746588937186
0.0064621396297
0.00774361928718
0.00937244044052
0.00773673172026
0.0116334929931
0.00547344825707
0.00593394367278
0.0076064881047
0.00556922842249
0.00557141402285
0.00782299673119
0.00627731798222
0.00573213674819
0.00918207591439
0.00763789161515
0.00712210258896
0.00576007049377
0.00806622687705
0.00635657226563
0.00639588311143
0.00849483180626
0.00706084449318
0.00622401501869
0.00480680961547
0.00840542347596
0.00793257452536
0.00682747629947
0.00762021009151
0.00634945045223
0.00871790259207
0.00923788390922
0.00977384420665
0.010917817503
0.0045791432061
0.00502867550049
0.00622959788564
0.00507335893022
0.0089694133928
0.00512653886453
0.00390854739953
0.00507304119195
0.00440633593185
0.00755736435284
0.0057953456892
0.00441077034069
0.00550337503093
0.00578553071517
0.00951153903727
0.0099409817976
0.00632903869687
0.00557917260231
0.00463495094131
0.00547304407161
0.00468076724775
0.00566626728861
0.00757632830645
0.00582410791843
0.00513533341254
0.00555875193641
0.00672671709554
0.0067712940611
0.0058284126132
0.00681090071407
0.0085228124883
0.00832151307658
0.00711042072627
0.00563673510894
0.00564416338724
0.00698059201848
0.00583408150662
0.0102668244721
0.0105758051963
0.00932871901865
0.0070006557975
0.00651987742442
0.0073947397601
0.00589490760106
0.00619743683973
0.00621401872801
0.00699649480293
0.00657250420024
0.0104173779261
0.0103488572594
0.00803613940609
0.00712285142376
0.00831183106963
0.00697563278274
0.00598065154959
0.00539556347563
0.00631850926092
0.00647158528801
0.00789813131046
0.00696257687773
0.00837027159809
0.00477404966346
0.0067151815197
0.00810544337693
0.00997832895675
0.00879518012778
0.00757393709124
0.00873865097374
0.00920810254457
0.00585345533528
0.00464007109909
0.006408568232
0.00562347564936
0.00983756493652
0.00827201758062
0.00830924285536
0.00917224563509
0.00721309079445
0.00758772287391
0.00610252857601
0.0077271627692
0.00600992950829
0.00633052287999
0.00822072246646
0.0101066472781
0.00836036307851
0.00606289529553
0.00537741918624
0.00525762136682
0.00770302479694
0.00912505730869
0.00775943784704
0.00855128425144
0.00979232082337
0.00668081462042
0.00636847324877
0.00791199759967
0.00833876928065
0.00923839483385
0.00751697021981
0.00871646527966
0.00868408770189
0.00737786977511
0.00870883930068
0.00649231103416
0.00778235558302
0.00834793659136
0.00782385474315
0.00726931831684
0.0113976085642
0.00663360006616
0.00601155999894
0.00651720527318
0.00528462998482
0.00481511828306
0.00622822524622
0.00695245558701
0.00693622687011
0.00644618009154
0.00657158115077
0.00685925906802
0.00762975144638
0.00667410282911
0.00664277402332
0.00474147703337
0.00525169469285
0.00567703594348
0.00506109591142
0.00653672738763
0.00565411490377
0.00596299352119
0.00459110097926
0.00587378087941
0.00502950908965
0.00545671541724
0.00789542669402
0.0110950339864
0.0102470951404
0.0087919985815
0.00851793356163
0.00690119777805
0.00607201658441
0.00621593972755
0.00666637159985
0.0072706826055
0.00699134666373
0.0060801395151
0.00767893703194
0.0067096170056
0.005321292336
0.00543568749068
0.00582762019284
0.0050375948983
0.00453813080536
0.0039516972831
0.00530218304244
0.00501441626297
0.00492257986843
0.00493147794179
0.00397805998076
0.0093274904117
0.00835230350083
0.00529494285415
0.00616413366655
0.00577185997581
0.00613190386409
0.00633801889542
0.00542981686801
0.00637386782406
0.00564124456735
0.00883072299679
0.00624447158552
0.0064242555257
0.00720036954189
0.00814730914327
0.00830950666355
0.00809170301163
0.00923151949712
0.0061239347258
0.00556315725643
0.00682319155477
0.00682434945455
0.00857929393731
0.0093275268711
0.00837644529446
0.0076490017061
0.00824845595886
0.00693267317562
0.00534766423682
0.00513403394043
0.00511679323988
0.00523926415235
0.00523677663426
0.00447995915979
0.00455511920264
0.00517695355106
0.00571167989617
0.00453692759287
0.00467473829901
0.00557557371646
0.00458840589118
0.00424399000444
0.00493342337886
0.00465445122712
0.00632976527193
0.0065925128475
0.00811755637632
0.00692892460112
0.0046783391643
0.00442658217339
0.00520622640217
0.00394257207821
0.00501430277038
0.00452865910255
0.00590275532275
0.00459437205498
0.0085958496185
0.00750718606738
0.00882869233896
0.0058885473562
0.0052687711604
0.00438042896214
0.00629555518054
0.00749236625678
0.00752822049604
0.00506359308519
0.0039531276995
0.00494266914348
0.00504636282944
0.00648484409173
0.0052399330055
0.00635241766293
0.00605023559734
0.00805057777184
0.00835555335422
0.00614183266978
0.00616424658354
0.00540482121838
0.00412461781911
0.00517485077905
0.00507476239639
0.00559365770752
0.00548297983976
0.00627971693681
0.00570615966572
0.0050273877633
0.00536936494752
0.00550362510619
0.0068781927225
0.00662670158495
0.00486285568367
0.00405197626782
0.00493380929817
0.00590642034538
0.00566086607549
0.00587313378774
0.00429668729673
0.00506647691936
0.00628393956381
0.00723119979685
0.0103932147243
0.00900434040984
0.0088756896944
0.00681330874127
0.00722166202207
0.00692780107044
0.00770633888432
0.00459513356476
0.0074966235607
0.00551569068376
0.00495572844946
0.00595931624945
0.00549909487207
0.00786273086517
0.00768107164184
0.00735070214672
0.00830725721835
0.00646480796728
0.00783699307358
0.0078453896108
0.00785317384422
0.00610455081315
0.00786300959195
0.00732385413272
0.00616913123675
0.00651535973414
0.00765772446997
0.00675156753026
0.00681517227894
0.00734835909187
0.00645580048782
0.00591577405059
0.00669971980361
0.00655091186301
0.00585940933395
0.00668201130112
0.00737278291702
0.00708388186769
0.00778208959039
0.00565656876764
0.00684017344003
0.00767138510145
0.00746374576957
0.0053099549829
0.00435517651177
0.00522491903582
0.00358528229926
0.00314743030692
0.00409478944715
0.00358186822046
0.00650306809457
0.00763525572791
0.00488126236808
0.00542407006075
0.00378479038257
0.00434122976555
0.00446960330025
0.00485667267433
0.00446884163936
0.00330489129283
0.00396461667963
0.0043324881051
0.00678410575886
0.00674664942355
0.00693338503655
0.00657310888137
0.0078751394768
0.00513146466223
0.00494359028873
0.00548534999214
0.00523722642416
0.00521157439906
0.00599112555945
0.00634638753676
0.00519668689141
0.00349821073284
0.0051976400903
0.00627840264271
0.00596917631645
0.00480274179413
0.004745141605
0.00451618314516
0.00500775590938
0.00464186231331
0.00508421988034
0.0050397700092
0.00707654937848
0.00701149611249
0.00543844850396
0.0050425013304
0.00500097031557
0.00549832639315
0.00466569219157
0.00425096853572
0.00456193941464
0.00492348018593
0.00455845863766
0.0044588103149
0.00575006513193
0.00521282610227
0.00872658422562
0.00759989022554
0.00879969333361
0.00819938342678
0.00463723287112
0.00412118073224
0.00468951286214
0.00443433291688
0.00661836909249
0.00866313707356
0.00735422592787
0.0082180480603
0.00738850061236
0.00487423330333
0.00454670926909
0.00618649343674
0.00457212385431
0.00748991231193
0.0079610432323
0.00453430362553
0.00393956962752
0.00434772026447
0.00418979572396
0.00455482417112
0.00405249068469
0.00441505193264
0.00443689275117
0.0047607231243
0.00440601585771
0.00514753289764
0.00569435281732
0.00730645109433
0.00652223990657
0.00546216882826
0.00446269714112
0.00454056409763
0.00564896343371
0.00404234637498
0.0037639887967
0.00501198244143
0.00405578340278
0.00695314914298
0.00508406955804
0.00442827612432
0.00514703833323
0.00495326897036
0.00843078146537
0.00844445947156
0.00422987789479
0.00313814799884
0.00380981790833
0.00434978533109
0.00563072583899
0.00440567107804
0.00562529525988
0.00547397880491
0.0046994343641
0.00385288977906
0.00467471241604
0.00466946179067
0.00646809620794
0.00673317777169
0.00418461098362
0.0038374610799
0.00468700095476
0.00506769473673
0.00469241467445
0.00372236353558
0.00454746841954
0.00474322184758
0.00633997247648
0.00613594920665
0.00573137294255
0.00576146817629
0.00558165596108
0.0038903216831
0.00409524787097
0.00589484179353
0.00673851021553
0.00644718626726
0.00460156001377
0.00373817744176
0.00455769192985
0.00467095250537
0.00550502081287
0.00659252292019
0.00725712439126
0.00690337154945
0.00686415283856
0.00728155102773
0.00497438784638
0.00391709069605
0.00481105563376
0.00444445253033
0.00482919985316
0.00354599374855
0.00408521058753
0.00492140561813
0.00496622836681
0.00367526470581
0.00415524793024
0.00435188652439
0.00637688357273
0.005879484715
0.00785230436757
0.00768374267154
0.00614760478273
0.00693320749097
0.0074655853076
0.00663384519454
0.00805208889642
0.0075124596558
0.00487082936646
0.00399385399434
0.005483638345
0.00372799489976
0.00785206257126
0.00636371195748
0.00602933650705
0.00529665741051
0.00387234649643
0.00462167536886
0.00389485036671
0.00781624856836
0.00884259341445
0.00490566827465
0.00509873960232
0.00712001454896
0.00735466989389
0.00651041728675
0.00906662472132
0.00592720200872
0.00679435502006
0.00705430337252
0.00569617208063
0.00641307334327
0.00502353867235
0.00485518867288
0.00444650246602
0.00443624491948
0.00795872840257
0.00731504358913
0.00551766810994
0.00680431664938
0.00684359247752
0.00632345387399
0.00704135477156
0.00526922801458
0.00464854821486
0.00518216059383
0.00585743954881
0.00797341028289
0.00599279566218
0.00580156376217
0.00637711600483
0.00431661019771
0.00319197078438
0.0034110720145
0.00406308479797
0.00499427824434
0.0043870877314
0.00519106860414
0.00543560604635
0.00627053734872
0.00535147703614
0.00599184647363
0.00589032566653
0.00470214278266
0.00345202992417
0.00441956318581
0.00375930472287
0.00603397985829
0.00508684508658
0.00419549909645
0.00523493104928
0.00540182374853
0.00388687188426
0.0040975717172
0.0046643117738
0.00738812692521
0.0068952934728
0.00550288875575
0.00582198247968
0.00590022241837
0.00587647795172
0.00540971518727
0.00552667871041
0.00693678230542
0.00675629235741
0.00617813243474
0.00556770206284
0.00569331278092
0.00704155586297
0.0032168178806
0.00241459183771
0.00307087129489
0.00295388329388
0.0050610417989
0.0041306425845
0.00465193062967
0.00497663525183
0.00289463096315
0.0033983380346
0.0033816846267
0.00286128770091
0.00304597779247
0.00362486930939
0.00557637694938
0.00520818609174
0.00396619904027
0.00480833911986
0.00521851178728
0.00576159190832
0.00682276870306
0.00510930195321
0.0049400713798
0.00650041236627
0.00592144297277
0.00469211957575
0.00524977984703
0.00435185810881
0.00472287710925
0.00394472455313
0.00515453175612
0.0078792798095
0.00463249839509
0.00394381125939
0.00369420180552
0.004167781423
0.00365547989878
0.00685413469017
0.00778447365692
0.00440612998551
0.004429084358
0.00430940773033
0.00444795016272
0.00826257818573
0.0066756238989
0.00476637628335
0.00410183452057
0.00460021023071
0.00423120590092
0.00386065381274
0.00383894685728
0.00420772188027
0.00431813948568
0.00682629361835
0.00677825855262
0.00451441541877
0.0039144021948
0.00452192282626
0.00460038924641
0.00753966752989
0.00735774126228
0.00419849803081
0.00365895038389
0.00404137807219
0.00415281407222
0.00726197694683
0.00628608435904
0.00379021132686
0.00431500941627
0.00471906114574
0.00409508817016
0.0065114182335
0.00627453317845
0.00430173652189
0.00425382040439
0.00449891794119
0.00414556331302
0.00384434267164
0.00361229519903
0.00386972807839
0.00391649278357
0.00455635695395
0.00472845493736
0.00428532420622
0.00520976844699
0.0047537673694
0.00404957379036
0.00452209807781
0.00450684827506
0.00385743021916
0.00363034792378
0.00385911159899
0.0042051436073
0.0073943514323
0.00696903680963
0.00737031127823
0.00711221041208
0.00895092602575
0.00707044799627
0.00515310051953
0.0047075018354
0.00551932190488
0.00467365004859
0.00483047131828
0.00418390586616
0.00477697163907
0.00457893936237
0.00444265108319
0.00355256202067
0.00401274043966
0.00394787393362
0.00606441962085
0.00608212422497
0.00689964529145
0.00622384076277
0.0043784948153
0.00338067842627
0.00340792168106
0.00376620721903
0.0042717338037
0.00417055811918
0.0043522662363
0.0049094920226
0.00542416819609
0.00700713843271
0.00463419471739
0.00424730242782
0.00452298881927
0.00483736436648
0.00624229682988
0.00689318819211
0.00424772574335
0.00407054567462
0.00401013296047
0.00501767873068
0.00554113832028
0.00600645415505
0.00555112784613
0.00520219785678
0.00415218127353
0.00357885011563
0.00355375276867
0.00409040185273
0.00678288461509
0.00639746654262
0.00624797471386
0.00667399132318
0.0070349862288
0.00944065418671
0.00426439974913
0.00446008799303
0.00444805158789
0.00387205715552
0.00574030070198
0.00662458281549
0.00661795149566
0.00629933420951
0.00647399819545
0.00624134044844
0.00412308119977
0.00372001447182
0.0042813300021
0.00368475547005
0.00563058394739
0.00604591055367
0.00476319338087
0.00653142030894
0.00536413802955
0.00747545761577
0.00776476304511
0.00783892925841
0.00572614628362
0.00645753068496
0.00719686939467
0.0076769883746
0.00441312117568
0.00379919496104
0.00439029904916
0.00411097937394
0.00582679018344
0.00612724066422
0.00635221648167
0.00631781965691
0.00461436224871
0.00568888421574
0.00373579032943
0.00363550855407
0.00353775436035
0.00412129436478
0.00663231930604
0.00677217898471
0.00492989578714
0.00529495902469
0.00579626140473
0.00578253425967
0.00394862660636
0.00408408554948
0.00426354398269
0.00429142920714
0.00519619127614
0.0064276548101
0.00709873014833
0.00670115463553
0.00681560290655
0.00657503891111
0.00359184490986
0.0038766007174
0.00362480197014
0.00414777830863
0.00585698832904
0.00599590320968
0.00661278024813
0.00587871691884
0.00444125553545
0.00443190425846
0.00470054258912
0.00575557287743
0.00560176732816
0.00572663939721
0.00585406240219
0.00586649420514
0.0047947956259
0.00599044877774
0.00621038007769
0.00651550892545
0.00615813570762
0.00692858513551
0.00331499866059
0.00284437109675
0.00278208735535
0.00288086273052
0.0033465931846
0.00358690047189
0.00339886714821
0.00377123877716
0.00570100886335
0.00537237683171
0.00617523147541
0.00613426540712
0.0056377630193
0.00575288320889
0.00564256212681
0.00569752051448
0.00650046525773
0.00717339402062
0.00579156777823
0.00623443501104
0.00560129712472
0.00510935974333
0.00406052141957
0.00456701322185
0.00338988307294
0.00284475361532
0.00317805396736
0.00326311914626
0.00535734377634
0.00603902418351
0.00380809423268
0.00336145123045
0.00374696159575
0.00413352018524
0.00496116063956
0.00516410260956
0.00399297022757
0.0034468823461
0.00357592482235
0.00343313957942
0.00463678754003
0.00726987639486
0.00549108222469
0.00642365683837
0.00380247253863
0.00396604081426
0.00474631771124
0.00408889976782
0.00602514975743
0.00457852420326
0.00497033489647
0.0050497932426
0.00544808727873
0.00638854016194
0.00396673992749
0.00396322521389
0.00567354874891
0.00537952832431
0.00588122343258
0.00665684687706
0.00364233155037
0.00275828624626
0.00326916414622
0.00321925050781
0.00560101028447
0.00546210744211
0.00564994241922
0.00506376625924
0.00445602932324
0.00472939247586
0.0038401288275
0.00517957340144
0.00462724430143
0.00438360706318
0.00469342896271
0.00485000372547
0.00479589890621
0.00428210855361
0.00455157695418
0.00405593230495
0.00674913974157
0.00397097985288
0.0045618749069
0.00458811828481
0.00391452906182
0.00370320240809
0.00393720738713
0.00387078703392
0.00449835380576
0.00404362208582
