0.0379464570822
0.0389843567433
0.0409961657552
0.0468024993031
0.0445338522006
0.0471167633977
0.0472008390477
0.0379709631992
0.0408524343948
0.0423514328369
0.0424166138144
0.0371440005197
0.0348004562438
0.0381572388076
0.0355695850814
0.0289798214508
0.0381906782149
0.0347659933992
0.0283420370308
0.02951829053
0.0423661230623
0.0390468335993
0.041294413374
0.0416639039915
0.0411734307761
0.0373620712145
0.03808477463
0.0463163242738
0.0318714616082
0.0279976750222
0.0336880633821
0.0390667251389
0.0348430747201
0.0450700617274
0.0378185396744
0.0397717650652
0.0370037785873
0.0278677059163
0.0315000970899
0.0352161165673
0.0303242990447
0.0328282602308
0.0293684047583
0.0318843383196
0.0334075315787
0.0382501261761
0.0373723162279
0.033267117308
0.0365165961812
0.0353097849831
0.036155360161
0.0333938051336
0.0351873611654
0.0354387386098
0.0343950061781
0.0402719304004
0.036754266403
0.0400889786003
0.0414360831918
0.0333306909356
0.0346745666315
0.0303238374081
0.043377167976
0.0327356383457
0.0393424216331
0.035581849129
0.0417868438411
0.0421610061569
0.0431341225702
0.0377705755245
0.0330468175052
0.0372347497278
0.0343976978961
0.0335315312568
0.038834519298
0.0365854750836
0.035671929299
0.0350591633851
0.0368461872514
0.042540437206
0.0374709005642
0.0384787997742
0.03374532672
0.0330237155762
0.037487565979
0.0334305762789
0.0318297879796
0.0360513248658
0.0420726832929
0.0416292402558
0.0409166671054
0.043965230609
0.0408429955395
0.0410855125537
0.0347296440988
0.0406543477507
0.0353642257468
0.0344019902206
0.0358109431486
0.0343543269642
0.0380400331263
0.0348906594266
0.0330296367357
0.0354923166686
0.0319913427643
0.029536957052
0.0288106610834
0.0385795104636
0.0338785526419
0.0338157097489
0.0367931695061
0.0331572175177
0.0392224937923
0.0402957839737
0.0355235396198
0.0417530480896
0.0423202467375
0.0387699951409
0.0322687118941
0.0370742005686
0.0372528896585
0.0367691635837
0.0364299726868
0.0335576628211
0.033248516596
0.0323138863875
0.036788207328
0.0359815596308
0.0328977594949
0.0349924607538
0.031229787814
0.0344144732545
0.0320183976021
0.0320357085553
0.0343368474295
0.0315420753447
0.0332334793838
0.0326134790609
0.0348309769584
0.0309870316226
0.0247600956987
0.0285696973432
0.0346110749485
0.035177236199
0.0390907504558
0.0345742347712
0.0403142440616
0.0404142336833
0.0409574647636
0.0384872818513
0.0417847442339
0.0404451026993
0.0350953304454
0.03878585155
0.0348257585654
0.0351701368447
0.035004897766
0.0331422229251
0.0333195197242
0.0313440343813
0.030053394279
0.0252481447062
0.0288621639499
0.0286228646034
0.032374441927
0.0265408010596
0.0288397929943
0.0186660137724
0.0176668264425
0.0212177438832
0.0190349676595
0.0206710638259
0.0178775492155
0.0204639709847
0.0207906296965
0.0221849967729
0.029825991909
0.0283113017323
0.0311887193124
0.0311984171188
0.0251940360042
0.0211099110085
0.0232807973981
0.0249352987126
0.0258717461894
0.0196981074289
0.020414981258
0.0244925496011
0.0251488596341
0.0342008721707
0.0335030216306
0.0245325121049
0.0254134084664
0.0219882938476
0.0180590085827
0.0210868462272
0.0263147329077
0.0298971207325
0.0283627399913
0.0323797431369
0.0265203415226
0.0332452926647
0.0289558534421
0.0341358454432
0.0204973369375
0.0199701611053
0.0263907336213
0.0183479925145
0.0219918228251
0.0168489111793
0.0217162435343
0.0167841595017
0.0206917588301
0.0182164745589
0.0190914248582
0.0174653019728
0.0212042450421
0.022290395808
0.0264541969233
0.0215884539683
0.025358915162
0.0325206489931
0.041525433204
0.0276743230602
0.0242226821938
0.0218018007721
0.0283060875777
0.0240055801406
0.0335064253847
0.0308798517665
0.0284494797576
0.0257166627095
0.0253102840186
0.0281531583325
0.016713892483
0.0219828221876
0.0280315776589
0.0206266452101
0.0210722264386
0.025375544865
0.0217647773766
0.0169959100344
0.0184280929578
0.0207013956636
0.0294318641014
0.0223073497702
0.0223509479737
0.0177857022946
0.0196329742687
0.0239769272475
0.0262208063631
0.0235513992526
0.0228813927652
0.024627761659
0.0322966106184
0.0290455545294
0.0311680753207
0.0318442910783
0.0307165241686
0.0301130478022
0.031936832807
0.0337169664474
0.0287289584238
0.0265445806303
0.0235252744355
0.0232079368919
0.019454704508
0.0229037455194
0.0189861555534
0.0192198949867
0.0185893664071
0.025620324224
0.0240810433452
0.0185113267965
0.0219329149908
0.0195938731947
0.0278195869292
0.0287187784413
0.0265297738027
0.02411361686
0.0173048748724
0.0209691654566
0.0226926163979
0.0305456319331
0.0297271494148
0.0308050769433
0.0354712590872
0.0343051040671
0.0189136170389
0.0217334264023
0.0340917050755
0.0282395367509
0.0196296625502
0.0237457848701
0.0248805395495
0.0186489866565
0.0273752124763
0.026470171591
0.0167141894668
0.0176789109258
0.0218105700054
0.0232638231014
0.0206559669606
0.0174204320374
0.0189616193479
0.0236299600227
0.0204796803132
0.0144380784787
0.0159520083293
0.0192619572171
0.0232234946338
0.0230857596077
0.0172113929164
0.0228164867875
0.0193811240812
0.0259740152499
0.0155512844688
0.0196580623582
0.0251193455199
0.0252277650256
0.0353503044295
0.0192851325944
0.0153926427776
0.0263148105484
0.0232701667232
0.0152107030341
0.0164883309473
0.020242883645
0.0203107945021
0.0301735165147
0.0221873792557
0.019754131733
0.0216007753229
0.023251337802
0.0202366920399
0.0210461236754
0.0181837131226
0.0176761685791
0.0199287598967
0.0217014879718
0.0244935134309
0.0256591419609
0.0217904321843
0.0173585686469
0.0203826430755
0.0210592706202
0.0260096599249
0.0259367036071
0.0314804457407
0.0208583789978
0.0144857111916
0.0187079762533
0.0221745663713
0.0211768727667
0.0297128015782
0.0276102623908
0.0156266156026
0.0141217050474
0.0147556927241
0.0148637802452
0.0268380424065
0.0388221512826
0.0141892746185
0.0157011839004
0.0182859640891
0.0180047629332
0.0153403344452
0.0176837386378
0.0176157367891
0.0186693726292
0.0230093063322
0.0231748762916
0.018412006909
0.0171581574298
0.0189603227298
0.0196237848661
0.0269011204343
0.028204871419
0.0181835267745
0.0159327474623
0.017965091104
0.0141550920642
0.0259959825465
0.0276848840103
0.0245471868872
0.0239309548031
0.0233534338268
0.023967324082
0.0235685385702
0.0234151121693
0.0184294543038
0.0202503959545
0.0231773369095
0.0130760263437
0.0238995412902
0.0141610909447
0.0132396439681
0.0211087835099
0.0218169449386
0.0284764195264
0.0220707154851
0.0190080407451
0.0257570606317
0.026083471549
0.0177999545398
0.0169177288559
0.0168780109654
0.0176051524276
0.0182586554067
0.0167545265009
0.0184704532176
0.017634248814
0.0230725855317
0.0244491128426
0.0234511548024
0.0220828485206
0.0251560248505
0.0382916062246
0.0230108339788
0.0234562178243
0.01633183036
0.0152416004018
0.0163635069377
0.0169549260626
0.0259890243577
0.025465576643
0.0144130990238
0.0153373031604
0.0152003126673
0.0161201530059
0.0253798622628
0.0317887783587
0.0278667530005
0.0295817403928
0.0256435640588
0.0255915381565
0.0204656227048
0.019673401108
0.0189254209212
0.0133207967
0.0142086074936
0.0159052532504
0.0138041006537
0.0133887369061
0.0129077103125
0.0147343728981
0.0190533169879
0.018205797091
