0.444951209189
0.430039521316
0.456164939357
0.464131355391
0.489185249597
0.492673373044
0.47622400712
0.469871581792
0.491464673571
0.431808837628
0.483724202925
0.417315669535
0.388167212697
0.531268446057
0.51958106837
0.481833535878
0.729123593967
0.655757594532
0.683556798774
0.677423472114
0.633348578874
0.620922684404
0.67438305744
0.684376044893
0.634396510068
0.629788851242
0.607270708439
0.620712964495
0.62266571808
0.628634742621
0.639501331652
0.632707697241
0.622179443699
0.622344626821
0.669444898663
0.696617366266
0.653768744198
0.709899858626
0.695967227821
0.662401410935
0.595676996296
0.663810414605
0.50542730551
0.49950355901
0.453363000365
0.417902660354
0.53671415992
0.454553491397
0.530697843462
0.470044616179
0.549497071333
0.597780964089
0.677638765862
0.536836577746
0.532489228432
0.384610095653
0.5601233806
0.506226508116
0.446690942972
0.525324456303
0.449699401104
0.521404702319
0.417576028935
0.334143705562
0.502742640168
0.611798207065
0.698000348928
0.519763344455
0.597691998507
0.560427909032
0.498421694233
0.498773797593
0.544852180187
0.694268692228
0.698889804759
0.603396333425
0.568975647971
0.616244843613
0.549067065836
0.365909350919
0.608572279743
0.222178479204
0.303159194946
0.110478223378
0.0941204495804
0.0531627428703
0.0475763376702
0.0571253346497
0.0487662301127
0.065451672437
0.0646917125415
0.0712733179476
0.051937251313
0.312531755879
0.494779628172
0.244479670053
0.0390033500031
0.128369215221
0.126906552746
0.162420383457
0.0987105620015
0.0732361108108
0.0478453588209
0.0910250015519
0.131739091309
0.123361416794
0.0401507987001
0.0493675487201
