0.230729367009
0.619746029734
0.61564845091
0.567122597074
0.588246484014
0.587196938336
0.533034868413
0.282065287441
0.563865045021
0.885987974622
0.89348932303
1.10592001338
1.01738108252
1.22087231046
1.10252362894
1.01886443082
1.07275060351
1.02875623596
1.14066833142
1.01640120464
0.983939359758
1.0862762013
0.914897479909
1.08692556841
1.25695747822
0.873004898844
0.749523823419
0.866677911757
0.748155994825
0.716959548675
1.32377805205
1.22299905639
1.51695591173
1.29551735531
1.22638587397
0.682998720432
0.630147801031
0.967670965025
0.31545941394
0.510898279917
0.182006514037
0.315814085449
0.176677582094
0.146923655118
0.180322013253
0.075974542825
0.112486943954
0.100082870234
0.660672704462
0.288168473011
0.329883159788
0.275787964942
0.365151882294
0.567375100594
0.437108434656
0.0920530602455
0.0851545433978
0.225413836621
0.333556225581
0.0928696362858
0.0842860314866
0.0710342353554
0.0954599866548
0.0917439097577
0.0572301106066
0.0722263296231
0.337061119945
0.756173358549
0.258455655554
0.306657011888
0.317694208846
0.259742639386
0.557376588678
0.523343396571
0.356752272
0.447163878749
0.358402918646
0.374925526336
0.320308092998
0.310034797561
0.196821940969
0.187780000429
