0.0478200187413
0.0439749142773
0.0277577727903
0.0463682377673
0.0436902819098
0.0425306467737
0.0400424432092
0.0279821734207
0.0320335682226
0.0256298241496
0.0285673793168
0.0449315008945
0.0506144280571
0.0499317070733
0.0467070930647
0.0492275020313
0.0514042794848
0.0501351395797
0.0520353185313
0.0513649026974
0.0509110607874
0.0507392838127
0.046029378451
0.05086220119
0.0493593400068
0.0455926932565
0.0431098649311
0.0340470149581
0.0453684785631
0.0414187048387
0.0457009222787
0.0283259937836
0.0471163388513
0.0330052204812
0.0322402761695
0.0430471614037
0.0433715252269
0.0481437104088
0.0437165203597
0.0485591888362
0.045517759792
0.0443725057252
0.0467127500379
0.0449927279403
0.0545335710989
0.0489319289876
0.0456561790282
0.0542565154608
0.0486867261759
0.0458405021
0.0492388143099
0.0442649382961
0.0416944102076
0.046094556448
0.0425650695317
0.0258620196971
0.0333439737687
0.0290615179533
0.0295931233421
0.0532822881236
0.0447798535137
0.0470478231112
0.0494578034889
0.044422166711
0.0560472841364
0.0489203984248
0.0513566306703
0.0561336200306
0.0455907696285
0.0525297177241
0.0504404262129
0.0426132678597
0.0516863465544
0.0496943193368
0.0507071457935
0.0343512985861
0.0307148949148
0.0334090356538
0.0442150723066
0.0461152482354
0.0480856584969
0.0316573748128
0.0478984137628
0.0528219769524
0.0505016065556
0.0514631127506
0.0468103159688
0.0507264874655
0.0475702966209
0.0491623128358
0.051273699615
0.0494158911661
0.0483522013741
0.0513957712895
0.0461024087724
0.0448243860586
0.0453136601616
0.0449220651892
0.046161913652
0.0292582622605
0.0308334331447
0.0312974439464
0.0295008340713
0.0464635106039
0.0495361252218
0.0448459798272
0.0469840783888
0.050220141181
0.0502322602027
0.0492217463639
0.0464448667433
0.05308776952
0.0513453109296
0.0471551228471
0.0431004890292
0.0562047635426
0.0503496865279
0.0448737081137
0.0519581182556
0.0471636850669
0.0487259875827
0.050108885022
0.0480030026323
0.0331004069188
0.0321198906269
0.0317303578201
0.0257616562606
0.0490618406928
0.0488589576236
0.0396820090962
0.0463179590016
0.0469933847426
0.046496555938
0.0457871596123
0.0457070802536
0.0458046918554
0.0459142052208
0.0458358391167
0.0459223304643
0.0566344902713
0.0504849176851
0.0502754560618
0.0564504725303
0.0504018415473
0.0504204055877
0.0566884688737
0.0504500383986
0.0504592278565
0.0568239698895
0.0506647503339
0.0473172897115
0.0529629706642
0.0494788845057
0.0498590077867
0.0568386737566
0.0505234169374
0.0504005612139
0.0497703252161
0.0436706892918
0.0504551800279
0.0451972291828
0.0464236099598
0.0510670853314
0.0453134771082
0.0510128993644
0.045890048789
0.0467277659694
0.0509994271855
0.0452573647419
0.0509528331959
0.0483717218729
0.0485857331827
0.0510139257161
0.0451042807063
0.0510962243154
0.0483779095305
0.0461797954261
0.0493909032913
0.0332357321621
0.0366271834453
0.0479709392678
0.047922751153
0.0504594351185
0.043540887032
0.0498286859596
0.0435123023671
0.0434905818198
0.0342235058487
0.0222023304932
0.0327535217246
0.0304539003744
0.0326108210747
0.0289742530668
0.0205305303546
0.0330796582043
0.0302220677086
0.0330503610261
0.0310151405277
0.0321624916589
0.0294505358901
0.0209402953824
0.0329329336746
0.0297743297834
0.0331420749463
0.0312426892221
0.0325699051189
0.0363452675825
0.0367253343858
0.0325561466117
0.0312136212849
0.0332722495685
0.0305354699329
0.0320852005025
0.0339147527918
0.0302709696547
0.032798972253
0.0225280886618
0.0338254782198
0.031567748214
0.0313546808214
0.0458393687904
0.0432032053505
0.0336872662855
0.0331752750097
0.0486801587718
0.045000774701
0.0451693890692
0.0453403242089
0.0308198244128
0.0483768659393
0.0503028561636
0.0493623976891
0.0507603629318
0.0465656768791
0.0336151981003
0.0459987595076
0.0427339760401
0.0310273148666
0.0482172047289
0.0493197182079
0.0487362964128
0.0505231341983
0.0479741614494
0.0380379642415
0.0290097529721
0.0213213614658
0.0395630744503
0.046106568438
0.0504608146769
0.0448396750263
0.0478406607424
0.0467237193045
0.0333807816064
0.0339239258459
0.044382767421
0.0466024789622
0.0489258804505
0.0492254934966
0.0513846177919
0.0471720439024
0.0479648148061
0.0330768491376
0.0333060361247
0.0470972304258
0.0491754421203
0.0498094412947
0.0508361290625
0.0502439314781
0.0522104993479
0.0479591202157
0.0358809520523
0.0525077509545
0.0465883131971
0.0454527160512
0.0458796477115
0.0329588867607
0.0513636810755
0.0489142073063
0.0474220296373
0.0520723217952
0.0345502326119
0.0485716619127
0.0531360604667
0.0505546750056
0.0513275096907
0.0463985488729
0.0451637804192
0.0313120688743
0.030239372851
0.0477736846796
0.0488943877057
0.0504761736411
0.0494642257236
0.0343266276902
0.0314674147683
0.0484837837082
0.0482921655499
0.0511860670601
0.0512366150919
0.0514091054689
0.0518050237064
0.0509252153418
0.047008837564
0.0452366729805
0.0347517635082
0.0348841710842
0.0484299051671
0.0475189713694
0.0515138642906
0.0501982775897
0.0519839769492
0.0505871806337
0.0461687149239
0.0480774410636
0.0342277028862
0.0460904652265
0.0482787090995
0.0343991008981
0.0517641679225
0.0506604454828
0.0533712976785
0.05255846308
0.0507221486075
0.0491340401254
0.0473756875618
0.0331409758686
0.032675210307
0.0466724185324
0.0468067223
0.0508564755768
0.0496249436828
0.047962747426
0.0509646626212
0.0336234553721
0.0502107456193
0.0486992472529
0.0507771940216
0.051320224888
0.0483027353863
0.0516505375904
0.0515856077335
0.0513724615364
0.0512094514523
0.0516489333776
0.050932342193
0.0515678600695
0.0477301189158
0.047313055068
0.0341824016177
0.033804557148
0.0490259745309
0.0489591986425
0.0510750035123
0.0514371111875
0.0513061478891
0.0515530027454
0.0500386292501
0.0500393594482
0.04580275646
0.0465263102363
0.035486882658
0.0346210760566
0.048113937179
0.0472548172187
0.0489991816101
0.0492773692971
0.0511481931888
0.0513378035803
0.0504988857139
0.0469898420612
0.0449421570884
0.0326921653381
0.034635208358
0.0494513628772
0.0498583078851
0.0520385071788
0.0524633665918
0.053235779311
0.0534390297633
0.0535097879513
0.0533134508238
0.0526913357274
0.0533496310695
0.0520617619903
0.0518477310852
0.0518134772699
0.0520617680095
0.0518719099627
0.0504607491714
0.0478219894436
0.0485357241218
0.031987046101
0.0425043494925
0.0424841800917
0.0308436947637
0.0443475456753
0.0455314217044
0.0457714185133
0.0484758480843
0.0491969349894
0.049054017227
0.0461295015979
0.0483526223809
0.0315797039807
0.0437771100547
0.0448619973666
0.0312948987319
0.0420826590273
0.0451077427876
0.0483810630287
0.0478048468669
0.0476140397897
0.0482733261051
0.044895126104
0.0481545537238
0.0338340929881
0.0468277783707
0.04674843061
0.0349084520079
0.0513561434012
0.0489588058891
0.0513613809211
0.0515451182644
0.0514017934956
0.0511813171982
0.0454304440782
0.0342700508256
0.0508633808366
0.0502337976484
0.0527132819921
0.0522142626333
0.0512020165285
0.0520212673385
0.0516411049084
0.0504798471157
0.0463862629558
0.0293286699872
0.0299080440231
0.0296478655541
0.0220783619369
0.0330827904853
0.0321563955366
0.0307501322081
0.0353643352784
0.0311113003099
0.030969881755
0.0205641090387
0.0329388716445
0.0308513387891
0.0308654224941
0.0315632500093
0.0217813672461
0.0324808046034
0.0324263844403
0.0300406888752
0.0323702308682
0.0214560536489
0.0334544069777
0.0313313096389
0.032425893362
0.0323547071037
0.030762510822
0.032100122615
0.0197036959022
0.0261663549865
0.0386243395793
0.0470123235207
0.0486875341394
0.0479427059958
0.0480243756813
0.0481870542174
0.0479289060752
0.0450857782541
0.0408264790637
0.0281192693294
0.0296403675532
0.0453381879479
0.0477585689509
0.0451291646831
0.048634360082
0.047619706175
0.046652138899
0.0422031931429
0.0406026352017
0.0286728987129
0.0332163369707
0.0231744816505
0.0444137899591
0.0450929239266
0.033004063954
0.0492139501644
0.0472133618197
0.0519018273051
0.0489514124366
0.0470122674633
0.0479756225723
0.0305709518191
0.0485539056298
0.0468651863994
0.0453455209034
0.0476219070759
0.0328134989077
0.0481979649617
0.0470061578555
0.0469887724741
0.0479233970703
0.0324077238256
0.0488800937592
0.0475849825062
0.0491401004765
0.0491928676646
0.0456749449363
0.0487825327438
0.0326004961165
0.0266432055671
0.0270043806704
0.0295092096196
0.0320544771903
0.0320602232049
0.0322062382423
0.032273839515
0.0323596626916
0.0307951286811
0.0279360266768
0.0189082845304
0.0197795222744
0.0309849001262
0.0313707630331
0.0300031224538
0.0315966026765
0.034476957139
0.0341891570902
0.0297988272649
0.0490256670344
0.0501085765738
0.0454600448342
0.0518913702952
0.0340348818499
0.0460483965835
0.0468742198598
0.0339484347709
0.0499812501937
0.0484771565312
0.0501661546502
0.0511084082102
0.0506400878013
0.051925932689
0.0479118691416
0.0517587242735
0.0343020387914
0.0475045170561
0.0491163372776
0.0341683920797
0.0483735725716
0.0480802139678
0.0503043986489
0.051366418518
0.0509180138414
0.0515632175365
0.0474284588453
0.0520283876483
0.0328860532943
0.0464635121841
0.0468437790206
0.0331407525691
0.0479854674655
0.0462135210827
0.0484050931912
0.0487125069021
0.048256029931
0.0479999786152
0.0428761081947
0.0315946220673
0.0478015555138
0.0465281683303
0.0471500866352
0.0470833819073
0.046017370968
0.0487184502457
0.0489580397359
0.0513253400018
0.0514662387802
0.0510679468705
0.0518377903206
0.047952822305
0.0470326948402
0.0336682844582
0.033532759816
0.0490457310573
0.049043274493
0.0511346090317
0.0514850204305
0.0512384175615
0.0517923431065
0.0504766687734
0.0501636269087
0.0461509606856
0.0461785611582
0.0349686078651
0.0349023986071
0.0479589683313
0.0480173349308
0.0500090588478
0.0490583650976
0.0509506454832
0.0512668760121
0.0519672833758
0.0479352092891
0.0448159907383
0.0317413404159
0.033259859913
0.0495315637756
0.0495728548786
0.0518924073625
0.0522033329002
0.0528295092257
0.053110788901
0.0531726852324
0.0529478707322
0.0484986051552
0.0465420107552
0.0461691086598
0.0482510269094
0.0510521182358
0.0510863727568
0.0511660014852
0.0519343646641
0.0509213429169
0.0471288895865
0.0460911576051
0.0351904446915
0.0345767364748
0.0479325020727
0.0475646369068
0.0516170830598
0.0502712667045
0.0520158190418
0.0505709194487
0.0459820709488
0.0477952217083
0.0342367685114
0.0462384285534
0.048602926231
0.0347320556708
0.0532788540777
0.0489340072069
0.0494208646214
0.0530053685138
0.0511312658704
0.0482699551864
0.0472857361917
0.0328942767375
0.0320080072127
0.0462612187371
0.0468797109186
0.0508736921431
0.0499251168419
0.0481515562
0.0517113769548
0.0347120964328
0.0507410772391
0.0497237900126
0.044027299072
0.0317531280624
0.0431420865899
0.0474121795357
0.0507028627616
0.0514947809031
0.05195630776
0.0475304989839
0.0480282614347
0.0333335366981
0.033370998046
0.0475248404652
0.0493045618805
0.0501063891871
0.0509715743765
0.0504411634743
0.0524546917541
0.0479334357042
0.0358603499236
0.0500502519162
0.0451388929689
0.0467724510092
0.0497070667964
0.034568358984
0.0521113118832
0.0486480110162
0.0464762648521
0.0518450656831
0.0348669630255
0.0486413426676
0.0533652960271
0.0506042402375
0.0509801519838
0.0460394778363
0.0446465634091
0.0309921425363
0.0300735595798
0.0479319452089
0.0456996554835
0.0339436161372
0.0327830738074
0.0486011126466
0.0481875302712
0.0480516045102
0.0440179848362
0.0425956207387
0.0340924668576
0.0323676891455
0.048024470907
0.0436462901084
0.0437487879183
0.0445080205544
0.0303439564348
0.0477733930563
0.0490376017467
0.0488610939325
0.0459081415656
0.0531269710403
0.0321615689387
0.0451845441801
0.0418305490554
0.0301242968497
0.0472598635924
0.0491043897314
0.0481032427041
0.0501301566919
0.046961170836
0.0376599041041
0.0290590022745
0.0216554143284
0.0387969664308
0.0430583878405
0.0488596167731
0.0345209062209
0.0309232640329
0.0451677606166
0.0446446649787
0.030206591555
0.0340555684638
0.0223619402788
0.0328501471079
0.0308535196003
0.0329088140845
0.0285227640511
0.0202506464494
0.0328134037613
0.029943834969
0.0331424358325
0.0317892139983
0.0327092741365
0.0294404952193
0.0205593137133
0.0329152510346
0.0300163961788
0.0331990791459
0.0314647124216
0.0328070054927
0.0368330302955
0.037005662422
0.0329469841911
0.0308014128756
0.0236390303569
0.0338435723942
0.0302237454836
0.0462641740253
0.0512869070234
0.0456739866017
0.0517072363801
0.0465219044984
0.0470762602177
0.0516608105542
0.0465652922436
0.0519585422027
0.0471394061501
0.0475385049376
0.0518027097243
0.0464828609616
0.0519200395224
0.0486626602289
0.0487670079117
0.0521002763786
0.0515769967996
0.0466301681769
0.0496165369688
0.0559427845276
0.049802405106
0.0495634509908
0.0558215695155
0.0497651706737
0.0497692937427
0.056093032353
0.0500293226863
0.0506609938547
0.0566549746336
0.0437539679389
0.0441476831022
0.0565523467209
0.0503137722976
0.0459311813483
0.0458222834503
0.0459580955826
0.0461993397164
0.0455838226715
0.0457684553449
0.0502311073695
0.0601995308185
0.0495527151561
0.0347970274826
0.0348023051756
0.0543430154056
0.0607823661077
0.0416663504172
0.023621572489
0.0339913453544
0.0372374598441
0.0407461310244
0.0563081365766
0.0516589199697
0.0363843517645
0.0343454305918
0.0394922362092
0.0393853848033
0.0493976179138
0.0258460406017
0.030083626176
0.0436909858923
0.037517542557
0.0513862399465
0.0470726108918
0.0493031486038
0.0520279196772
0.048717365406
0.0462886614065
0.0504182876448
0.0381114759173
0.0407255671336
0.0266962627728
0.0333422776101
0.0401881761275
0.0323938249082
0.0311779070692
0.0317270936509
0.0417881103148
0.0436232034042
0.0409064989645
0.044436619972
0.0301511271158
0.0392035032812
0.0369876976585
0.0381188388575
0.0345359728799
0.0540048741695
0.0225037807131
0.0538597586278
0.0483356936736
0.0475274704299
0.0426017680687
0.0435782199695
0.0393883973824
0.0257826504836
0.0243887942013
0.0377935694117
0.0357534348576
0.0398109635
0.0330205906078
0.0412573831455
0.0347173781003
0.0441370489929
0.0413059023784
0.0360449812094
0.0358473067028
0.027655390845
0.0435901062316
0.0588179378695
0.053640742493
0.0356772080305
0.035398399853
0.0281884684352
0.0367023784285
0.0297417314025
0.0311087379557
0.0322947832716
0.0336893072766
0.0286150453051
0.043987061896
0.0471878743997
0.0489839569181
0.0532257308356
0.0480810061843
0.0502640780901
0.0514387905629
0.0462068741056
0.0503482481406
0.0330086076254
0.0359614562864
0.0475389917322
0.0359233422274
0.0522891314012
0.0504936434593
0.0522637425589
0.0520593007563
0.0467906490177
0.0515636681024
0.0344213721435
0.0516860000212
0.0499493665944
0.0490968433442
0.0482677338528
0.04465996084
0.034241791734
0.03229112115
0.0450516871818
0.0329447645213
0.0284099970823
0.0432227902743
0.0442679607738
0.0501562278385
0.0509199106231
0.0499239178006
0.0515734484032
0.0476577661636
0.0470186403487
0.0320375530025
0.0306841415816
0.041549755918
0.0440374615745
0.0460034643464
0.0487292883583
0.0465195673181
0.0453461703365
0.0319463831722
0.0208749907259
0.029600688168
0.0446361150058
0.0401408409918
0.0279424507138
0.029234562681
0.0315419918684
0.0199857948109
0.0296762705516
0.0308018870936
0.0197470342297
0.0307955186528
0.0275861481994
0.0299517857217
0.0296210842961
0.0298656407641
0.0303513023159
0.0207998789998
0.029675426425
0.030026573058
0.0205196272892
0.0317247266156
0.0294815166858
0.0313038964451
0.0311966468198
0.0317379941952
0.0458790637781
0.0306695631581
0.0209368567378
0.0287383962103
0.0288377649159
0.0462952673651
0.0492461636543
0.0506598355952
0.0504130763475
0.044836349741
0.0417502169585
0.0278126701721
0.0303779685703
0.0482400850356
0.0479973452652
0.0488546031919
0.0492036244663
0.0485424042014
0.0483537624531
0.0458231211007
0.0457924890738
0.0322577508964
0.0317343141142
0.0474877960575
0.0480579942486
0.0501107147972
0.0501256537528
0.0462579624624
0.0500044892266
0.0323698866243
0.0443077346692
0.0460876589585
0.0321365571393
0.0550671444271
0.0528856182414
0.0533654252964
0.0543540079782
0.0502403509971
0.048212983753
0.0330225647853
0.0338180267546
0.0504797930246
0.0514552899437
0.0526775591373
0.0531462137085
0.0496839301538
0.0535970806585
0.0334887604651
0.0477967497814
0.0490955398452
0.0332462704868
0.0526157044422
0.0505985394509
0.0524752640926
0.0523743852465
0.048644549087
0.0523026124331
0.0338988182768
0.0460926324647
0.0491795760043
0.0348427529834
0.0487842638078
0.0486547927637
0.0465726224197
0.0456987856549
0.0440131287613
0.0453826888055
0.0310371891092
0.0306982687201
0.0449162592972
0.0449249568377
0.0486850917925
0.0486247958089
0.0493665871885
0.0443517704039
0.0295408020693
0.0446381857132
0.0455751779944
0.0328925257127
0.047856486523
0.0490337797868
0.0497411172981
0.0496156050157
0.0451196346457
0.0467465456728
0.0321758274786
0.031390610661
0.0469490615694
0.0483497306852
0.0314895369029
0.0300052647296
0.0312189276243
0.0208210259525
0.0300868399533
0.0318702259128
0.0200903491289
0.030977100159
0.0276002611648
0.0299835918093
0.0296940724923
0.0296894246629
0.0307140532864
0.0199129782965
0.0289950550183
0.0309739661534
0.0203172059499
0.0303529715773
0.029274141086
0.0318118276625
0.0312743980034
0.0318038135422
0.0445391774144
0.0293846330468
0.0205559233847
0.030411105184
0.0306040528638
0.0443962136075
0.0466308910881
0.0322843865368
0.0300953894605
0.0455883765108
0.045558865134
0.0508240130595
0.0513363685473
0.0501343733636
0.0519574746892
0.0483846501754
0.0477387492816
0.0316598938192
0.031469140063
0.0444394602226
0.0454764934439
0.0470546513119
0.0490464865304
0.0473858870456
0.0466909852922
0.0319643035422
0.020313544133
0.029526589874
0.04918919845
0.044338201778
0.0439209134783
0.0324318969044
0.0459550466969
0.0438798625348
0.0330947861545
0.0525781114065
0.0499577747177
0.0522966574151
0.0518735907665
0.0470303338673
0.0521036395867
0.0325722321534
0.0480605203611
0.0515261725845
0.048366952217
0.0466580989603
0.0447513976062
0.0311992878372
0.031711621299
0.0509884329115
0.0494294359537
0.0495117299387
0.0457825994387
0.0313227655049
0.0304072490932
0.0452436920655
0.0497770041497
0.0470666311006
0.0511359349568
0.0486656472175
0.0481806150471
0.0490629871071
0.0438835252425
0.0317340851769
0.0312762057733
0.0516610908206
0.0474137427207
0.0306456154671
0.0223930957917
0.0340563968513
0.027148168273
0.032123007296
0.0304914248983
0.0329954001383
0.0302856923461
0.0197445778333
0.0349737612902
0.0321109755229
0.048367739183
0.0465491542653
0.0557113178329
0.0474576936495
0.0481606000082
0.0629437625719
0.0569571067992
0.0429105095931
0.0538325949402
0.0575494725395
0.0348880191551
0.0549889732183
0.0524093917033
0.0537800936368
0.0519334386256
0.0367571122018
0.0452036473624
0.0447089299683
0.0439335562181
0.0290784403328
0.0391330648766
0.0343341979402
0.0363178945468
0.0378464314327
0.0256567130629
0.0368129089888
0.0352207720908
0.036111536092
0.0523271287487
0.0631003228434
0.058994203224
0.0489671796018
0.0492472535785
0.0371290406611
0.035333697712
0.0472311721769
0.0617426849778
0.0683562156103
0.0468108676629
0.0510332110057
0.0395591357097
0.0243259430862
0.0306861805234
0.0409377944992
0.0480823165598
0.0538605641041
0.0369789454615
0.0596069360422
0.0400163435787
0.0373084347046
0.0373772864259
0.0495294569364
0.0373072019239
0.0398775061311
0.0615771633395
0.0523372924138
0.0392361663806
0.0256962350648
0.0433367586246
0.0568914208446
0.0665711340884
0.0551476448479
0.059529997018
0.0544706395758
0.0307946353619
0.0413611309567
0.0270687216394
0.0241475747529
0.0124977448288
0.015022569197
0.0165735248948
0.0192390639408
0.0254527058071
0.0185444168495
0.0141972985015
0.0255102439305
0.0144424778033
0.0121050661972
0.0139242247821
0.0144303686817
0.0277699135901
0.0205141928361
0.0115150261964
0.0337009942716
0.0217577331924
0.0150836468782
0.0148165435189
0.012536043755
0.0149869373535
0.0156089581394
0.033728989052
0.0169904396442
0.0244577006653
0.0163282787195
