0.399907413117
0.432028430879
0.444858426512
0.453824109804
0.455772774087
0.457711152723
0.453634204829
0.450903992278
0.383561510228
0.502577152143
0.391924055339
0.427875670953
0.526431978552
0.52049892193
0.476332902678
0.728451943705
0.665292609441
0.698684008477
0.690921227149
0.651840678144
0.620345128192
0.678036124983
0.687091703478
0.626601021402
0.623900419921
0.61183506581
0.619115048659
0.620466701915
0.623089613765
0.62863187016
0.625347178705
0.620229222412
0.620563006414
0.67964317489
0.710682052853
0.664338606452
0.712751714508
0.700954307589
0.667631563052
0.607034396234
0.672788223028
0.512268113728
0.50917780449
0.460815194746
0.401147953785
0.542722830433
0.472253977888
0.549010813585
0.472798779624
0.552451516265
0.61562202525
0.70346762309
0.520860668938
0.518017599376
0.388424385608
0.583738944272
0.532410720946
0.4644880157
0.548823646012
0.455582317729
0.513012268883
0.400692837909
0.342180839207
0.505167080283
0.608889314767
0.707239104462
0.513529445331
0.621043963373
0.527017814067
0.508942787107
0.517255807516
0.586064077224
0.72433862551
0.723502072038
0.625654513442
0.590799447015
0.64072020684
0.57946097549
0.357621178448
0.568166798537
0.116689144334
0.109494526297
0.0577013711558
0.0500827924244
0.0496336218012
0.060283074886
0.0412028117258
0.0690575586203
0.0581756522377
0.154310037603
0.515914967315
0.222954955611
0.0239375738546
0.11243252603
0.114356793037
0.153347560615
0.102608018316
0.0733719962829
0.0460588346007
0.0890241182432
0.123975273921
0.127287540227
0.0311991670178
0.0244661540538
0.215983563182
0.344342317601
0.121511627308
0.101002290663
0.0991410885325
0.0892582629887
0.117186196282
0.101404742466
0.07753622375
0.0291653505788
