0.0896962951719
0.222277180859
0.236492081824
0.219722142794
0.227453911485
0.280435931248
0.260707207674
0.221135954371
0.227040704264
0.265992120856
0.244952951477
0.220978734515
0.202393025528
0.200532197123
0.229722807529
0.251232851898
0.275104719517
0.226997520209
0.226304193361
0.287033028071
0.268548406803
0.253171562098
0.212756138001
0.229137587001
0.263235070773
0.117444233633
0.259492004216
0.258661264569
0.253352313494
0.233535704876
0.203944587066
0.215459498644
0.281113916291
0.213706190729
0.260119990847
0.282035420107
0.243784292953
0.234838724581
0.268785681502
0.231585691834
0.24680075473
0.26187635221
0.324548365722
0.303023620335
0.259900552332
0.283440694149
0.310525916543
0.263030462018
0.313485357269
0.311930171002
0.299232280079
0.265838079701
0.314264670129
0.318152351168
0.321374558805
0.27642151599
0.262646474687
0.27111787648
0.262698846196
0.264663039353
0.226690967308
0.222728333165
0.271082317006
0.302680204124
0.265584001006
0.315838015153
0.313714678933
0.328647287931
0.321531171187
0.268277457035
0.241692058503
0.317071475915
0.310033926779
0.318853236727
0.311228239711
0.31229730848
0.266266657701
0.260999682395
0.271517602115
0.258124024745
0.226023888275
0.267845044998
0.265839427722
0.271519344193
0.266599299577
0.307668081186
0.315835413611
0.307700245352
0.264500062619
0.289634789109
0.314968663388
0.263662660237
0.311123150634
0.308402350224
0.291722800584
0.265448385954
0.298388699211
0.245268888857
0.270503991237
0.212971367022
0.259019089363
0.28273130722
0.244241514598
0.239946045907
0.272507181422
0.25810221369
0.265608196609
0.26554085158
0.269919360572
0.24859609896
0.280912807458
0.349278367279
0.367732488372
0.267049394598
0.245923906181
0.3001359427
0.319221748633
0.321358254638
0.310815949702
0.253900614835
0.231746347586
0.165162883636
0.17092464289
0.179537321159
0.22839884538
0.327744629429
0.380502707158
0.343311375746
0.304701713299
0.300424609824
0.304589998105
0.246632818428
0.258539464938
0.272665649403
0.296468187169
0.237685798499
0.279791688105
0.251036185597
0.325093029998
0.32028448415
0.254812790175
0.290758561656
0.284477510146
0.252042045613
0.293616699366
0.310263481136
0.266650931194
0.265066667041
0.311951219307
0.293514103041
0.270070388334
0.269613531598
0.295155061414
0.256666702508
0.327789324571
0.305053329463
0.264015666661
0.352283011455
0.311109686866
0.254734446274
0.305759006006
0.256268170395
0.256998919372
0.186558486087
0.163800039977
0.299260981864
0.269715899574
0.380913958119
0.350577618039
0.305074341251
0.171223943504
0.220829670995
0.365299783478
0.229756264787
0.284867903623
0.228710483523
0.121505768321
0.0611164064362
0.169742188801
0.0892043582924
0.151214109964
0.204169572185
0.0412299959774
0.0556318619375
0.0697671105513
0.0570061272914
0.0539439763039
0.0485481508001
0.110066853404
0.143403564272
0.0362194740549
0.0561276748013
0.0561634766783
0.0683532501425
0.113163732509
0.16167349107
0.0529090746719
0.0503318723012
0.0741519439169
0.0942659552276
0.0727586312039
0.106412148713
0.16738090891
0.148568735775
0.0953937295963
0.0865633380957
0.0294207137595
0.0280932705384
0.0314457818604
0.0374643339808
0.0531933564803
0.0555597427623
0.0778254255985
0.0445768561028
0.0629374101124
0.0686257914505
0.0632898472176
0.0842615887202
