0.387055318911
0.421051292677
0.440972417789
0.45483315927
0.456346736596
0.455329502239
0.45269179061
0.449897591894
0.382789237406
0.506518029442
0.374887930162
0.429700852141
0.526389923366
0.520507063771
0.476331984403
0.728407875456
0.665295084745
0.698694309001
0.690914775123
0.651837956306
0.620279820923
0.677727445376
0.687017848738
0.626499627385
0.623900888462
0.611831418899
0.619115537875
0.620472477949
0.623086627265
0.628633545129
0.625026251118
0.620418172316
0.62055216469
0.67976377095
0.710482130659
0.66434274827
0.712752454998
0.700956286257
0.667635901435
0.606867233406
0.673158276113
0.512042929685
0.509064846184
0.460702205673
0.401431878455
0.541914976649
0.471781020252
0.547888814985
0.471149852823
0.546820964366
0.608200246934
0.702518333479
0.520203761809
0.5172828721
0.386561377236
0.580543892854
0.531667199324
0.463773717647
0.548232443682
0.45538199048
0.512772551312
0.400912208709
0.334659858978
0.612978565072
0.507012835547
0.557798936568
0.619543894815
0.58335666677
0.277419948197
0.0412882565359
0.0519993125035
0.0511652554766
0.0534264797091
0.0627116966666
0.0618350402255
0.153945882092
0.511577464608
0.21464782849
0.0325169707422
0.113923760855
0.116869015735
0.15368377293
0.0955524663488
0.072565778814
0.0465409867933
0.0964123506998
0.0322910895884
0.0236662270772
0.213436652706
0.353941019705
0.108552079169
0.092462527336
0.0874468062148
0.108300965544
0.0969128738919
0.0735970625557
0.0360566715164
0.157420250936
0.14532122376
0.160038246108
0.176459881387
0.1672669503
0.41142833105
0.0616871204814
0.074630420137
0.143818061211
0.118067988116
0.124715816395
0.128093013834
0.278816161744
0.274835523614
0.266262428201
0.283952448633
0.16653052197
0.145023941939
0.124398239286
0.143527087666
0.104478231885
0.106942323974
0.105496618803
0.0959880611093
0.0421226954904
0.0782039737004
0.0830739703037
0.271730179551
0.232958319343
0.334225740546
0.651077431382
0.207014220105
0.258140960192
0.239784190511
0.212070519561
0.325881080492
0.327359740424
0.0278239832084
0.0287787145515
0.0272739075278
0.040495034758
0.0289672270056
0.026861001969
0.0668325222783
0.0785233496866
0.251132235599
0.209704139866
0.035255441677
0.037099210786
