0.144943988393
0.17070723676
0.185838599216
0.138982261684
0.148938420435
0.132861420751
0.175657751306
0.182401391864
0.14658005451
0.126051430269
0.157925621313
0.200131874014
0.161903318069
0.148041089436
0.199857656703
0.184896203857
0.161784751479
0.147917108077
0.162056812221
0.148203621217
0.203589227035
0.187966971992
0.166399331125
0.149854872112
0.206255759511
0.16269714229
0.129131867141
0.149473337668
0.190200732004
0.175787045149
0.140485834797
0.151011312461
0.192747171551
0.177023709858
0.144336174562
0.146699860646
0.107549778474
0.108055354818
0.108354305085
0.112258439989
0.111848466425
0.111640842514
0.162218503652
0.179368693206
0.149179832582
0.165607448361
0.178315847953
0.150687162544
0.166061910709
0.17781691704
0.150118892046
0.16864460416
0.168344567079
0.149907906256
0.148142758275
0.124532436325
0.145052627672
0.157130488273
0.113695962382
0.120699822518
0.122418861477
0.119092151481
0.158372352187
0.121025646869
0.125108544956
0.155201186637
0.122177800849
0.15736197502
0.115113639958
0.122716180514
0.125712764673
0.120928207706
0.121920872526
0.124004721022
0.149359073959
0.157276128016
0.119581343254
0.123338626327
0.11880250275
0.119320467049
0.156041771136
0.151596013276
0.148430988706
0.125616724205
0.155478518608
0.157039861147
0.194752622973
0.161043724894
0.120654503162
0.11983971234
0.12682955866
0.120800611133
0.122258615851
0.146814984659
0.150262451115
0.149084776407
0.186747588195
0.191444356962
0.151409352364
0.153294991599
0.149581779754
0.15267049302
0.188053243345
0.14995272639
0.120051381045
0.157838853227
0.153656805296
0.153246423868
0.146381089828
0.120767350062
0.117481851119
0.158433872942
0.155095693736
0.155832693099
0.191797443537
0.153286473173
0.142454006263
0.147498645937
0.113038500314
0.113787426073
0.119202881016
0.156521970754
0.157655238973
0.124875019192
0.124820638652
0.122656310284
0.123838952273
0.156125333406
0.154840356757
0.124022573329
0.121707624082
0.124448830006
0.122365475041
0.155672643035
0.15410560444
0.119093605647
0.11931448638
0.122523693155
0.119489342381
0.121050820499
0.155598926869
0.148831036969
0.120649432684
0.109005993121
0.116081786205
0.116395314587
0.122248750032
0.15765191474
0.19369213493
0.191582152975
0.151000865232
0.152638053329
0.149831348686
0.155259289474
0.191173786289
0.151371219058
0.116743389386
0.154057809717
0.148897715304
0.152074047391
0.147171620859
0.125816835796
0.150248853999
0.193950413016
0.148388413779
0.150341277366
0.161111709402
0.184731485098
0.113757566829
0.155924670177
0.126969324241
0.148838759532
0.12598163149
0.121308523276
0.152384308233
0.116228550142
0.119785788888
0.157281673841
0.153794847757
0.147907388606
0.126168533694
0.153799679872
0.14305885164
0.154232475435
0.144635956253
0.121708953765
0.123479497669
0.12302899976
0.126745186987
0.131248788175
0.119349738766
0.15416383079
0.142963643148
0.123337146917
0.127165865001
0.1191368526
0.159126874729
0.121549906967
0.125202018784
0.153537944455
0.120783875404
0.167216246297
0.117535126035
0.154865402249
0.170976238043
0.17487684898
0.1507009388
0.166007782513
0.17823642302
0.15027260991
0.172264387488
0.186454350905
0.109319789846
0.107808848466
0.108841882025
0.165961762225
0.175072325131
0.199374319007
0.209352859735
0.138172424228
0.131403221369
0.154392508196
0.268119176256
0.138585978971
0.10835686154
0.0959764154565
0.159992642939
0.123653064509
0.139011933246
0.190170421369
0.186455932254
0.169083268859
0.192989286456
0.155543002741
0.142630181387
0.156763719842
0.209524797381
0.183652005558
0.12995824696
0.13502218008
0.130049408126
0.172104298608
0.141852649363
0.111964350166
0.116567310886
0.150787276318
0.249132344621
0.224224005903
0.189788315529
0.170157812729
0.224972514792
0.203106035183
0.172784070918
0.166732204529
0.170940859027
0.137958472371
0.143316780405
0.137397123929
0.167043734933
0.113021156792
0.150578783728
0.114754638223
0.14302747538
0.149221141045
0.113148614925
0.115800241713
0.117122470784
0.146934743673
0.115689485871
0.116977571941
0.112295703051
0.116784914948
0.147336398484
0.151908937172
0.119384566472
0.116135047002
0.158096705545
0.154579517941
0.197364489655
0.198319485682
0.156039320864
0.153778686917
0.153502909013
0.153922943223
0.156858903978
0.157228656281
0.196869733206
0.197420339047
0.156692318362
0.154551751959
0.120179102875
0.121856566955
0.151391762745
0.12094722117
0.117831858563
0.118598052416
0.112887551608
0.116638500221
0.117025614257
0.157158453158
0.151324318241
0.122206010215
0.120516867368
0.119550953728
0.158953880648
0.115899750274
0.120277347789
0.121119909746
0.119677387873
0.122431692121
0.144424555468
0.159022924937
0.119002008581
0.182669586693
0.149297792051
0.165428918422
0.149976159116
0.183306367753
0.199501288894
0.166492942803
0.137460716947
0.131544750171
0.133305452466
0.141736364365
0.11241459594
0.142139178329
0.128032756373
0.0948360047838
0.094772190834
0.0977221442584
0.113779011956
0.117503940172
0.0799264421896
0.0849541640768
0.101294225228
0.130198732969
0.092419654285
0.0922311213572
0.105938994002
0.110266804845
0.131588783088
0.143420510114
0.111578376206
0.139992610612
0.153734950864
0.152680074306
0.133765701895
0.1647233408
0.202002351842
0.128195729677
0.134333880062
0.127954188815
0.0518886462618
0.0533512633743
0.0361714099915
0.0474732140653
0.0470774840907
0.0329771852627
0.0350959520095
0.0464162251817
0.0452266077843
0.0330086664805
0.0536432046697
0.0481083564354
0.0505508686465
0.077779612435
0.0533743029195
0.0707836807213
