0.165396134562
0.139300145008
0.139300145008
0.165396134562
0.139300145008
0.139300145008
0.139300145008
0.165396134562
0.139300145008
0.139300145008
0.139300145008
0.139300145008
0.139300145008
0.0718361073809
0.0718361073809
0.0434390308763
0.0457143672713
0.0434390308763
0.0434390308763
0.071836107381
0.0718361073809
0.0364407117769
0.0379065952815
0.036440711777
0.0360323044519
0.0379065952815
0.036440711777
0.0364407117769
0.0434390308763
0.0457143672713
0.0434390308763
0.0434390308763
0.071836107381
0.0364407117769
0.0379065952814
0.0364407117769
0.0360323044519
0.0379065952813
0.0364407117767
0.0434390308764
0.0457143672716
0.0434390308764
0.0434390308764
0.0364407117769
0.0379065952813
0.0360323044519
0.0364407117767
0.071836107381
0.0711160394571
0.0718769946211
0.0718769946212
0.0711160394572
0.0360323044519
0.0379065952815
0.0364407117769
0.036440711777
0.0434390308763
0.0457143672713
0.0434390308763
0.0434390308763
0.0364407117769
0.0379065952814
0.0360323044519
0.0364407117769
0.071836107381
0.0718361073809
0.0718361073807
0.071836107381
0.0434390308764
0.0457143672716
0.0434390308764
0.0434390308764
0.0364407117769
0.0379065952813
0.0360323044519
0.0364407117767
0.0718361073807
0.071836107381
0.0711160394571
0.0718769946212
0.0854184518114
0.0854184518114
0.0364407117769
0.0379065952815
0.0360323044519
0.036440711777
0.0360323044519
0.0379065952814
0.0364407117769
0.0364407117769
0.0854184518115
0.0360323044519
0.0379065952813
0.0364407117769
0.0364407117767
0.0854184518114
0.0854184518117
0.0854184518114
0.0854184518114
0.0364407117769
0.0379065952815
0.036440711777
0.0360323044519
0.0364407117767
0.0379065952813
0.0364407117769
0.0360323044519
0.0718769946212
0.0711160394571
0.0711160394571
0.0718769946211
0.0854184518114
0.0364407117767
0.0379065952813
0.0360323044519
0.0364407117769
0.0718769946212
0.0711160394572
0.0434390308763
0.0457143672713
0.0434390308763
0.0434390308763
0.0364407117769
0.0379065952815
0.0360323044519
0.036440711777
0.0364407117769
0.0379065952815
0.036440711777
0.0360323044519
0.0360323044519
0.0379065952815
0.0364407117769
0.036440711777
0.0434390308763
0.0457143672713
0.0434390308763
0.0434390308763
0.0718361073809
0.0718361073809
0.036440711777
0.0379065952815
0.0364407117769
0.0360323044519
0.0711160394571
0.071876994621
0.0718361073809
0.071836107381
0.0434390308763
0.0457143672713
0.0434390308763
0.0434390308763
0.0364407117769
0.0379065952814
0.0360323044519
0.0364407117769
0.036440711777
0.0379065952815
0.0364407117769
0.0360323044519
0.071876994621
0.0711160394571
0.0711160394571
0.0718769946212
0.0360323044519
0.0379065952813
0.0364407117769
0.0364407117767
0.0854184518114
0.0854184518117
0.071876994621
0.0711160394571
0.0364407117769
0.0379065952815
0.0360323044519
0.036440711777
0.071876994621
0.0711160394571
0.0360323044519
0.0379065952813
0.0364407117767
0.0364407117769
0.0364407117769
0.0379065952813
0.0360323044519
0.0364407117767
0.0360323044519
0.0379065952815
0.0364407117769
0.036440711777
0.0854184518114
0.0854184518114
0.0364407117769
0.0379065952813
0.0364407117767
0.0360323044519
0.0854184518114
0.0854184518114
0.036440711777
0.0379065952815
0.0360323044519
0.0364407117769
0.0718769946212
0.0711160394571
0.0181061565163
0.0181696835187
0.037038345957
0.0364407117769
0.0181696835186
0.0181061565163
0.0183598686003
0.018321815584
0.0370383459567
0.0364407117767
0.0181061565163
0.0187646011509
0.0180485258634
0.018582053762
0.0180988495931
0.0190277557779
0.0183598686004
0.0188426101826
0.0361614768644
0.0390892531506
0.0180485258635
0.0187646011508
0.0181061565163
0.0185820537619
0.0434390308763
0.0449071376662
0.0449071376666
0.0434390308764
0.0434390308764
0.0449071376663
0.0434390308764
0.0449071376666
