0.0856671931431
0.100214877374
0.0820536530655
0.0729519754213
0.0996739956078
0.129111896843
0.145189231997
0.151481309147
0.162657701715
0.123031060359
0.135913947721
0.124629762728
0.124061427886
0.134750305037
0.108080283975
0.0806440534204
0.105471648999
0.110425921289
0.117556676662
0.129136691321
0.11400387385
0.128522901709
0.105868932357
0.104794418817
0.0869401893157
0.0814963445136
0.110659717887
0.122157001092
0.131237141649
0.118183842557
0.118263653876
0.135943037076
0.139216488955
0.127475798805
0.128129102618
0.119082126956
0.10653777126
0.0939797439284
0.107701193454
0.103609063449
0.103580507403
0.103559095435
0.103859846707
0.10385744848
0.104149395477
0.124927041888
0.110171340604
0.111652429561
0.124992298941
0.106136173832
0.111129410412
0.126866853251
0.110825558184
0.109819782419
0.127150425267
0.106446379328
0.107137070218
0.126983323179
0.112306342951
0.111164037873
0.113002848491
0.102452390211
0.11160837104
0.0972360040305
0.110549392172
0.114374779674
0.108889670946
0.105718367864
0.0990289541532
0.112636357215
0.106910276006
0.107652638574
0.109743452632
0.0998353760215
0.109557849291
0.0996311241617
0.115572654932
0.11079809277
0.106620517273
0.092763394274
0.0851576385449
0.0906275313464
0.0713232565361
0.0850298779023
0.0815424990829
0.091069586999
0.0883789241364
0.0901927563707
0.0954506868017
0.0902111844714
0.0891269565362
0.0870282159377
0.106700892388
0.0868001519776
0.0871977973008
0.0913461927871
0.0927040934079
0.0953179619767
0.0930625127837
0.0826876164021
0.0943211817145
0.0911061710935
0.0893726025611
0.111442238156
0.105029333235
0.109075782817
0.0840119844653
0.0873116016142
0.0997606509226
0.108241085896
0.109753319909
0.106285596935
0.107726898718
0.105644918776
0.109442231051
0.114062208537
0.113700818752
0.103389853326
0.0870201472803
0.0722537490091
0.0992116079424
0.105198135465
0.111028968147
0.107575655222
0.106959843918
0.107716403106
0.111094047401
0.113521834673
0.112797069054
0.112742369239
0.111703936249
0.113184811489
0.110465228184
0.115716818756
0.091162141087
0.111533761017
0.120140394781
0.120092413487
0.118560145772
0.106065623847
0.11489320231
0.0873508927626
0.116503959639
0.111010149251
0.113209381636
0.110821772393
0.100376904852
0.102332104984
0.0845002226493
0.110203697357
0.110391128733
0.107714946683
0.109950273785
0.11021188949
0.116496097338
0.111650239782
0.107845280112
0.110350042021
0.114089401869
0.119807593139
0.117134115779
0.11742888758
0.118698464583
0.118461372356
0.119712924868
0.112711598466
0.110019983712
0.105504511995
0.105763609778
0.0941483710589
0.0916405186771
0.114375221935
0.117386094145
0.118945139778
0.120198119612
0.11796305286
0.11768848885
0.118692108871
0.11846739274
0.11900131611
0.123272702965
0.134417160637
0.122190209747
0.111466546622
0.110042829233
0.108857654293
0.10869430759
0.118021016813
0.115972700356
0.106701027397
0.0899636917562
0.111377417715
0.117943163545
0.110384320061
0.114805393123
0.120341240175
0.113951162125
0.12313926738
0.0897024840082
0.109397247254
0.103256936381
0.113432215158
0.109397635297
0.10136502257
0.101959887908
0.0828131283046
0.111215847403
0.110419777223
0.117471424199
0.118042401037
0.125286470111
0.105481347735
0.116592249157
0.109845292785
0.11032206462
0.109715281936
0.103459299988
0.108225204257
0.0830190251828
0.0873966406875
0.0993337180764
0.10706535974
0.108864764782
0.10574947836
0.107430242612
0.104767915713
0.108234987513
0.112770282828
0.112781844752
0.0861063346725
0.102956819817
0.0704907930655
0.0992297534515
0.104624179757
0.110430758513
0.106628128839
0.113541829572
0.10270449612
0.109903913502
0.108775725456
0.0883464884624
0.0922725669856
0.0856007784699
0.0907515543452
0.0714137705412
0.085212052489
0.0812349882851
0.0905868238192
0.0878756758682
0.0892339872938
0.0954414251203
0.0905644553114
0.0895896700102
0.0877201719188
0.108187465291
0.0868963627017
0.0865774008172
0.0913908587858
0.0982009242446
0.0981841625248
0.0909772165176
0.0871372293423
0.107498311452
0.114231659561
0.104432692922
0.113010540313
0.0989733904055
0.111644334839
0.116253602773
0.110733294591
0.107120286031
0.100544437506
0.11311897545
0.108914269092
0.10833886219
0.110461421148
0.103100243791
0.103993036385
0.11293666847
0.106520986512
0.110246205468
0.12397560825
0.109397458537
0.110841648146
0.124257605545
0.105203595347
0.110081024292
0.126099966403
0.109511405997
0.0995853993822
0.114697553157
0.119634877678
0.109200965685
0.103579317775
0.103410301298
0.103294869382
0.101128160102
0.104542263124
0.101746549041
0.120627121319
0.0999677105779
0.0858261247292
0.0994036113799
0.12113559322
0.0960832254006
0.10803602485
0.0979642758453
0.106126531827
0.133292797008
0.103213724285
0.101489693269
0.120718598868
0.153010679141
0.159299538448
0.154722667599
0.121251351521
0.114013902813
0.103622438197
0.0728689230497
0.0982504997205
0.0883028085479
0.132260043878
0.101290612931
0.0965672402717
0.100683527637
0.114163196962
0.105727105584
0.0554620761603
0.0856172208874
0.137101854968
0.135504382037
0.109320370945
0.0994007496864
0.126276629548
0.116350750632
0.105639086515
0.127611775091
0.107550572639
0.128536847395
0.124903158441
0.106422643175
0.0867146692303
0.102658830539
0.0904088742592
0.0814001670745
0.0960034354894
0.100254807156
0.0943221118836
0.0972330806428
0.0957986184791
0.11542714747
0.103981690832
0.0701425942664
0.102076800135
0.107533577237
0.110939620388
0.125149020408
0.123665909923
0.115072242707
0.116988553374
0.116118742964
0.100417446041
0.100094655307
0.0989340725256
0.0858923829233
0.103435028501
0.114558841377
0.115156473464
0.113661179759
0.104876509827
0.12020035198
0.11428420248
0.115541523851
0.112532093642
0.110174205728
0.110154698152
0.114040047842
0.115788088484
0.111012612397
0.116672659647
0.0891655712509
0.116107571643
0.114741497969
0.118707181237
0.114443008015
0.10151405369
0.121627062594
0.114837637193
0.123379363699
0.118662599346
0.11574803654
0.117731173117
0.110907761899
0.115206267308
0.112229821838
0.117943838897
0.113435634566
0.12073575929
0.116237375383
0.122142110778
0.123366801703
0.112139595678
0.120034691061
0.118893803707
0.118430676438
0.119192108908
0.10978864171
0.124615785103
0.119085099385
0.11867905507
0.113384975366
0.13101719096
0.116641918814
0.115662253318
0.138254565006
0.120038224838
0.0991706864199
0.119488177264
0.111308445576
0.129934458874
0.108074918405
0.0953277149135
0.0979326292577
0.110719717177
0.10680538612
0.104327454966
0.0933618997874
0.091593826795
0.0555922325722
0.0827737838448
0.0748789046193
0.0784128403294
0.0835352904041
0.123356054674
0.149577921952
0.146470458415
0.131266327372
0.114941475003
0.0846823831667
0.107694575359
0.108631626459
0.112437447956
0.106107482938
0.132808403743
0.137510158542
0.116932634156
0.131986970796
0.116989054226
0.0255205166255
0.0412832462801
0.0247258418415
0.0282094250971
0.0329750092897
0.0388049887584
0.079394047939
0.0719811735044
0.0358388921156
0.0275209984502
0.0317559458582
0.0266275446197
0.0369548110842
0.0332002073252
0.0621310818468
0.0366103001036
0.0996269539149
0.0651684982866
0.0633426247467
0.0317126713918
0.0310152022651
0.0373405322317
0.0722045997352
0.0614002521344
0.0328778800314
0.023897558189
0.046248175139
0.0718847302943
0.0303113740787
0.0184405685194
0.0445745837794
0.050515930459
0.0332003789321
0.0309831793165
0.0409274835835
0.0317247732086
0.0547954907299
0.0538680765041
0.0332481546308
0.0301288758776
0.0335005622978
0.0277313468448
0.0239596942693
0.0283356989822
0.0288822857606
0.0292118385822
0.012149864492
0.0171143701035
0.0211892253813
0.0177199291483
0.0287810455446
0.0264123798277
0.0302133885101
0.0186244344625
0.00919735504287
0.0155308030656
0.010608706038
0.0168210336011
0.00890432925673
0.0202994241211
0.020926163339
0.0203411405802
0.0210772939146
0.0177296061266
0.0201613952241
0.00857209427782
0.0177120555753
0.0161410670121
0.052027157333
0.0453006759476
0.0195509856404
0.0306672718692
0.0306308116243
0.0244764778002
0.0252293076087
0.0286455084157
0.0186303036994
0.0350875504859
0.0202697720846
0.0235946687864
0.0286641102887
0.0206897552858
0.0222890284781
0.0373864643213
0.0421219961967
0.0301744873133
0.0340709910701
0.0244412742959
0.0380301160208
0.0282355159116
0.0239476645569
0.0329151685508
0.0521320439104
0.0678579334952
0.0736441916988
0.0502226840763
0.0147134055089
0.0199913754463
0.0145510821649
0.027784004606
0.00713317714878
0.010516293554
0.0584495133832
0.0275070043619
0.0264676981153
0.04014296949
0.0315986185551
0.0312831448305
0.04036087596
0.0384262039951
0.0145291213521
0.0289626374759
0.0116894462772
0.0166219146781
0.0134401615488
0.0102368278163
0.0255143849871
0.0228487423923
0.0305051601088
0.0354051541343
