0.189167349296
0.211088480038
0.228401927238
0.263822328825
0.197868230917
0.232307332623
0.257096591426
0.274157888295
0.219282502472
0.211156157099
0.264078389757
0.232745343608
0.193066244237
0.215559246399
0.1955547031
0.216510627185
0.240012527969
0.26872963931
0.220457820641
0.213954609871
0.278784192815
0.25245422612
0.233034793012
0.204027365371
0.270332750374
0.23848421226
0.218586142423
0.189646587916
0.264127364101
0.266436554611
0.26336387719
0.250021341596
0.249745304568
0.252782131135
0.281460610945
0.206036548234
0.255567685912
0.279874548503
0.239134950395
0.227179110405
0.270901140466
0.232978234684
0.259244251208
0.255203651143
0.323598770385
0.304852147793
0.260020986736
0.29448814795
0.318653318824
0.257745368049
0.314302196775
0.31349015479
0.300241037701
0.260304211341
0.308345775472
0.32022695912
0.313744122562
0.266806702739
0.217043924304
0.266087436545
0.256758363148
0.262416291322
0.216156302413
0.215695338936
0.250928284322
0.259473965581
0.215984689206
0.263737900409
0.257623352775
0.269662238322
0.228381512306
0.265708565898
0.318423303683
0.318704021291
0.262378895199
0.320307548338
0.311679766942
0.316692409812
0.261635746335
0.260330043546
0.304575155228
0.311648614224
0.261814898218
0.318630936872
0.311839932647
0.320399521543
0.271106304604
0.31414012486
0.318885562645
0.307984592837
0.262678926278
0.29822506739
0.321310332864
0.260545508096
0.316046377045
0.316866856323
0.303736866395
0.26591064988
0.306827917023
0.24534575511
0.27512082764
0.205538073609
0.254823878757
0.280270880499
0.239111675282
0.230059608532
0.274170280666
0.262441374339
0.266274501863
0.267321007344
0.235531411637
0.282809653224
0.298559100487
0.369290084211
0.399654633628
0.269250561884
0.313260224444
0.376276222528
0.2965413204
0.316142399991
0.312313045033
0.263055978331
0.228785728915
0.155826246626
0.16384138355
0.145397290325
0.19247023076
0.332167193747
0.400556628842
0.358439402888
0.314177104347
0.276185484656
0.341597885085
0.303881162737
0.267194996022
0.284299702497
0.305663569269
0.234098310865
0.281018653219
0.235701305444
0.14343865471
0.250920828055
0.299030662344
0.253792716639
0.260007271233
0.256373318392
0.311886378861
0.317972580482
0.257833539828
0.321465433892
0.303726037842
0.2673687133
0.261457616733
0.267357130932
0.297194479211
0.3290956311
0.312761848096
0.258585158935
0.356358666982
0.316367141267
0.255817047872
0.307974869996
0.262953806358
0.285617296675
0.20884515101
0.249996573378
0.235391682177
0.143832321291
0.177903925339
0.150701936557
0.255563687749
0.260335849795
0.365320682042
0.371785585569
0.300778575722
0.147784271582
0.186160869144
0.36883005168
0.233920259568
0.303864597187
0.237795561055
0.153781261992
0.0639441405381
0.0816205879026
0.06524842632
0.112658869002
0.129989911174
0.150327226622
0.193343310705
0.140500144752
0.111351751474
0.0961485694294
0.0695384291938
0.0806850275858
0.185607693596
0.305295498772
0.155010374601
0.137247651717
0.121078205973
0.109879708569
