0.18837472806
0.365055067346
0.364818159666
0.456040896993
0.398839172652
0.440943950227
0.398239160312
0.398964863982
0.451129608596
0.406101654519
0.452047774056
0.356019683156
0.371356411023
0.406503112578
0.527814496848
0.524230083175
0.555391675537
0.723950294627
0.664538802288
0.697777868774
0.695031828799
0.653612704515
0.677079743443
0.609000702695
0.685909791325
0.626344200865
0.623983861683
0.611820404978
0.619068310472
0.620656594345
0.62423017799
0.628734860684
0.623450764773
0.617556219406
0.620491650272
0.679492336833
0.710717303339
0.664440905409
0.712722943453
0.704913073602
0.668877014826
0.663845417878
0.602964240734
0.512913426511
0.509787182936
0.539162521363
0.451114874882
0.511287090249
0.409210357761
0.545985352543
0.459651709287
0.538560297436
0.530654167015
0.669899668327
0.651911248975
0.580936054884
0.679451883635
0.591957927372
0.535419614769
0.457582999092
0.544364263277
0.453671936002
0.510887735299
0.400927875924
0.582436410883
0.655365386642
0.507057209309
0.60682623503
0.710347238329
0.517416987571
0.621294982648
0.59789314856
0.522015356931
0.277622403819
0.771853090319
0.659298894617
0.603741241598
0.687541729958
0.597691074007
0.200431065293
0.40496788349
0.223666071772
0.137422030804
0.127728060937
0.118573371123
0.150650692474
0.236074920958
0.795427091058
0.185681782302
0.205653224142
0.260732574663
0.286280859538
0.133710961789
0.170265243065
0.156312808844
0.153532009888
0.274040295503
0.157794787323
