0.14218627436
0.137667318916
0.188803237008
0.177816051333
0.147723929425
0.130814783098
0.169255036049
0.185427938578
0.144240278246
0.124260832114
0.150362249918
0.201693323166
0.160594130485
0.148805506637
0.201590419963
0.185598076077
0.16160503196
0.147851593099
0.161917514464
0.148214904803
0.203497481144
0.187981700554
0.165583228099
0.148847250897
0.204506518189
0.160441284949
0.124838981384
0.150769540542
0.188404310144
0.171324835509
0.146803052989
0.13642120638
0.187960812539
0.175572759593
0.143008012685
0.142363503261
0.107526706848
0.108022032197
0.10831914406
0.112651479336
0.112448803293
0.112012671353
0.162190984305
0.179052117651
0.149942365708
0.165381078331
0.178362488883
0.14805491796
0.165986367302
0.150104709709
0.176317181881
0.167872873475
0.169302915192
0.150568187562
0.147283260748
0.124263838402
0.120179746104
0.159011850846
0.141815327643
0.12189146903
0.123629919249
0.119299996153
0.158494636382
0.118885891085
0.120062410026
0.153051987677
0.122219093592
0.123180613875
0.115083114578
0.155511525637
0.125850299387
0.118504857381
0.116714768656
0.12046297126
0.155137743073
0.158309764589
0.150974693734
0.155741199697
0.119518238422
0.120064538015
0.156425711898
0.151476543269
0.146035151541
0.126278057402
0.121644603509
0.134037928081
0.194722138903
0.161357841795
0.119935538241
0.119129321411
0.126262051244
0.120758776171
0.122818511719
0.118203571254
0.120995468065
0.150668595172
0.187876137748
0.155193412792
0.11910409254
0.152739689913
0.153447472721
0.155493980366
0.19085710961
0.150597703878
0.117310430173
0.15589674043
0.152660128806
0.150049112584
0.186398259239
0.145875783353
0.117315440478
0.158393152512
0.153279407427
0.151996527518
0.158801336251
0.178093080285
0.154011479184
0.145560805871
0.145292254314
0.152640256749
0.12595943165
0.159172546701
0.147462999498
0.120586868683
0.116724203925
0.124872463741
0.121678871748
0.157964967935
0.153739730434
0.119475456596
0.120004029608
0.12542163482
0.12138475592
0.158066459415
0.156485655545
0.116163441572
0.122699676314
0.116127908212
0.119370974619
0.119055770442
0.12681476186
0.152413454145
0.151642635506
0.120763698815
0.113420797111
0.116048470741
0.146159428745
0.157964531984
0.192411624429
0.155733894926
0.118588257755
0.151610606721
0.151281015582
0.155036296881
0.191226636455
0.151593112319
0.117816400802
0.154961939745
0.150676843079
0.149341959022
0.186434108522
0.147424927294
0.120552328673
0.160365543336
0.14639512368
0.145818213485
0.160229944391
0.184916771284
0.1423599223
0.126049522792
0.126566455331
0.154313434063
0.159048467602
0.151525258889
0.151640130201
0.117425214782
0.120193899788
0.157317858432
0.154234900945
0.146483796783
0.1257683898
0.121074381409
0.132336711483
0.195127505013
0.164126194555
0.120490370347
0.122506290248
0.121566982538
0.124542602374
0.131555632787
0.120931238257
0.15626589202
0.143679659318
0.123266342464
0.127108505495
0.119016665846
0.159078115335
0.119578915739
0.12082771644
0.153251367183
0.122013504722
0.132616252761
0.116513757723
0.15482023626
0.171159675653
0.17490008509
0.150671696081
0.165831864485
0.178107289652
0.147686313131
0.171862611492
0.158461399172
0.109298289253
0.107715311546
0.108529639178
0.165853364581
0.174094653521
0.205761290683
0.251069225286
0.15737098042
0.133256761698
0.155386541338
0.267945609983
0.141475162213
0.106676397151
0.101462543925
0.160200950906
0.132176392164
0.135051858394
0.186678642277
0.186263581704
0.171376570128
0.192818091536
0.15866296531
0.149307830663
0.159486739902
0.208969925047
0.188088076733
0.135771000536
0.138478591023
0.12678605263
0.166805139753
0.136437412739
0.112841604364
0.117105763315
0.148325040739
0.26412602077
0.179142923252
0.189192270472
0.167295558579
0.224929521899
0.202953688468
0.172670468164
0.166770359133
0.165889249051
0.135654255119
0.141677098293
0.137453276283
0.165956233363
0.115652516234
0.149250047863
0.114580547127
0.142376862955
0.148486922874
0.113899280696
0.116028730335
0.118007535291
0.148996298345
0.116788220789
0.117828348866
0.111127889321
0.116346986735
0.146718267872
0.151344805653
0.12030580912
0.116429225916
0.158756491555
0.154400613643
0.199431426747
0.198373880893
0.156145115554
0.155150957661
0.152703986582
0.152821308623
0.155486376356
0.157159665636
0.197120842335
0.196900417503
0.157649476724
0.15463038757
0.120536489449
0.121911096865
0.148680486248
0.118445093617
0.116004251171
0.118559064203
0.114861327168
0.119271550151
0.118815988322
0.157121177513
0.151324462546
0.122217494964
0.121195878537
0.119573230559
0.158875066787
0.116042428128
0.12035177641
0.120988153854
0.119577477375
0.122535882695
0.144532357186
0.159023057065
0.119025648962
0.182602548892
0.149258565377
0.165424418914
0.150012242568
0.183363507013
0.199494138249
0.166491244436
0.137325827411
0.131509189455
0.133304772413
0.148504622918
0.116483363046
0.141533565839
0.131241070833
0.101141365469
0.0999295990467
0.0958404843194
0.1106336982
0.117018644108
0.0775540640287
0.0827997504457
0.0796756829066
0.124247141176
0.119040128562
0.108033521977
0.0996782943099
0.115444455807
0.131530984878
0.141903320129
0.116583729954
0.141153457368
0.154934705782
0.153881625058
0.133796520721
0.16483343573
0.202004530588
0.128171931767
0.134322037859
0.127960897485
0.0517932240787
0.0530091632571
0.0360137779651
0.0478135858061
0.0475850797055
0.0328504490833
0.0350707407733
0.0465660002061
0.0452373116875
0.0333593766151
0.0537297969714
0.0481620417106
0.0499657365078
0.0778060286455
0.0534634375146
0.0700585762787
