0.157984334203
0.120607580307
0.11417204811
0.116975775307
0.0867294249174
0.0853891069806
0.115416240793
0.144643633702
0.148559234199
0.147665070838
0.160456761551
0.128109255286
0.143099515296
0.130251100344
0.131515166066
0.131034370831
0.0984274610419
0.0985470260531
0.134353806547
0.12639519685
0.129520304578
0.144921669984
0.134746933533
0.143796222067
0.142726727635
0.115936586582
0.0871733300964
0.103886600378
0.132020633165
0.141098731788
0.143746577215
0.130606921691
0.129441104847
0.142100350407
0.144159679679
0.132760386361
0.138727998274
0.127489685705
0.104503021345
0.0908595695
0.132903981382
0.117334735329
0.16192376053
0.119643993249
0.101327339466
0.101347010583
0.10142562224
0.102106735053
0.10211883075
0.102183785856
0.126522294238
0.110800666455
0.11178427028
0.126757749621
0.108498055449
0.111567523662
0.127608347026
0.111181795681
0.107548674251
0.12610323399
0.108870757161
0.104190343651
0.128043087444
0.111797183837
0.11132183366
0.115109721438
0.105520859157
0.114765414811
0.102947498384
0.11288547606
0.115219709813
0.109751227374
0.111734345349
0.104063331164
0.114993361199
0.109884321297
0.112621915298
0.114276534414
0.102687060846
0.111084032638
0.109113913682
0.116132617672
0.111777980395
0.109249989961
0.0867204320527
0.0813200973217
0.0864116497357
0.0621560393453
0.0828532128395
0.0792636384858
0.0861259835128
0.0839238894174
0.0860023304887
0.0881376992317
0.084765031724
0.0851007422659
0.0815199533064
0.111469860557
0.0822635754676
0.0859811658604
0.0846991746718
0.0830818137062
0.0851965815062
0.0819416934094
0.08493853384
0.0879045052788
0.0849749105832
0.0840511659629
0.113391437236
0.108629314823
0.11248757174
0.0818867039838
0.0854407154785
0.10955464657
0.113546987724
0.110469573305
0.110359622897
0.109778460549
0.110893067055
0.11147489269
0.115457547872
0.114688663348
0.10123689867
0.0828507192908
0.0634868030477
0.0965945904944
0.108818321934
0.113860357055
0.10993193619
0.108828043406
0.111655975821
0.111474996347
0.114439334374
0.11314735965
0.113840465642
0.116332123383
0.11435735809
0.11230390976
0.0831473980338
0.114901039096
0.113052704832
0.11646985489
0.116733107889
0.118826074707
0.110752699048
0.118862883083
0.084524577456
0.11648779124
0.112095966033
0.115072599447
0.112364628887
0.10685200717
0.107452967593
0.0819148863732
0.112082076535
0.112995203778
0.11248984856
0.116894840792
0.114047774086
0.11649754865
0.113705296038
0.111898728742
0.115103369907
0.114898344073
0.114494192814
0.116629381168
0.115828504237
0.112719400508
0.115738343888
0.115168438971
0.114844604007
0.115754121147
0.11234669299
0.107661095403
0.084098552078
0.0828195913194
0.112673487255
0.116622232043
0.1180609741
0.118790278188
0.117636700079
0.117064181449
0.11720617742
0.117613977669
0.115736144157
0.118583900557
0.123968351687
0.117210439422
0.113159046259
0.110738948163
0.111988370732
0.11163862317
0.117471022229
0.116940628529
0.111571753695
0.111157000073
0.0877444664434
0.116613603664
0.114336735424
0.115499046657
0.118928581263
0.113947119514
0.119794350085
0.0843964515213
0.11589748807
0.109783769565
0.11249473739
0.110078991002
0.10614845247
0.108568310665
0.0840130903194
0.112275827658
0.113222277317
0.113977050819
0.116139211939
0.119455777538
0.110964092587
0.115157676132
0.110386752874
0.112736898877
0.11219976566
0.107570517532
0.111874644044
0.0808583672504
0.0826555753339
0.103438612173
0.1113190819
0.110639261121
0.110473142922
0.10987387601
0.109729579535
0.110970447918
0.114493519387
0.113997153136
0.0809990721388
0.103249108595
0.0633174189042
0.0967039457456
0.108591004565
0.113267339546
0.109401223623
0.112820943336
0.107397076386
0.109731359922
0.110376332293
0.0835834070556
0.0865313051069
0.0815203545287
0.0862774951972
0.062592030546
0.0833477165786
0.0788874556471
0.085684389241
0.0832981541836
0.0843439525572
0.0880840102826
0.0847117902932
0.0854774779242
0.0823671038125
0.112229268023
0.0823547343261
0.083685843994
0.0851465832316
0.086424638164
0.089136858065
0.0822568374382
0.0807279412723
0.109992532427
0.115968991029
0.106831908863
0.11569214278
0.104190306678
0.113534094532
0.116443135296
0.110769244008
0.11245878746
0.105049657357
0.115207340882
0.11107730258
0.110282912489
0.114407603298
0.106060058698
0.107279125453
0.110856195458
0.105453536721
0.110673777998
0.125886211664
0.11017477033
0.111141670911
0.12623942531
0.107789593074
0.110721925057
0.127121974947
0.110494801214
0.101918747813
0.119205126992
0.121210836424
0.105731959316
0.101322811627
0.10113670019
0.101227038427
0.0982605585119
0.0984469025316
0.0975339233174
0.0850951000529
0.0819813367439
0.075418471882
0.0857728116138
0.0954029794575
0.0803883015564
0.106502282164
0.0943232350249
0.0942050712878
0.134552030976
0.103934118298
0.0979296355394
0.129178559905
0.158862202145
0.157539130304
0.15940060545
0.121258828051
0.116858793561
0.0930663984343
0.0705178835055
0.068996016384
0.119343126581
0.111697800603
0.0821011940907
0.0831037059759
0.125447416114
0.152376624988
0.119981569202
0.0870305406146
0.0861532952176
0.137434452525
0.13618249712
0.10256303518
0.0951934859768
0.13003684038
0.115273851562
0.106660583522
0.126034985945
0.106945294564
0.108389676015
0.0996487368249
0.0919724836375
0.079358082771
0.0818224684315
0.0563087864848
0.059148484764
0.083262502153
0.079901464311
0.106552325702
0.112428056661
0.114326058395
0.114661065183
0.11413597767
0.107826252602
0.114803836768
0.119818171439
0.117886564865
0.114653486598
0.0752665929997
0.104518213072
0.111095193939
0.114883933709
0.112970648113
0.115945069462
0.112544763118
0.120860613941
0.12090901525
0.11523688778
0.116023776331
0.11437130844
0.11462088197
0.113697784327
0.114598352736
0.112719427622
0.116510105977
0.0840463537929
0.116168901803
0.11471412083
0.115962976983
0.115531860837
0.108541444688
0.117953555537
0.115117203434
0.114943980503
0.114158530486
0.11272372117
0.113451713995
0.114654734165
0.116255269163
0.112472323429
0.116410724821
0.0839318720737
0.116217699492
0.114678162238
0.118401659065
0.115777326046
0.105735535656
0.121308583878
0.114726872719
0.120616623407
0.117388551125
0.115177065322
0.11782546673
0.112252736921
0.116773919478
0.112652479515
0.118373541582
0.113243748211
0.121216067379
0.116420694346
0.119078616654
0.121358080611
0.112151582349
0.11994282467
0.116627802287
0.117636070085
0.118480206307
0.11124246689
0.123663218973
0.11747128697
0.116352199921
0.11265184084
0.130096926109
0.115704944528
0.114569871062
0.157395105332
0.126970022118
0.0960992573512
0.139119006845
0.123062810742
0.12807115194
0.115291261346
0.110285467024
0.102526294199
0.107240255704
0.100264961894
0.100998254223
0.0899505896313
0.0590312630294
0.0962036051668
0.0794860488227
0.110959637751
0.146709023965
0.165709783439
0.164770955352
0.141794719915
0.106652918057
0.0731405687865
0.0581759639015
0.0846212293139
0.0874028010395
0.123093464527
0.147132708181
0.1475527899
0.132985441031
0.111574252646
0.0748282809319
0.103412769394
0.118174339557
0.126159772577
0.0882090162616
0.118457506905
0.154120541095
0.121189634507
0.129462364491
0.123741863849
0.0858821207686
0.0541336241682
0.0207291556343
0.0298766430673
0.0507295903113
0.0301262818629
0.0221986563026
0.0281941215118
0.0318913948718
0.0456105138772
0.0552120081202
0.0750081029637
0.0424956652524
0.110426612643
0.0738428813561
0.0507173560262
