0.531486748062
0.516001632481
0.620699636666
0.540558771926
0.542174243741
0.523726097612
0.58240150631
0.517151245981
0.616625859942
0.502871304268
0.259728107642
0.882957275997
0.887900338893
1.1036854209
0.959641672399
1.12320806808
1.00896908601
0.950589660507
0.98113508585
1.08101042359
1.24021623404
1.10980900221
1.05295289528
1.10068754806
0.91543135206
1.08077227567
1.23729283418
0.853016842636
0.731063385343
0.853468592284
0.675775226385
0.861622294116
1.45779003145
1.19587170386
1.51380874084
1.2901958653
1.23359418219
1.12402991234
1.56403986503
0.729767106519
0.659664259146
1.03540105639
0.978722228249
1.213135575
0.258209284018
0.510328386615
0.542645292496
0.571099573487
0.241068223485
0.279407195887
0.251057271742
0.263946815571
0.586399482073
0.539193205876
