0.139280968289
0.165360338289
0.139281014326
0.139281132547
0.139281011515
0.139281063752
0.165360345925
0.139281024677
0.139281132795
0.1392810125
0.165360462195
0.139281052887
0.139281139826
0.139280979639
0.165360348606
0.139281055095
0.139281087009
0.13928096724
0.165360344311
0.139281144443
0.139281007708
0.139280932179
0.16536021263
0.139281015175
0.13928108664
0.139280968221
0.165360091749
0.139280975703
0.139281015501
0.13928093032
0.165359959125
0.139280995028
0.139280927202
0.139280934
0.165360093131
0.139280966578
0.139281040506
0.139281002307
0.165360084053
0.139280973896
0.139280968283
0.13928096622
0.16536034325
0.139281020238
0.139281133308
0.139280946664
0.165359842342
0.139280935527
0.139280883015
0.139281015891
0.139280920505
0.165359969746
0.139281011327
0.139280927486
0.0696405266594
0.0696405278846
0.0413401471881
0.0413401475748
0.0413401482161
0.0413401483506
0.0696405560138
0.0696405722079
0.069640572116
0.0696404804198
0.041340084198
0.0413400845373
0.0413400832739
0.0696405483858
0.0696405491735
0.0696404791458
0.0696404784494
0.041340022424
0.0413400214267
0.0413400225943
0.0413400214267
0.0696404899644
0.0696405039655
0.0696405050925
0.0826802358038
0.0826802357023
0.0348202839401
0.0348202839863
0.034820284414
0.0348202843942
0.0696404836894
0.0696404835534
0.0348202635922
0.0348202651329
0.0696405196759
0.0348202763898
0.034820278002
0.020670043015
0.0348202664789
0.0348202666961
0.017410133161
0.0174101335351
0.0174101337984
0.0174101335329
0.0348202457894
0.0348202451229
0.0696404824874
0.0696404824874
0.0413400517694
0.0413400519072
0.0413400506993
0.041340052045
0.069640500644
0.0696405019829
0.0696405273386
0.0696405256252
0.0696404676941
0.0696404676941
0.0413399616516
0.0413399611205
0.0413399604442
0.0413399619273
0.0696404448423
0.0696404463143
0.0696404791764
0.0696404778127
0.0174101308031
0.0174101322099
0.00870506674602
0.00870506605292
0.0087050655686
0.00870506562553
0.0206700417875
0.0206700417875
0.0206700417875
0.0206700417024
0.0413400838306
0.0413400847427
0.0348202594218
0.0348202593528
0.0174101216438
0.017410121049
0.00870506004324
0.00870506058521
0.00870506112926
0.00870506058521
0.0103350210633
0.0103350208403
