0.0360323044519
0.0227606989446
0.0216459483137
0.0216459483137
0.0183701782055
0.0183578302792
0.0183578302792
0.0188656428163
0.0181472370532
0.0186301848056
0.0186301848055
0.0188656428162
0.0181472370532
0.0183578302792
0.0218890178843
0.0188656428162
0.0181472370532
0.0186301848056
0.0186301848056
0.0188656428162
0.0181472370532
0.0183578302792
0.0110016508775
0.0110016508775
0.0115817655026
0.0115817655026
0.010990835709
0.0110016508775
0.010990835709
0.0183701782056
0.0183578302792
0.0188656428163
0.0186301848056
0.0188656428163
0.0183578302793
0.0186301848056
0.0183578302793
0.0188656428163
0.0186301848056
0.0188656428162
0.0181472370532
0.0188656428163
0.0186301848056
0.0183578302792
0.0188656428163
0.0181472370532
0.0186301848056
0.0188656428163
0.0219101004818
0.0218890178841
0.0219101004818
0.0186301848056
0.0181472370532
0.0188656428163
0.0183578302792
0.0186301848056
0.0183578302792
0.0188656428162
0.0181472370532
0.0186301848055
0.010990835709
0.0111394004366
0.0110016508775
0.0110016508775
0.0115817655027
0.0117384059401
0.0115817655027
0.0110016508775
0.0111394004366
0.010990835709
0.0110016508775
0.0183578302792
0.0188656428162
0.0181472370532
0.0186301848055
0.0186301848054
0.0188656428161
0.0181472370532
0.0183578302791
0.0181472370532
0.0188656428161
0.0183578302791
0.0186301848054
0.0183578302792
0.0188656428162
0.0181472370532
0.0186301848056
0.0186301848056
0.0188656428162
0.0181472370532
0.0183578302792
0.0188656428162
0.0181472370532
0.0186301848055
0.0186301848054
0.0188656428161
0.0181472370532
0.0183578302791
0.0183578302791
0.0188656428161
0.0181472370532
0.0186301848054
0.0186301848055
0.0188656428162
0.0181472370532
0.0186301848054
0.0188656428161
0.010990835709
0.0111394004366
0.0110016508775
0.0186301848054
0.0188656428161
0.0181472370532
0.0183578302791
0.0186301848056
0.0186427154701
0.0186427154701
0.01864271547
0.0186301848055
0.0113773488423
0.0115305846338
0.0110969666251
0.01138850623
0.0113885062301
0.0115305846338
0.0110969666251
0.0113773488425
0.0186301848055
0.0115817655026
0.0117384059399
0.0115817655026
0.0115817655026
0.0111394004365
0.010990835709
0.0110016508775
0.0110016508775
0.0111394004366
0.0110016508775
0.010990835709
0.0183578302792
0.0186301848056
0.0115817655027
0.0117384059401
0.0115817655027
0.0115817655027
0.0111394004366
0.010990835709
0.0110016508775
0.0183578302792
0.0115817655026
0.0110016508775
0.0111394004365
0.0110016508775
0.010990835709
0.0183578302792
0.0183701782055
0.0191099212698
0.0191099212698
0.0183598686004
0.018321815584
0.00911426136155
0.00920260674086
0.00911426136155
0.00908284093966
0.0191099212698
0.0191099212699
0.00911426136152
0.00920260674083
0.00908284093963
0.00911426136157
0.010990835709
0.0111394004365
0.0110016508775
0.0110016508775
0.0110016508775
0.0111394004366
0.010990835709
0.0110016508775
0.0191099212698
0.00911426136155
0.00920260674086
0.00908284093966
0.00911426136155
0.0115817655026
0.0117384059399
0.0115817655026
0.0115817655026
0.0110016508775
0.0111394004366
0.010990835709
0.0110016508775
0.01910992127
0.0183701782055
0.00911426136157
0.00920260674084
0.00911426136152
0.00908284093965
0.0115817655027
0.0117384059401
0.0115817655027
0.0115817655027
0.0110016508775
0.0111394004366
0.0110016508775
0.010990835709
0.00921204257002
0.00930770728822
0.00921834781342
0.00919280089346
0.00969078065014
0.00959114193332
0.00911426136152
0.00920260674083
0.00911426136157
0.00908284093963
0.00911426136157
0.00920260674084
0.00908284093965
0.00911426136152
0.00911426136157
0.00920260674084
0.00908284093965
0.00911426136152
0.0117384059401
0.0115817655027
0.00911426136152
0.00920260674083
0.00908284093963
0.00911426136157
0.00908284093965
0.00920260674084
0.00911426136157
0.00911426136152
0.0095911419334
0.00969078065022
0.00956460813204
0.00959114193341
0.00920260674083
0.00908284093963
0.0115817655026
0.0117384059399
0.0115817655026
0.0115817655026
0.0111394004365
0.0110016508775
0.010990835709
0.0183578302792
0.00920260674084
0.00911426136157
0.00911426136152
0.010990835709
0.0111394004366
0.0110016508775
0.0110016508775
0.0115817655027
0.0117384059401
0.0115817655027
0.0115817655027
0.0110016508775
0.0111394004366
0.010990835709
0.0110016508775
0.0181061565163
0.0183578302791
0.0183578302792
0.0181621681968
0.00959114193341
0.00969078065022
0.00956460813204
0.0095911419334
0.00919280089345
0.00930770728827
0.00921204257007
0.00921834781345
0.0183744689459
0.010990835709
0.0111394004366
0.0110016508775
0.0110016508775
0.0115817655026
0.0117384059399
0.0115817655026
0.0115817655026
0.0110016508775
0.0111394004365
0.010990835709
0.0110016508775
0.0219098123713
0.0219098123712
0.00921204257007
0.00930770728827
0.00919280089345
0.00921834781345
0.00959114193341
0.00969078065022
0.0095911419334
0.00956460813204
0.00911426136152
0.00920260674084
0.00908284093965
0.00911426136157
0.00921834781348
0.0093077072883
0.00919280089347
0.00921204257002
0.0183744689459
0.009564608132
0.00969078065019
0.00959114193338
0.00959114193338
0.00921834781341
0.00930770728827
0.00921204257006
0.00919280089347
0.0181621681969
0.00921204256997
0.00930770728824
0.00919280089343
0.00921834781342
0.00959114193337
0.00969078065014
0.00959114193332
0.00956460813195
0.00911426136157
0.00920260674083
0.00908284093963
0.00921204257002
0.00930770728822
0.00921834781342
0.00919280089346
0.00956460813195
0.00969078065014
0.00959114193337
0.00959114193332
0.00920260674083
0.00911426136157
0.00921204257006
0.00930770728827
0.00919280089347
0.00921834781341
0.00959114193338
0.00969078065019
0.00959114193338
0.009564608132
0.0181621681969
0.0183744689459
0.018323449568
0.00930770728827
0.00919280089345
0.00956460813204
0.00969078065022
0.0095911419334
0.00959114193341
0.0183234495681
0.0183744689459
0.00911426136152
0.00920260674084
0.00911426136157
0.00908284093965
0.00921204257007
0.00930770728827
0.00919280089345
0.00921834781345
0.00938612551981
0.00948351608624
0.00923117057304
0.00939254499705
0.00921834781345
0.00930770728827
0.00919280089345
0.00921204257007
0.0183701782056
0.0183701782055
0.0183701782055
0.0183701782055
0.0183218155839
0.00921834781342
0.00930770728822
0.00919280089346
0.00921204257002
0.00938612551983
0.00948351608627
0.00923117057312
0.00939254499703
0.0093077072883
0.00919280089347
0.00921204257007
0.00930770728827
0.00919280089345
0.00921834781345
0.00939254499705
0.00948351608624
0.00923117057304
0.00938612551981
0.00925911373688
0.010990835709
0.00921834781342
0.00930770728822
0.00919280089346
0.0111024674204
0.0110016508775
0.010990835709
0.0110916063201
0.00921204257006
0.00930770728827
0.00919280089347
0.00921834781341
0.00948351608625
0.00923117057306
0.00938612551979
0.00921204257002
0.0093077072883
0.00919280089347
0.00921834781348
0.00939254499703
0.00948351608627
0.00923117057312
0.00938612551983
0.00461462474571
0.00464664897103
0.00460221327228
0.00463227540367
0.00945092197533
0.00954004720194
0.00911110338153
0.0090808996073
0.0093861255197
0.00934958750521
0.00551273859111
0.00556741974672
0.00549347267453
0.00555017242251
0.00556061253115
0.00549213358104
0.00550599878105
0.0110016508775
0.0111024674204
0.0116852711844
0.0115817655026
0.0116852711844
0.00934958750523
0.00938612551981
0.0110016508775
0.0111024674204
0.0110016508775
0.0110016508775
0.0111024674204
0.0110016508775
0.0111024674204
0.0110016508775
0.0111024674204
0.0110016508775
0.0110016508775
0.00921204257002
0.00938612551983
0.00938612551981
0.00948351608624
0.00923117057304
0.0183234495681
0.0111024674204
0.00921834781342
0.00925911373681
0.00925911373681
0.00921834781342
0.00939254499705
0.00935598791188
0.00934958750521
0.0093861255197
0.00935598791189
0.00939254499704
0.0110016508775
0.0110816323648
0.0110816323647
0.0110016508775
0.00935598791189
0.00939254499704
0.0183744689458
0.018323449568
0.00956460813195
0.00969078065014
0.00959114193332
0.00959114193337
0.0181621681969
0.0181621681968
0.00959114193341
0.00969078065022
0.0095911419334
0.00956460813204
0.0181621681969
0.0181621681968
0.00921834781348
0.0093077072883
0.00919280089347
0.00921204257002
0.00921204257006
0.00930770728827
0.00919280089347
0.00921834781341
0.018321815584
0.0183598686004
0.00921204257002
0.0093077072883
0.00919280089347
0.00921834781348
0.0095911419334
0.00969078065022
0.00959114193341
0.00956460813204
0.00911426136157
0.00920260674084
0.00908284093965
0.00911426136152
0.00921204257002
0.0093077072883
0.00921834781348
0.00919280089347
0.0181621681968
0.0181621681969
0.00959114193332
0.00969078065014
0.00956460813195
0.00959114193337
0.00919280089346
0.00930770728822
0.00921204257002
0.00921834781342
0.00908284093966
0.00920260674086
0.00911426136155
0.00911426136155
0.00959114193338
0.00969078065019
0.009564608132
0.00959114193338
0.00919280089347
0.00930770728827
0.00921204257006
0.00921834781341
0.00919280089347
0.00930770728827
0.00921834781341
0.00921204257006
0.010990835709
0.0111394004365
0.0110016508775
0.0110016508775
0.0115817655026
0.0117384059399
0.0115817655026
0.0115817655026
0.00921204257002
0.0093077072883
0.00919280089347
0.00921834781348
0.00921834781345
0.00930770728827
0.00919280089345
0.00921204257007
0.00908284093963
0.00920260674083
0.00911426136152
0.00911426136157
0.00959114193332
0.00969078065014
0.00956460813195
0.00959114193337
0.00919280089346
0.00930770728822
0.00921204257002
0.00921834781342
0.00919280089343
0.00930770728824
0.00921834781342
0.00921204256997
0.010990835709
0.0111394004365
0.0110016508775
0.0110016508775
0.0115817655026
0.0117384059399
0.0115817655026
0.0115817655026
0.0110016508775
0.0111394004366
0.010990835709
0.0110016508775
0.0110016508775
0.0111394004365
0.0110016508775
0.010990835709
0.00921204257002
0.0093077072883
0.00919280089347
0.00921834781348
0.00921834781345
0.00930770728827
0.00919280089345
0.00921204257007
0.00921204257002
0.0093077072883
0.00921834781348
0.00919280089347
0.00956460813204
0.00969078065022
0.00959114193341
0.0095911419334
0.00921834781345
0.00930770728827
0.00921204257007
0.00919280089345
0.00911426136157
0.00920260674084
0.00911426136152
0.00908284093965
0.00921204257002
0.00930770728822
0.00919280089346
0.00921834781342
0.00921834781342
0.00930770728824
0.00919280089343
0.00921204256997
0.00921204256997
0.00930770728824
0.00921834781342
0.00919280089343
0.00956460813195
0.00969078065014
0.00959114193332
0.00959114193337
0.00921834781342
0.00930770728822
0.00921204257002
0.00919280089346
0.00911426136157
0.00920260674083
0.00911426136152
0.00908284093963
0.00921204257002
0.00930770728822
0.00921834781342
0.00919280089346
0.009564608132
0.00969078065019
0.00959114193338
0.00959114193338
0.00921834781341
0.00930770728827
0.00921204257006
0.00919280089347
0.0181621681969
0.0181621681969
0.00908284093963
0.00920260674083
0.00911426136157
0.00911426136152
0.00959114193337
0.00969078065014
0.00956460813195
0.00959114193332
0.00919280089343
0.00930770728824
0.00921204256997
0.00921834781342
0.00919280089346
0.00930770728822
0.00921834781342
0.00921204257002
0.00921204256997
0.00930770728824
0.00921834781342
0.00919280089343
0.00921834781342
0.00930770728822
0.00921204257002
0.00919280089346
0.00919280089347
0.0093077072883
0.00921204257002
0.00921834781348
0.00919280089345
0.00930770728827
0.00921834781345
0.00921204257007
0.010990835709
0.0111394004365
0.0110016508775
0.0110016508775
0.0115817655026
0.0117384059399
0.0115817655026
0.0115817655026
0.0110016508775
0.0111394004365
0.010990835709
0.0110016508775
0.0110016508775
0.0111394004366
0.0110016508775
0.010990835709
0.00921204257006
0.00930770728827
0.00919280089347
0.00921834781341
0.00959114193338
0.00969078065019
0.00959114193338
0.009564608132
0.00921834781341
0.00930770728827
0.00919280089347
0.00921204257006
0.00921204257007
0.00930770728827
0.00921834781345
0.00919280089345
0.00956460813204
0.00969078065022
0.0095911419334
0.00959114193341
0.00921834781348
0.0093077072883
0.00921204257002
0.00919280089347
0.00911426136152
0.00920260674084
0.00911426136157
0.00908284093965
0.00908284093963
0.00920260674083
0.00911426136157
0.00911426136152
0.00959114193337
0.00969078065014
0.00956460813195
0.00959114193332
0.00919280089346
0.00930770728822
0.00921834781342
0.00921204257002
0.00959114193332
0.00969078065014
0.00959114193337
0.00956460813195
0.00921204256997
0.00930770728824
0.00921834781342
0.00919280089343
0.00956460813195
0.00969078065014
0.00959114193332
0.00959114193337
0.00911426136157
0.00920260674083
0.00911426136152
0.00908284093963
0.0110916063202
0.010990835709
0.0113773488425
0.0112863140745
0.0115832777139
0.0114114757162
0.00549213358104
0.00556061253115
0.00550599878105
0.00554338641559
0.0112863140745
0.0113773488423
0.00461462474571
0.00464664897103
0.00460221327228
0.00463227540367
0.00930423192127
0.00919962353577
0.00921834781341
0.00930770728827
0.00919280089347
0.00921204257006
0.00925278861994
0.00921204257002
0.00463227540367
0.00464664897105
0.00460221327233
0.00461462474577
0.00576449687548
0.00578386984028
0.00572705618068
0.00571123340868
0.00544533394605
0.00549798204833
0.00542895191445
0.00548095180118
0.0112824643047
0.0112500266807
0.0112500266809
0.0112824643046
0.00572705618083
0.00578386984034
0.00576449687549
0.00571123340867
0.00548095180116
0.00549798204827
0.00542895191449
0.00544533394598
0.00921429547939
0.00918780022435
0.00275590570636
0.00276528250339
0.00275674857485
0.00275674857487
0.00558212089045
0.00558212089036
0.00588249189209
0.00588249189211
0.00290522588216
0.0029149340863
0.00290502894036
0.00290522588217
0.005512738591
0.00551173129833
0.00558215235909
0.0055807921526
0.00275946606468
0.00276800841561
0.00275879082988
0.00275929743316
0.00558079215262
0.00558215235901
0.00275946606472
0.00276800841561
0.00275929743317
0.00275879082983
0.0091878002244
0.0092142954793
0.0095991320277
0.00955667624759
0.00954342529791
0.00955417242084
0.00231136554267
0.00231701516555
0.00230986762768
0.00231107074856
0.00233350344892
0.0023396057684
0.0023339009319
0.00233228877902
0.00230504846194
0.00231058375152
0.00230335771337
0.00230465585215
0.00461589000042
0.00461264658369
0.00911110338166
0.00908089960725
0.00908089960719
0.00911110338169
0.00911110338169
0.00908089960719
0.00933256021881
0.0094175300532
0.0111451400507
0.0109743939604
0.00919533236076
0.00938954678349
0.00459673941258
0.00464431650101
0.00460272053618
0.00463315263471
0.00918780022435
0.00921429547939
0.00551309021635
0.00551174644249
0.00279338872802
0.00280289339103
0.0027940723275
0.00279407232756
0.00275946606472
0.00276800841561
0.00275929743317
0.00275879082983
0.00275674857487
0.00276528250339
0.00275674857485
0.00275590570636
0.0092142954793
0.0091878002244
0.00911110338166
0.00908089960725
0.00908089960719
0.00911110338169
0.00918780022436
0.0092142954794
0.010990835709
0.0110916063201
0.011579871971
0.0115402106277
0.0115402106277
0.011579871971
0.00275929743316
0.00276800841561
0.00275946606468
0.00275879082988
0.00279338872802
0.00280289339106
0.00279407232756
0.00279407232756
0.00275946606468
0.00276800841561
0.00275929743316
0.00275879082988
0.00275674857486
0.0027652825034
0.00275674857486
0.00275590570638
0.00461462474577
0.00464664897105
0.00460221327233
0.00463227540367
0.0094509219754
0.00954004720206
0.00911110338169
0.00908089960719
0.0058039515361
0.00580356045359
0.00551272485169
0.0055633008887
0.00549480434073
0.00554470845295
0.010990835709
0.0110916063201
0.0110916063201
0.010990835709
0.0110916063202
0.010990835709
0.00549213358111
0.00556061253111
0.00550599878103
0.00554338641557
0.00921429547934
0.00918780022436
0.00918780022436
0.00921429547934
0.010990835709
0.0110916063202
0.00550599878103
0.00556061253111
0.00549213358111
0.00554338641557
0.00476061692386
0.00477622026235
0.00474330017808
0.00472973540247
0.00914431713262
0.00910622046566
0.0090808996073
0.00911110338153
0.00918780022426
0.00921429547929
0.00551305985959
0.00551272485161
0.00580356045355
0.00586263069059
0.00578474267104
0.00584302812826
0.00550599878105
0.00556061253115
0.00549213358104
0.00554338641559
0.00555017242251
0.00556741974672
0.00549347267453
0.00551273859111
0.00550599878102
0.00556061253109
0.00549213358105
0.00554338641557
0.010990835709
0.0110916063201
0.00919650988033
0.00928487092369
0.00476061692385
0.00477622026233
0.0047433001781
0.0047297354025
0.00456194695717
0.00459281360199
0.00454812105377
0.0045786076684
0.00935334986544
0.00932452086616
0.00932452086611
0.00935334986542
0.00474330017809
0.00477622026235
0.00476061692384
0.0047297354025
0.00457860766842
0.00459281360198
0.00454812105373
0.00456194695718
0.00463227540367
0.00464664897105
0.00460221327233
0.00461462474577
0.00925278861992
0.00921204257002
0.00921204256997
0.00925278861991
0.00470019097665
0.00471559492809
0.00467049985
0.00468390064628
0.0093649548243
0.00932766623279
0.00938612551979
0.00934958750524
0.00934958750523
0.00938612551981
0.0110816323647
0.0110016508775
0.0110016508775
0.0110816323648
0.00551273859102
0.00551173129828
0.00950724272249
0.00946806898926
0.00456194695716
0.00459281360197
0.00454812105376
0.00457860766838
0.00551273859111
0.0055117312983
0.00919650988024
0.00928487092352
0.00476061692385
0.00477622026235
0.00474330017808
0.00472973540244
0.0045619469571
0.00459281360191
0.00454812105381
0.00457860766835
0.00935334986531
0.0093245208661
0.0093245208661
0.00935334986541
0.00474330017808
0.00477622026235
0.00476061692386
0.00472973540247
0.00457860766839
0.00459281360198
0.00454812105379
0.00456194695715
0.00928487092361
0.00919650988034
0.00925911373681
0.00921834781342
0.00290502894036
0.0029149340863
0.00290522588217
0.00290522588216
0.00588249189209
0.00588249189211
0.00580356045351
0.00580395153609
0.0109803409205
0.0111430117419
0.00554470845292
0.00556330088865
0.00549480434077
0.00551272485163
0.00963318278792
0.00959114193338
0.00925278861997
0.00921204257007
0.00921834781345
0.0092591137368
0.0095911419334
0.00963318278793
0.00921204257007
0.00925278861997
0.00925911373681
0.00921834781342
0.00921204256997
0.00925278861991
0.00478904119783
0.00479263090915
0.00480251498774
0.00480564448203
0.00460282456514
0.00464203716697
0.00459762736921
0.00463008992166
0.00464617734078
0.0046581659652
0.00460086082988
0.00461881724352
0.0110916063201
0.010990835709
0.0110016508775
0.0111024674204
0.00551273859101
0.00556741974666
0.00549347267451
0.00555017242251
0.0055433864156
0.00556061253112
0.00549213358105
0.00550599878099
0.00963318278793
0.0095911419334
0.00959114193341
0.00963318278799
0.00963318278793
0.0095911419334
0.00959114193341
0.00963318278799
0.00580356045359
0.0058039515361
0.00580395153617
0.00580356045355
0.00551272485161
0.00556330088867
0.00549480434078
0.00554470845295
0.00554470845295
0.0055633008887
0.00549480434073
0.00551272485169
0.00963318278786
0.00959114193332
0.00959114193337
0.00963318278789
0.00551174644247
0.00551309021639
0.00279407232752
0.00280289339104
0.00279407232756
0.00279338872804
0.00275674857486
0.00276528250342
0.00275590570639
0.00275674857488
0.0027594660647
0.00276800841566
0.00275879082985
0.00275929743324
0.00480537785718
0.00483958679535
0.00479003123412
0.0048237959894
0.00482379598934
0.00483958679527
0.00479003123408
0.00480537785715
0.00461855510223
0.00465060677188
0.00460299469184
0.00463622090403
0.00460221327228
0.00464664897098
0.00461462474571
0.00463227540361
0.00456627834961
0.0045664684851
0.00456646848512
0.00456627834961
0.00932452086616
0.00935334986544
0.0047433001781
0.00477622026233
0.00476061692385
0.0047297354025
0.0045786076684
0.00459281360199
0.00454812105377
0.00456194695717
0.00928487092369
0.00919650988033
0.00551173129827
0.00551273859101
0.00921834781341
0.00925911373679
0.00480537785715
0.00483958679527
0.00479003123408
0.00482379598934
0.0048237959894
0.00483958679535
0.00479003123412
0.00480537785718
0.00228522089599
0.0022908043297
0.0022853164844
0.00228335183239
0.00230551310321
0.00231313460161
0.00230749661665
0.00230749661663
0.00228531648439
0.00229080432972
0.00228522089598
0.0022833518324
0.00227742324318
0.00228289211008
0.00227742324321
0.00227537045644
0.00455125762191
0.00454701728191
0.00963318278799
0.00959114193341
0.0095911419334
0.00963318278793
0.00456673865664
0.00460798586843
0.00454821754032
0.00459691096299
0.00918411518363
0.00907943275472
0.00925278861991
0.00921204256997
0.00921834781342
0.00925911373681
0.0110816323648
0.0110016508775
0.0110016508775
0.0110816323647
0.00925911373681
0.00921834781342
0.00921204257002
0.00925278861992
0.00911426136157
0.00920406293163
0.00921834781342
0.00925911373681
0.00925911373681
0.00921834781342
0.00911426136157
0.00914590064305
0.0092683297858
0.00919280089347
0.00919280089347
0.00926832978588
0.00914590064307
0.00911426136155
0.00456290427228
0.00456673865667
0.00456290427228
0.00456673865667
0.00454701728188
0.0045512576219
0.00914590064307
0.00911426136155
0.00461462474577
0.00461560570032
0.00461796838489
0.00461855510221
0.00921204257002
0.00925278861994
0.00925278862001
0.00921204257006
0.00472393204923
0.00480095430655
0.004674320438
0.00478948810669
0.00937656598473
0.00925305573682
0.00925278861997
0.00921204257007
0.00925911373688
0.00921834781348
0.00921204257002
0.00925278861994
0.00461234426985
0.00468799179353
0.00463998906486
0.00467672841104
0.00478948810665
0.00480095430654
0.00467432043797
0.00472393204929
0.00921204257007
0.00925278861997
0.00930225135915
0.00921204256997
0.00461796838489
0.00461855510227
0.00461462474571
0.00461560570031
0.00472393204923
0.00480095430654
0.00467432043799
0.00478948810666
0.00463998906484
0.00468799179349
0.0046123442698
0.00467672841103
0.00930225135918
0.00921204257006
0.00919280089347
0.00928294644022
0.0046123442698
0.00468799179349
0.00463998906484
0.00467672841103
0.00478948810666
0.00480095430654
0.00467432043799
0.00472393204923
0.00461796838489
0.00461855510227
0.0046356319458
0.004636220904
0.00461855510221
0.00461796838489
0.0027809284668
0.00279037911164
0.00276310911323
0.00278177798508
0.00275674857486
0.0027652825034
0.00275674857486
0.00275590570638
0.0055433864156
0.00554507692392
0.00461462474572
0.0046156057003
0.00470360271303
0.00470419429118
0.00277463799637
0.00278092846682
0.0027843468369
0.00279312642451
0.00276582948003
0.00278383623615
0.00275879082988
0.00276800841561
0.00275946606468
0.00275929743316
0.0058035604535
0.0058039515361
0.00554470845295
0.0055450454041
0.00554915830471
0.00555017242252
0.00555017242252
0.00554915830471
0.00463326009455
0.00463227540363
0.00468390064625
0.00468490226393
0.00580395019865
0.00580395019859
0.00293146316996
0.00294124852776
0.00291176037368
0.00293126466003
0.00470419429119
0.00470360271305
0.00929396650341
0.00921834781345
0.00551173129833
0.005512738591
0.00555017242252
0.00554915830468
0.00551273859101
0.00551173129827
