0.00897177466554
0.00726493090069
0.00999989509445
0.00725499265355
0.0071476840571
0.00599661986451
0.00527779405352
0.00881007694157
0.00778334675114
0.00647626157973
0.00839299182361
0.006496988455
0.00822742467812
0.00896285881376
0.00881060423105
0.00557505729321
0.00746378936657
0.00722093711935
0.00807794512348
0.00912452590771
0.00536934223565
0.00669332018556
0.00637146339993
0.00865635036769
0.00820425336325
0.00802793550693
0.00795223957416
0.00667058636071
0.00761616049802
0.00791329783619
0.0085303022777
0.0074940951546
0.00744719957979
0.0108170336149
0.00859831293976
0.00783133403531
0.00971051926008
0.00886536077187
0.0089377201553
0.00809405114642
0.00587958490196
0.00726008639755
0.00815179727054
0.0079137811099
0.00898115293448
0.00556142962254
0.00754584823193
0.00774367822408
0.00838818777016
0.0067779716144
0.00479627012042
0.00612569225194
0.00745374056703
0.00684160928919
0.00957259589467
0.00709641654801
0.00839480916711
0.00776833730177
0.0054936894433
0.00809442369099
0.00690885052288
0.00320608349921
0.00502210399203
0.00802737606228
0.00824812968879
0.0047990632685
0.00553540745892
0.00631952740439
0.006619322697
0.00570944578576
0.00591584807076
0.0062063520474
0.00685888529274
0.00748293693398
0.00659619882947
0.00607469160169
0.00602426228778
0.00656146806149
0.00646455199007
0.00672425368934
0.00600019968827
0.00551613070203
0.00657775352071
0.00874274307467
0.00530950833895
0.00552366903243
0.00684053794621
0.00720637295682
0.00876343870032
0.00684247061517
0.00874841884862
0.00835109525963
0.00691242965629
0.00716432008331
0.0077571248499
0.00826559491093
0.00476359566497
0.00852779761068
0.00387084040282
0.00703619135606
0.00787764134052
0.00793125841541
0.010278250605
0.00938915658139
0.0055909758342
0.00610840629279
0.00752620676917
0.00768959069533
0.00729413954808
0.00471739321794
0.00562407513495
0.00500532200577
0.00513502331856
0.00619756995311
0.00457359680563
0.00525723061677
0.00805302218509
0.0066656957557
0.00946085432585
0.00570310382767
0.00770325626335
0.00483831065301
0.00496636242693
0.00525512028195
0.00782385099694
0.00499596846031
0.00551822260483
0.00966614464679
0.00538163291156
0.00541552448084
0.00539412657856
0.00605247825791
0.00486304457339
0.00658708670135
0.0057367160584
0.00860527514439
0.00605780663241
0.00484355864882
0.00544983052286
0.00605065744996
0.00449672607935
0.00538630542216
0.00523020953893
0.00580088845625
0.00624002283598
0.00778631954757
0.00638579907542
0.0050602300595
0.00438121921252
0.00466625048471
0.00602104273986
0.00899110560111
0.00928777097277
0.00733041027082
0.00767609110966
0.00732322266082
0.00674409422483
0.00530821381469
0.00758920451154
0.00922596542215
0.00893980337794
0.00908073156419
0.00862843148138
0.00812475082698
0.00858220390225
0.00630670368193
0.00658860752928
0.00755205377764
0.0037299283115
0.00982422701871
0.00914945884666
0.00720481459838
0.0101797991009
0.00259816626728
0.00759969636894
0.00867850188365
0.00743700667921
0.00902583097309
0.00738142827349
0.00644804055942
0.00665399668324
0.0104274436822
0.00575873693797
0.00526569119446
0.00439188859982
0.00542085050284
0.00674930276978
0.00717202675127
0.00602749422613
0.00615390864494
0.00653197573165
0.00698894347602
0.00624485998895
0.00501364515111
0.00467011277869
0.00871062157374
0.00855908176999
0.00792164353882
0.00912444248058
0.00559332997641
0.00652848788855
0.00959368824518
0.00907927712266
0.00848207576946
0.00875040296108
0.00507109375447
0.00347751394009
0.00374011842529
0.00489433030053
0.00507147482582
0.00566710544968
0.00536355975616
0.00367203530672
0.0029339227121
0.00646466516616
0.00248679481153
0.00356701579766
0.0063668950598
0.00582461732301
0.00632585434302
0.00762863113454
0.00677168611517
0.00616473224774
0.00706308394461
0.00694772822648
0.00372206344354
0.0047591357974
0.00434638429133
0.0066805871215
0.00492258573862
0.00679112946956
0.0064776137683
0.00465726862192
0.00454159049604
0.00345527834943
0.00298673847397
0.00428637670545
0.00300969125512
0.00188733361306
0.00262639667689
0.00361133696581
0.00366738921742
0.00603415433348
0.00537723908973
0.00629388722711
0.00780038322909
0.00811349843535
0.00920984626247
0.00944819679046
0.00894345586634
0.00587782032403
0.00652699836038
0.00758258382384
0.00789287095828
0.00592477686608
0.00694589989213
0.0061351194239
0.00569124113314
0.00697499015643
0.00689195329736
0.00730360298884
0.00777759209868
0.00829580999344
0.00600734806225
0.00745899658352
0.00533340257766
0.00834706141025
0.0080471297232
0.00689742749962
0.00677605909612
0.006453774252
0.00563260815551
0.00651450662491
0.00742180505832
0.00641905454686
0.00627000460568
0.00708676023783
0.00722595440869
0.0067255237367
0.00479243801285
0.0069765065714
0.00574421379249
0.00573023011074
0.00621968895129
0.00588562110477
0.00568858420766
0.00707737028902
0.00663035621319
0.00765371683015
0.00598760374409
0.00723890805126
0.00780290936109
0.00829121948199
0.00976638841241
0.00456203706444
0.00822420668199
0.00812785916728
0.00725976948484
0.00740964402118
0.00539470612381
0.00458503290524
0.00358334222964
0.0057491456654
0.00780374115936
0.00580443329382
0.00544805694535
0.00538696742719
0.00636648970029
0.00654065914357
0.00466671964415
0.00453761988222
0.00670015348095
0.00686986657212
0.00279876338352
0.00302831056832
0.00359726083281
0.00326931962402
0.00397913542742
0.00466607037134
0.0047755430757
0.00511320428365
0.00588133516823
0.00389392375285
0.00455518957588
0.0037285000357
0.00466622318873
0.00381196952253
0.00616845449139
0.00562487376124
0.00565781404587
0.00464942281373
0.00671220933547
0.00575261441587
0.00594377023238
0.00599867494
0.00547080175875
0.00394597571186
0.00453808464984
0.00430445613597
0.00481448826704
0.00461708746313
0.00524856216419
0.00402676285323
0.00440056682054
0.00451158894045
0.00537371217336
0.00631530040314
0.00426897578349
0.00397869199862
0.00440655808811
0.00533231091716
0.00540369850866
0.00503140151722
0.00735073781787
0.0069574103874
0.00622371646147
0.00604209967236
0.00660417297028
0.00704073174297
0.00560050499796
0.00678083748652
0.00762906587817
0.00642396801394
0.00754172476447
0.00596367931688
0.00567568694215
0.0052577684044
0.00603143964716
0.00453251502733
0.00722916989462
0.00932907754489
0.0100213402769
0.00611156133678
0.00495118953141
0.00638835900268
0.00616357218337
0.00619904563771
0.0059783728253
0.00541276345256
0.00430364071569
0.00494532134588
0.00487227370038
0.00496450619563
0.00574884374103
0.00595035702577
0.00576908639416
0.00896660422627
0.00864094160639
0.00968011942265
0.00779899962167
0.00657032201926
0.00801260673855
0.0079917552558
0.00593150145982
0.00532984626506
0.00432654996773
0.00644716399216
0.00886131255544
0.00758638948342
0.00481015316615
0.00541194465725
0.00566154910149
0.00586311993403
0.00766200137913
0.00761625539578
0.00703719827433
0.00610970461663
0.00473135868679
0.00469300669471
0.00449520402302
0.00509823206489
0.00693882304828
0.00665373123501
0.00475645056667
0.00566209522022
0.00467208121483
0.00413798502304
0.00595269362819
0.00488425718646
0.00417685655966
0.00454391699909
0.0048663587279
0.00433745784752
0.00608986732437
0.00555951311263
0.00522553613494
0.00535174707899
0.00422062820836
0.00431061535981
0.00756907111925
0.00834950990548
0.00675788797192
0.00554244610975
0.00569336758292
0.00717103917629
0.0041801830213
0.00417055836493
0.00769883333602
0.00606814617641
0.00467086670128
0.00841083561552
0.0041733255003
0.00430126813676
0.00376129686662
0.0031692517341
0.00668094070379
0.00500507034052
0.00607216507692
0.00710123897827
0.00791519082713
0.00780358626384
0.00808847607873
0.00577040862935
0.00439025561023
0.00502893240418
0.00547916532796
0.00543510111665
0.00488057384965
0.00609228784732
0.00550279202589
0.00659750179006
0.00660050807382
0.00909873009772
0.00742977471235
0.00696952797492
0.00765152025778
0.0090096937037
0.00899212488472
0.00947340661307
0.00686123927733
0.00671162704382
0.00593443956414
0.00782816002396
0.00475372812609
0.00524632559896
0.00765537265582
0.00774175553985
0.00376729608421
0.00491998229892
0.00353937033789
0.00530903941111
0.00515077472631
0.00561845875404
0.00440097178053
0.00459727011505
0.00392500213695
0.00507627309216
0.00490000591672
0.00396622409874
0.00360391672133
0.00463088195672
0.00444867802245
0.00476930906994
0.00459392854024
0.00544460171644
0.00569798887631
0.0045166870742
0.00506999072006
0.00481640842069
0.00586116604266
0.00573558594323
0.00619729098781
0.00637009903449
0.00413185950635
0.00577713085245
0.00559080583895
0.00659034119694
0.00606599623986
0.00690366764792
0.00366002494305
0.00420750328957
0.00313148057324
0.00569186092885
0.00545040743791
0.00783757584976
0.00632204221482
0.00521449342436
0.00490000973761
0.00561125577181
0.00491072730154
0.00616242869354
0.00560132769218
0.00723210527761
0.00551315798402
0.00449009323559
0.00506978229051
0.00581586501795
0.00527021970596
0.00608234329015
0.00602808822541
0.00496663399369
0.00540534375559
0.00534619440194
0.00587638226841
0.00502097945451
0.00511359770728
0.00390714399516
0.00481503142267
0.00591479574319
0.00499217623632
0.00585614641913
0.00662664918434
0.00310388708615
0.00660456813165
0.00762508295838
0.00508360865576
0.00512327754676
0.00350136654951
0.00330504210057
0.00421835379092
0.00467946449428
0.00389224439668
0.00426885572523
0.00395844582947
0.0062506358999
0.00522637508363
0.00718357907259
0.00573419670902
0.00467931766708
0.00417413645311
0.00484627520849
0.00524712047737
0.00637831615079
0.00568482926156
0.00636047380709
0.00552290840937
0.00430754607529
0.00419654723324
0.00685489260315
0.00573585483117
0.00492088632879
0.00428501806484
0.00496942766524
0.00508706312126
0.0065376125985
0.00560117597156
0.00739649646548
0.00676130323941
0.00734228883453
0.00601842661156
0.00558939624917
0.00672590665542
0.00642269189437
0.00523007983547
0.00451712017771
0.00542026397177
0.00493372682311
0.00431082164187
0.00475810036527
0.00502443425825
0.00504920290458
0.00426092598072
0.00321596730146
0.00440732228654
0.00378479783435
0.00485453093749
0.00518403210026
0.00466432248204
0.00448555626038
0.00615884388694
0.00781310284648
0.00510300643068
0.00601286915672
0.00484880569081
0.00405356279502
0.00466776061321
0.00469099493912
0.00780958289304
0.00700540636404
0.00592036662527
0.0066059321302
0.00318987759088
0.0035630292769
0.00478434007893
0.00623294483811
0.00596064894327
0.00598426396071
0.00329957134734
0.00281420969597
0.00239914005751
0.00243302569861
0.00355125486751
0.00252958484168
0.00358337172238
0.00434774864346
0.00301099919606
0.00532640729601
0.00631361561876
0.00411055904424
0.00436367263743
0.00639915707688
0.00586286220881
0.00477400752679
0.00388426712198
0.00497190231852
0.00379972092431
0.00545406379917
0.00498211255157
0.0048930082622
0.00558713447395
0.00471232742951
0.0047852429032
0.00381769242076
0.00480662018084
0.00420516517107
0.00466115422766
0.00340030372708
0.0064886100993
0.00745133765977
0.00552856971501
0.00680461713496
0.00592651393157
0.00559331060345
0.00627496293178
0.00677547327495
0.00746296206177
0.00605982016949
0.00647726458895
0.00616673432851
0.00589239047001
0.00518337166833
0.00609303621267
0.00555104014699
0.00376498826816
0.00340025433933
0.00497483720223
0.00382645155285
0.00545531033468
0.0044470103523
0.0052300690125
0.00363355539848
0.00444000713077
0.0065379995585
0.0054884526407
0.00483088593658
0.00586844723603
0.00356587547824
0.0065172868846
0.00444928281191
0.0046078018737
0.00604398202888
0.00578637158656
0.00428332431164
0.00406883789911
0.00435788263972
0.00549078279811
0.00460392698646
0.00541605168659
0.00444490208014
0.00552183066923
0.00376713164811
0.00335204086915
0.00369909340352
0.00429405265335
0.00505072535428
0.00460216253997
0.00440938221221
0.00292543694401
0.00433515280373
0.00823293659781
0.00739234850587
0.00806329068076
0.00587445286843
0.00588727672002
0.00723370456437
0.00829380551741
0.00735650602927
0.00575934279306
0.00834423030768
0.00833501924637
0.0070419411564
0.00626486041786
0.00620917034476
0.00516016578866
0.00475839456224
0.00471379869197
0.00799794364437
0.00397186328708
0.0057328514575
0.0060273438352
0.00772169689285
0.00629765717677
0.00462380685926
0.00588634467959
0.00607488854016
0.00523277024398
0.00430936489961
0.00446996360487
0.00421510773963
0.00573794217001
0.00461979956672
0.00694566006622
0.00382043256086
0.00366088506798
0.00278125280535
0.00399916090462
0.00265248894895
0.00375877366639
0.0034255042993
0.00374386172866
0.00330711687788
0.0047739525934
0.0043114484384
0.0044196602177
0.00366737128908
0.00428160148907
0.00381614714469
0.00531928869107
0.00432960944771
0.0046927106767
0.00335936516513
0.00537810692289
0.00325935030863
0.00269368620488
0.0028382568466
0.0029523654567
0.00351722064559
0.00349237001397
0.00619194742352
0.00724218763379
0.00551968775039
0.00458158047041
0.00574437864902
0.00314732024862
0.00363407002199
0.00327672343049
0.00465343765547
0.00310308190593
0.00371826743515
0.00449682878838
0.00490535968015
0.00590644350133
0.00586089629556
0.00325217039407
0.00289338457431
0.00241007803199
0.00281108165967
0.00252433982626
0.00227031725725
0.00250985316038
0.00240218156089
0.00267616277036
0.00349744681398
0.00466810071169
0.0033253200374
0.00220757821755
0.00223197824989
0.00475878830085
0.00382439693156
0.00306747350196
0.00417050227061
0.0040959491961
0.00346411341358
0.00278475942925
0.0033525486393
0.00614318321683
0.00538810447232
0.00428496459435
0.00523357662036
0.00215119858938
0.00226367165887
0.00285645432006
0.00568610776726
0.00516818283523
0.00757159681555
0.0050782518365
0.00261808335396
0.00343168696292
0.00296056932371
0.00376817566354
0.00440604811815
0.00400036744578
0.00352224985578
0.00560076665637
0.00496128267823
0.00464643963525
0.00333867561427
0.00429988431178
0.00451252599279
0.00408872302994
0.00280250726015
0.00299754798136
0.00255634347675
0.00376362501824
0.00477734069145
0.00649144432381
0.00542449098879
0.00470167195632
0.00467700121679
0.00492527225867
0.00398101246266
0.00360000495288
0.00349541053347
0.00299597012772
0.00441868198155
0.00289018751415
0.00313969008992
0.00329095067406
0.00286088143805
0.00485745585135
0.002865626643
0.00299545387712
0.0034810042058
0.00422962384598
0.004091763126
0.00534478440772
0.0036871492392
0.00691312526432
0.00587573029359
0.00394735704952
0.00487414487662
0.00427387268926
0.00575326025271
0.00481808428339
0.00563176480156
0.00574209717232
0.00603006989618
0.0050857360617
0.00486621801146
0.00508816658823
0.00394064354838
0.00428792393119
0.00511620227866
0.00550120704658
0.00674515631553
0.00504399437879
0.0054154688446
0.00644498713498
0.00431670915555
0.00359978108508
0.00471529155144
0.00340566472339
0.00460298114372
0.00462708756584
0.00434434408859
0.00340263611693
0.0049368625268
0.00392134633984
0.00378058024226
0.00404339970843
0.00457093708089
0.00580503743922
0.0077227954754
0.00628453999217
0.00650150295442
0.00529803364395
0.00594673199442
0.00465088811067
0.00508010870784
0.00453456637609
0.00513333708374
0.00600110372168
0.005488480328
0.00499208779232
0.00474955857352
0.00572105727497
0.00475738995301
0.00650189939642
0.0041297868286
0.00401455103667
0.00557423784393
0.00530974308399
0.00813689688252
0.00641174212302
0.00465261562765
0.00579368054752
0.00520279644774
0.0072527845413
0.00470557435327
0.00610470246063
0.00570646024124
0.00443116130186
0.00470134982438
0.00569043346905
0.00545812008023
0.00504459810966
0.00576705163003
0.00454208902304
0.00383037115946
0.00451792016478
0.00441645676398
0.0027765480145
0.00669125137932
0.00498249686834
0.00596978988893
0.00586681384086
0.0060334727141
0.00407551297335
0.00389418203823
0.00683362596926
0.00345955317892
0.00421983933871
0.00501602947991
0.00465712704014
0.00393165453068
0.00515336859534
0.00642203377213
0.00589992578223
0.00579768259705
0.00522386063096
0.00589777521576
0.00497421806695
0.00575456235297
0.00517270590469
0.00601809105754
0.00519888217469
0.0043434860742
0.00520103192121
0.00351739730555
0.00567723521622
0.00359873100197
0.00427003627177
0.00527664655901
0.00781022812429
0.00452791852997
0.00545244247237
0.00498549351812
0.00422225547196
0.00562159140875
0.00613704218658
0.00629201870576
0.00581927976715
0.00443599610866
0.00378313323988
0.0048042244489
0.00398170552861
0.00540277747467
0.00490971518338
0.00338165232951
0.00317497402135
0.00372418173279
0.00460329987413
0.00355096928341
0.00583330741469
0.00576067397441
0.00506802474101
0.00504307634335
0.00622809043127
0.00734252264865
0.00582993939344
0.00441112904704
0.0042953997438
0.00402771736332
0.00467824933154
0.00512326938231
0.00475895129847
0.00384873479054
0.00549886509262
0.00522802647761
0.00496473472164
0.00618859675555
0.00717870783034
0.00515641471111
0.00442654984362
0.0053407611575
0.00544228843198
0.00432192357485
0.00432475166781
0.0036127928264
0.00378383162037
0.00342133160491
0.00434711513881
0.00321822131907
0.00315539366733
0.00402117539139
0.00329910023393
0.00365524923776
0.00434234782347
0.00506888918567
0.00496968253318
0.00528665462748
0.00518351625242
0.00333928002543
0.00287087167303
0.00332722979477
0.00262915028917
0.00274824368131
0.00292102607156
0.00288961894119
0.00273722281103
0.00321179999895
0.0038601838135
0.00355298115709
0.00446360843465
0.00440661335205
0.00418136986532
0.00386127177354
0.00322751727391
0.0045239249197
0.00326648844421
0.00414833187419
0.00578659679382
0.00492209009992
0.00650671284218
0.00447604288175
0.00249368436112
0.00259446984522
0.00249952908553
0.0035512780016
0.00365380842287
0.00294072675725
0.00261448697208
0.0036271495456
0.00508892234304
0.00504575004847
0.00246052732055
0.00310899750196
0.00445944087144
0.0049775333527
0.00583407942083
0.00556364513011
0.00308200556181
0.00341036329956
0.00326189592342
0.00440607032715
0.00308625223904
0.004608393621
0.00479738569118
0.00450007646117
0.00388474936318
0.00370098190275
0.00348938014131
0.00329023146755
0.00634039247722
0.00517293174104
0.00476516690705
0.00452703646239
0.00449599468258
0.00727658270555
0.0034693235068
0.00377438083232
0.0039214957014
0.00254493083854
0.0048982491134
0.00602710792684
0.00269124794351
0.00326421083382
0.00241608562263
0.00329602153147
0.00263407915866
0.00295610063907
0.00275634450182
0.00314436822545
0.00341118530209
0.00356846668046
0.00666356557413
0.0036018711057
0.00522205615963
0.0031973650436
0.0031523877563
0.00292897045141
0.00293925808727
0.00290440338022
0.00512731771128
0.00385306008389
0.00351345352031
0.00383885891661
0.00397387825389
0.00442382200558
0.00363708667128
0.00316661318661
0.00236609376526
0.00248237460894
0.0028547797321
0.00302506374182
0.0045915195623
0.0049796864229
0.00476801681358
0.00461402555293
0.00306967749183
0.00244983161776
0.00289371439928
0.00290290555147
0.00232386152784
0.00537365616427
0.00395062763839
0.00443809186672
0.00576440025017
0.00511013360608
0.00549068780671
0.0045296538278
0.00443096861141
0.0049025747474
0.00479714150253
0.00578829534177
0.00475730890445
0.00468266117357
0.00429027723997
0.004633902621
0.00358927070095
0.00357619466213
0.00493045335451
0.00436843447036
0.00193901713435
0.00338076267234
0.00326715136257
0.00430997475464
0.00349361551319
0.00406889458556
0.00402938526105
0.00510965461918
0.00468741504388
0.00617513805336
0.00292955017472
0.00304644592549
0.00422195904805
0.00424430090914
0.00519704802394
0.00416878437875
0.00435877125495
0.0032071273485
0.00389147607846
0.0038824955
0.00423195519916
0.00486894231216
0.00558418507161
0.00768895485878
0.00602293196488
0.00627096600738
0.00368173442702
0.00315515954449
0.00355548299412
0.00262720886816
0.00550045522922
0.00458716367039
0.00504602702679
0.00574072380368
0.00522789931028
0.0041312241944
0.00473022106329
0.00426290406846
0.00468321797546
0.00578320893643
0.00759736990668
0.00554532047627
0.00190734539128
0.00282701709183
0.0044298201624
0.00427137598216
0.00574829786201
0.00513933974418
0.0033279129775
0.00377056329336
0.00471573342227
0.00371377036926
0.00408973527168
0.0040577844577
0.0032797571899
0.00396937219974
0.00398399980465
0.00381557907652
0.00498484370652
0.00306569812745
0.00508270201089
0.00320601011637
0.00338567333526
0.00368580849139
0.00638404730852
0.00590481315717
0.00472290401648
0.00443642061519
0.0046468833116
0.00356513462172
0.0045058873252
0.00484169215732
0.005683565161
0.00473058787534
0.00432275636532
0.00522877920411
0.00380935109206
0.00227194506945
0.00215860570125
0.00276158759686
0.00329292537882
0.00396732198948
0.00447422888863
0.00338895346697
0.00401682587441
0.00428817306824
0.0050950865474
0.00436078162644
0.00473092225964
0.00439418104622
0.00538687883551
0.00426083579702
0.00390477590612
0.0033641819682
0.00424239520721
0.00413915979928
0.00794902110754
0.00809919048504
0.00355955894664
0.0033946601577
0.00232838765334
0.00519482014448
0.00407289863918
0.0047045525239
0.00421154110363
0.00379844165587
0.00446696398747
0.00683337031951
0.00738228759768
0.00673279932195
0.00602987503184
0.00439077354158
0.00417190559374
0.00486244188872
0.00401047259777
0.00342947666513
0.00319185886119
0.00316708468857
0.00498053046775
0.00437322652211
0.00508788070979
0.00409726025232
0.00753814238634
0.00478781411281
0.00480405453374
0.00480251999123
0.00411204186965
0.00462739923794
0.00593688701998
0.00447349837305
0.00651521673067
0.00637307350272
0.00453433320793
0.00506323175584
0.00310950763583
0.00354652739831
0.00419432989496
0.0069074379111
0.00469534655868
0.00340244049307
0.00417285260384
0.00354233088221
0.0047844303336
0.00276489613593
0.00399411141172
0.00334485892472
0.00348651561835
0.00296247652231
0.00358209237043
0.00492054898047
0.00541609482292
0.00310219193385
0.00339290568392
0.00277925458693
0.0032154366605
0.00371846985289
0.00317923114603
0.00299275219296
0.00444785512946
0.00582278184726
0.00650503762868
0.00339430897487
0.0032636335135
0.00471282371156
0.00262741503285
0.0039800763217
0.00393021334957
0.00327942401452
0.0037365054063
0.00533918608522
0.00602417668815
0.00597126210516
0.00722620475078
0.00531336440647
0.00483853061334
0.00314892044328
0.00430441642691
0.00316245332787
0.0034056751678
0.00335511582639
0.00283104640109
0.00302557704582
0.00463682077157
0.00463650774976
0.00337932968061
0.00372098899989
0.0045593794761
0.00395464590846
0.00555254327207
0.00395297624708
0.00475277074611
0.00365062799767
0.00508204197848
0.00625963895527
0.0065194283994
0.0049529744858
0.00403729024085
0.00410856780415
0.00385547856281
0.00418057444541
0.00472615960786
0.00432586877391
0.00370406196127
0.00429578055918
0.00357774172186
0.00224179566949
0.00226673142034
0.00331035837042
0.00352640264514
0.00344827255117
0.00462417246115
0.00225810201362
0.00345364412149
0.00223605229034
0.00345689933627
0.00277412004494
0.00363065063096
0.00400943448477
0.00485333062415
0.00480843307642
0.00293730125005
0.0049603909155
0.00447533713063
0.0040522012284
0.00498534823891
0.00296930905411
0.00266517670325
0.00301245918327
0.00354490823408
0.0036110359553
0.00413534090868
0.00473954890737
0.00288164125564
0.00244076435735
0.00289531581674
0.00301906127409
0.0027514016635
0.00197363281501
0.00371776349206
0.00302711741951
0.00309736120677
0.00307058184257
0.00396673174487
0.005285681256
0.00402077990893
0.004852577551
0.00588868332009
0.00585181784738
0.00518854066746
0.005172689576
0.00463873463136
0.00226704455713
0.00277501952316
0.00220971062075
0.00211542816172
0.00268346589911
0.00356682021867
0.00390675673377
0.00477724630549
0.00374312066808
0.00383361968274
0.00386812571459
0.00428475735551
0.00486010115208
0.00397009523124
0.00458758743129
0.00243207405318
0.00277512518999
0.00303051628977
0.00362134773297
0.00368772023329
0.00308941065126
0.00275662401708
0.00351867272714
0.00534809313805
0.00358422171924
0.00241150873324
0.00310983293309
0.00277849955125
0.00351466797704
0.00393497040598
0.00301411141788
0.00572120369075
0.00456415763728
0.0057053753861
0.00595596436282
0.00379158906806
0.00371776405439
0.00454905726588
0.00473894463505
0.00384149954898
0.00563467325301
0.0044250690478
0.00362327443128
0.00298964937558
0.0035546884508
0.00297403178956
0.00205517826563
0.00197406156185
0.00193503442117
0.00234230275791
0.00234989872321
0.00359332442574
0.00422198121802
0.00576931532969
0.00506250144133
0.00390319163696
0.00534795988239
0.0024212424315
0.00289733905075
0.00319904181365
0.00239883893788
0.00270725998676
0.0033949216364
0.00526240895986
0.00402550947926
0.00349215703417
0.00326305461981
0.00395876423494
0.00413044317534
0.00429214916356
0.00430633639655
0.00388191661076
0.00361359560954
0.00398580256436
0.0042573329475
0.003334992345
0.00405132922252
0.0033479969278
0.00270795292375
0.00283887069896
0.00318768737719
0.00463631319546
0.00342553725479
0.00309301133056
0.00332262835093
0.00247538305393
0.00313836171412
0.00309915529147
0.00519058327282
0.00311366539067
0.00372070518636
0.00289001073403
0.00304647217629
0.0029803392418
0.00333341785947
0.00335634930309
0.00316905187189
0.00319107601288
0.00293542279202
0.00420179246268
0.0024964018139
0.00272279745739
0.00361723157154
0.00385463807897
0.00379775639015
0.00284462395778
0.00140058199854
0.00396948634709
0.004028171373
0.00471056423373
0.00380111358628
0.00614871305451
0.00716817595447
0.00306891781945
0.00375445157791
0.00551008757283
0.00340731339914
0.00425757890456
0.0032149949587
0.00371664799039
0.00213176807391
0.00443269396276
0.00364852489073
0.00411873850203
0.00368437896121
0.00311891622046
0.00352946280409
0.00288494152871
0.00434917863013
0.00365062641368
0.00386095494783
0.0031114034483
0.00597640781246
0.005314558266
0.00475377531793
0.00390259732648
0.00406504215568
0.00462793401373
0.0042818818825
0.00588188826818
0.0030776399511
0.00239511276887
0.00495282237179
0.00470959365542
0.00548104224703
0.00509399321683
0.00425779217327
0.0039601606838
0.00449269443262
0.00501030388471
0.00431145386684
0.00504346494141
0.0045678501641
0.00381195675673
0.00325975988303
0.00446156904633
0.0034596046466
0.0060558748315
0.00601481003237
0.00606183141291
0.00541559334193
0.00511360979728
0.00509756434117
0.00433799943902
0.00365721474955
0.00367307280645
0.00455360128774
0.00587599039348
0.00527578143915
0.00514018936419
0.00554476282433
0.00444852126575
0.00258085206244
0.00273509285159
0.00389733731768
0.00323250892465
0.00223247275921
0.00238117385302
0.0026121129847
0.00494196639339
0.00598633600239
0.00516858980108
0.00316171211594
0.00233857870819
0.00246685061026
0.00356973985896
0.00310571033901
0.00290160013004
0.00492883704779
0.00616870190487
0.00627973019213
0.00343566614548
0.00362331398778
0.00421209121469
0.00497286713472
0.00367716608078
0.00323368274817
0.00359753347788
0.003116865611
0.00383892540636
0.00459075979677
0.00418362761075
0.00287913048675
0.00410974768091
0.00311478518975
0.00579592408937
0.00488758348749
0.00549625088428
0.00403628538138
0.00335109717582
0.00234524421507
0.00204914463895
0.00279838732181
0.00235557242622
0.00508045557453
0.00387008353277
0.00419618145939
0.00368576809902
0.00412050688696
0.00432337729829
0.00318653703792
0.00317154889864
0.00395871959909
0.00457310661978
0.00727389562775
0.00494137587482
0.00424769771897
0.00340792936464
0.00366932520388
0.00445043533663
0.00542412087279
0.00409435610881
0.00429115299663
0.00382502951869
0.00400570506547
0.00550488659864
0.00313166663073
0.00290428584359
0.00312245700298
0.00323188963341
0.00543427213789
0.00356307220713
0.00234829803777
0.00353828242544
0.00281066046928
0.0030013010963
0.00240872912204
0.00357821280353
0.00326043317508
0.00374253764375
0.00327300664336
0.00410294226741
0.0027565873294
0.00433937873861
0.00455151976303
0.00523581295521
0.00440217991233
0.00339316147874
0.00436954690293
0.00605099431622
0.00514799215922
0.0049781732154
0.00608326057955
0.00473622130779
0.00498023693155
0.00457747714444
0.00334943884872
0.00314003642176
0.00436551936063
0.00351132775101
0.00564187937024
0.00415825455449
0.0042669610304
0.00575930651501
0.00361469177684
0.00501133038392
0.00387456128298
0.00368906678006
0.00407079485306
0.00487046405104
0.00455856617498
0.0048627560173
0.00246392161729
0.00255714773968
0.00320977850835
0.00311531005315
0.00347848195628
0.0030313300718
0.00276898895061
0.00316832882978
0.0047369348955
0.00385632241714
0.0027307537442
0.00338014703963
0.00210355850701
0.00194213033782
0.00233151368706
0.00247202542254
0.00150606224625
0.00149892790582
0.00491218946015
0.00371372163431
0.00427861554801
0.00428727211051
0.00435906857461
0.00520922123508
0.00365722808158
0.00128576162541
0.00498413827229
0.00193378482717
0.00207742855293
0.00126456585114
0.00203259476279
0.00548929317342
0.00509327627236
0.00468921075342
0.00529336548079
0.00387472831058
0.00391057867405
0.00456005782345
0.0042265197348
0.00320057532855
0.00290643552096
0.00440716579512
0.00561593839583
0.00464571249777
0.00452436199278
0.00441043247271
0.00322162514266
0.00416547170162
0.00373977516138
0.00237725467659
0.0021734163123
0.00170781615656
0.0015428909193
0.00240745039403
0.00151345281887
0.00263455551562
0.00225973523216
0.00257474058238
0.00260691926802
0.00462352175004
0.0035904670426
0.00404175289351
0.00562483044407
0.00365755923925
0.00460547314065
0.00333142309041
0.00212645050466
0.00251849062997
0.00267390141703
0.00461834602226
0.00246718530572
0.00242626178886
0.00196055658676
0.00318576910605
0.0020316744559
0.00266482318591
0.00265217310705
0.00346994222311
0.00269342184887
0.00284475519459
0.00233208344591
0.00351518933258
0.0036820358962
0.00276263358562
0.00246639335324
0.00235693242269
0.00259136595493
0.00312934018624
0.0023142954261
0.002524011714
0.00270912005044
0.00332573744574
0.00201609685327
0.00241543621939
0.00219963989634
0.00213398161106
0.00284518283921
0.00324736201461
0.00250161551836
0.00390110052813
0.00295707726704
0.00293129831037
0.00278773854405
0.00330759676792
0.00565133145414
0.00409627673009
0.00355158808105
0.00343915510106
0.00229682144512
0.00285642075575
0.00438601907173
0.0045607606882
0.00204729538638
0.00188997758765
0.0014914913755
0.00157180847824
0.0024984039238
0.00159930887915
0.00434064366904
0.00384093054058
0.00296629727671
0.00302778682537
0.00333145390602
0.00209507558645
0.0030727301607
0.00365300959596
0.00288912208025
0.00234628162645
0.0030906106777
0.00343132559965
0.00294242175182
0.0026959384417
0.00205345681683
0.00243769087452
0.0025828805455
0.00340464496806
0.00297350207678
0.00218643277337
0.00198027722377
0.00252664717046
0.0032368137893
0.00325284554088
0.00403455863081
0.00333849622213
0.0025101039515
0.00305388244325
0.00208881733089
0.0020446773455
0.00245042032953
0.00155724494099
0.00204825606521
0.00165178867774
0.00178386012463
0.00155342353627
0.00251288641685
0.00257363916898
0.00157166002448
0.00197500262087
0.00198496404812
0.00225865800043
0.00230981900395
0.0027746979559
0.00324019682911
0.00356537097683
0.00246373987642
0.00413202440908
0.00345716526219
0.0023986328598
0.00217359202736
0.00219599135587
0.00250451611221
0.00292018134363
0.00341926427109
0.00282534352827
0.00288633771671
0.00534730520445
0.00461676918129
0.0034177131729
0.00434568271613
0.00393246514209
0.00383009024942
0.00379541628407
0.00351806502307
0.00359162334322
0.00371411000548
0.00222569651738
0.00367669332583
0.00190857140679
0.00209845373827
0.00195535942936
0.00207627367571
0.00151123024858
0.00163387778366
0.00212460971263
0.00177724934733
0.00307219516533
0.00324483956987
0.00185691834164
0.00257402069711
0.00284988048907
0.00355374098316
0.00243027641901
0.00283398565907
0.00190578481989
0.0016139071783
0.00223005866797
0.00455557716006
0.0038317163787
0.00525260071575
0.00397630674683
0.00391923832134
0.00381205722861
0.00504419081351
0.00407331250986
0.00458510507562
0.00481856628273
0.00619400936942
0.00395311698177
0.00633879030739
0.00281591266632
0.00288222170892
0.00289764714001
0.00506680322181
0.00291045831893
0.00265363914511
0.0028080244467
0.00286029596558
0.00306137407389
0.00371935696548
0.00441927492781
0.00362040053558
0.002798619455
0.00299473375075
0.00343980335566
0.00343992509623
0.0029306374675
0.00312964095779
0.00371723607829
0.00391109420926
0.005808807975
0.00415245618543
0.00326843491907
0.00175441731119
0.00469819481092
0.00583391335896
0.0057786171132
0.00368004395241
0.00448757899625
0.00540602143082
0.00508113507265
0.00504612151433
0.00341643954747
0.00295262843447
0.00345621159382
0.0029851722482
0.00433266709864
0.00337513300199
0.00234465366146
0.00318221303937
0.00294359006877
0.0045695399635
0.00478062779647
0.00555210628076
0.0045852290494
0.00606673042614
0.00319924847262
0.00307817846208
0.00322817203153
0.00353712681732
0.00347539524835
0.00271942958201
0.00302127142486
0.00222350491256
0.00258974509028
0.0028840713729
0.0045499447732
0.00406843433043
0.00362933995177
0.00284683531124
0.00299782139967
0.00414540589251
0.00288398361273
0.00264613725546
0.00305506513969
0.00333926236898
0.00212719996235
0.00222006374113
0.00234677681939
0.00260400864001
0.00388181252616
0.0032397343241
0.00346805683386
0.00460756525594
0.00246042340182
0.00205346521303
0.00190604454136
0.00319892850034
0.00466044177549
0.0038524412727
0.00434068669807
0.00494733692503
0.00611737738765
0.00598223723545
0.00502527453804
0.00442497554981
0.00357867637162
0.00363283198026
0.00396106445128
0.00439770408253
0.00404547626488
0.00385833049176
0.00503719840666
0.00410169212696
0.00451909397252
0.00517155669796
0.00282595963035
0.00220869700692
0.00261922840855
0.00300208214184
0.00497357157111
0.00508824673337
0.00336558791425
0.00312230575445
0.00333833273531
0.00358190571304
0.00364262142934
0.00333924851793
0.00417443977625
0.00364333940264
0.00403480807564
0.00351762909069
0.00368284604523
0.00496079647719
0.00333955048398
0.00293227468925
0.00373309419983
0.00348562928719
0.00276038907814
0.00246264231941
0.00325798435231
0.00321138763326
0.00460914163414
0.00273667128818
0.00317469872209
0.00377370308419
0.00339239395061
0.00284487569275
0.0026002241249
0.00291093050913
0.00286778554414
0.00477794329899
0.00389369772958
0.0038846600391
0.00308141931616
0.00349418645253
0.00318987477347
0.00413574272364
0.00376427599426
0.00346768733671
0.00357483746637
0.00265171389885
0.00232710573957
0.00294586745979
0.00266828629891
0.00399585192132
0.00331236520017
0.00456434166745
0.00424227681441
0.00323542463965
0.00326775380277
0.00377872856531
0.00420139458042
0.00669954834729
0.00618810562421
0.00466711767272
0.00359391941428
0.00293817274408
0.00367483874934
0.00398318711881
0.00318442432297
0.00346537075254
0.00525893098223
0.00489464704349
0.0038711238067
0.00226033720582
0.00437066283409
0.00226505962751
0.0021168641157
0.00265414412716
0.00302180124469
0.0034689536964
0.00350606815559
0.00303807262899
0.00245515841433
0.00277019968694
0.00314066964276
0.00441454899018
0.00218504123541
0.00198578631601
0.00290396503446
0.00229599733899
0.00649204549446
0.00676602720373
0.00641540772511
0.00331687925275
0.00318160494287
0.00425468336905
0.00404225221918
0.00327455249997
0.0025348645463
0.00314420712378
0.00274394639952
0.00337949433849
0.00363408934035
0.00420428969239
0.00395224802473
0.00383792071383
0.00327767226039
0.00500366835729
0.00444661797861
0.00329028086914
0.00415354095024
0.00497505151005
0.00384633295634
0.0036238676273
0.0029802247367
0.00231969221841
0.00330265224884
0.0027582474833
0.0026808002878
0.00231133790053
0.00293066963563
0.00303746554948
0.00379570679517
0.00584350853256
0.00423729103561
0.00416037472115
0.00245786655178
0.00268355272726
0.00268582929282
0.00584937688004
0.00432837223779
0.00354344732871
0.00335617749233
0.00319003045279
0.00321650601293
0.00346236384564
0.00325390997833
0.00280853798914
0.00323949931025
0.00261809356834
0.00471447771413
0.00592463554178
0.00296687184784
0.00224742568794
0.0028577150651
0.00273087696928
0.00308143647585
0.0036521665129
0.002617379636
0.00197658038126
0.00256703912853
0.00243412059062
0.00467922131962
0.00327349311197
0.00363041706304
0.00346774139959
0.00433278537992
0.00406002238181
0.00397560057661
0.00477356733603
0.0053931277786
0.0023190768226
0.00243412442904
0.00235677749858
0.00252467281501
0.00386679080858
0.00351088368859
0.00442178189957
0.00467960403112
0.00341823969144
0.0017516035724
0.0029491588598
0.00263251371424
0.00422758659826
0.00389460156381
0.00310928484692
0.0023926708446
0.00281487124959
0.00277855529211
0.00451481651443
0.00393319029782
0.00307145109195
0.00340696867733
0.0033913067524
0.00341843909612
0.00342278045349
0.00244085840697
0.00258998712551
0.00304204239307
0.00309991882292
0.00344472573719
0.00334462728611
0.00387944989559
0.00355733366704
0.00400743172387
0.00382829167653
0.00416606201696
0.00349743558858
0.00200412460046
0.00431463296551
0.00139830905379
0.00158230132176
0.00135930381656
0.00176268345905
0.00131268912992
0.00153048857242
0.00257548030093
0.00192084197689
0.00184499099462
0.00181973523261
0.00198212200065
0.00170828892147
0.00234032143266
0.00218428943138
0.00417196632207
0.00393552747724
0.00357638320483
0.00302452412289
0.00220985153679
0.00298072524492
0.00191566440429
0.00149652248123
0.00161860077427
0.00174248297108
0.00370034606573
0.00291242313685
0.00224381560442
0.00206377757193
0.00189857346077
0.00196058889151
0.00392395631442
0.00219330403708
0.00448769986986
0.00496346299091
0.00388546991196
0.00405943995621
0.00337486771647
0.00305619573364
0.00149098997312
0.00268761452294
0.00348060320602
0.00280140126867
0.00213147602673
0.00235861588942
0.00278449592062
0.00309650485004
0.00357994851603
0.00203959985415
0.00197794152585
0.00108356845162
0.0012371410285
0.00212073119338
0.00255729038075
0.00139615792072
0.00192865272475
0.00281599831553
0.00314969451416
0.00258395698845
0.00349086622127
0.00283965804731
0.00322843331402
0.00396102579947
0.00349580783646
0.00368241951209
0.00392424345665
0.00315802972711
0.00391279096403
0.0039511907654
0.00500123629092
0.00349405258575
0.00429290056341
0.00349179178016
0.00369285131872
0.0030112729088
0.0033928227129
0.00382504123661
0.00282921791335
0.00356768827445
0.00300140293318
0.00222961393658
0.00173593057718
0.00197454898732
0.00240929711481
0.00289034145641
0.0024733530751
0.0032300239303
0.00290166303923
0.00291941890862
0.00231776089614
0.00175883877262
0.00150641893613
0.00199948235865
0.00141583651333
0.00223663545632
0.00149626163449
0.0021245272473
0.00243509010165
0.00323731135442
0.00263040409719
0.00267063054234
0.00324869920519
0.00337530861943
0.00346720261486
0.00383384814094
0.00349209892235
0.00389860610745
0.00354826247491
0.00412763862172
0.00467505668549
0.00477260759129
0.00439534374643
0.00290548446637
0.00301176611854
0.00403318867504
0.00278772713454
0.00251277378662
0.00468237125138
0.0022304458015
0.00214158590876
0.00176084350195
0.00237464444774
0.00176585153843
0.00244097703743
0.00298199530484
0.00366899784487
0.00356707351907
0.00427604969394
0.003811475943
0.0039242940373
0.00326420298025
0.00333128193048
0.00455016346607
0.00349841403782
0.00278498992737
0.00279877347372
0.00347471990751
0.00368194681246
0.0036345132477
0.00390055969289
0.00342747277675
0.00271378551468
0.00296531313245
0.00308572078727
0.0038736076473
0.00362760390066
0.00324645592458
0.00320704379504
0.00339543560908
0.00312742610792
0.00197824260924
0.00282131987178
0.00170462493471
0.00170423552328
0.00165217336987
0.00223753831512
0.00283718769748
0.00250546561096
0.00244717439573
0.00373032909057
0.0039203884594
0.00370428129219
0.00307143333412
0.00281194568526
0.0021529306452
0.00270520167981
0.0023649857844
0.00219101884231
0.00196699966384
0.00181687356044
0.00172841072259
0.00246405365697
0.00309313691937
0.0034591943806
0.00267395281674
0.00226334355794
0.002290442734
0.00256932238528
0.00220999925646
0.00236547377917
0.00654616485701
0.00611942652144
0.00515423761157
0.00456134036088
0.00384861488304
0.00477549810783
0.00409007367845
0.00775503965021
0.00709868101984
0.00756664259252
0.00160586524843
0.00176618074435
0.00205447638882
0.00180542267263
0.00388783370888
0.00362674305015
0.00405793517903
0.00422763351987
0.00582916235474
0.00570567017229
0.00212742184494
0.00269223470048
0.00341842515615
0.0034310014367
0.00240330148844
0.00257346270063
0.00300957630045
0.00278649361889
0.00438921658157
0.0043912557603
0.00314912978618
0.00518595740391
0.00192153061598
0.0016727360729
0.00204296471663
0.00192030909975
0.00305230574398
0.00318577315276
0.00287311284843
0.00291217550226
0.00427625945699
0.00414645058349
0.00489109142672
0.00382472139496
0.00262209854657
0.00262996019469
0.00261337489568
0.00282445404386
0.00270182869942
0.00254589381365
0.00311209369956
0.00317197624603
0.00303430655878
0.00470888054807
0.00303517838787
0.00411551039655
0.00210547872613
0.00231278753513
0.0027877017855
0.00237314449579
0.00508150604378
0.00498102363793
0.00314759611826
0.00320501563969
0.00293941123133
0.00373468891788
0.00434439606695
0.0042978855954
0.00532620829381
0.00496259567592
0.00254028759434
0.00189445627618
0.00226542565417
0.00203096045984
0.00265181145249
0.00291922109794
0.0032659234579
0.002491378437
0.00468084983266
0.00526498134406
0.00255550722792
0.00198402016827
0.00197341289557
0.00280522772933
0.00327674043966
0.00502484068671
0.0030431095285
0.00271616943743
0.0026573409455
0.00250501822409
0.0032041356789
0.00311708754879
0.00404757486849
0.00464440531826
0.00374284159535
0.00369496540839
0.00423168989713
0.00423796550196
0.00251918067986
0.00225565186163
0.00272049582778
0.00263550237438
0.00397139796158
0.00390913220812
0.00282744181235
0.00241282445104
0.00298851177332
0.00286637713839
0.00269243231349
0.0026873584822
0.00297415289568
0.00337587514105
0.00265363492801
0.00223412441243
0.00230895841547
0.00234747662102
0.00231638257549
0.00223568809104
0.00269448167213
0.00263045918755
0.00218804676588
0.00182438076648
0.00218891205451
0.00221782031013
0.00215297701641
0.00417484692492
0.00350606498312
0.00334714085319
0.00281312923812
0.0026588820447
0.00318362301687
0.00331564366334
0.00519455077731
0.0049959596044
0.00329285440725
0.00272640768389
0.00305055670388
0.00313800193615
0.00435344452809
0.00410085271249
0.0029623607173
0.00279424875116
0.00212986896309
0.00192474937368
0.00214252203764
0.00221004245216
0.00460289839755
0.00473487924635
0.00515576683017
0.00465311549438
0.00187030969553
0.00160757302074
0.00191524336838
0.00248018816864
0.00263034433553
0.0024219046017
0.00269175056806
0.00219819328263
0.00536948276949
0.00459868162801
0.0051926173515
0.00559707517328
0.00253067034935
0.00214381166729
0.00219913883135
0.00237493639672
0.00529719758769
0.00604302737289
0.00266748929598
0.00234574707292
0.00270016545102
0.00301651487556
0.00471201840812
0.00481172860031
0.00614375650955
0.00570792873251
0.00466773652896
0.00404343960724
0.00316368756846
0.00382612527743
0.00564867902902
0.00595308841909
0.00345143236895
0.00373422382094
0.0022299048878
0.00197762985795
0.00243336080508
0.00246714987665
0.00513457598763
0.00463415269505
0.0039813382499
0.00331172458787
0.00361520539539
0.00350855073496
0.00295404129078
0.00258542182211
0.00246966280795
0.00304659484317
0.00517603873315
0.00511499543583
0.00342748273028
0.00383406842705
0.00355447211085
0.00314279088692
0.00226324773451
0.0019739199489
0.00255173679348
0.00202444781716
0.0043980463176
0.00408396991455
0.0033081755411
0.00397797905075
0.00338100563603
0.00302320641018
0.00354935220493
0.00352460608905
0.00212385312482
0.00179993547624
0.00217798323334
0.00217558162288
0.00271460884334
0.00213526425657
0.00227070410412
0.00271668597305
0.00253931654463
0.00186911049815
0.00200547854739
0.00212300633106
0.00232185702117
0.00182075013324
0.00210317239488
0.00210491605937
0.00228649904388
0.00193352064727
0.00194366506885
0.00176541077491
0.00348487425769
0.00431662520637
0.00290941227997
0.00289819661343
0.00421443314559
0.00479799630702
0.00388478681196
0.00428982151862
0.0026959431922
0.00206115757882
0.00249214641924
0.00244276072897
0.00331840539995
0.00285497999353
0.00433617471849
0.0049445791444
0.00277197800076
0.00257849221326
0.00299304565894
0.00331254657505
0.00430880388788
0.00410086901067
0.004998606492
0.00462797837074
0.00402292683232
0.00460715242602
0.00402235046632
0.00605258638599
0.00196664218346
0.00181854431809
0.00217186730987
0.00225995181591
0.00383817740203
0.00366153222439
0.00312414365092
0.00342584764195
0.00209956332287
0.00207613841065
0.00214601369646
0.00200617012002
0.00330910197556
0.00375277462267
0.00265869977477
0.00193579853855
0.00222218144285
0.00241057310345
0.00268750884463
0.00237350383105
0.00259399869057
0.0023693149104
0.00380796914492
0.005397793399
0.00404525729641
0.00414930843728
0.00275096773513
0.00255475079843
0.00269581165765
0.00268806806896
0.00362599164431
0.00327940571995
0.00242130922906
0.00206242538209
0.00224171010722
0.00223053720396
0.00228556329783
0.00211341950431
0.00211297508483
0.00247923906941
0.00406306891803
0.00370120251879
0.00248814000764
0.00247467649638
0.00266822768578
0.00266525547313
0.00318632182819
0.00372955409265
0.00291483433447
0.00303198566139
0.00310122439652
0.00268849132877
0.00336660182325
0.00343305299081
0.00414774662658
0.00418758108925
0.00176450737881
0.00149137568404
0.00185278699971
0.00155932626503
0.00306985238855
0.00279871899949
0.00267619512732
0.00309719890796
0.00289867104529
0.00342482555354
0.00226403420486
0.00221549147946
0.00243248447884
0.00233876065125
0.00175934009884
0.00140905705445
0.00170749740879
0.00138401432225
0.00209313520588
0.00187247998271
0.00206878718861
0.00219385688845
0.00496359276593
0.00674991142555
0.00280998443301
0.00266850034968
0.00233959715963
0.00311624871735
0.00224815922362
0.00189746129086
0.00175387199253
0.00176845413411
0.00306597848166
0.00304867659507
0.00327969837963
0.00497844610497
0.00243463471125
0.00277313393703
0.00295365072937
0.002945450515
0.00417496599581
0.00465108122916
0.00412920561529
0.00300522342788
0.00269723213979
0.00305507066398
0.0027921507174
0.00332289851475
0.0032289404046
0.00300532789721
0.00180413873123
0.00177789993719
0.00191566881052
0.00193822636133
0.00285620934557
0.00295404943807
0.00272595868755
0.00231897322266
0.00282868214469
0.00293993600483
0.00393296303576
0.00363603717905
0.00125971526516
0.00130851412574
0.00113498435144
0.00100133479394
0.00161048596523
0.00325763284694
0.00278076199047
0.00215115468328
0.00199019001695
0.00228191034549
0.00318582220517
0.00342071096027
0.00161325886617
0.00141949085154
0.00167513998208
0.00174314430895
0.00377972861948
0.00375226988103
0.00399474867733
0.00386270053672
0.00356058414874
0.00369161942659
0.00342911535241
0.00398067074372
0.00335925959047
0.00353680249009
0.00385858573421
0.00354869921972
0.00197680862014
0.00193935347696
0.00169700702921
0.00246512791824
0.0024909283151
0.00194422347668
0.00161113186152
0.00172419992182
0.00196757139696
0.00215141159047
0.000945552508793
0.00193773033376
0.000939530957899
0.00132723471209
0.00114611375198
0.00116615706901
0.00184657108843
0.00307054114535
0.00324108690979
0.00312528951931
0.00281318498674
0.00238860043738
0.0020415171341
0.00171658287979
0.00191789371634
0.00214352306376
0.00346203655344
0.00311376414942
0.00271585312504
0.00318668427282
0.00271893863726
0.0031048832256
0.00290025643436
0.00246166141069
0.00311964424003
0.00322798315415
0.00255582962125
0.00237229587014
0.00386277763052
0.00384571326884
0.00290968927607
0.00253132451567
0.00220347525717
0.00218511425173
0.00209855584555
0.00162342299859
0.0017400958468
0.00196623896934
0.00214656951734
0.00169849369669
0.00221925024514
0.00168672648599
0.00183610668395
0.00190422936645
0.00325528273429
0.00318178838802
0.00325246417297
0.00287527094233
0.00181741157925
0.00176566525986
0.00203585883204
0.00168009507662
0.00366049029202
0.00365261591214
0.00453022932714
0.00449924712581
0.00265318359356
0.00321388286706
0.00307982394969
0.00293401056933
0.00222043957539
0.00284276847077
0.00283967463887
0.00350786241382
0.00250781806533
0.0027801148186
0.00290514680838
0.00343044370444
0.00342695482365
0.00316882942266
0.00268571142598
0.00463946625999
0.00207820691955
0.00192975091153
0.00181060656833
0.00253288965912
0.00175111252665
0.00168221505608
0.00141346328364
0.00136675453938
0.00133033056024
0.0018026000563
0.00217319512639
0.0015211387586
0.00174492565511
0.00164241657678
0.00366584451515
0.00282645756804
0.0025118158037
0.0025267342602
0.00413959117743
0.00384345188622
0.00416373185812
0.00392670915563
0.0041079440643
0.00350330205016
0.00255080888236
0.00304474884193
0.00139259720728
0.00114366775738
0.00133777548492
0.00115911366098
0.00221624318432
0.00231848030933
0.00220256638099
0.00309299234147
0.00265820957487
0.00374959626562
0.00125942682869
0.00113615406056
0.000990090158082
0.0012835018275
0.0016211477166
0.00163252968495
0.00286685209118
0.00293241444126
0.00323706426423
0.00326041325113
0.00242286076287
0.00244085470148
0.00368946747517
0.0035255597899
0.00313532895085
0.00306022234982
0.00471092331287
0.00221454075435
0.00211927400853
0.00194111939153
0.00308747403293
0.00329952833991
0.00352042409733
0.00337456623288
0.00355257108453
0.00318166275215
0.00264060511746
0.00254025625609
0.00411268671301
0.00316092494132
0.00204848125691
0.00198831902801
0.00281832470376
0.0030454954868
0.00193047789478
0.00202776604415
0.00345431477636
0.0027091053778
0.0029929292455
0.00305753119918
0.00232874425323
0.00230632834295
0.00246091738686
0.0023001515404
0.00274329025345
0.00343432641236
0.00269215222075
0.00304945128195
0.00313098650287
0.00265943898498
0.00270233317401
0.00242535746999
0.00289490778629
0.00636214216404
0.00257983378049
0.00328416877963
0.00245928831057
0.00211653750597
0.00199449774651
0.00269973287394
0.00174156709456
0.00207695448495
0.00179087665179
0.00268395851033
0.00420019311273
0.00253514963808
0.00121611459399
0.00118641603291
0.00122661227741
0.00112335557181
0.00168583665297
0.00189592909613
0.00350290182042
0.00288161459675
0.00390349579013
0.00380064568563
0.00245405227709
0.00247846291234
0.00292663371915
0.00248409408532
0.00303269220939
0.00310092573821
0.00422100493152
0.00413269335184
0.00162033914597
0.00182262544795
0.00110647137534
0.00112042466057
0.00154209377001
0.00119830890376
0.00212140353049
0.0015753388932
0.00153250001181
0.00204335882906
0.00341919196544
0.00239681221496
0.00361858597226
0.0040572269882
0.00281480500838
0.00269102858034
0.00293834408237
0.00320613114526
0.00285930551475
0.00294685498513
0.00195301876633
0.00225402072498
0.00170637676978
0.00134561481513
0.00149258317982
0.00164975316543
0.0024568375431
0.0022024715072
0.00348281781113
0.00322885169365
0.00172311090896
0.00198872341994
0.00257867734914
0.00298514269843
0.00191325660533
0.00217593528566
0.00233211248092
0.00203409189915
0.00250197214894
0.00296963752842
0.00218389371604
0.00247682823061
0.00244581728942
0.002188316402
0.0027134982406
0.00422867844107
0.00403920004674
0.00233917715691
0.00183644378066
0.00157762854318
0.00167319506995
0.00203311263299
0.00141083644483
0.00149858034573
0.00192031283485
0.00264918998639
0.00248492789346
0.00187985665351
0.00153964722451
0.00150188756427
0.000866540078532
0.001321779633
0.000843913769405
0.000786054075626
0.000736746863549
0.000941848545216
0.00126502376271
0.00109250841027
0.000735608276554
0.000807595218183
0.00076499456018
0.000831716528554
0.00289191664287
0.00251528726187
0.00108322983587
0.00107648149396
0.00114297843353
0.00129697574025
0.00142419127541
0.00226268417686
0.00192298753399
0.00157540052188
0.0014696154296
0.00167116588386
