Radius   22     25     30   
0.0 -39.66316199067358 -39.66316199067358 -39.66316199067358
0.050000000000000044 -39.75962920176076 -39.75962920176076 -39.75962920176076
0.09750000000000003 -40.032551247807525 -40.032551247807525 -40.032551247807525
0.1426250000000001 -40.46226582939609 -40.46226582939609 -40.46226582939609
0.18549375000000012 -41.0343541234388 -41.0343541234388 -41.0343541234388
0.22621906250000023 -41.738274221114935 -41.738274221114935 -41.738274221114935
0.2649081093750002 -42.56641674938926 -42.56641674938926 -42.56641674938926
0.3016627039062503 -43.513438967067565 -43.513438967067565 -43.513438967067565
0.33657956871093775 -44.57578701473571 -44.57578701473571 -44.57578701473571
0.3697505902753909 -45.75134806420054 -45.75134806420054 -45.75134806420054
0.4012630607616213 -47.03919391811198 -47.03919391811198 -47.03919391811198
0.43119990772354033 -48.439390152031926 -48.43939015203193 -48.43939015203193
0.45963991233736334 -49.952853013835124 -49.95285301383518 -49.95285301383518
0.4866579167204952 -51.58124166422082 -51.58124166422165 -51.58124166422167
0.5123250208844705 -53.32687695725664 -53.32687695726494 -53.3268769572651
0.536708769840247 -55.19268043576428 -55.192680435830525 -55.19268043583216
0.5598733313482347 -57.182128938587695 -57.18212893902546 -57.182128939039316
0.5818796647808229 -59.299221431869334 -59.29922143432711 -59.299221434425895
0.6027856815417818 -61.54845554435153 -61.548455556304326 -61.54845555690266
0.6226463974646927 -63.934811911841656 -63.93481196302503 -63.934811966163565
0.6415140775914581 -66.46374488544153 -66.46374508111292 -66.46374509559662
0.6594383737118852 -69.14117847209597 -69.14117914785079 -69.14117920744309
0.676466455026291 -71.97350657358174 -71.97350870329531 -71.97350892441999
0.6926431322749764 -74.96759667332326 -74.96760285264972 -74.96760360000619
0.7080109756612276 -78.13079607893263 -78.13081271221675 -78.13081503288133
0.7226104268781662 -81.47093964579078 -81.47098146271023 -81.47098813348765
0.7364799055342579 -84.99635757054952 -84.99645634368447 -84.99647421326925
0.7496559102575451 -88.71588135533796 -88.71610170955498 -88.71614658300214
0.7621731147446679 -92.63884543166358 -92.63931191099799 -92.63941810053895
0.7740644590074345 -96.77508125825808 -96.77602225817834 -96.77626017724192
0.7853612360570628 -101.13490006299489 -101.13671568066417 -101.1372225085188
0.7960931742542097 -105.72905990347765 -105.73242197155133 -105.73345241078358
0.8062885155414992 -110.56871249995649 -110.57470577360407 -110.57671210902565
0.8159740897644242 -115.66532546049062 -115.67563884625108 -115.67939163165113
0.8251753852762029 -121.03057614898509 -121.04775177348162 -121.05451416924932
0.8339166160123929 -126.67621456601098 -126.70396025985556 -126.71572991506443
0.8422207852117732 -132.6138941815884 -132.65746161436712 -132.67729363591786
0.8501097459511846 -138.8549715778692 -138.92159799208957 -138.95402065683425
0.8576042586536253 -145.41027787628923 -145.5096844421753 -145.56121572133887
0.8647240457209441 -152.2898670545699 -152.43480172258364 -152.51456943707444
Description: Solvation energy moving the charge closer to the boundary.