0.00414714145122
0.0042912652146
0.00364190049357
0.00433934962377
0.00419906541375
0.00431804971902
0.00346013986935
0.00321616392917
0.00360571039392
0.00376028953661
0.00377824117413
0.00381868821504
0.00349987914129
0.00365060481127
0.00399431319461
0.00456649095862
0.00415731794551
0.0043966494405
0.00402359361452
0.00326475351008
0.00401018781494
0.00318822297355
0.00489726239674
0.00432161096164
0.00380587799648
0.00312056195131
0.00309055957475
0.00394123798399
0.0045495223352
0.0029182816757
0.00357972506771
0.00408461274779
0.00285479799229
0.00303583937385
0.00386671594024
0.00397912816477
0.00436874049704
0.00323493218578
0.00221273936453
0.0038893316676
0.00372962842918
0.00468476713068
0.00444564184984
0.00410924526727
0.00514194228238
0.00355982715586
0.00414193773209
0.0042418443373
0.00425439263188
0.0030138286519
0.00345679777977
0.00339212664948
0.00292646605354
0.00301032736092
0.00447401417001
0.0040008632449
0.00371927041515
0.00337118366719
0.00348500866406
0.00340284873254
0.00365949703638
0.00344808751168
0.00356413363434
0.0028338839879
0.00347647042704
0.00362715017443
0.00396706289338
0.00460332327896
0.00256027177773
0.00305324837855
0.00496617831617
0.0044464599681
0.00412502712115
0.00416091456209
0.00423039804433
0.00465361451347
0.00434606855112
0.00315699757516
0.00298033100144
0.00416363232024
0.004262715299
0.00483363313531
0.00471689266886
0.00494284687264
0.00386058622091
0.00406125064637
0.00415208204037
0.0040651585757
0.00422261047478
0.00363084103213
0.00391430865513
0.00475931292064
0.00338359347865
0.00365295898658
0.003960023241
0.00298385881938
0.00254362958797
0.00311208951301
0.00320971943961
0.00420922259153
0.00359327814809
0.00481207460742
0.00471072856658
0.00407079841993
0.00411561787063
0.00403861179282
0.00372629854571
0.00376769548192
0.00410182610578
0.0043154186843
0.00402171510702
0.00371027515832
0.00283249205414
0.00470868092992
0.0043325623206
0.00350649334369
0.00364017382704
0.00424889858653
0.0036162370527
0.00419160625651
0.00385488119768
0.0043124917717
0.00400751814789
0.0039523804403
0.00305983372311
0.0043369081376
0.00456111646695
0.00480621506151
0.00366227607252
0.00437330787239
0.00381244865835
0.00342124497464
0.00415399286237
0.00320045824533
0.00298030858218
0.00445206341144
0.00341921782922
0.00164168462336
0.00438669632323
0.00378569643754
0.00339839194647
0.00358765909395
0.00322382615659
0.00454316343418
0.00427599409014
0.00412894456823
0.00400893304029
0.00327289192977
0.00384736012757
0.00355490393738
0.00352673733305
0.00407424625848
0.00379785191333
0.00421303708925
0.00296237632862
0.00396026392713
0.00296447033724
0.00365541646443
0.00369676726901
0.0028092609366
0.00228453534042
0.00234156894855
0.00326054964641
0.00421916409127
0.00423939713052
0.00370416134374
0.00344509171648
0.00377874599331
0.00391889337472
0.00343991074983
0.00356371078478
0.00436912682327
0.00375772305267
0.00471164984227
0.00421778112157
0.00299757433267
0.00360433100748
0.00301212655733
0.00389908505363
0.00353545404637
0.00328510398878
0.00342591462105
0.00319049301398
0.0035190404124
0.00423169981968
0.00409144488675
0.00341433551254
0.00486250091277
0.00266706283332
0.00370189123759
0.00404241801208
0.00408014099936
0.00412282158312
0.00320880969218
0.00350952189136
0.00333772682329
0.00316397952616
0.003538594567
0.00367810804174
0.00400165949023
0.004080801979
0.0036715336848
0.00373816345922
0.00347681800423
0.00411352472197
0.00353487852933
0.0032802279118
0.00292033327015
0.00380401011521
0.00364179219862
0.00356749255284
0.00390947066797
0.00452044312262
0.00297430900203
0.00315465786639
0.00329434038552
0.00297011749875
0.00344838854413
0.00303440856242
0.00428454645096
0.00289757634677
0.00371635180665
0.00275435817553
0.00216600376264
0.00218573697649
0.00230579952671
0.00309809378621
0.00295898940589
0.00319473024965
0.00272966294815
0.00391997883707
0.00437629737721
0.00390285021693
0.00377594352279
0.00372763780245
0.00403025984817
0.0035742594403
0.00349927085185
0.00338884051506
0.00384119585627
0.00341289581725
0.00332110853773
0.00380598510377
0.0032151024754
0.00344712313607
0.00333283719581
0.00363891563161
0.00435742666713
0.00339898207799
0.00365976053757
0.00386356889252
0.0035631935424
0.00383704277593
0.00397037332712
0.00382645084336
0.00371687282864
0.00416608797238
0.00396116397347
0.0037279051221
0.00413173129307
0.00336793537967
0.0025388251584
0.00277794742371
0.00284035114055
0.00318656736344
0.00260620691688
0.0035279002569
0.00314833595381
0.00286243808371
0.00419440614093
0.00367614523572
0.00309113229807
0.00408254465758
0.00365857615547
0.00390146601169
0.00330419075912
0.0030250967993
0.00386803754027
0.00359777187206
0.00341880146317
0.00416610927202
0.00360545351328
0.00426762489679
0.00315202618528
0.00341582908308
0.00331553993788
0.00364188483228
0.00266354876977
0.00318180798226
0.00302434162417
0.00331512425678
0.00292967763429
0.00407209966987
0.00391297128785
0.00373555290632
0.00399038167854
0.0048452685985
0.00370745088811
0.00279746900251
0.00416158869096
0.00374759786535
0.0037549866631
0.0039134229456
0.0037562608931
0.00356514442734
0.00301847704819
0.00359266597457
0.00350335732454
0.00394177813268
0.00323467171712
0.0032901194292
0.00375959433694
0.00388521895743
0.00307288970512
0.00385532720864
0.00382034466086
0.00345052087808
0.00331916409729
0.00332026817714
0.00345596321926
0.00349645591397
0.00350564534085
0.0031514049222
0.00410420259691
0.00359120997292
0.00289896494627
0.00373404694013
0.00477127289668
0.00405316388435
0.00331935389546
0.00392314295159
0.0037051318455
0.00310612434035
0.00394625744235
0.00336943136251
0.00310678132416
0.00378038458568
0.00383444356711
0.00390146114565
0.00356019175528
0.00365700339497
0.00375045362384
0.00402560726961
0.00281298634669
0.0024220601739
0.00289405393163
0.00285330543629
0.00294727241033
0.00275966321301
0.00308529431669
0.00452666651774
0.00396151898552
0.00329531312057
0.00356446942368
0.00403082704239
0.0035659640871
0.00289801195758
0.00252104965446
0.00275281062377
0.00302400987725
0.00297951308205
0.00337939357347
0.00387192340502
0.00384652248492
0.00341446497012
0.00412354321914
0.00340216950584
0.00360050642528
0.00372833976627
0.00337913400795
0.00335916953066
0.00344652100886
0.00357605627893
0.00362222383091
0.0037784526295
0.00311049918345
0.00291441513111
0.00284770272389
0.00263306908852
0.00398642527435
0.00292806934501
0.00261632036816
0.00412291592892
0.00365086267012
0.00355604777698
0.00404750945304
0.00310431296833
0.00315952603919
0.0030672338182
0.00321719076577
0.0027364885948
0.0032890475803
0.00319640888164
0.00271014825277
0.00310823277601
0.00328948122716
0.00414820315124
0.00295190249244
0.00215345044906
0.0027087972927
0.00353962413429
0.00467012431347
0.00374474550875
0.0033029096525
0.00344584133537
0.00361856204178
0.0029876784023
0.00295681583268
0.00300518089524
0.00359046048827
0.00387708389916
0.00247021565935
0.00311608496809
0.0022384572427
0.002529807119
0.00334700116693
0.00350913861726
0.00348280442398
0.00360939222036
0.00332593257499
0.00396390037557
0.00344236604499
0.00363519093097
0.00344042407903
0.00289719369725
0.00366380142897
0.00337013736671
0.00333526445087
0.00351181255148
0.00225940400723
0.00462253513467
0.00388633187084
0.00425953050779
0.00357482111551
0.00384168420602
0.00351940547046
0.00276266649367
0.00264089614199
0.00300340108484
0.00355364283589
0.00330678210902
0.0024889771863
0.00316312445277
0.00268323981503
0.00187779263307
0.00280731196145
0.00251254371016
0.00259356842914
0.00287299276551
0.00343450400234
0.00321820979068
0.00293175946034
0.00307714824524
0.00356463027889
0.0039747876471
0.00356828317961
0.00276657147822
0.00364480581666
0.00474405889723
0.00392222192745
0.00306901286813
0.00322818768588
0.00363225409858
0.00271870529387
0.00237934001063
0.00324290604177
0.00341349238863
0.00318578221798
0.00320285452297
0.00272888857301
0.00218727949281
0.00213499890296
0.00291046236793
0.00387185980569
0.00224748826855
0.00344003709916
0.00232557604772
0.00340675144899
0.00337796804833
0.00276797990646
0.00349916011478
0.00407337285387
0.00325937218691
0.00333572095992
0.00346032138033
0.00337500810874
0.00352098162523
0.00378852221648
0.00324487611992
0.00351356276243
0.00393456256518
0.00335315779744
0.00368092579689
0.00269294312598
0.00261105634609
0.00286531045264
0.00337797003367
0.00315419604892
0.00256831869754
0.00275681755097
0.0028666146606
0.00384090844512
0.00326392971984
0.00312968716985
0.0034625583801
0.00258947533142
0.00226578924818
0.00270304652868
0.00358181795889
0.00341735478916
0.00300454782445
0.00354775247029
0.00362455375542
0.00301097293995
0.00310267051043
0.00342968980408
0.00422031752873
0.00362010475188
0.00338154720083
0.00279472241889
0.00360979429539
0.00394308963879
0.00358613107041
0.00344467999257
0.00364050706721
0.00305553216522
0.0028192072447
0.00291861829379
0.0031070851371
0.0033445682463
0.00292881479461
0.00269296863093
0.00294109946571
0.00353404539724
0.00360738111903
0.0037781202254
0.00308323418117
0.00355229507548
0.00317578371897
0.00344948495088
0.00321975010176
0.00331260431409
0.00328850174248
0.00387336888234
0.00297715528571
0.00345810339889
0.00375569926591
0.0030920608207
0.00297049352873
0.00309157414363
0.00413198822199
0.002705856258
0.00264199891386
0.00314302338803
0.00350378390455
0.00276384077558
0.00261217761374
0.00338852260503
0.00241223770543
0.00243995541121
0.00298571883408
0.00306388591187
0.00242919269035
0.00269453956555
0.00312454678526
0.0030454284527
0.00280563155687
0.00297017701459
0.0028886458199
0.00282167052702
0.00267820684537
0.00305742090935
0.00386037043053
0.00287076407957
0.00249238524055
0.00185778304446
0.00303541957701
0.00232503838424
0.00392946069568
0.00284821159011
0.00265064716323
0.00330605047162
0.00280151789696
0.0029553963965
0.00290760462068
0.00260573761094
0.00354252884553
0.00295218893672
0.00241721041977
0.00286624978576
0.00331696272591
0.00368449526872
0.00335438192981
0.00302754903554
0.00261160996731
0.00284781449323
0.00312072438885
0.00246763621216
0.00326023031262
0.00305214125658
0.00291124407444
0.00388068592024
0.00265327017456
0.00288794331867
0.00330857720963
0.00348302119554
0.00349042367884
0.00269151822913
0.00276402488905
0.00252794887102
0.00325752780192
0.00311350384645
0.00291656201251
0.00358060778242
0.00377635149627
0.0039453822887
0.00322840862785
0.00272917941636
0.0031763703962
0.00257403705613
0.00264862616042
0.00277999020233
0.00328886244319
0.00298542841639
0.00297215836901
0.00334559952434
0.00352187311817
0.00202577189068
0.00237295914114
0.00325122507936
0.00257228420391
0.00242159732027
0.00348415842699
0.0033700569247
0.00428727758107
0.00337903747762
0.00363773513295
0.00406502452747
0.00342559366651
0.00278673943618
0.00294515444447
0.00317952022204
0.00381142686583
0.00278524094231
0.00334360739881
0.00334019382814
0.00223089213312
0.00210893679547
0.00275760509144
0.00352536208687
0.00287615221713
0.00265200797928
0.00298155493287
0.00277881951797
0.00347123408646
0.00437438808134
0.00434276725146
0.0035214476281
0.00230509204527
0.00323648603403
0.00239659715672
0.00375948422827
0.00266128920345
0.00241592452735
0.00284121047323
0.0022308535413
0.00203726920252
0.00255265930466
0.00332056706964
0.00284738575039
0.00341054370264
0.00359123006173
0.00269431934052
0.00268795024794
0.00269020870619
0.0020885631687
0.00219596060263
0.00359892537539
0.00327382145168
0.00186251672874
0.00244015420862
0.00266900692954
0.00265614537419
0.00218391015507
0.00181673124967
0.00259429226709
0.00201175928255
0.0022984720419
0.00225937318585
0.00254000597373
0.00261920609594
0.00235941577065
0.00224628725085
0.00325676862731
0.0035855146194
0.00409147880263
0.00346108790715
0.00311097998781
0.00349935946618
0.00276280800174
0.00255383060312
0.00244483992749
0.00342819936092
0.00350694640574
0.00340678920172
0.00298903146625
0.0031228085753
0.00308267133885
0.0034504071735
0.00310142203115
0.00276300757614
0.00317274053907
0.00232674343319
0.00357168174198
0.00285850389071
0.00272447141022
0.00341776953917
0.00389484716084
0.0031858788036
0.00282658923642
0.00347090360238
0.00346907435122
0.00355037792632
0.00326900912213
0.00302211603181
0.00258035216685
0.00286245005248
0.00288479080167
0.00296080131185
0.00312187007568
0.00361983645928
0.00267962047657
0.00387334645026
0.00335399588897
0.00330219746087
0.00292609472136
0.00280851641945
0.00274108572409
0.00261575698674
0.0028171366796
0.00292719815301
0.00275762693712
0.00317864749999
0.00364961419924
0.00290703409114
0.00331533049209
0.00343309929034
0.00240022618225
0.00253477943615
0.00281729568222
0.00316762755039
0.00270262244209
0.00290689866643
0.0033745118618
0.00286450032534
0.00325122261883
0.00295825541031
0.00306684767322
0.00359275528097
0.00327584220214
0.00282777628048
0.00307656113636
0.00303934125346
0.00341674721876
0.00388633869228
0.00251120988816
0.00282162041886
0.00306654846182
0.00298654306053
0.00274688088168
0.00323295053644
0.00268557909749
0.0025525868762
0.00257712463003
0.00262479524601
0.00359439469718
0.00302938579716
0.00261729682025
0.00439048028684
0.00342595745932
0.00307767129015
0.00314223028228
0.00282241273782
0.00248003280158
0.00229450566472
0.00242465069965
0.00360413773333
0.00363086830058
0.0035755296748
0.00349061262468
0.00315197512063
0.0031668046098
0.00246479994796
0.0022074639026
0.00205818436026
0.00241579542808
0.00331245217635
0.00240642233558
0.00242096142556
0.00316403991175
0.0024364014409
0.00280309098705
0.00265517569637
0.00295357627886
0.00328118785956
0.00317547612948
0.00448384716045
0.00252999203518
0.00242681486395
0.00288948687184
0.00291888394101
0.00236873358711
0.00271503014141
0.0028000150063
0.00264402100044
0.00247269792768
0.00295033000648
0.00265794450655
0.00312767385671
0.00268221306481
0.00307514380565
0.0027595719568
0.00311001744684
0.00198729667606
0.00261885552915
0.00359251408488
0.00369437220039
0.00328294644066
0.00342812175002
0.00394995860137
0.00287708565427
0.00239964908537
0.00223705108932
0.00262030300034
0.00379622857023
0.00336633946952
0.00303526380057
0.00297401009506
0.0035817510936
0.00378679413405
0.00402210101266
0.00346417767456
0.00281677323578
0.00351668640784
0.00335885029631
0.00247108803886
0.00267199297429
0.00300144378255
0.00279559639402
0.00363231469054
0.00258842464541
0.0032789755124
0.0036128873035
0.00321690528791
0.00332873761329
0.00361340619315
0.00317675028259
0.0039883050777
0.00395612055352
0.00368649697197
0.00348345849539
0.00281546764432
0.00354877198723
0.00256809843013
0.00289397224213
0.0035559033035
0.00330811928676
0.00323958549127
0.00363242090443
0.00323046552828
0.00303932912372
0.00236719237432
0.00358681830103
0.00285330341017
0.00369758436811
0.00343911954424
0.00185558186167
0.00225789199895
0.00308135299114
0.00245802161211
0.00289646865872
0.00348328102977
0.00270482313527
0.00395338518755
0.00291950084376
0.00281230398592
0.00290533525756
0.00358804839116
0.00318262997373
0.00282277259057
0.00294804046982
0.00281785075014
0.00292964152548
0.00292560394318
0.00336903114014
0.00319462608523
0.00399274161575
0.00290108011841
0.00315589504606
0.00308863798484
0.00360097786434
0.0025903189075
0.00295792389531
0.00306977151917
0.00342014672841
0.00468596375281
0.00278775549566
0.00342642826883
0.00310752627322
0.00285194476057
0.00336840248163
0.00403081454775
0.00300335929592
0.0036367286174
0.0028022805411
0.0033393318115
0.00206949815902
0.00189494089145
0.00267654203502
0.00297166437881
0.00402939047593
0.0043408434296
0.00357809552544
0.00292144484991
0.00373605475995
0.00332253740084
0.00212427288783
0.00290619978004
0.00257039259865
0.00216334565984
0.00405522613239
0.00308911631184
0.00255368380358
0.00242288902296
0.0022179190666
0.00252161591452
0.00254365536568
0.00250627437698
0.0032962251366
0.00255458454871
0.0028920247897
0.00319253442519
0.00329837421447
0.00288014676636
0.00269207131667
0.00272754607459
0.00254696417826
0.00421068619334
0.00336696111317
0.00352847039175
0.00325067986418
0.0031864242914
0.00246011968318
0.00268641726634
0.00306761697001
0.0023704139621
0.00210262227247
0.00243337200934
0.00319467407148
0.00365064718175
0.00312766141105
0.00299236046212
0.00349697921888
0.00318932487738
0.00293066826748
0.00286922476337
0.00260749812136
0.00235152860773
0.00205145413471
0.0025773864246
0.00255157006125
0.00257772610771
0.00275595000474
0.0036364239421
0.00309928322155
0.00410286685374
0.00257864144847
0.00259899147056
0.00303009089212
0.0035372537533
0.00265525636543
0.00246228533739
0.00278157904578
0.0028026628993
0.00349881148954
0.00272335849062
0.00242840421005
0.00254959976365
0.00229624366313
0.00280014776845
0.00244287842666
0.00224185710897
0.00328828963182
0.00314205954882
0.00255735641991
0.00334246612622
0.00293172327807
0.00350925957542
0.0027493997722
0.00307049543749
0.00361039877506
0.00370917668939
0.00274713013711
0.00337821057133
0.00290890686889
0.00257217521151
0.00341712032437
0.00351385542608
0.00269082991486
0.00263773160913
0.00278851119436
0.00310870332392
0.00322191727954
0.00312901622227
0.00307591486311
0.0037774997854
0.00311998941162
0.00251504703597
0.00213264864302
0.00211213896052
0.00275100358218
0.00291251645091
0.00241174452993
0.00294002725282
0.00311086230857
0.00305797360216
0.00318600598599
0.00273042453001
0.00215727361155
0.00280931152628
0.00256747491163
0.00283317322537
0.00288540254396
0.00351776257873
0.00233744505682
0.00245628661006
0.00250905262489
0.00323950588685
0.00309892481077
0.00343158626668
0.00290703027168
0.00288998051136
0.00280004764727
0.00266532067011
0.00313377537841
0.00262021549213
0.00279150076603
0.00331151721844
0.0031020560366
0.00303279691723
0.00362183833464
0.00303464320171
0.00385435227111
0.00289344492236
0.00291123160219
0.00308324518757
0.00302393380925
0.00261149994172
0.00253266291234
0.00292420674979
0.00268068989212
0.00283236660581
0.00300457331905
0.00287433441993
0.00308437824673
0.00244023027228
0.00279115414962
0.00287019771216
0.00382935015892
0.00391666415862
0.00344215331223
0.00337828839058
0.00338156438413
0.00368689535965
0.00289359220785
0.00317848382347
0.00299005268221
0.00297563315399
0.00429813834266
0.00344999404153
0.00222497190224
0.00181333505581
0.00230068751529
0.00299536415567
0.00258797749626
0.00256787664203
0.00297906451221
0.00360810737988
0.00362830730035
0.00291235860338
0.00269766121735
0.00296565520148
0.00275895342084
0.00284955148087
0.00289264550659
0.00309710593574
0.00320639637961
0.00336260745094
0.00253288580411
0.00328132965228
0.00357535187688
0.00288878202765
0.00317852314663
0.00380982260792
0.00304145603839
0.00324713227058
0.00297272872507
0.00283712224813
0.00258187783669
0.00235226060069
0.00276818139422
0.00266669091202
0.00258560875883
0.00254832030143
0.00257321959187
0.0031553856339
0.00290944793033
0.00433469946087
0.00336763703884
0.00318803937398
0.00284015707463
0.00381209110742
0.00315929527701
0.00281066574028
0.0025732961578
0.00308712238562
0.00278981565163
0.00344733228781
0.0027676958317
0.00275248231488
0.00285520749264
0.00284776860204
0.00342873711736
0.00242685142913
0.00250264049083
0.00277881323808
0.0025336324472
0.00368456713006
0.00310803187905
0.00251644932179
0.00242200624079
0.00333510330454
0.0037081237667
0.0030866782542
0.0031578433907
0.00224735192438
0.00238662004976
0.00309373101297
0.00254567829116
0.00252239105893
0.00288262579603
0.00305844848087
0.00230219024159
0.00226893803387
0.00279128064951
0.0028696640707
0.00354801970517
0.0025406199538
0.00231198234138
0.00253561753447
0.00322258722499
0.00342457010625
0.0038150159592
0.00337545043071
0.0025886481907
0.00300885423742
0.00276023441697
0.0036860019286
0.00255676083416
0.00234618083878
0.00247618611023
0.00302788649121
0.0034570692774
0.00390922048064
0.00381686256108
0.00296382646211
0.00332612532432
0.00276983152583
0.00390246301857
0.00228757318529
0.00363294552009
0.00287344411825
0.0035951344941
0.00357371039673
0.00377541306253
0.00322190211672
0.00277349209815
0.00255513473838
0.00274219063165
0.00327377012547
0.00300940332073
0.00260332660513
0.00251470144987
0.00263654554452
0.00206750836804
0.00242660711549
0.00288013580904
0.00306090780858
0.00309075479786
0.00277032499249
0.00288983412515
0.00345884233967
0.00265586253069
0.0022996458838
0.00298737622043
0.00309365486174
0.0032187921717
0.00401973543839
0.00409609009048
0.00367629743304
0.00325577998111
0.00315120218824
0.00320998591568
0.0038875628849
0.00325610547904
0.00250744688869
0.00243901877461
0.00279031987405
0.00405435865609
0.00418049110213
0.0030501206484
0.00265819104961
0.0027091967438
0.00283996180952
0.0024373870768
0.00272867522974
0.00328306332241
0.00293701959798
0.00248063412759
0.00219645868073
0.00266329186848
0.00281560154103
0.00318273106116
0.00235742157848
0.00220489041958
0.00255036618643
0.00228966397683
0.00296994211767
0.00222380454521
0.00225809053735
0.00296160194802
0.00278169083009
0.00324377084608
0.00364688390803
0.00326286179174
0.00301424789396
0.00290087760006
0.00314070684879
0.0031330315742
0.00246132716369
0.0019869143438
0.00265150577873
0.00252582976182
0.00245128322231
0.00200784761564
0.002965894707
0.0023893624185
0.00342452397943
0.00367791359939
0.00362661076603
0.0025542632811
0.00234897271005
0.00318621733073
0.00308908055904
0.00336353761475
0.00379097652417
0.00356895113646
0.00291870085499
0.00293385992076
0.00255839400985
0.00301897094978
0.00314193331288
0.00323204369107
0.0031140325084
0.00299530409795
0.00394978744388
0.00292193938312
0.00232775113991
0.0025334137085
0.00334094140454
0.00202027025509
0.00212582456482
0.00248396512989
0.00279639292181
0.00300950116352
0.00296207840287
0.00329359502182
0.00293246506871
0.00327327452951
0.00197232339478
0.00346682347574
0.00321873669531
0.00146817308721
0.00249838701496
0.00300203646454
0.00291400978003
0.00245356834115
0.0033176403628
0.00242643288736
0.0033812881838
0.00346296737881
0.0034045351984
0.00280430031664
0.00304996914442
0.00313615195299
0.00272737510431
0.00215468066604
0.00223824366958
0.00285577388669
0.00208371187971
0.00156594909354
0.00202089908796
0.00202311283891
0.00290101089397
0.00302134329553
0.00259743948307
0.00339648872473
0.00321765426633
0.00251500546485
0.00292645272697
0.00312087781712
0.00206486703494
0.00193275726656
0.00232111477255
0.00233388049552
0.00286484619384
0.00352839082918
0.00395445709519
0.00314351225122
0.00284258010674
0.00253472656431
0.00249468757501
0.00343073485996
0.00355831841566
0.00282041886112
0.00238578243043
0.00221333007602
0.00306109960305
0.00282945861154
0.0021309914621
0.00232761233517
0.00279369306683
0.00224905969685
0.00189998832434
0.00201073563129
0.00214143810792
0.00289359859658
0.00299167672456
0.00280840067342
0.00197422490185
0.00193076674542
0.00273387443395
0.00262604982803
0.00276340630865
0.0028460256858
0.002406599628
0.00251353940539
0.00289773667625
0.00287864422716
0.00302046545268
0.00270249131232
0.0029266487043
0.00231020861336
0.00224579815534
0.00273905350657
0.00301093842846
0.00273078422933
0.00220227045434
0.0023374954255
0.00208024542238
0.00340264395762
0.00314603390659
0.00201981112634
0.0027972367274
0.00212692108724
0.00298870814821
0.00290777683635
0.00394177701159
0.00307229543284
0.00197089832278
0.00178897723019
0.00206539212873
0.00218500626319
0.00182363052505
0.00252469157196
0.00277776097938
0.00377730415523
0.00284978301191
0.00313823100768
0.0027846681685
0.00316878762308
0.00253153047308
0.00244570890372
0.00298949112608
0.00268782395883
0.00221597979057
0.00309481758592
0.00302045299736
0.00377282505761
0.0029906107634
0.00296197815579
0.00323803714079
0.00282719364764
0.00339338468371
0.00309747875426
0.00287720136784
0.00303822779997
0.00366210862719
0.00345108584825
0.00348867482031
0.00292092065209
0.0028168184609
0.00296809660936
0.00274667661135
0.00305183392275
0.00313324333131
0.00221716909087
0.00281644693836
0.0022927559851
0.0030353284926
0.00272654698401
0.00263811786955
0.0031282702512
0.00237184140101
0.00296789703491
0.00193960480598
0.00232469552304
0.00253516675715
0.00276246056422
0.0031963801374
0.00320476082158
0.00265356651688
0.00253248613656
0.0027177170669
0.0031358442618
0.00253093769856
0.00203180952725
0.00238290318384
0.00207015033095
0.00230373987592
0.00290506305598
0.00284233778276
0.00283719254415
0.00290639115563
0.00224301249804
0.00276050232229
0.00240946023649
0.00293395842527
0.00257711534783
0.00214385701254
0.00191142729695
0.00271213393771
0.0024993182102
0.00286479224245
0.0022185032928
0.00241644150172
0.00249893035053
0.00275262906835
0.00243367369271
0.00249557529964
0.0024969102604
0.00220374685313
0.00228205751438
0.00290885459043
0.00259774299278
0.00350031949089
0.00277978235834
0.00241119637387
0.00255779019868
0.00235079717595
0.0024075368031
0.00241006019196
0.00244982806294
0.00238625403964
0.00268609282807
0.00236768246124
0.00289019617722
0.00241444373329
0.00234944663487
0.00255030861751
0.00250761578889
0.00300543671835
0.00289132073972
0.00275996255272
0.002378064481
0.00295937322709
0.00341761292818
0.00356042553418
0.00322342574109
0.00276402389941
0.00262499510994
0.00302088266253
0.00302291994216
0.00279542169875
0.00235480580428
0.00314979438401
0.00226756860754
0.00239463434185
0.0022264412191
0.00258445769496
0.00351108674646
0.00365998176459
0.00277434443446
0.00260547038052
0.0026682167523
0.00260361962476
0.00273390475966
0.00237646789843
0.00268152123566
0.00313919997898
0.00345901527336
0.0031750806138
0.00234746670336
0.00233229912813
0.00385682808657
0.00319688737825
0.00340447590811
0.00331767253402
0.00278367409454
0.00262423415874
0.00255495661343
0.00273682069596
0.00336202934942
0.00295764616756
0.00278616702812
0.00252399852423
0.00307404794375
0.00296714966234
0.00261832863168
0.00323441538928
0.00272583076404
0.0034299038209
0.00310204741904
0.00182702921553
0.00219042735569
0.00230601955897
0.00254709130518
0.00236127624137
0.00210203551209
0.00199699088874
0.00238466152401
0.00255658254258
0.00329206878065
0.00297476467904
0.00209241435646
0.00185984103918
0.00243317358516
0.00241300456427
0.00301771574725
0.00350994783595
0.00280943574403
0.00279530796276
0.00291896261664
0.00279630548633
0.00282055152727
0.00338845015181
0.0031336824341
0.00333768802167
0.00258255851698
0.00203736180694
0.00286273578915
0.00252486099955
0.0029259386784
0.00219557047152
0.00254989377775
0.00296956699132
0.00283147852242
0.00234397626086
0.00268191315567
0.00253916506785
0.00319816783312
0.00280166207912
0.00248764845164
0.00200851869315
0.00260869333029
0.00213758406755
0.00223497939595
0.00221281656703
0.00296076513847
0.00191677021225
0.00232741691976
0.0029594080173
0.00395415038013
0.00202539287298
0.00260186639916
0.00242268393358
0.00280479894892
0.00273737073047
0.00269156165163
0.00281684709826
0.00269430232951
0.00263283562894
0.00216498341491
0.0025396282032
0.0023083464865
0.0027835949999
0.00273095530668
0.00257527626026
0.00319441999086
0.00378725688414
0.00304267744532
0.00252363701623
0.00242867722169
0.00328855059151
0.00258101226727
0.00238573500488
0.00235102395791
0.00342401627044
0.00256169610952
0.00226872259476
0.00158180189454
0.00234581554134
0.00247850765109
0.00214596790798
0.00231420199561
0.00239798350363
0.00235907972076
0.00264058330215
0.00328752193906
0.00306310974521
0.00311122221485
0.00281775390058
0.00289434471332
0.0034102971048
0.00354338590756
0.00283224619515
0.00259097106992
0.00225292613213
0.00253527240093
0.0029714749376
0.00344885190421
0.00204852050991
0.00206227671926
0.0024350865644
0.00237744191566
0.00267894222252
0.00203699106406
0.00287949131727
0.00211646730085
0.00271536538572
0.0025885021113
0.00268936320041
0.00191717674453
0.00207337796242
0.0025841537131
0.00303745485366
0.00286897119278
0.00229972396573
0.00264220526127
0.00272812549018
0.00308059223538
0.00250163837837
0.00251038675887
0.0025324756866
0.00197283059957
0.00160257371141
0.00180693665733
0.00235414543658
0.00260775913236
0.00241952392286
0.00244686670778
0.00271539542603
0.00221998673343
0.00267392536234
0.00268133598061
0.00303850650528
0.00387391832888
0.00238021306848
0.00174527135392
0.00202920653815
0.0022686317686
0.00305795538839
0.00281449822627
0.00318214725866
0.00308458008803
0.00288842581341
0.00255077996189
0.00375628189226
0.0023802316196
0.00222407417867
0.00250696803381
0.00269430463018
0.00251026099353
0.00200289005907
0.00203603960619
0.00215804120386
0.00241695647685
0.0021123856001
0.00234946081606
0.00264574333443
0.00274551059108
0.0028548517282
0.00224248096484
0.00210457619449
0.00212418227902
0.00220490752632
0.00360454844343
0.00368140543955
0.00241961301432
0.00214603838687
0.00287363722747
0.00235679051164
0.00278911094018
0.00254725588141
0.00253754434017
0.00229257755222
0.00248400525942
0.00211800723772
0.00271100206193
0.00268636918365
0.00298026037599
0.00358174681997
0.00286704844382
0.00259390404873
0.0027713985665
0.00276195834831
0.002551195557
0.00321809347647
0.0028439107116
0.00276031386148
0.00367007984512
0.00333785750135
0.00304996985007
0.00319440983415
0.00314561926294
0.0030458372778
0.00308294713654
0.00286525128808
0.00259263371024
0.0018147828116
0.00248362699419
0.00205286160723
0.00273844712657
0.00281956345747
0.00335773902295
0.00317799027814
0.0027195823056
0.00303256017289
0.00313896601771
0.00289592915894
0.00317745508778
0.00339382819205
0.00293252813124
0.00292641263074
0.00343892631453
0.00319039666404
0.00264214917212
0.00299169441225
0.0029543213687
0.0029962016109
0.002690557029
0.00272451360631
0.00289336467008
0.0022896011539
0.00239907756256
0.00298217367115
0.00348843730032
0.0034036824052
0.00288404662904
0.0028829116904
0.00231428796454
0.00317336327041
0.00207671403123
0.00260261376285
0.00215110468296
0.00250231628768
0.00225171844618
0.00247121068889
0.00234355360852
0.00237561509445
0.00200729875351
0.00178054872939
0.00192694044519
0.00208777118049
0.00252100263583
0.00254332387016
0.00210583384044
0.00247818335915
0.00334281958222
0.00194491002445
0.00185848376625
0.00244159776216
0.00280424105417
0.00302329786907
0.00261176660572
0.00328836122106
0.00337457223188
0.00287810610056
0.00284861289837
0.00273442371371
0.00238148304623
0.00298978051288
0.00290532005116
0.00222397323871
0.00229057383964
0.00251800289977
0.00232468023227
0.00309559180675
0.00309492723053
0.00305061121132
0.0033696920642
0.00168279302432
0.00229787680467
0.00265854614045
0.00250707707378
0.00192050848232
0.00217019477646
0.00335532116229
0.00212891829086
0.00304559761433
0.00259007022284
0.00274693916702
0.00255419001443
0.00306451187524
0.00281172709144
0.00278959514345
0.00278609972923
0.00315454373935
0.0027244537847
0.00283339764559
0.00294815952283
0.00279933022963
0.00281739812835
0.00251502123433
0.00324466472339
0.00349129516023
0.00288810910829
0.00242775284725
0.00296683072394
0.00283466452955
0.0023851210823
0.00320785945826
0.00304114308475
0.00307834997199
0.00241906165602
0.00288706119795
0.00234890440087
0.00207324156968
0.00227148521527
0.00250416668386
0.00308672568611
0.00259379231611
0.00329265077015
0.00275190031458
0.00267060903097
0.00264267243639
0.00291449530261
0.0019280122305
0.00260688983053
0.00242743136266
0.00261185235314
0.00204958136301
0.00277158561827
0.00269754990171
0.00290775051634
0.00239175337355
0.00222770819785
0.00318143858131
0.00261835500011
0.00301064160737
0.00297463454898
0.00349058269982
0.00279926403954
0.00338905654334
0.00224337503119
0.00229629576004
0.00244721052805
0.00261640405742
0.00258400633567
0.00211008258311
0.00213163691852
0.00263243770163
0.00239292256457
0.00328417184082
0.00201038055158
0.00174910641756
0.00196911642469
0.0016491234387
0.00244711185302
0.00219913433069
0.00230586123444
0.00220776856627
0.00291478998372
0.00228923642541
0.00219886119304
0.00179524289019
0.00209920257706
0.00178591072759
0.00228040564744
0.00216347306396
0.00207691970617
0.00241323700938
0.00275407171195
0.00227812607522
0.00314088291796
0.00217032677696
0.00210651289566
0.00259569574668
0.00223698912495
0.00261724321306
0.00178682802084
0.00220513457988
0.00183676455195
0.00327020318996
0.00290799470995
0.00296918539077
0.00238510518254
0.00188853851653
0.00198935903479
0.00312621068492
0.00337125410851
0.0031430728448
0.0028153896812
0.00328028973957
0.0030166854205
0.00245616546961
0.00293626019629
0.00235174202642
0.00242304886089
0.00239014953587
0.00265974449061
0.00243672227535
0.00228520574552
0.00210125714454
0.00225825382882
0.00183722176796
0.00240172107592
0.00304734298835
0.00205251567601
0.0029207056783
0.00260331787165
0.00316023705805
0.00214702460569
0.00198879307108
0.00189995827443
0.00174919800573
0.00170387320332
0.00187504705321
0.00212102048198
0.00181005535323
0.00241728863611
0.00231008528458
0.00223907532266
0.00254561059248
0.00320362362922
0.00285025689548
0.00264219068952
0.00211706786346
0.00188734330486
0.00224604925015
0.00267212546181
0.00181872223725
0.00201168186672
0.00221818432338
0.00246066544991
0.00293501125514
0.00314101665941
0.00234739487065
0.00179947135778
0.00324886662759
0.00326463874263
0.00217826366794
0.00252583350629
0.00182196613743
0.00206379270212
0.00192764595007
0.00254213506885
0.00235265662165
0.00302976127201
0.00373083784871
0.00292070930383
0.00237721714828
0.00301830597044
0.00270158049821
0.00291561793851
0.0026225154041
0.00227232482888
0.00280341413372
0.00283045259132
0.00300237603544
0.00256476825353
0.00338620348261
0.0027519633282
0.00207840607398
0.00175756809488
0.00216070181072
0.00244704099891
0.00303420085264
0.00210675718431
0.00236189784761
0.00218103733709
0.00195910123737
0.00257198751616
0.00302407054434
0.00213961899802
0.00203372379139
0.00411206184434
0.00321448098143
0.00238203593811
0.00193431274833
0.0022565481025
0.00229140409313
0.00247978885363
0.00174648133533
0.00247664470446
0.00178344311503
0.00315084479446
0.0029621034823
0.00282836830471
0.00225553584526
0.00195037205944
0.00231746694603
0.00222725905695
0.00377821335229
0.00317411972486
0.00274073891681
0.00254796540474
0.00343726589651
0.00324206744615
0.00213395290189
0.00206434116111
0.00226912747375
0.0028349320268
0.00252842536698
0.00197248033431
0.00231717449755
0.00207481092481
0.00272757628791
0.00226937505428
0.00235167458342
0.00262305936129
0.00230184199598
0.00199462445568
0.00245230164263
0.00224076155576
0.00200773037371
0.00225035489939
0.00238534989324
0.00282731686461
0.00374269766988
0.00214061564091
0.0025171135697
0.00201660628194
0.00270301160684
0.00233055312748
0.00217326140201
0.00258763104031
0.00196851885344
0.00263420398028
0.00234721661948
0.00252060231374
0.00327217900297
0.00331646458573
0.00273489117573
0.00197366743964
0.00267656638769
0.00211627186581
0.00199862133769
0.00174449602417
0.00224121663361
0.00236812499335
0.00292826350455
0.00302716510832
0.00356055587113
0.00247261081415
0.00221134765813
0.00189458638609
0.00227007518958
0.00305675976508
0.00238066544243
0.00210051265746
0.00262401411279
0.00253165085611
0.00268660671782
0.00226345903797
0.00325572758276
0.00274612016336
0.00303893730795
0.00345401474144
0.00367550270627
0.00309861959185
0.00195146670564
0.00304861979279
0.00365849504979
0.00321863965486
0.00235817147589
0.00211367899098
0.00178997420695
0.0017174048349
0.00287307054796
0.00236514801802
0.0023049100496
0.00237446285895
0.00233988112684
0.00257753250756
0.00278252096901
0.00185230108639
0.00279536274825
0.00255006017655
0.00303762987035
0.00328510764193
0.00326315696193
0.00177350735827
0.0021849212743
0.00174370304108
0.00232287277251
0.00203408768578
0.00260791805161
0.00189418504608
0.00281849422244
0.00277243862824
0.00326316767683
0.00309778649849
0.00288450555082
0.00314084477327
0.00283402187213
0.0034359504283
0.00339223053121
0.00233053423028
0.00199081978977
0.00237587802524
0.00239010413008
0.00222237808581
0.00228593058853
0.00250611029179
0.00276546325716
0.00265215367013
0.00272658785495
0.00259490960767
0.00243898270418
0.00196836727491
0.00270164419972
0.00186778715819
0.00284303589779
0.00325786306047
0.00315600107538
0.00256980168854
0.00265292244034
0.00215187581945
0.00178287341043
0.00278853497526
0.00225251957852
0.0027407857135
0.00321360864774
0.00290287531858
0.00306174272597
0.00256675926333
0.00216488645599
0.00233343399467
0.00259922863839
0.00266969411104
0.00240573681179
0.00204164408274
0.00204207400376
0.00238264097269
0.0022095440024
0.0034554739009
0.00246749073255
0.00353843223029
0.00311754580133
0.00269433018932
0.00256173403818
0.00273132678066
0.00228907498382
0.00196142260368
0.00201896822733
0.00230908808271
0.00248976266093
0.00166293811299
0.00227385880419
0.0016235188083
0.00268060353357
0.00264104641833
0.00316319886709
0.00268771555676
0.00268856307646
0.00205376465481
0.00164981150391
0.00233487373443
0.0031907976913
0.00285761990407
0.00255721062847
0.00213508442861
0.0025148648399
0.00223356871581
0.00176420090346
0.00173614279973
0.00255916056237
0.00288956602849
0.00258655263403
0.00276566293821
0.00295452637898
0.00267274295203
0.00240529624231
0.0022942083377
0.00241435058314
0.0023458658497
0.00247420490493
0.0027565100496
0.00281679673131
0.00321805896849
0.00324759522916
0.00232868096677
0.00276168535719
0.00309098196326
0.0025794126248
0.00250446910893
0.00276104846816
0.00243728232836
0.0021345832602
0.00228252607696
0.00204640407678
0.00182947908824
0.00170621412115
0.00253738346149
0.0027046634339
0.00282018241096
0.00236642572852
0.00281590757065
0.00156226553687
0.00206046824505
0.0027117541589
0.00356804984861
0.00226616739552
0.00220201165912
0.00221483529059
0.00193727571923
0.0020976034051
0.00191022133402
0.00251782211341
0.00241084718036
0.00212208138261
0.00199382461637
0.00207050035176
0.0024933612564
0.00255745708205
0.0029376622242
0.00309919801083
0.00262505855178
0.00340963923034
0.00331289256499
0.00270652306742
0.00243617020271
0.0029032232011
0.00257503214884
0.00225977337947
0.00233863434077
0.00282265531152
0.00222878888015
0.00268868855215
0.00223160728612
0.00192833628093
0.00229279557949
0.00186967549486
0.00206358027767
0.00195665885164
0.00183720591198
0.00151188082829
0.00217279815644
0.00287277604603
0.00112551094033
0.00166143405199
0.0019306412257
0.00182272715919
0.00192463646428
0.00188995514871
0.00242028764445
0.00222107549181
0.00271005913141
0.00217704003333
0.00240317447897
0.00258927584859
0.0023065211728
0.00219981882098
0.00219064163997
0.00244885777481
0.00365577793558
0.00222578916356
0.00170018143785
0.00188504795039
0.002160583699
0.00214646682641
0.00246825491902
0.0023252756654
0.00267806524424
0.00372070830759
0.00291541574711
0.00233830426507
0.002542754138
0.00186802512876
0.00181772943076
0.00234720162055
0.00164281070822
0.00172743762585
0.00205435211223
0.00221732561264
0.00251165900993
0.00304953012512
0.00257034298395
0.00234958832048
0.00221898628789
0.00275348132379
0.00264114937293
0.00199883856526
0.00269135779596
0.00238675199209
0.00307335224793
0.00240182470087
0.00358780131928
0.00213767636796
0.00280935952873
0.00294980483298
0.00261658028608
0.00188051556479
0.00184788486238
0.00223531985731
0.00274352500648
0.0024940088254
0.00144415068692
0.00203403798851
0.0027973995368
0.00120188230068
0.001353757733
0.00140617435175
0.00173586144573
0.0012809895675
0.00195738307354
0.00222753960325
0.00198428172621
0.00209857297431
0.00318262573743
0.00324260763639
0.00302668155206
0.00175212669181
0.00199321234138
0.00222292903711
0.00258188650802
0.00264656018637
0.00282139029771
0.00336363901822
0.0022308674308
0.00169899515612
0.0022537993853
0.00227754826104
0.00155513855687
0.00288402310408
0.00156192439469
0.00181623833455
0.00185465852191
0.00220176673016
0.0020007970186
0.00193384188666
0.00259809883048
0.00212744064989
0.00266044001064
0.00214607472772
0.00214035735564
0.00246031384757
0.00291089587702
0.00236114241236
0.0020349059827
0.00188094212263
0.00182790650296
0.00218012089627
0.00187908845922
0.00265380614555
0.00245581291194
0.0019967984926
0.00191502786461
0.00190493121933
0.00197209126573
0.00160008599198
0.00182036622063
0.00215419910193
0.00231850475517
0.00177851934599
0.00220256192325
0.00205987948388
0.00264464758339
0.00206713680585
0.00215266835472
0.002533764677
0.0030243297036
0.00318448250918
0.00242727782886
0.00221028369749
0.00255297974185
0.00215047869951
0.00291842157234
0.00381564126938
0.00417194954734
0.00313405983709
0.00308981257738
0.00277519873241
0.00273019243573
0.00226771972928
0.00276802508086
0.00167225268803
0.00191310194249
0.00204984133933
0.00260979701655
0.00197421967618
0.00236097310109
0.00185362989056
0.00339700497529
0.00134995300433
0.00146549728561
0.00163727694067
0.00138917088939
0.00128029005566
0.00159343719295
0.00143927200565
0.00293058700869
0.00358403165506
0.00252556274223
0.00237149027413
0.00204710805106
0.0022564726981
0.00289076785335
0.00358868463104
0.00269350499149
0.00205358541089
0.00147395468987
0.00176331934173
0.00165546653145
0.00185773995813
0.00229311746893
0.00197926997916
0.00198292734257
0.00180023494342
0.00172097619008
0.00193282038495
0.00199597163119
0.00192744512446
0.00231762501436
0.00246454593152
0.00245369445956
0.00216912555887
0.00265199863028
0.00319225363182
0.00207334514525
0.00237653143811
0.00200713849423
0.0020580382079
0.00178950846011
0.00186784014418
0.0021160555901
0.00272385581786
0.00289048037154
0.00203675887058
0.00246705241905
0.00190179699361
0.00193359030165
0.00152515575525
0.00166686034489
0.00198607170171
0.00276514906759
0.00251619588344
0.00235643501125
0.00188862800719
0.00194175014398
0.00217205501929
0.0020181648425
0.00192763421567
0.002396065144
0.00222060107488
0.00197511252848
0.00210559941771
0.00228896679013
0.00299310249767
0.00270128503665
0.00263922103359
0.00228991865045
0.00184036873506
0.00169407401783
0.00226819811889
0.00161083504868
0.00274217205884
0.0027053129368
0.00213880398992
0.00198784523111
0.00205510338917
0.00218955256688
0.00175582624736
0.00189843782339
0.00180284094218
0.0027889579052
0.00240991102528
0.00191527633366
0.00187530435801
0.00231899801775
0.00340613534406
0.0031990485987
0.00284571708109
0.00286619317745
0.00221282826442
0.00274475330534
0.00269137662985
0.00171393383842
0.00146196606394
0.00202355050382
0.00174275397202
0.00224952796723
0.00173659147302
0.00182229172762
0.00231797519944
0.00236263931484
0.00191524478881
0.00206867519376
0.00201063530903
0.00263997019232
0.00214848127999
0.0021409772046
0.00187632877707
0.00191050914125
0.00258856606204
0.00153537125234
0.00162459591457
0.00224754012324
0.00184171795762
0.00145145494314
0.00157894589741
0.00158044468662
0.002060988928
0.00236375483549
0.00184865133542
0.00213751001401
0.00225263560627
0.00189004842184
0.00169549449251
0.0021898046312
0.00230355679787
0.00173000098834
0.00151244373313
0.00190273736043
0.00199626639214
0.0028622040387
0.00210238716272
0.0016499287648
0.00182780063091
0.00192917010783
0.0015050882144
0.00168645603276
0.00210965487092
0.00286038712674
0.00285971366482
0.00301449629498
0.00320181789355
0.00225340269738
0.00178299767228
0.00205949141782
0.00209810983252
0.00237621376395
0.00187177580245
0.00228814476677
0.001645428899
0.00213026609753
0.0015817652524
0.00220744655941
0.00255483538623
0.00194494847966
0.00211175184741
0.00234006736728
0.00199318859073
0.0017481760586
0.00173394313492
0.00183113072727
0.00147424669954
0.00174845266466
0.0015202401921
0.00246441045693
0.00315244136532
0.00262567413175
0.00240449795968
0.00179241436123
0.00239067525989
0.00226144355783
0.00235591550352
0.00301932049908
0.00279086052849
0.00316136040231
0.00276895131674
0.00216514447062
0.00218089831093
0.0020276316403
0.00212788719874
0.00207476358771
0.00184563749656
0.00170101150031
0.00257992405766
0.00215260282248
0.00182610501619
0.00216047093925
0.00259893970793
0.00292361240651
0.00204598831192
0.00263090406439
0.00244595557908
0.00308663875013
0.00259388183769
0.0021038156267
0.00238492734136
0.00208660253663
0.00224133375251
0.00276646896155
0.00155144500358
0.00162749052137
0.00197391593957
0.00257230365809
0.00197379228812
0.00187458881295
0.00204951007408
0.00225396286844
0.00270867406757
0.00224980674049
0.00185796090419
0.00193085618138
0.00218130651802
0.00301526638013
0.003064644947
0.00259497621308
0.00204804236516
0.00195124285644
0.00218060609685
0.00184166887755
0.001562638358
0.00128243876459
0.00156020885221
0.00198882120943
0.00190510965681
0.00208482872469
0.00160448852517
0.00148009128131
0.00119807438499
0.00162083501742
0.00171746656071
0.00162249584
0.00136851094818
0.00191358650001
0.00163963406643
0.00235634423945
0.00157316633117
0.0015713532891
0.0022145537651
0.00178415105152
0.00271261741389
0.00177555417711
0.0018155408108
0.002185251964
0.00235120460319
0.0026359222644
0.00280181592921
0.00217101135517
0.00256115111412
0.00236182580373
0.00244382960882
0.00161793194094
0.00206498224562
0.00184454878344
0.00232180650084
0.00309212414597
0.00366049499953
0.00242634154862
0.00204492498545
0.00240188270043
0.00181343476264
0.00165875738259
0.00222504310844
0.00246469736389
0.00270015637085
0.00171354892479
0.00183456334774
0.00162116032755
0.00197792151526
0.00181104470657
0.002058042883
0.00231124182472
0.00233171118613
0.00192970599557
0.00198385417818
0.00215957911153
0.00227522321679
0.00250597041146
0.00175597616922
0.00223973745755
0.00232767525696
0.00246820251347
0.00161834399708
0.00174602145079
0.00284729552691
0.00240899858073
0.00261588920867
0.00266501674671
0.00269323305207
0.0022920834063
0.00271794086609
0.00286058915831
0.00276426367671
0.00290361939791
0.00168971850444
0.00184704049632
0.00191787221401
0.00220806603135
0.00283179787964
0.00315666381578
0.00202281131783
0.00206560312232
0.00242968526445
0.002037890482
0.00156369374907
0.00148475993551
0.00214968166345
0.00171134362911
0.00250141635466
0.00243826669336
0.00256979345789
0.00260480815051
0.00376539880708
0.00357964197147
0.00299318989167
0.0027514625475
0.00303824602475
0.00238216660528
0.00276314691885
0.00228654648681
0.00177436526938
0.00195842400069
0.00196129136185
0.00219717931003
0.00273628925751
0.0021906002698
0.00135319083756
0.00109309225064
0.00145466221396
0.0013228079688
0.00280785335906
0.00235098225905
0.00323517406125
0.00232439549646
0.001887646345
0.00191312261246
0.00164274670713
0.00189497863101
0.00196867131428
0.00248547585684
0.00230988871861
0.00372679658054
0.00242586050396
0.00183150546481
0.00187920195007
0.00251955502178
0.00282963748062
0.00217368879603
0.00250077523052
0.00257880641495
0.00231272804265
0.00204858798988
0.0022331147135
0.00213833748608
0.00214112213208
0.00206923307633
0.00274327355926
0.00238341473034
0.00180093606591
0.00170215649716
0.00269198522954
0.0022358683274
0.00187290128157
0.00233401999621
0.00208148039118
0.00194681535966
0.00270810926985
0.00229464027878
0.00277130476579
0.00314452450512
0.00265475837659
0.00253335672141
0.00185441880459
0.00162517425414
0.00240526821442
0.00232279799227
0.00247795514326
0.0021962030887
0.00155922438545
0.00125910765536
0.0014860636275
0.00194149025922
0.00221816465258
0.00279491637056
0.00215766336258
0.00280243899164
0.00276877258459
0.00290614992086
0.00165883843718
0.00184428085497
0.00153031322223
0.00158369582659
0.00207170847008
0.00177874063755
0.00125023224164
0.00125879433826
0.00130946193061
0.00166777663037
0.0015657721706
0.00179734021235
0.00213423794112
0.00195053197657
0.00208104152977
0.00186937688362
0.00283264891956
0.00230546904185
0.00222578175879
0.00198762446839
0.00251166823531
0.00201512971274
0.00222829265818
0.00201699624891
0.00201882007851
0.00239379206584
0.00209474552683
0.00157785477085
0.00160902442022
0.00204507826974
0.00234296315946
0.00171183123317
0.00214275600772
0.00252545092167
0.00217921931315
0.00259207108315
0.0024154161034
0.00235877785141
0.00394722800826
0.00276485129692
0.00219184491057
0.00225148470785
0.00240812879046
0.00192470710927
0.00186107933648
0.00180508783901
0.00199897976979
0.00159345118026
0.0018475581521
0.00232407554743
0.00203152748749
0.00170463885254
0.00125576412144
0.00162961326657
0.00135959981551
0.00149756898446
0.00137751609545
0.00196065026881
0.00208410673429
0.00146308315678
0.00119295516583
0.00158787279777
0.00133628153779
0.00219144991475
0.00297493434783
0.00239241203884
0.00217198304773
0.00204778137599
0.00189746304041
0.00227349894664
0.00285157821644
0.00215045246627
0.00161457815861
0.00216842415146
0.00212173256745
0.00330409840194
0.00218025406158
0.00243327001212
0.00181771017592
0.00227130172641
0.00255198490504
0.00209761548787
0.00250376420026
0.00204405764099
0.00248355715645
0.00247359176639
0.00261055146695
0.00208612396867
0.00265070123766
0.00232053176307
0.00170009604653
0.00202547111644
0.00181855210301
0.00223889417514
0.00260978996594
0.00233331783882
0.00209911829966
0.00187245675927
0.00236913503566
0.0015435145376
0.00149355886714
0.00197821028401
0.00199146589383
0.00255984598991
0.00198433429569
0.00207629043549
0.00202873872507
0.00205016371287
0.0025738757102
0.00192355005454
0.00226124182455
0.00188996591233
0.00172520049244
0.001588895985
0.00240322359538
0.00252505589772
0.00222232832531
0.00167556915018
0.00190192513673
0.00210176744374
0.00243112546314
0.00231035721073
0.00211418818286
0.00210709948024
0.00264074401611
0.00232008561511
0.00241635126878
0.0018260152765
0.00243901952903
0.00198481423462
0.00212156695248
0.00208224090653
0.00360295625659
0.00192317886008
0.00173747651816
0.00183481198643
0.0018481243852
0.00211917503311
0.00186250983239
0.00151971250284
0.00167946550385
0.00336447505824
0.00291467455578
0.00315982163931
0.00284019175363
0.00246333798309
0.00179119596197
0.001893809314
0.00219609555382
0.00175749683703
0.00131121308404
0.00129508237882
0.00186508552299
0.00190407321322
0.00175095215536
0.00205730064888
0.00221469786846
0.00322498445775
0.00205830306439
0.00209869384156
0.00251362425376
0.00290656813357
0.00242232307023
0.0025972363318
0.0024397857298
0.00174475429057
0.00208099975954
0.00201643278652
0.00254620344147
0.00167557833272
0.00200513987605
0.0024107317824
0.00202451337886
0.00249592796364
0.00193101396535
0.00142697878743
0.00166414097406
0.00168925819444
0.00235496294893
0.00209910928315
0.00187878229649
0.0022339344319
0.00167975962403
0.00241928694652
0.00177422825589
0.00209360390513
0.00162439299424
0.00273603973108
0.00327476948155
0.00284913978164
0.00232445296267
0.00285682329093
0.00319592708439
0.00156733667106
0.00126025868491
0.00132590543299
0.00197567129581
0.00285114064786
0.00282223124693
0.00177542967786
0.00144826646728
0.00161306984845
0.00158237817788
0.00188789497265
0.00215278054874
0.0026596779091
0.00192869980213
0.00216343643538
0.00211343099034
0.00230927810665
0.0020556343081
0.00222639090525
0.00196219079137
0.00297913667359
0.00279437782386
0.0016405715686
0.00131586436938
0.00182502857305
0.00177302564211
0.00297723778285
0.00230360033025
0.00187446805172
0.00206703259151
0.00258719733079
0.00221714724037
0.00173085479873
0.00153494710869
0.00219359050359
0.00213988008289
0.00167883339149
0.00218874731457
0.00150547486259
0.0014785307606
0.00186105394643
0.0022329479829
0.00187356212507
0.00292193083832
0.00312787051765
0.00282436566695
0.00181909895953
0.00226313216563
0.00248948023806
0.00232183312152
0.00257602572081
0.00296180709956
0.0029178491189
0.00281643480363
0.00252067854956
0.00181849004958
0.00270950694504
0.00146855813746
0.00261454064111
0.00282525636578
0.00152109460088
0.00141870827284
0.00164572490754
0.00127699367899
0.00210830915084
0.00200820780173
0.00162768170242
0.00235594634391
0.00234001379773
0.00222144322333
0.00207493528279
0.00200403324884
0.00308232563735
0.00182292037449
0.0014851219025
0.00187773867217
0.00207457009104
0.00285090107767
0.00281217636054
0.00307191105107
0.00269792200262
0.00210054715136
0.00176194902642
0.00222834156637
0.00210092705393
0.00220866691539
0.00245981334072
0.00288972770682
0.00291923139572
0.00236747759399
0.00179097523205
0.00201818148835
0.00191541647824
0.00302146992731
0.00309863838691
0.00286429329238
0.00202431066576
0.00220005053085
0.00217336927152
0.00202851116087
0.00156729791486
0.00179452282863
0.00197486584757
0.00215024873272
0.00219095977135
0.00182893373043
0.0018701706375
0.00190205759603
0.00258345275729
0.00291196617023
0.00381476988504
0.00373739735004
0.00243474765587
0.00200103734909
0.00246722215767
0.00135673993086
0.0014900982927
0.00189735672856
0.00166434983452
0.00180510006763
0.00232931967364
0.0015440391466
0.00128197469058
0.00162293416723
0.00142685282828
0.00272641874989
0.00257391646545
0.0021279864104
0.00226742676946
0.00230286550865
0.00251196751277
0.00264471976293
0.00171391394257
0.0013859423176
0.00131991089184
0.0017636192216
0.00256387037926
0.00198645220379
0.00222601462039
0.00238573710358
0.00178665143879
0.0015962511155
0.00161282158829
0.00220414676311
0.00315096862355
0.00297271358196
0.00325674465737
0.00166582647725
0.00123412013139
0.00150006865327
0.00158764981877
0.00218890271713
0.00232917722552
0.0026642107227
0.00224571989902
0.00121531725076
0.00136790033193
0.00159993468113
0.00111036823233
0.00177511135682
0.00218464992309
0.00179715975119
0.00190123952353
0.00262512976058
0.00233216299379
0.00139976496908
0.00146677638035
0.00190790662386
0.0018838127871
0.00128671270556
0.00132883999217
0.00193627249618
0.00171561439531
0.00301767312777
0.00290115124841
0.0023423324626
0.00224357315901
0.00142225024359
0.0017311414449
0.00231443299001
0.002261356998
0.00278914197346
0.00239190661374
0.00233879566167
0.00246970902986
0.00111674166553
0.00125795982241
0.00116630557528
0.00170969231401
0.00169599257829
0.0015737329955
0.00139307735831
0.00166578669586
0.00157233797405
0.00122295164992
0.00173370038403
0.00161974960125
0.00289028873324
0.00294309647871
0.0023518500414
0.00121156755471
0.00132900920334
0.00147654368449
0.00217135585056
0.00298096624761
0.00348613633562
0.00210033642986
0.00161141555211
0.00179021344845
0.0018954617019
0.00162565199065
0.001351623704
0.00145289815877
0.00164311850974
0.00160648009891
0.00142501370075
0.00195354658206
0.00167277619087
0.00222741409913
0.00215961793091
0.00180491108329
0.00144160171497
0.00147736387948
0.00201249281257
0.00274742848087
0.00264485385602
0.00180788961121
0.00155053119794
0.00200429194505
0.00211243307419
0.00187591312907
0.00195158977254
0.00157527460733
0.0016546009261
0.00128087817392
0.00213543294898
0.00332075744471
0.00279800371474
0.00257456603269
0.00299372486918
0.0019593780777
0.00167014445687
0.00202932194896
0.00231301364441
0.00247113774204
0.00188345394456
0.0022393703685
0.00204764819204
0.00258791200976
0.00285559205882
0.00345753411954
0.00289746713521
0.00131306005721
0.00284066075613
0.0023494565291
0.00181881117005
0.00221648107002
0.00229166631682
0.00233558190168
0.00267005258732
0.00305382604184
0.00220530731057
0.00158761107631
0.00215193100981
0.00174761231745
0.00201487331616
0.00212297161932
0.00289394320473
0.00298917910641
0.00209306587167
0.00178984709194
0.00197749494044
0.00218289451079
0.00268066176276
0.00281869749661
0.00301221422013
0.00281537513044
0.00257330945888
0.00200951142066
0.00210294401885
0.00167411231473
0.00164261465358
0.00156877190663
0.00156387328552
0.00230150331095
0.00348074342962
0.00191857939957
0.00172441364074
0.00205026338623
0.00259698660639
0.00305447559648
0.00248552712574
0.0027016289637
0.00248433217371
0.00265971765713
0.00207592446087
0.00194724140126
0.00219501746758
0.00182556365644
0.00206216765734
0.00155930832408
0.00135605508742
0.00166665491917
0.00184066149128
0.00285695081128
0.00261033887978
0.00215219977107
0.00158933991895
0.00179402768458
0.00217798627284
0.00169311085976
0.00229946966203
0.00307025965471
0.00301795651233
0.00163838915766
0.00164236580911
0.00153945865657
0.00138850517411
0.00278867267746
0.00255561077427
0.00188886095537
0.00251161501848
0.00225603553487
0.00178646922602
0.00180237890676
0.00208344147364
0.0020032125062
0.00245458458206
0.00254548657412
0.00242331612105
0.00227000562039
0.0025691579904
0.00213516252609
0.00258663453735
0.00249966959618
0.00250273707303
0.00202841606539
0.00222729123826
0.00243645482814
0.00178101701307
0.00174255802266
0.00196632346696
0.00186562514368
0.00183217460558
0.00207748039489
0.00168714185292
0.00175116776316
0.00314362188339
0.00197811649422
0.00210714409233
0.00175545958582
0.00190154251436
0.00171177478695
0.00193700645207
0.00137264651971
0.00159020502584
0.00158380806528
0.00282333327854
0.00289310173658
0.00265300897158
0.00210632578664
0.0024264587464
0.00217387943992
0.00247063053597
0.00231175100804
0.00269553355936
0.00264870149434
0.00282549408472
0.0026060710722
0.00206035629852
0.00151441632966
0.00173099635634
0.00212508637412
0.00226164873633
0.00255702406991
0.00295805545498
0.00293663567509
0.00177920827422
0.00249239290907
0.00227076509789
0.00224041860701
0.00206661702508
0.00196527671493
0.00250671647354
0.00267149056774
0.00249398043085
0.00233928593401
0.00236965562255
0.00181729674771
0.00199178129816
0.00168238290811
0.00230988991809
0.00193737406384
0.00176853223541
0.00161153989689
0.00169419645999
0.00174130986543
0.00205713556543
0.00202877685337
0.0022714080757
0.00246942499508
0.00229933700977
0.00245938533431
0.0029504243982
0.0026794591817
0.00280542072986
0.00228141191409
0.00245874851016
0.00250940869496
0.00265761809754
0.00306912788257
0.0024534911086
0.00185454937461
0.00230475705963
0.00238851206065
0.00174571319713
0.00120522119573
0.00158365401425
0.00129083190518
0.0014896840079
0.00134139245741
0.0014854591531
0.0015200308023
0.00296946716978
0.00279471698239
0.00181076901579
0.00159318601313
0.00192520254401
0.00215547771198
0.00240814482455
0.00223027134876
0.00303212156674
0.00328756713854
0.00242188450421
0.00286975902906
0.00217386880026
0.00232886841819
0.00249743074131
0.00255241217325
0.00183774298344
0.00225471413895
0.00189376594793
0.00139421692257
0.0014916387675
0.001936146298
0.00253536022193
0.00192990359211
0.00274299134134
0.00256185982641
0.00145824686083
0.00097595955118
0.00113767403139
0.0011716487701
0.0016647560643
0.00160659461986
0.00263139657926
0.00224406078105
0.00175757136327
0.00143665009047
0.00171729490375
0.00185188422709
0.00171704547341
0.00168846541746
0.00188382341292
0.0018262002319
0.00233543344539
0.00137321907091
0.0017802302831
0.00170046949992
0.00231646141069
0.00195086353929
0.00175060339924
0.00121728535978
0.00217932578623
0.00159789313157
0.00157332017549
0.00182974709172
0.00122453476652
0.00129897558435
0.00144822656813
0.00242538018055
0.00264171559069
0.00251603133625
0.00206606206382
0.00159276455672
0.00219973233539
0.00185401269247
0.0019116655681
0.00169830692327
0.00137391200206
0.00134913364286
0.00203067224503
0.00176688216027
0.00199122654116
0.00218215639579
0.00236449583229
0.00154981333988
0.00118086874217
0.00138153108565
0.00140206007551
0.00225773653481
0.0020968205464
0.00176870470485
0.00160668416111
0.00155404010223
0.001926739411
0.00208153136578
0.0022115724773
0.001866891549
0.00158664647628
0.00155049145853
0.00195384895362
0.00176588926806
0.00158775368099
0.00195186143461
0.00189838663053
0.00232776684912
0.0018327159342
0.002290851631
0.00213994655131
0.00129808484963
0.00113419763965
0.00163973997367
0.00108964233891
0.00217783854355
0.00135444778823
0.00143922959922
0.00150231350057
0.00110529503707
0.00102481262289
0.00117835257342
0.0011897174445
0.00106081576079
0.00109162206999
0.00155926429786
0.00130617839054
0.00210134980219
0.00176270208506
0.00193933623573
0.0020452893262
0.00225876688064
0.00159243555106
0.00155567393154
0.00116511135545
0.000943396766927
0.00109612641964
0.00118514175266
0.00130136502084
0.00128248820665
0.00149166498394
0.00170009102303
0.00172900233085
0.00142553059912
0.00110800381371
0.00125283183848
0.00143156506001
0.00196315817865
0.0021088949214
0.0019822509131
0.00191519129659
0.001607838641
0.00196478209444
0.00166941036962
0.00198275605864
0.00149738490483
0.00121399426084
0.00154819460044
0.00116294178197
0.00160972287782
0.00192348079221
0.00196466509368
0.00200468652285
0.00294823950744
0.00242342539728
0.00174517549812
0.00187703915117
0.00140707016997
0.00130933571151
0.00128041010729
0.00159527770568
0.00148947251916
0.00154677389934
0.0024548379795
0.00203265507629
0.00208169878935
0.00207249628017
0.0019174086258
0.00208485058999
0.00146529267009
0.00189274125151
0.00147845136928
0.00197323214997
0.00167570257001
0.00169773116873
0.00194160859009
0.00147506378573
0.00185959682493
0.00203406689946
0.00275273402583
0.00218893958457
0.00174514121757
0.00167985084083
0.00211409449546
0.00153345054191
0.00208798549625
0.0019186777361
0.00144570320453
0.00176111714213
0.00120517763604
0.00166920008004
0.00251484499893
0.0021143809373
0.00189459742813
0.00167615052903
0.00209097700291
0.00144417322983
0.00147845733838
0.0016277818842
0.00168531778048
0.0014124253241
0.0019224721449
0.00136819501335
0.00138164381867
0.00133749956184
0.00154244469756
0.00192991837608
0.00159762654889
0.00201485129665
0.00190607757238
0.00162151509042
0.00204209970367
0.00190135608707
0.00246708010273
0.00211424179739
0.0018929258657
0.00158933781986
0.00186771585134
0.00161683018139
0.00183379972119
0.00164942221076
0.00155591060304
0.00147843124144
0.00141905818007
0.00152723263466
0.00143470499842
0.00158284409317
0.00141346349758
0.00166227501803
0.00175330589521
0.00202616821528
0.0017814044944
0.00300554128245
0.00307496731588
0.0013861096631
0.00139858342918
0.00179398022139
0.00183226240071
0.00160861499821
0.0014416042091
0.0018527859736
0.0017884449652
0.00247066227975
0.00251543302935
0.00164771199817
0.00143044958599
0.00163024667683
0.00158065608963
0.00152355470322
0.00139616367716
0.00155362582666
0.00135315875574
0.0013240743326
0.00158027434525
0.0019432559351
0.00159014244029
0.00173141594228
0.0014923571265
0.00179392573242
0.00149873289701
0.00283053776618
0.00306816466692
0.00167618601027
0.00167260002717
0.00212072287781
0.00348077590281
0.00310651488948
0.00220996216719
0.00217358203658
0.00208391703763
0.00168254060693
0.0022076251893
0.00202512964603
0.00189733096167
0.00158058095257
0.00196135032408
0.0020145340023
0.00275878228524
0.00269994808766
0.0015219758131
0.00145207523513
0.00178626289535
0.00176865803515
0.00165479736843
0.00170728589297
0.00164525852803
0.00284588843092
0.00276627751063
0.00177721806095
0.00142858314359
0.00144086728818
0.0022819391127
0.00247871764824
0.00193431323448
0.00199719201821
0.00238251964102
0.00151696121049
0.00155466317792
0.00168098047417
0.00165179354443
0.00183120672474
0.00187907601222
0.00164490365727
0.00199222599577
0.00220050810879
0.00154233591765
0.00134141616698
0.00159635263022
0.00169914590184
0.00252179106612
0.00167411555208
0.00125384531823
0.00162452038811
0.00155106074683
0.00155130447883
0.00116441149441
0.00151089120408
0.0016104520903
0.00241003892296
0.00252838831103
0.00184426519033
0.00151345359555
0.00165724943093
0.0013041608794
0.00121070098962
0.0015957947391
0.00147038783014
0.00150218509588
0.00128890142675
0.00151070951728
0.00175321947368
0.0014109372577
0.00115572948696
0.00147004903731
0.00143450755947
0.00204686335684
0.00201594497959
0.00151984394135
0.00141592436025
0.00169454800453
0.00153510380333
0.00318801323582
0.00263027475219
0.00285873663558
0.00266917479041
0.00171267749952
0.00145751313833
0.00190537500875
0.00177712471937
0.00217148822831
0.002528024062
0.00221098169075
0.00228398062416
0.00206749965571
0.0015039386349
0.00217139000676
0.00148605096007
0.00200372733892
0.0017901426869
0.00176905253748
0.00179104693624
0.00287946133848
0.00349134958309
0.00195041243691
0.00156999602708
0.00167845360138
0.00211770813703
0.00227768411618
0.00220098848496
0.00157401437475
0.0012981495481
0.00140929051352
0.00156824145857
0.00294606889346
0.00289024290955
0.0018882381387
0.00149844796434
0.00179941679213
0.00193791685824
0.00309786430791
0.00300745172054
0.0026823021773
0.00269396759988
0.00255364897413
0.00220730746858
0.00163133140351
0.00131074265708
0.00159877823375
0.00152743414987
0.00281069808208
0.00274338855147
0.00285092647255
0.00277435413317
0.00212477068635
0.00164927960065
0.0020762096468
0.00198087411758
0.00157783250904
0.00119364903811
0.00132448837686
0.00148778320856
0.00223117097072
0.00205065367668
0.00150958574481
0.00157307930844
0.00157658300689
0.00228914555519
0.00173666569481
0.00211771286864
0.00213753116947
0.00263918503108
0.00258838074453
0.00268656795273
0.00274386976089
0.00266869160001
0.00132117130557
0.00109896598507
0.00176070457786
0.00252192228795
0.00219834700842
0.00205725448434
0.0023707822884
0.00285966118569
0.00260704993268
0.00168735394904
0.00226451870085
0.00232908924753
0.00287263841609
0.00257637793298
0.00260946263242
0.00287416461844
0.00153294205615
0.00125140670465
0.00144263661159
0.00177827767921
0.0025337752207
0.00237924987599
0.00179538826648
0.00139781889988
0.00153264031606
0.00179419283776
0.00193623950572
0.00161123937393
0.00170483886979
0.00123065963405
0.00186547788469
0.00182582542905
0.00160382642908
0.0013080545815
0.00132999050368
0.00154857279123
0.00286994005114
0.00255599033285
0.00273012757015
0.00178565020663
0.00126423327311
0.00172421755742
0.00106769652707
0.00315268034567
0.00282354322211
0.00219832008326
0.00207612566438
0.00191921686466
0.00138782824858
0.00130863200608
0.00157876364948
0.00125313393592
0.00128606288441
0.0015203049009
0.00154361465954
0.00121570490321
0.00121332708796
0.00162798030796
0.00158979199219
0.0023491328174
0.0022662403805
0.0021898627636
0.00129946196115
0.0011500410276
0.00182030108446
0.00123646468792
0.00133713790661
0.00129171460345
0.00174160936416
0.00185979748969
0.00251422592072
0.00174401525578
0.00139219551165
0.00157156773234
0.00171275758484
0.00243199546015
0.00291476804616
0.00178572902667
0.00212882746433
0.00255933094189
0.00201563574433
0.00127301301776
0.00150580625746
0.00201980849453
0.00156397995065
0.00195319284736
0.00314583642309
0.00249078693863
0.00207817567453
0.00213165684594
0.00150618839097
0.00120160404931
0.00147787336475
0.00134605546726
0.00162466811692
0.00119737437328
0.0012313464162
0.00180036342802
0.00162004023554
0.00135660556232
0.00134784547246
0.00195253896281
0.00144094777397
0.0013887128736
0.00168214921779
0.0012437443465
0.00171544543332
0.00182914220747
0.00196281500499
0.00267820053576
0.00257814597211
0.0016085707355
0.00131711402706
0.00138477048308
0.0015244258049
0.00151073923035
0.00111287188669
0.00125210963423
0.00114806037653
0.00186412887668
0.00130104064018
0.00143334348083
0.00131109020658
0.00163780079311
0.0013494503953
0.00116889720437
0.00127159194522
0.00119847835626
0.00134803130121
0.00136112323763
0.00123011535527
0.00140303998464
0.00125400659047
0.00102465473735
0.000979487108293
0.00121460482869
0.00171412149663
0.00129616679812
0.00158343427365
0.00134550988925
0.00211334019793
0.00223487022935
0.00245308471967
0.00252634672041
0.00247013279448
0.00207121167261
0.00219847275913
0.00244329458392
0.00144681586873
0.00133083585408
0.00146015892258
0.00131303682012
0.00166021218639
0.00148500847577
0.001961810919
0.00153837964516
0.00160842365404
0.00157704207824
0.00167011735907
0.00169490668315
0.00225935952623
0.00213962660709
0.00114643829141
0.00108214674252
0.00114124782959
0.001381765024
0.00143088837575
0.00195287095199
0.00174737875328
0.00144958617093
0.00175625848285
0.00183927990333
0.00219153432928
0.00252473966623
0.00252608405303
0.00154611291664
0.00133446087155
0.00136664620888
0.00160478113214
0.00136846186487
0.00110426032029
0.00124882023699
0.00125966767111
0.00186153780691
0.00172122371215
0.00171423691605
0.00167272691783
0.00186288584484
0.00156594079038
0.00155888328817
0.0016599246665
0.00261910052693
0.00245526387923
0.00203602517951
0.00313412920839
0.00259083602992
0.00176532440183
0.0020693370849
0.00152397081523
0.00105796998074
0.00126075887012
0.00116937253537
0.00169882862638
0.00174113198384
0.00220449818652
0.00232656328594
0.00281308591496
0.00247510241499
0.00231406204561
0.00230667983794
0.00286668511854
0.00243119575654
0.0012497059745
0.00119869748801
0.0015052877271
0.00155845266331
0.0022315624651
0.00239179814849
0.00242827530232
0.00209196559347
0.00145747442771
0.00107182726639
0.00114319887753
0.00109692447428
0.00113431694096
0.00106598917519
0.00107215751575
0.00139385160574
0.00190677945341
0.00217387077648
0.00194851180605
0.00199157791117
0.00154536321349
0.0013327677254
0.00143855633671
0.0014609981191
0.00168055180416
0.00120147326985
0.00145242951139
0.00146951147182
0.00216923249494
0.00239731405491
0.0013372120749
0.00138513229336
0.00177645962337
0.0018677114075
0.00167780506187
0.00151722617909
0.00143571968718
0.00201605152662
0.00167831805884
0.00138099299592
0.00177750467593
0.00145572502952
0.00246241244799
0.00224858314308
0.00133253932072
0.00138855815065
0.00127595579763
0.00199977507742
0.00226562762482
0.00239429086027
0.00182780134233
0.00154160968216
0.00119749824961
0.0012289624371
0.00123129901402
0.00144535781851
0.00143690566769
0.00178856043274
0.00135346339833
0.00222090882141
0.00192490302603
0.00223066677406
0.00241880209358
0.00238435063526
0.00251352374051
0.00146091444223
0.00131421528162
0.00169457398682
0.00155957971491
0.00220182282016
0.00284571294219
0.00284269539323
0.00243036185085
0.00238491213061
0.00252851053553
0.00156833279666
0.00132905934082
0.00164345009368
0.00144181556514
0.00194751197363
0.00168122715707
0.00128180581772
0.00119862165976
0.0013875088156
0.00159628908042
0.00230891232581
0.00200914217986
0.00176685168043
0.00216423064152
0.00217571784902
0.00240898952214
0.00209300451283
0.00182102966655
0.0021397304156
0.00183875720059
0.00195498702674
0.00235638952258
0.00213537499332
0.00194436517534
0.00260187095852
0.00185566830091
0.00201537317322
0.0020973966008
0.00146691969942
0.00229379043147
0.00275035539297
0.00271480005654
0.00170909204389
0.00123303568866
0.0015865716833
0.0014698077071
0.00172490630183
0.00187728882243
0.00187544135707
0.00189364901219
0.00194581180106
0.00189761966063
0.00136046828288
0.00098048897548
0.000953776602242
0.00112165278014
0.00182628868287
0.00168493517538
0.00148695662359
0.00184600282949
0.00170461813311
0.00140525417154
0.00157596540356
0.0016148007555
0.00194153278327
0.00193546503993
0.00192045452509
0.00222753137798
0.00200134623942
0.00230171937432
0.00120560627228
0.00144677274438
0.00133933131815
0.00173837549517
0.00172192455143
0.00166381856464
0.0018979542288
0.00115617943164
0.00145768568552
0.00162829393419
0.00130087986571
0.00191127005102
0.00268435983118
0.00225281539132
0.00222682700271
0.00202550021188
0.0018587402138
0.00199779477005
0.00132017041181
0.00128333460445
0.00155956501359
0.00122396333621
0.00188953842645
0.00197542844802
0.00205273258631
0.0019996834874
0.00214356120659
0.0014840238105
0.00117164721098
0.00137191649802
0.00142054781912
0.00183901591578
0.00204462046297
0.00205405887958
0.00215648855431
0.0022933080368
0.00233118729903
0.00184537670257
0.00226464994089
0.00195925332482
0.0015361860836
0.00136872444734
0.0015918155857
0.00157124019686
0.00145655714687
0.00136932051837
0.00139777682004
0.00131094288734
0.00130354078274
0.00176691488297
0.00237373937387
0.00210235867269
0.00223633298491
0.00262704374442
0.00219147010427
0.00194874047982
0.00185031638786
0.00208229125878
0.00139719587529
0.00128467965414
0.00163969930133
0.00138528592576
0.00200735400559
0.00173917682706
0.00166152042493
0.00215469021341
0.00216617967577
0.00158741538998
0.00120132150318
0.00133108633045
0.00155940713438
0.00160234162766
0.00110450286232
0.00116573842843
0.00126335415347
0.0021211899355
0.00214874196655
0.00164440198534
0.00177000435116
0.00121214976976
0.000977865619138
0.00112706066953
0.00131061061831
0.00228451058738
0.00223027441697
0.00205863091262
0.00140608261411
0.00187702675937
0.00142130814513
0.00231860088967
0.00212451378607
0.00161200039
0.00121606954076
0.00154726655216
0.00153755191387
0.00241322728228
0.00199584253047
0.00207807505995
0.00239648802193
0.00196264631039
0.00136831223291
0.00121036727971
0.00116184562106
0.00129296439384
0.00139054837572
0.00125486662434
0.00171429619079
0.00208419817327
0.00206408123423
0.0020676440853
0.00212224675849
0.00214451700906
0.00215909472627
0.0021097230128
0.00241200126554
0.00143370596987
0.00213190335256
0.00231839223084
0.00205973174017
0.00204082293731
0.00156959511496
0.00151059248459
0.00149222988215
0.00150278131359
0.00140686081374
0.00161891374484
0.00191777340341
0.00165326430509
0.00142277247778
0.00133986654038
0.00215326656012
0.00204095944979
0.00160495251203
0.00174726046874
0.00196077662204
0.00170381474621
0.00115569109009
0.00102183479626
0.000989208428401
0.00134767554903
0.00105081736695
0.00109031278555
0.00124061665364
0.00135505288405
0.00122480004794
0.00146454939589
0.0017164149926
0.0012889522152
0.00135228373638
0.00159860633296
0.00191247734657
0.0016152916818
0.00183659705661
0.0020418378219
0.00221201688802
0.00191383129837
0.00193403756443
0.0021462180734
0.00164748296073
0.00201759788596
0.00251477992975
0.00226898582756
0.00157712706455
0.000987601918319
0.00116879252561
0.00105660883123
0.0012311845539
0.00277801792681
0.00153441540153
0.0011614878767
0.0013385274388
0.001019085821
0.000817796563532
0.000782713061392
0.00108892029238
0.00114707273759
0.00112679135641
0.00110823745018
0.00136444452715
0.00197340484051
0.00146311938197
0.00138480430953
0.00189055508906
0.00145728921502
0.00168101412222
0.00181980057626
0.00158107274797
0.0012672629307
0.00122511903695
0.00118924715581
0.0015267373462
0.00154693298632
0.00197359005471
0.00205221948858
0.00169002553738
0.00152652094307
0.00152660144708
0.00196002492863
0.00169500011676
0.0019295440024
0.00156126270825
0.00225037022632
0.00158727372936
0.00110192497903
0.00135377009248
0.00118674429121
0.000899118408394
0.000939118261207
0.00122140846095
0.00164162714931
0.00171060936438
0.00195621434403
0.00201821756287
0.00241672307136
0.00191158514945
0.00181860591685
0.00207957924042
0.00160109384753
0.00189904109791
0.0016239860528
0.00175327841236
0.00124646628246
0.00163499705892
0.00242690344734
0.00187227175505
0.00154851904637
0.00134238942311
0.00179480848095
0.00187489826909
0.00189510371277
0.00211218748767
0.00165398481092
0.0022596888583
0.00174016338993
0.00167203436535
0.00338038500497
0.00264945310242
0.00192141806172
0.00173407627168
0.00206561921123
0.00158010964336
0.00207951907201
0.00203743647989
0.00190347277507
0.00213309553189
0.000954385816564
0.00170183900784
0.00146103263135
0.000957974743538
0.00159994219677
0.00174826203119
0.00118424870242
0.00163064812977
0.00156163867347
0.0013649513642
0.00115922718644
0.00137226766744
0.00150144913928
0.00148140992109
0.00150457151937
0.00175252972124
0.00168053733959
0.00167577929655
0.00172940071338
0.0016981011082
0.0018848960019
0.00196640752525
0.00156779974864
0.00132004076531
0.00171595096263
0.00133912064662
0.00144252675938
0.00131879220369
0.00147649046406
0.00134933008684
0.00150235450496
0.00153436256661
0.00142053655578
0.00191057306703
0.00207736273169
0.00273196803659
0.0020058199568
0.00227901344128
0.00158306361722
0.00157413782592
0.00141322494399
0.00138705585785
0.00134096791818
0.0010785758457
0.00136778307414
0.0011965305686
0.00199463704352
0.00176059935115
0.00130677825751
0.00112885173432
0.00142243469866
0.00140242324555
0.0011049313075
0.000956482332937
0.00124127423396
0.00116165409443
0.00203240736652
0.00207511802548
0.00220061696462
0.00215352424214
0.00197980262644
0.00188818894175
0.00121429470769
0.00117105775373
0.00121018733683
0.00140012954272
0.00202043385285
0.0018974716384
0.00289723727759
0.00293635914416
0.00193761749238
0.00158139566081
0.00181441209115
0.00154611438839
0.00245927915352
0.00255687952287
0.00152205480312
0.00127486708044
0.00147305169515
0.00160034081754
0.00226627622793
0.00293902529762
0.0011705169991
0.00131794148535
0.0013484264913
0.00147923965586
0.00184775556325
0.00185393580239
0.00283358759055
0.00243295398195
0.00206515360642
0.00194081292676
0.00232909084203
0.00239952690357
0.00238619242261
0.00265379400256
0.00243180166903
0.00223489081096
0.00146862362122
0.00145858328436
0.00161150140868
0.00162856235347
0.00103691446719
0.00092458170159
0.00110310232984
0.00115162847887
0.00158659559114
0.00133135795529
0.00167681717208
0.00152069096787
0.00293707407611
0.00278155833261
0.00238790827019
0.00252443820496
0.00142086007593
0.00134535719086
0.00166694461912
0.00162347000085
0.00242868130766
0.00241832565568
0.0027004325118
0.00277815361769
0.0011499827327
0.00108288102556
0.00135253360077
0.00116439098131
0.00234383996756
0.00248375787469
0.00142544920135
0.00140821872658
0.00140779191477
0.00167625836409
0.00135315719393
0.00131935767034
0.00129685405117
0.00134614444816
0.00130613031023
0.00131755692248
0.00156599296428
0.00136645215324
0.00126905563774
0.00117800505867
0.00121812928615
0.00129218660042
0.00140807276074
0.00141651289281
0.00166600466586
0.00171981745796
0.00171282001086
0.00139828917144
0.00148377151938
0.00141669786206
0.00191588387113
0.00188097002918
0.00196806901265
0.00204792527278
0.00186884528317
0.00163071855121
0.00135854363983
0.00116859669984
0.00129953739861
0.00126311835459
0.00203204422207
0.00202777148665
0.00126468042634
0.00113477114098
0.00125918479171
0.00150231014972
0.0013681372003
0.00111113946821
0.00133639833472
0.00134980563305
0.00191671017214
0.00204789833994
0.00127382989728
0.00105964771731
0.0013698680269
0.00130626680527
0.00241198460492
0.00264151889607
0.00165388856424
0.00133412101348
0.00156023476604
0.00164899941322
0.00170176224266
0.00129961377339
0.00149062632684
0.00145243575727
0.00218529635423
0.00229314009862
0.00129997034257
0.00125834094056
0.00126713302594
0.00142846504649
0.0014714277489
0.00133770833308
0.00134325333208
0.00132894737187
0.00172319149332
0.001534547001
0.00160169310612
0.00160689559447
0.00157056574452
0.00137926918002
0.00170528553469
0.00135862163247
0.00114577790544
0.00098458165525
0.00123774513664
0.00123554969949
0.00108447082405
0.00105593361367
0.00150729470474
0.00135122842969
0.0023799638473
0.00241555209318
0.00222151051122
0.00226799395079
0.00156087888989
0.00142207690091
0.001500551851
0.00138741549138
0.00198421654801
0.0018203118925
0.00117730869915
0.00117756899299
0.00131843561462
0.00142032712071
0.00199317842306
0.0019831440714
0.00141147221148
0.00118095807616
0.00130559150871
0.00133263264098
0.00235229299764
0.00198602740448
0.00138004908589
0.00140557395109
0.00132665549691
0.00132639289232
0.00179402187377
0.0019324353734
0.00219743595907
0.00240339416805
0.00180567526041
0.00250958833894
0.00129885069016
0.00126310234954
0.00238441618007
0.00252831913186
0.00214134451183
0.0019372998759
0.00279626848334
0.00265195863867
0.00153885253023
0.00154822975819
0.00127650308047
0.00172785263358
0.00156201001674
0.00130519794729
0.00147898455194
0.00162810383595
0.00162261721887
0.00147287931749
0.00245273225726
0.00278396519611
0.00273575977297
0.00245441827401
0.00137662042618
0.00124817966087
0.00150442332499
0.00161777637733
0.00187666230258
0.00205513752984
0.0022001590582
0.00195310778641
0.00110448752826
0.000987493244257
0.0011671193274
0.00112666498413
0.00147589140767
0.00148413301365
0.000982177777279
0.0009445089729
0.000940640008169
0.000932957493327
0.000911119537739
0.000807636667764
0.00103024219755
0.000902213808505
0.0022000704704
0.0023469153922
0.00171005527056
0.0011904471113
0.00148946281183
0.00122257543083
0.00270234293799
0.00240288738866
0.00209939865003
0.00205970719727
0.00152956792774
0.00133716503647
0.00146850384533
0.00134192212309
0.00142986408127
0.00120244884049
0.00137788395329
0.00121697380976
0.00215937868496
0.00218571573368
0.00122405465042
0.00122197383537
0.00139820328029
0.00149964368173
0.00202566656691
0.00226631936293
0.001253927218
0.00111740748356
0.00118327759658
0.00149075298817
0.00139108523015
0.00118507076269
0.00148145540025
0.00143119279583
0.00206840034455
0.00198373779658
0.00236456640314
0.0025208473806
0.0022930367884
0.00228930545742
0.00134715491162
0.00108280159562
0.00134908331617
0.00117254988439
0.00224731014036
0.0021089349639
0.00108876464711
0.00103515959865
0.00128750994374
0.00136935570562
0.00159869282582
0.00132133611098
0.00132481625226
0.0010759802478
0.00115429768095
0.00143050140159
0.00211610011598
0.00185907191562
0.00116808677936
0.00111028512627
0.00146923374867
0.00123094520785
0.00117879099255
0.00109596108143
0.00145092124502
0.0015093491699
0.00223929988689
0.00241545860329
0.00231088103061
0.00219762511321
0.00152241571795
0.00114409114711
0.00138834191673
0.00126272335677
0.00161863890156
0.00249279323718
0.00238838442764
0.00261475761285
0.00261388334983
0.00280215990521
0.00249527677698
0.00267027458465
0.00157531103037
0.00127796443194
0.00151652820212
0.00160341723617
0.00203451302297
0.00203062536017
0.00142564180935
0.00174599073586
0.00138950574676
0.000996175625447
0.00103540681142
0.00132808388086
0.00227114724686
0.00227705235781
0.00130685892486
0.00108305992511
0.00125933784333
0.00139401639593
0.000940282962377
0.000862353566822
0.00105423423811
0.00103904750051
0.00238501252949
0.00235555371097
0.00175292090382
0.00155053458743
0.00173361630082
0.0016508280685
0.00247057709469
0.00253037219305
0.00108696049177
0.00107890127732
0.00118406147988
0.00119953582984
0.00146061567494
0.00155379787159
0.00162965109591
0.0016468700224
0.00231992606401
0.00234670147265
0.00180971165917
0.00168411932273
0.001335915302
0.00180438364951
0.00189437154827
0.00203303073879
0.00202664426689
0.00195517831644
0.00116484355536
0.000991525761302
0.00122086518817
0.00123105431081
0.00218744925962
0.00214875017654
0.00152259986758
0.00125215756694
0.00131910365205
0.00135501139749
0.00176692208269
0.00158202024118
0.00112772816984
0.000898380790482
0.000945345316946
0.00104021030686
0.00104140662422
0.000793609482767
0.000832730227821
0.000867900095654
0.0011339902748
0.00106440015957
0.00109024242237
0.00129776556245
0.00122223365768
0.000987633382895
0.00113374325482
0.00112977812597
0.00182985171455
0.00209884530647
0.0024846540204
0.00207051552058
0.00127951980675
0.00102702142435
0.00114184630024
0.00118438768215
0.00138748617884
0.00106845979808
0.0012290477501
0.00125911489773
0.00187195811021
0.00189830756206
0.00161553451884
0.00200978330012
0.0021996938165
0.00187394862279
0.0016099221796
0.00176555834778
0.00200643602108
0.00186902869017
0.00208674270664
0.00162524327854
0.00189873249891
0.00209406265969
0.00192949254857
0.00208678006508
0.00137724765199
0.00111508240403
0.00118244146213
0.00112842838383
0.00125294625804
0.00106010520518
0.00120730689923
0.00119911190627
0.00102967651576
0.000948657387041
0.00125887999983
0.00108561320199
0.0011111197571
0.0010014905122
0.00120388979376
0.00119945961304
0.00172065336641
0.00184951395246
0.00197443351011
0.00189545471853
0.00205375344614
0.00224741743479
0.00152098010488
0.00166181315485
0.00141059119337
0.00109734393077
0.00130404033451
0.00103290532031
0.00131343914088
0.00128503728109
0.00125139509991
0.00154252798848
0.00173943212225
0.00201311325938
0.00124632421714
0.00105075085495
0.00112758046594
0.00128975510893
0.00192004933037
0.00222619278548
0.00182715254798
0.00208423687431
0.00222182782973
0.0017477993027
0.00180663426558
0.00183330655849
0.00242178361131
0.0025945298221
0.00162679038582
0.00190024263511
0.00118216832041
0.00104991870061
0.00133260639521
0.00134041620554
0.00193586274998
0.00174948543442
0.00180444653196
0.00166856558817
0.00128472162895
0.00105414171292
0.00144874850432
0.00104871513498
0.00220485886558
0.00214884622518
0.00122915636388
0.00110775391832
0.00128058201679
0.00144781727919
0.00141197029093
0.00117390047467
0.00132316362602
0.001439170088
0.00204403215787
0.00178426234479
0.00161489376422
0.0016361672699
0.00166793127962
0.00183976653777
0.00139663535067
0.00116743233996
0.00129693985141
0.00148242992463
0.0020589708893
0.00185457170451
0.00225382073582
0.00259796999348
0.00176063234235
0.00188119887717
0.00242265565076
0.00202007390666
0.00100851705032
0.000932826217163
0.00105659946146
0.0011558743659
0.00210548834718
0.00210473751921
0.00213917402443
0.00210829690366
0.00225241378776
0.00220698531375
0.00127036588404
0.000986623829144
0.00116095104088
0.00115164612727
0.00156221184167
0.00190189531603
0.00212438662791
0.00217365004755
0.00196092562918
0.00189205799375
0.00166396687267
0.00165135034599
0.00217907458626
0.00229728154946
0.00179960458484
0.00176647279387
0.00207095903503
0.00181451416022
0.00177674684741
0.00184990590895
0.000922175152432
0.000842765366398
0.001039723267
0.00104523101406
0.00168657420442
0.00161952787948
0.000947854920587
0.000842695538588
0.000897810936402
0.000953339438203
0.00151508367107
0.00145649854287
0.00155976994857
0.00186735486476
0.00102742497809
0.000919195798927
0.000965433975747
0.00134312664766
0.00222269400653
0.00225217034411
0.00184483807479
0.00179708695911
0.00129440862663
0.00122791815047
0.0013319968973
0.00140235367701
0.00200694642406
0.00200542323208
0.00232400896226
0.00214700101701
0.00183665493698
0.00277249036283
0.00210193721936
0.00245830286872
0.00128352312736
0.00103000429014
0.00107232139092
0.00122866834818
0.00126910891731
0.00115783509211
0.00129738229686
0.00139628661805
0.0021200400293
0.00222903953632
0.00132094442036
0.00104039283436
0.00127631659499
0.00105908671809
0.00240772407812
0.0024230914334
0.00154904164356
0.00130313116143
0.00152302200467
0.00159576728283
0.00152659312021
0.00214668324859
0.0010226870092
0.00103407497463
0.000975531614525
0.00106996545123
0.00177903500396
0.00165136935803
0.00188433809823
0.00158802329592
0.00162364146753
0.00166335716873
0.00146690413035
0.00153904454034
0.00150862363979
0.00182812341679
0.00198978218945
0.00183838811522
0.00174683796897
0.00168969350566
0.00153305788678
0.00239311032155
0.00187796048921
0.00205927092258
0.00134832444315
0.00130721458788
0.00161812226014
0.00122072471683
0.00118896218825
0.00166913462121
0.00224435730198
0.00219821684219
0.00166009491089
0.00122606671152
0.00157110301506
0.00167550422293
0.00189024797217
0.00209211108017
0.00108961220276
0.000987107590103
0.00106141948661
0.00116196307683
0.00147100503873
0.0015402721723
0.00156198438727
0.00156521687104
0.00226364922167
0.00208788627793
0.00150233991836
0.00143787426191
0.00204786197745
0.00213622132874
0.0020056226481
0.00205211629734
0.0016444058291
0.00145736035211
0.00125050701929
0.00104883502148
0.00127840897288
0.00122797581564
0.00179295393724
0.00170262745236
0.00194713569635
0.00200223831958
0.00156404337986
0.00102234647703
0.00125916849089
0.0010274689624
0.00194025905436
0.00231360446531
0.00150580710037
0.00116027037362
0.00121183600597
0.00127528631949
0.00150163310033
0.00177249276403
0.00210489055741
0.00198971716553
0.00176914147218
0.00212476909705
0.00128407300624
0.00118605877221
0.0011684339733
0.00135691806173
0.0018045207455
0.00168804778039
0.00182597661391
0.00152672657792
0.00197004495213
0.00177247692192
0.00111377800262
0.000905613912301
0.00102658155464
0.000907328151753
0.00187880097819
0.00167216319396
0.00176764494629
0.00206156606614
0.00163239569648
0.00235277119648
0.00212503912224
0.00214705935316
0.00150919616843
0.0016153833079
0.00126578224002
0.00120512729071
0.00194031880924
0.00195436460817
0.00202863539817
0.00204180564315
0.00198995793402
0.00189952182126
0.00171768190082
0.0015959265228
0.00164236134875
0.00268889542696
0.00165779827794
0.00110571745158
0.00117433392365
0.000986676396635
0.00177710792096
0.00166143138454
0.000827393075206
0.000772512711196
0.000897495037203
0.000956188062592
0.00108423725095
0.00131668363962
0.00146574083534
0.0018898259444
0.0012876671076
0.00110186419129
0.00117904232048
0.00110339169755
0.00184130343081
0.0018219933045
0.00129845396855
0.00154982174881
0.0010683376165
0.00086491230442
0.000899464312704
0.00116876710861
0.00105301639433
0.000915250130465
0.000911927981787
0.000951515175108
0.000910793324358
0.000800293895589
0.000962504846209
0.0008604911936
0.00150915116896
0.00202717320738
0.00121103206905
0.000889082081934
0.000866359475076
0.00101541416217
0.000912553981641
0.000741060837968
0.000823292868496
0.000751583787844
0.00121062227107
0.00126332824184
0.00122431443086
0.00125701604224
0.00133028372824
0.00127495395168
0.00169021770402
0.00186221484406
0.0016714892292
0.00171276376888
0.00104665607422
0.000870465136564
0.00098120488403
0.00102253173945
0.00146922430707
0.00119979669392
0.00150916969722
0.00164379343287
0.00152495682933
0.00148264827357
0.00162013486134
0.00185701526271
0.0014359710906
0.00160204299729
0.00115424368749
0.00115318148995
0.00190687590016
0.00167068790305
0.00199241546605
0.00196793683835
0.00199751290213
0.00198620715137
0.00167669694957
0.00190860606864
0.00111356918302
0.000882222315314
0.00105993221679
0.00104086061161
0.00163344956063
0.00168156017268
0.00160049947256
0.00149095038249
0.00102664516088
0.00090570048193
0.000955097319401
0.00117499656701
0.0013607569662
0.00146602050714
0.00127907540749
0.0014754470238
0.0010842912017
0.000992360931
0.00111262559039
0.00121882476439
0.000791391872416
0.000740114168193
0.000884749148567
0.000866619832061
0.00166639443172
0.00170905446372
0.00103413818189
0.00083869781314
0.00103159119555
0.000927663257044
0.00123065012102
0.00143289117378
0.00160936106792
0.00168963563041
0.00174895766074
0.00172720367094
0.0017296150466
0.00170527154694
0.0019616059826
0.00164855368578
0.00187963746595
0.00208605960159
0.00126816062214
0.00107281903793
0.00157919900891
0.00230217180688
0.00107396205946
0.000842602531779
0.000948676404226
0.000812563695339
0.00101662958131
0.00107220405585
0.00131632290338
0.00102420407342
0.00150952500037
0.00254709773665
0.00111634539247
0.000884727070036
0.00104751165995
0.00105773092698
0.0013369868591
0.00113721044292
0.00105797472564
0.00109964641277
0.00115623707229
0.00126708860362
0.00105310208898
0.000875265887254
0.000893113425992
0.000935509532101
0.00156415301514
0.00170782890437
0.00215247927758
0.00148236060145
0.00134436510287
0.0013899298127
0.00166510875153
0.00138937739738
0.0014849103807
0.00175954171318
0.00168288586212
0.00175114600335
0.00160632046398
0.00152153566793
0.00142483458341
0.00149485041861
0.0014692531642
0.00129366613819
0.0014931261564
0.00161573492579
0.00167272485296
0.00180511927143
0.000977886022197
0.000765447163342
0.000858668862279
0.00107697872246
0.000897857679878
0.00104746947288
0.000825144887131
0.000993896295267
0.00107771913963
0.000814669971517
0.000820809996925
0.000861184808337
0.00126336893355
0.00137713298639
0.00161459269575
0.00125923507164
0.00163108555811
0.00166015457756
0.00152719262684
0.0015271962336
0.0010442455487
0.00108173796537
0.001645297124
0.00144117867171
0.00169880170215
0.00137418002863
0.0013823765368
0.00149323548618
0.00135762295914
0.00110819434674
0.00147826059603
0.00139074501793
0.00142118939566
0.00154852733209
0.00116844901785
0.00171510252353
0.00112229541091
0.00134764197199
0.00117791121441
0.00159749667819
0.00112269577781
0.00114489149805
0.00168585471508
0.00131616027653
0.00130173601972
0.0013710154364
0.00128601833124
0.00136910122914
0.00110539145293
0.00109523718417
0.00121915535641
0.00135810797593
0.00115040580725
0.00134699339231
0.00105639959378
0.0012862898946
0.00145903731048
0.00135708795637
0.00212823429144
0.00119523011878
0.00133745009815
0.001288925896
0.00127022838862
0.00138190837593
0.00197386561454
0.00132654768333
0.00129695212267
0.00123532028532
0.0014013250449
0.00121941807144
0.00119170480204
0.00107026736216
0.000978123251444
0.00101284055395
0.00111026742581
0.00113302427826
0.00127802928905
0.00124618863415
0.000937995544365
0.00103566117894
0.000876698025893
0.000766940952988
0.000792089801409
0.00103618041539
0.000954231256682
0.00117268130105
0.00118735828235
0.00123510669229
0.00111790251703
0.000991981212401
