0.0408032036161
0.0411216037595
0.0344057297297
0.0367550763535
0.0344121693383
0.0342625452721
0.0389469320177
0.0352777721096
0.0377889051936
0.0396352287699
0.042415585087
0.0424091148508
0.0422790717492
0.035144437973
0.0378336963334
0.0389042704382
0.0378613221562
0.0342653495629
0.0343057503766
0.0390401350646
0.0379570128031
0.036679226379
0.0424674268704
0.0403528907562
0.0379781443424
0.0390434787328
0.0343152813707
0.0366089190303
0.0343391534985
0.0390528822935
0.0367228220842
0.0367870965048
0.041246651992
0.0388859809505
0.0406454427497
0.042418821704
0.0365604990628
0.0390072070389
0.0343043689209
0.0379229738628
0.0365201547778
0.0389590395244
0.0379270713066
0.0342574791627
0.0400328066854
0.0369055398697
0.0390640458599
0.0344140324515
0.0367926923862
0.0342533560705
0.0389693603704
0.0378802537415
0.0378953616482
0.0424096284636
0.0423639500221
0.0423745272181
0.0423958467616
0.0378752217082
0.0389451210153
0.0342844699786
0.0378627319572
0.0378420299989
0.0388915877443
0.0378650285316
0.0342486198562
0.0352099119992
0.0352060442481
0.0424149922454
0.0424062354574
0.0423927658394
0.0424136388957
0.0378936282553
0.0389184362571
0.0342405991359
0.0378461069342
0.0378633700005
0.0389774213636
0.0378684667322
0.0342939011056
0.0344666922401
0.0391071163498
0.0380387089914
0.0393170309865
0.0425855756494
0.0426344837265
0.0430245032358
0.0430569307284
0.0380236753993
0.0390452083817
0.0344871093489
0.0392740319152
0.0345939357134
0.0391203999275
0.0389310611281
0.0387326782484
0.0418748959627
0.0425049746728
0.0404582633143
0.0366617567627
0.0390952505384
0.0343171354605
0.0379546223472
0.0390530448256
0.0389847302864
0.0379359598379
0.0344527839367
0.0342756448247
0.0390206744377
0.0378895355445
0.037901500455
0.0424359391373
0.0424529653895
0.0424269157269
0.0424257023832
0.0378979145796
0.0390544911017
0.0343342724595
0.0378908138549
0.0378711133975
0.0389952889984
0.0378872298796
0.034306434091
0.0346586327635
0.0391948762139
0.0388351971667
0.0389584324837
0.0405442037997
0.0367388384527
0.0392262420258
0.039271168165
0.0344962176697
0.0407379657921
0.0424751351635
0.0365592862515
0.0390475328893
0.0342823590302
0.0379387183693
0.0352940886954
0.0352710542804
0.0367917026778
0.0365128330624
0.0371696192859
0.0353612894433
0.0415288358523
0.0419583737048
0.0415970900345
0.0419090521119
0.0373888196978
0.0384249600442
0.0346434799638
0.0374522747608
0.0349382060042
0.0363969089001
0.0371225414117
0.0357927628287
0.037033233217
0.0386920120496
0.0375232872445
0.0375159615265
0.0426123706303
0.0431854860993
0.0426177409911
0.0425657513999
0.0375035337327
0.0385570174761
0.0346420832181
0.0374304628242
0.037486847222
0.0385191169611
0.0375157354644
0.0367887726969
0.0352647162573
0.0359924424794
0.0339170182663
0.0370938566488
0.0389359723233
0.0403552862955
0.0370738219931
0.0362096656395
0.0334387025476
0.0356530103894
0.0368121834354
0.0378562843625
0.0337976613664
0.0365792204994
0.034920963678
0.0360271624311
0.036767314232
0.036341942545
0.0347503400811
0.0360466444813
0.0351577106765
0.0367218885897
0.0367672447421
0.0378022915
0.0366293390264
0.0337985004827
0.037053113369
0.0367612104424
0.0350113296438
0.0332227546512
0.0371970306979
0.037200136793
0.0390371903794
0.0416106028969
0.0427075859725
0.0428081189048
0.0437751222749
0.0359528437614
0.0415509041735
0.0428244681274
0.042796320672
0.0437528855124
0.0346183954934
0.0167897738393
0.0179519547039
0.0164363081142
0.0198124489443
0.0116307445718
0.0127390872032
0.0114203704817
0.0116322752531
0.0112848553732
0.0115088267105
0.0112940130416
0.0120138593693
0.0113192501708
0.012828833692
0.0120235813817
0.0114864611471
0.0119346577672
0.0131885267165
0.0117293965568
0.0125475416037
0.0180930632689
0.01953536735
0.017545656983
0.0203800153429
0.0200340468567
0.0182463100845
0.0176762878171
0.0172291283745
0.0185545471727
0.0183465456137
0.0180153895267
0.0201588907869
0.0178154041745
0.0182362921031
0.0228495608566
0.0199849665
0.0126700620598
0.017962302314
0.0187795598387
0.0198127606206
0.0199931626025
0.0189842875745
0.0192400872028
0.0169298906594
0.0226002448997
0.0221449015673
0.00933888837365
0.0222437907234
0.03456141119
0.0358261733364
0.0343386692898
0.0353047749597
0.0195734527159
0.0287946270062
0.0204292221874
0.0193253509554
0.00906285690575
0.00907311292329
0.0100665118678
0.00844583754436
0.0170416148514
0.0177983212274
0.0173782218726
0.0197327449454
0.0198395379798
0.0179624262902
0.0174010691804
0.0181153838139
0.0111905305955
0.0116685134497
0.0108551123385
0.0111658968615
0.0109913708017
0.0111883982923
0.0120305828905
0.0109270682472
0.0108141276179
0.0108290700741
0.0119417519745
0.0114601831363
0.0112118472862
0.0117882066535
0.0113571913258
0.0116078278495
0.00986332209737
0.0107247103491
0.0105433234633
0.00993961043252
0.00991896856938
0.00981063875464
0.0099251385222
0.0100122566245
0.00905504571947
0.00903894282589
0.0083478484855
0.00902437765128
0.00981365926719
0.00985868565415
0.00974630557222
0.0108668860468
0.0190393717978
0.0193678840042
0.019265712021
0.0198734772978
0.0206332997752
0.0191862525574
0.0192678064826
0.0204642081007
0.00902697692616
0.00907101435897
0.008416867815
0.0100799520871
0.0230647593181
0.0219620129894
0.0219612563024
0.0230529717705
0.0175650705132
0.017410031471
0.0175674092841
0.0193416609902
0.017586320839
0.0174556516047
0.0175737850841
0.0193895093102
0.0234200008441
0.0241887516708
0.0241365749474
0.0234650080178
0.0193063113043
0.0178922851494
0.0193390146202
0.0183840492266
0.0180941085694
0.0176739180595
0.0189492720509
0.0191646027392
0.0127152110607
0.0178221881013
0.0186858751815
0.0196746119562
0.0198240114077
0.0179708039472
0.0186588340576
0.0229647101257
0.0227643237867
0.0228906209789
0.0229218351134
0.0226725113063
0.017754128225
0.0182583275268
0.0184930563647
0.0199221195829
0.0201211402635
0.0181975319634
0.0192000620391
0.0230617973835
0.0222647832211
0.0224168420862
0.0234308890429
0.0243730455472
0.02226125732
0.0219629711961
0.0192618060185
0.0176654457291
0.0181293236143
0.0191038565708
0.00852980259034
0.00918159243027
0.0102691432418
0.0102714406632
0.0206607004711
0.0206361443235
0.0183076181369
0.0178008053602
0.0192321022181
0.0192291625243
0.0240397882756
0.0233014589566
0.0172589387029
0.0180500279021
0.0176821418637
0.0199289824758
0.0196651245007
0.0180240771671
0.0178034571556
0.0229567498381
0.0117149064605
0.0126584476706
0.012559966151
0.0114768233513
0.0220163974586
0.0233323543624
0.0228963562897
0.022687888481
0.019283328447
0.0176453126389
0.0188646156522
0.0170949070599
0.0127293661149
0.0181864870044
0.018722634086
0.0198533649422
0.0204390679266
0.0195488857058
0.0183119677918
0.0196466279383
0.0226479472042
0.0228300443088
0.0237833716046
0.0220387923686
0.0206517575425
0.0206490000557
0.0102473189703
0.00918381335865
0.010271565458
0.00854545512133
0.0215709086527
0.0212673857019
0.021865876946
0.022089577982
0.0127620522256
0.0178943204931
0.0184918037269
0.0195902316375
0.0196434153798
0.0179506535555
0.01810790065
0.0174611411697
0.0167283375943
0.0188777137471
0.0214854283667
0.0210544341502
0.0219388217219
0.0222819339325
0.0216624127113
0.0212190886691
0.0213676670114
0.0216422597699
0.0216926157648
0.0213727067935
0.0198017880659
0.0209155141155
