0.0979479926268
0.0979479926268
0.0979479926268
0.0979479926268
0.0978572394393
0.0978572394393
0.0978572394393
0.0978572394393
0.0892640956561
0.0892640956561
0.0892640956561
0.0892640956561
0.0980122419932
0.0980122419932
0.0980122419932
0.0980122419932
0.0891776728491
0.0891776728491
0.0891776728491
0.0891776728491
0.0978846564341
0.0978846564341
0.0978846564341
0.0978846564341
0.0892649325814
0.0892649325814
0.0892649325814
0.0892649325814
0.0979920545792
0.0979920545792
0.0979920545792
0.0979920545792
0.0891575344365
0.0891575344365
0.0891575344365
0.0891575344365
0.0979282510325
0.0979282510325
0.0979282510325
0.0979282510325
0.0892616638094
0.0892616638094
0.0892616638094
0.0892616638094
0.0979521858985
0.0979521858985
0.0979521858985
0.0979521858985
0.0891691491983
0.0891691491983
0.0891691491983
0.0891691491983
0.0978780096977
0.0978780096977
0.0978780096977
0.0978780096977
0.142168460991
0.142168460991
0.142168460991
0.142168460991
0.142306440039
0.142306440039
0.142306440039
0.142306440039
0.142168460991
0.142168460991
0.142168460991
0.142168460991
0.173642678036
0.173642678036
0.173642678036
0.173642678036
0.155363514632
0.155363514632
0.155363514632
0.155363514632
0.167027858572
0.167027858572
0.167027858572
0.167027858572
0.167027858572
0.167027858572
0.167027858572
0.167027858572
0.155363514632
0.155363514632
0.155363514632
0.155363514632
0.173642678036
0.173642678036
0.173642678036
0.173642678036
0.159122742451
0.159122742451
0.159122742451
0.159122742451
0.159122742451
0.159122742451
0.159122742451
0.159122742451
0.161688851499
0.161688851499
0.161688851499
0.161688851499
0.161625709948
0.161625709948
0.161625709948
0.161625709948
0.161625709948
0.161625709948
0.161625709948
0.161625709948
0.1617825
0.1617825
0.1617825
0.1617825
0.1617825
0.1617825
0.1617825
0.1617825
0.161625709948
0.161625709948
0.161625709948
0.161625709948
0.161625709948
0.161625709948
0.161625709948
0.161625709948
0.161688851499
0.161688851499
0.161688851499
0.161688851499
0.161688851499
0.161688851499
0.161688851499
0.161688851499
0.161688851499
0.161688851499
0.161688851499
0.161688851499
0.159122742451
0.159122742451
0.159122742451
0.159122742451
0.173642678036
0.173642678036
0.173642678036
0.173642678036
0.155363514632
0.155363514632
0.155363514632
0.155363514632
0.167027858572
0.167027858572
0.167027858572
0.167027858572
0.167027858572
0.167027858572
0.167027858572
0.167027858572
0.155363514632
0.155363514632
0.155363514632
0.155363514632
0.173642678036
0.173642678036
0.173642678036
0.173642678036
0.159122742451
0.159122742451
0.159122742451
0.159122742451
0.142119778004
0.142119778004
0.142119778004
0.142119778004
0.14225766236
0.14225766236
0.14225766236
0.14225766236
0.142119778004
0.142119778004
0.142119778004
0.142119778004
0.100778210907
0.100778210907
0.100778210907
0.100778210907
0.121140678225
0.121140678225
0.121140678225
0.121140678225
0.107197758695
0.107197758695
0.107197758695
0.107197758695
0.13835189545
0.13835189545
0.13835189545
0.13835189545
0.124650338905
0.124650338905
0.124650338905
0.124650338905
0.15562841033
0.15562841033
0.15562841033
0.15562841033
0.143443121119
0.143443121119
0.143443121119
0.143443121119
0.167533347697
0.167533347697
0.167533347697
0.167533347697
0.153555332003
0.153555332003
0.153555332003
0.153555332003
0.153555332003
0.153555332003
0.153555332003
0.153555332003
0.167533347697
0.167533347697
0.167533347697
0.167533347697
0.143443121119
0.143443121119
0.143443121119
0.143443121119
0.15562841033
0.15562841033
0.15562841033
0.15562841033
0.124650338905
0.124650338905
0.124650338905
0.124650338905
0.13835189545
0.13835189545
0.13835189545
0.13835189545
0.107197758695
0.107197758695
0.107197758695
0.107197758695
0.121140678225
0.121140678225
0.121140678225
0.121140678225
0.100778210907
0.100778210907
0.100778210907
0.100778210907
0.152977552046
0.152977552046
0.152977552046
0.152977552046
0.166503282483
0.166503282483
0.166503282483
0.166503282483
0.149888098529
0.149888098529
0.149888098529
0.149888098529
0.175391312355
0.175391312355
0.175391312355
0.175391312355
0.14794067768
0.14794067768
0.14794067768
0.14794067768
0.215806248125
0.215806248125
0.215806248125
0.215806248125
0.166654772815
0.166654772815
0.166654772815
0.166654772815
0.153032360818
0.153032360818
0.153032360818
0.153032360818
0.154613231116
0.154613231116
0.154613231116
0.154613231116
0.153032360818
0.153032360818
0.153032360818
0.153032360818
0.014641435568
0.014641435568
0.014641435568
0.014641435568
0.014641435568
0.014641435568
0.014641435568
0.014641435568
0.00732071778402
0.00732071778402
0.00732071778402
0.00732071778402
0.00732071778402
0.00732071778402
0.00732071778402
0.00732071778402
0.00732071778402
0.00732071778402
0.00732071778402
0.00732071778402
0.00732071778402
0.00732071778402
0.00732071778402
0.00732071778402
0.014641435568
0.014641435568
0.014641435568
0.014641435568
0.0445780087757
0.0445780087757
0.0445780087757
0.0445780087757
0.0445780087757
0.0445780087757
0.0445780087757
0.0445780087757
0.0291364727218
0.0291364727218
0.0291364727218
0.0291364727218
0.0145682363609
0.0145682363609
0.0145682363609
0.0145682363609
0.0145682363609
0.0145682363609
0.0145682363609
0.0145682363609
0.0145682363609
0.0145682363609
0.0145682363609
0.0145682363609
0.0145682363609
0.0145682363609
0.0145682363609
0.0145682363609
0.00732071778402
0.00732071778402
0.00732071778402
0.00732071778402
0.00732071778402
0.00732071778402
0.00732071778402
0.00732071778402
0.0446130002399
0.0446130002399
0.0446130002399
0.0446130002399
0.0446130002399
0.0446130002399
0.0446130002399
0.0446130002399
0.0765499722711
0.0765499722711
0.0765499722711
0.0765499722711
0.0416558447289
0.0416558447289
0.0416558447289
0.0416558447289
0.0416558447289
0.0416558447289
0.0416558447289
0.0416558447289
0.0208279223644
0.0208279223644
0.0208279223644
0.0208279223644
0.0208279223644
0.0208279223644
0.0208279223644
0.0208279223644
0.0208279223644
0.0208279223644
0.0208279223644
0.0208279223644
0.0208279223644
0.0208279223644
0.0208279223644
0.0208279223644
0.0145682363609
0.0145682363609
0.0145682363609
0.0145682363609
0.0145682363609
0.0145682363609
0.0145682363609
0.0145682363609
0.0145682363609
0.0145682363609
0.0145682363609
0.0145682363609
0.0145682363609
0.0145682363609
0.0145682363609
0.0145682363609
0.0291364727218
0.0291364727218
0.0291364727218
0.0291364727218
0.00732071778402
0.00732071778402
0.00732071778402
0.00732071778402
0.00732071778402
0.00732071778402
0.00732071778402
0.00732071778402
0.00732071778402
0.00732071778402
0.00732071778402
0.00732071778402
0.00732071778402
0.00732071778402
0.00732071778402
0.00732071778402
0.0750063677266
0.0750063677266
0.0750063677266
0.0750063677266
0.0750063677266
0.0750063677266
0.0750063677266
0.0750063677266
0.0721531605738
0.0721531605738
0.0721531605738
0.0721531605738
0.0721531605738
0.0721531605738
0.0721531605738
0.0721531605738
0.0363036823204
0.0363036823204
0.0363036823204
0.0363036823204
0.0363036823204
0.0363036823204
0.0363036823204
0.0363036823204
0.0363036823204
0.0363036823204
0.0363036823204
0.0363036823204
0.0363036823204
0.0363036823204
0.0363036823204
0.0363036823204
0.0347418625615
0.0347418625615
0.0347418625615
0.0347418625615
0.0347418625615
0.0347418625615
0.0347418625615
0.0347418625615
0.0347418625615
0.0347418625615
0.0347418625615
0.0347418625615
0.0347418625615
0.0347418625615
0.0347418625615
0.0347418625615
0.105599025557
0.105599025557
0.105599025557
0.105599025557
0.105599025557
0.105599025557
0.105599025557
0.105599025557
0.0145682363609
0.0145682363609
0.0145682363609
0.0145682363609
0.0145682363609
0.0145682363609
0.0145682363609
0.0145682363609
0.0382749861355
0.0382749861355
0.0382749861355
0.0382749861355
0.0382749861355
0.0382749861355
0.0382749861355
0.0382749861355
0.0145682363609
0.0145682363609
0.0145682363609
0.0145682363609
0.0145682363609
0.0145682363609
0.0145682363609
0.0145682363609
