0.113323983226
0.109503030397
0.146405462218
0.131191811748
0.146381609179
0.136546931868
0.178875714751
0.181362979721
0.137765936704
0.126603978314
0.15827951139
0.203331669411
0.151399819748
0.158676447163
0.197988286305
0.186052655377
0.161791407358
0.147775041037
0.162060742919
0.148224631349
0.203318825273
0.181797246972
0.161904377738
0.151399339099
0.206474105298
0.162830414582
0.129114592167
0.149455570704
0.19034382702
0.175835777376
0.139758558764
0.15324616076
0.19559333695
0.174988905518
0.137477141192
0.114695737876
0.107591926509
0.108077895008
0.108100659874
0.111628762241
0.111378318986
0.111369139005
0.162248389165
0.175696416879
0.150080180702
0.165902484626
0.178696621204
0.150749115723
0.165684558056
0.177781555469
0.149309119596
0.168014678677
0.167876230579
0.149752606788
0.148658708823
0.12509321002
0.14505012755
0.154481712926
0.114378311414
0.123604855513
0.122449890948
0.11916505662
0.158592615491
0.121030455656
0.12511185627
0.155194918065
0.122074800819
0.15729122137
0.115112819265
0.122106487052
0.125665164837
0.120974700263
0.121924603466
0.124029577378
0.149380790837
0.157261210509
0.119578976773
0.123337966666
0.118931831283
0.11943583625
0.156046331234
0.151615976717
0.148431757156
0.125617811912
0.155480308049
0.157003522456
0.194732970156
0.160357612578
0.120440982229
0.118553640429
0.125655100581
0.120710137888
0.12226170266
0.146811791118
0.15026436878
0.149086399865
0.186749261066
0.191440419257
0.151408351169
0.15329621625
0.14958719457
0.152676905085
0.1880698618
0.149963411756
0.120050969767
0.157837855882
0.153657794047
0.153248195734
0.146362559954
0.12073103438
0.117461063161
0.157936992637
0.155139502469
0.154891137799
0.193249438377
0.155155900812
0.144490253235
0.147508952946
0.113039341031
0.113787612976
0.119202981058
0.156522326155
0.157655173096
0.124874807495
0.124772378709
0.122639511504
0.123811375072
0.156108877247
0.154855841924
0.124031805357
0.121742396307
0.124448832529
0.122424477074
0.155676585051
0.154100976435
0.119102897794
0.119282194759
0.119371253643
0.119232147346
0.118427101342
0.155394225607
0.14870381425
0.121429120497
0.109006769139
0.116075685239
0.116396003375
0.122250724056
0.157650829362
0.193693096158
0.191585629829
0.151000726012
0.153048505554
0.150095348962
0.155157783878
0.191208643993
0.15138259279
0.117052996662
0.154422582587
0.148879320602
0.152059808232
0.147182305136
0.1258271034
0.150209083358
0.193913116568
0.150911979761
0.153387453496
0.161134097302
0.184532157526
0.113753741778
0.155929454588
0.126953922596
0.148819158696
0.125978598624
0.121443270978
0.156154940841
0.118318276745
0.119742042582
0.155289761514
0.150621070113
0.14796002105
0.126100125733
0.153817277271
0.143050135356
0.154216733883
0.144808299277
0.12195226505
0.123818128753
0.123088038124
0.126714019574
0.131218616577
0.119311248686
0.154177294123
0.14264639609
0.123766194488
0.125328647695
0.119461070673
0.159045336013
0.121471066035
0.12520501027
0.153513684833
0.120770759505
0.166582579223
0.11726452455
0.154834801343
0.170967079896
0.174794427177
0.150651890319
0.166103050584
0.178252679525
0.150276283945
0.172258835179
0.185893038613
0.1093162386
0.107805361876
0.108829645566
0.165960482482
0.175201003723
0.199542837161
0.202707576614
0.13239971027
0.13047893519
0.159016475664
0.27535179101
0.137513010878
0.104075421032
0.0985817970105
0.157967595523
0.131068789344
0.136967448749
0.188704892417
0.184913689987
0.165016482502
0.184287776368
0.150928860156
0.13975994522
0.154827924776
0.207973781638
0.183127378596
0.130339253
0.13513293455
0.130012050778
0.172229583588
0.141888921472
0.111981754732
0.116560285967
0.150868961919
0.249175424379
0.224188768898
0.18978204272
0.169853910563
0.224408370029
0.203091236495
0.172775473378
0.166735920984
0.102548370461
0.113175487367
0.105184509194
0.13487935579
0.113320076353
0.112495947617
0.114278857682
0.141045982804
0.111488688265
0.118246142519
0.157795002303
0.153647386108
0.197481004952
0.198468979676
0.155812060592
0.153628793905
0.153209609555
0.153651327539
0.15638999031
0.155937347315
0.197519742503
0.194954311527
0.152689928807
0.156954664262
0.119983599728
0.121438786107
0.1513506742
0.12086741917
0.117770879684
0.118620450442
0.112846965968
0.116598465217
0.116787344396
0.157343206851
0.152641741081
0.122529106794
0.120861078186
0.119710954014
0.159853831042
0.115932581228
0.120300254651
0.121121505995
0.119666375303
0.122431486754
0.145017002005
0.160270996099
0.119166092103
0.183292136559
0.149265435269
0.165416616631
0.149972233121
0.183764118321
0.199406056362
0.170307315174
0.137296423052
0.136570571991
0.132491815899
0.139657340857
0.110640717067
0.142472210684
0.131822412161
0.0966495818139
0.0939186132741
0.0878206903817
0.0678162178991
0.0902291450544
0.108303346819
0.110199843078
0.13213200943
0.143223161548
0.111668064922
0.139384973706
0.148087293438
0.146857365123
0.138986916631
0.17223132433
0.201785576643
0.128050645574
0.134307671264
0.127996109051
0.0478965032379
0.0344612596815
0.047378545512
0.0279876460321
0.0333811768382
0.0334796304098
0.0469184032505
0.0457084964161
0.0323643815646
0.0470863697816
0.051294595635
0.0715398566092
0.0487499974128
0.0719741429126
0.0869305586544
0.0487673413915
0.0577818977662
0.0360178072502
0.0598759092079
0.0636207093447
0.0744788479415
0.113750534311
0.0481209806691
0.0545280672245
0.0485821697309
0.0520017042771
0.0782710599108
0.0571404867757
0.0977539094518
0.0608669464606
0.0772049591879
0.0334475503922
0.0959483161384
0.0485351868314
0.034875282592
0.0194691304927
0.0239971127356
0.0237357727046
0.0248361323766
0.0306331022947
0.0268800069844
0.028065712079
0.0190510990677
0.0328484386879
0.0508210521986
0.0269790047641
0.024074778317
0.0249000070136
0.0454216950707
0.0627440565596
0.0492650236099
0.0448806878335
0.0506312728728
0.0354710707863
0.0464054449707
0.0294999167476
0.0216834491643
0.029368032041
0.0459849291208
0.0318415442122
0.0299004612196
0.033871091054
0.0732155828607
0.0552900296968
0.0825654197846
0.0744988959302
0.029296776142
0.0343589672195
0.0194808714976
0.0300791152031
0.0475796693083
0.0497286709699
0.0470695297018
0.0256612435154
