0.568274767206
0.534503327452
0.590038613332
0.510660828121
0.556957575151
0.545017062318
0.603172645285
0.528565891795
0.582789201144
0.526998038276
0.581546280447
0.514389516717
0.936684712958
0.942012772732
1.17403951692
1.00032311485
1.18995751191
1.05063907235
0.982049027542
1.01895347093
1.02282929595
1.20637059581
1.05558709607
0.987638251164
0.974636484663
0.798540993553
1.04790105656
1.25994880563
0.882747781432
0.753916015242
0.877541992999
0.679465927853
0.79698509829
1.38331214913
1.15001445495
1.58265701237
1.33936321356
1.24649649507
1.16308120748
1.08381020705
0.869732289055
1.00125701473
1.53773599688
0.658478962203
0.641406637236
1.04577831251
1.00615589182
1.12670103931
