0.12759376786
0.12759376786
0.12759376786
0.12759376786
0.127693958757
0.127693958757
0.127693958757
0.127693958757
0.116275593292
0.116275593292
0.116275593292
0.116275593292
0.127762158936
0.127762158936
0.127762158936
0.127762158936
0.116296081591
0.116296081591
0.116296081591
0.116296081591
0.127684188666
0.127684188666
0.127684188666
0.127684188666
0.11637405186
0.11637405186
0.11637405186
0.11637405186
0.127704947321
0.127704947321
0.127704947321
0.127704947321
0.116264604728
0.116264604728
0.116264604728
0.116264604728
0.127736902412
0.127736902412
0.127736902412
0.127736902412
0.116241743032
0.116241743032
0.116241743032
0.116241743032
0.237927775144
0.237927775144
0.237927775144
0.237927775144
0.237852416643
0.237852416643
0.237852416643
0.237852416643
0.303737400942
0.303737400942
0.303737400942
0.303737400942
0.25242533145
0.25242533145
0.25242533145
0.25242533145
0.29699475341
0.29699475341
0.29699475341
0.29699475341
0.26479459067
0.26479459067
0.26479459067
0.26479459067
0.254083460068
0.254083460068
0.254083460068
0.254083460068
0.258021131582
0.258021131582
0.258021131582
0.258021131582
0.25242533145
0.25242533145
0.25242533145
0.25242533145
0.29699475341
0.29699475341
0.29699475341
0.29699475341
0.26479459067
0.26479459067
0.26479459067
0.26479459067
0.254083460068
0.254083460068
0.254083460068
0.254083460068
0.249262298248
0.249262298248
0.249262298248
0.249262298248
0.200768517488
0.200768517488
0.200768517488
0.200768517488
0.26663357478
0.26663357478
0.26663357478
0.26663357478
0.325125269188
0.325125269188
0.325125269188
0.325125269188
0.221708972602
0.221708972602
0.221708972602
0.221708972602
0.189872335945
0.189872335945
0.189872335945
0.189872335945
0.220576778783
0.220576778783
0.220576778783
0.220576778783
0.169285513025
0.169285513025
0.169285513025
0.169285513025
0.200768517488
0.200768517488
0.200768517488
0.200768517488
0.358227163932
0.358227163932
0.358227163932
0.358227163932
0.288380551167
0.288380551167
0.288380551167
0.288380551167
0.417577917148
0.417577917148
0.417577917148
0.417577917148
0.3488482984
0.3488482984
0.3488482984
0.3488482984
0.322097490921
0.322097490921
0.322097490921
0.322097490921
0.299750266811
0.299750266811
0.299750266811
0.299750266811
0.281439487238
0.281439487238
0.281439487238
0.281439487238
0.162725749027
0.162725749027
0.162725749027
0.162725749027
0.159924571969
0.159924571969
0.159924571969
0.159924571969
0.27422223646
0.27422223646
0.27422223646
0.27422223646
0.270534440961
0.270534440961
0.270534440961
0.270534440961
0.303448485052
0.303448485052
0.303448485052
0.303448485052
0.0581924387896
0.0581924387896
0.0581924387896
0.0581924387896
0.0581924387896
0.0581924387896
0.0581924387896
0.0581924387896
0.114261082319
0.114261082319
0.114261082319
0.114261082319
0.114261082319
0.114261082319
0.114261082319
0.114261082319
0.206086572732
0.206086572732
0.206086572732
0.206086572732
0.206086572732
0.206086572732
0.206086572732
0.206086572732
0.032868889277
0.032868889277
0.032868889277
0.032868889277
0.0164344446385
0.0164344446385
0.0164344446385
0.0164344446385
0.0164344446385
0.0164344446385
0.0164344446385
0.0164344446385
0.032868889277
0.032868889277
0.032868889277
0.032868889277
0.032868889277
0.032868889277
0.032868889277
0.032868889277
0.032868889277
0.032868889277
0.032868889277
0.032868889277
0.0164344446385
0.0164344446385
0.0164344446385
0.0164344446385
0.0164344446385
0.0164344446385
0.0164344446385
0.0164344446385
0.00410861115963
0.00410861115963
0.00410861115963
0.00410861115963
0.00410861115963
0.00410861115963
0.00410861115963
0.00410861115963
0.00410861115963
0.00410861115963
0.00410861115963
0.00410861115963
0.00410861115963
0.00410861115963
0.00410861115963
0.00410861115963
0.00821722231925
0.00821722231925
0.00821722231925
0.00821722231925
0.00821722231925
0.00821722231925
0.00821722231925
0.00821722231925
0.0164344446385
0.0164344446385
0.0164344446385
0.0164344446385
0.0164344446385
0.0164344446385
0.0164344446385
0.0164344446385
