0.143470936544
0.191402979074
0.217057462863
0.264056165869
0.241640130853
0.222405389078
0.200023745476
0.26800456409
0.238267600936
0.214868366731
0.195986966297
0.195292791023
0.219528464296
0.243868626755
0.266357334114
0.215226459262
0.20910640216
0.275251873094
0.257413016505
0.23552264748
0.208511915129
0.276811814556
0.244689353982
0.264148651511
0.263831383258
0.26079726858
0.247589974401
0.208985290867
0.21637321711
0.280905379463
0.205962206337
0.255493406744
0.279808954829
0.238928981775
0.226933198332
0.270776463896
0.232367331972
0.257726051932
0.254423391415
0.324682504932
0.305802837738
0.25999659702
0.294611328784
0.318721838742
0.258925551136
0.317296427247
0.314777141707
0.304472295537
0.263019243311
0.312005486457
0.322375712262
0.319376107768
0.268923493832
0.258541004865
0.26596192515
0.258751654625
0.262495473424
0.216491967529
0.216163692659
0.277330517732
0.31171002604
0.261347923446
0.31846581674
0.315594793218
0.324609392871
0.321299253522
0.263440891918
0.227975107642
0.319185388371
0.31325459309
0.320575924801
0.314298618385
0.316740496907
0.261514674092
0.259968395648
0.278471803747
0.259324156307
0.216314813066
0.263922052637
0.26061597107
0.265751351615
0.262942031091
0.311371067684
0.319882718884
0.308716046444
0.262754266097
0.298234103868
0.321234579419
0.259231936215
0.314429936049
0.314274841779
0.300169022339
0.263100765363
0.303936547213
0.245375821565
0.27503363644
0.205582336517
0.254811142283
0.280195445999
0.239122877731
0.229897081474
0.272829850813
0.262732941828
0.266940436189
0.267151919465
0.273633310005
0.24152383129
0.290036782471
0.367423399434
0.394835965765
0.272519785043
0.251100463625
0.315393107607
0.325689621293
0.313840645178
0.313526794769
0.251929359926
0.20567321759
0.150735830282
0.168029932521
0.230996920358
0.330635045109
0.401401278938
0.362539241237
0.312730423261
0.325322681008
0.332852004574
0.252892873215
0.264796301044
0.286973822962
0.309558527463
0.232534939622
0.279352462986
0.24275948407
0.25250022536
0.29363899795
0.29176816705
0.264273881256
0.256154461685
0.311669998177
0.302063238032
0.2666508639
0.260121903436
0.305967916233
0.253691065896
0.329064622856
0.310697917785
0.25778875379
0.355206977809
0.316426860894
0.254414671726
0.312115970763
0.266885621087
0.2707419844
0.19794735267
0.158906718281
0.100913878939
0.237466952858
0.152765949072
0.19459054004
0.380786480825
0.233151134633
0.294528349776
0.23291583097
0.0558136115644
0.0864861534759
0.147445633691
0.130451923565
0.188057153423
0.190389473037
0.140685126512
0.116110347216
0.0492318902249
0.044136785864
0.0461462744623
0.0646028752244
0.0586919035478
0.0505063823565
0.0546819723268
0.149999831594
0.110497141315
0.110522184637
0.0486554519559
0.0556908049401
0.0782759930762
0.0768839922355
0.066557611403
0.0564883029553
0.070986522381
0.0482459880507
0.0498154799189
0.0346886518439
0.0218882077557
0.0189863230322
0.0315883126223
0.0213024385616
0.05566808813
0.0612092010318
0.0589417240264
0.0628788951525
0.0435086281295
0.0519146896901
0.0828905006126
0.0610676075797
0.0445979023989
0.0533029117757
0.110670692094
0.101933769428
0.0455837015333
0.0618160954061
0.0713114894139
0.0498229933136
0.159266943334
0.133358366192
0.0442294750993
0.0330286694662
0.0470870959669
0.0532696295285
0.0524868260597
0.0596416114761
0.0206393365096
0.0709966697889
0.0864139923087
0.227801992345
0.122783792408
0.132950678572
0.143499582413
0.115801404764
0.10599671757
0.265515377889
0.191167187072
0.0308656972571
0.047035624045
0.0271605088004
0.0319221502867
0.0449885141705
0.0287166674611
0.0266612549027
0.0196504198691
0.0187059384126
0.0249673400373
0.0183247444706
0.039524607176
0.0443162371723
0.0403679711243
0.0512376319635
0.0151638368104
0.0165778051111
0.0374195648758
0.0402425731317
0.0312817609001
0.0245252563827
0.142639756304
0.0485826356031
0.0273661753527
0.0430443283189
0.0317922366806
0.0398276580032
0.0405244977152
0.0446732282897
0.0444143512998
0.0304589971509
0.0341246482499
0.0278477321153
0.0720973736017
0.0903030941638
0.0135730222182
0.0181833795593
0.0296380436668
0.0323249268019
0.0276378878044
0.032270873329
