0.034825036252
0.034825036252
0.034825036252
0.0413490336405
0.0348250362519
0.0348250362519
0.034825036252
0.034825036252
0.0348250362521
0.0348250362521
0.034825036252
0.034825036252
0.0206745168204
0.0103372584102
0.0103372584102
0.0103372584102
0.0103372584102
0.0206745168204
0.017412518126
0.017412518126
0.017412518126
0.0174125181259
0.0174125181259
0.017412518126
0.0174125181259
0.017412518126
0.017412518126
0.017412518126
0.0174125181259
0.0174125181259
0.0174125181259
0.017412518126
0.0174125181259
0.0174125181259
0.017412518126
0.017412518126
0.017412518126
0.0206745168204
0.0103372584102
0.0103372584102
0.0103372584102
0.017412518126
0.017412518126
0.017412518126
0.0174125181259
0.017412518126
0.0174125181259
0.0174125181259
0.0174125181259
0.0348250362519
0.0348250362519
0.034825036252
0.0413490336406
0.0413490336407
0.0413490336406
0.0413490336408
0.0348250362521
0.0348250362521
0.034825036252
0.034825036252
0.034825036252
0.034825036252
0.0348250362519
0.0413490336405
0.0413490336403
0.0413490336405
0.0413490336405
0.0348250362519
0.034825036252
0.0696500725039
0.034825036252
0.034825036252
0.034825036252
0.0348250362519
0.0413490336406
0.0413490336408
0.0348250362521
0.034825036252
0.0696500725039
0.0696500725037
0.017412518126
0.017412518126
0.017412518126
0.0174125181259
0.017412518126
0.017412518126
0.017412518126
0.0103372584101
0.0103372584102
0.0103372584102
0.0103372584102
0.0103372584102
0.0103372584102
0.0103372584102
0.0103372584102
0.0103372584102
0.0103372584102
0.0103372584102
0.00870625906294
0.00870625906294
0.00870625906294
0.008706259063
0.00870625906294
0.00870625906302
0.00870625906302
0.00870625906301
0.00870625906295
0.00870625906301
0.00870625906295
0.00870625906299
0.00870625906299
0.008706259063
0.00870625906301
0.0103372584102
0.0103372584102
0.0103372584102
0.0103372584102
0.0103372584102
0.0103372584102
0.0103372584102
0.0103372584102
0.0103372584102
0.0103372584101
0.0103372584102
0.0206745168203
0.00870625906301
0.00870625906299
0.008706259063
0.00870625906299
0.00870625906302
0.00870625906302
0.00870625906294
0.00870625906301
0.00870625906295
0.00870625906295
0.00870625906301
0.00870625906294
0.008706259063
0.00870625906294
0.00870625906294
0.00870625906294
0.017412518126
0.00870625906302
0.00870625906302
0.00870625906302
0.00870625906302
0.017412518126
0.0174125181259
0.017412518126
0.0174125181259
0.0103372584101
0.0103372584102
0.0103372584102
0.0103372584102
0.0174125181259
0.017412518126
0.017412518126
0.017412518126
0.017412518126
0.017412518126
0.017412518126
0.0174125181259
0.0174125181259
0.0174125181259
0.0348250362519
0.0348250362519
0.0348250362519
0.034825036252
0.0174125181259
0.017412518126
0.0174125181259
0.017412518126
0.017412518126
0.0206745168204
0.017412518126
0.017412518126
0.0174125181259
0.0103372584101
0.0103372584101
0.0103372584101
0.0103372584101
0.01033725841
0.01033725841
0.01033725841
0.0103372584101
0.0103372584101
0.0103372584101
0.0103372584101
0.008706259063
0.008706259063
0.0206745168202
0.0206745168201
0.0206745168203
0.0206745168201
0.0413490336406
0.017412518126
0.017412518126
0.0206745168203
0.0206745168203
0.01033725841
0.01033725841
0.01033725841
0.01033725841
0.0103372584101
0.0103372584101
0.0103372584101
0.0103372584101
0.0103372584101
0.0103372584101
0.0103372584101
0.0103372584101
0.034825036252
0.008706259063
0.008706259063
0.008706259063
0.008706259063
0.00870625906299
0.00870625906295
0.00870625906295
0.008706259063
0.00870625906303
0.00870625906303
0.008706259063
0.00870625906299
0.008706259063
0.00870625906299
0.00870625906302
0.00870625906302
0.00870625906294
0.00870625906301
0.00870625906295
0.00870625906295
0.008706259063
0.00870625906294
0.00870625906294
0.00435312953148
0.00435312953151
0.00435312953151
0.00435312953151
0.00435312953151
0.00435312953151
0.00435312953151
0.00435312953151
0.00435312953151
0.00435312953151
0.00435312953151
0.00435312953151
0.00870625906302
0.017412518126
0.017412518126
0.0103372584102
0.0103372584102
0.0174125181259
0.0174125181259
0.017412518126
0.0174125181259
0.0103372584101
0.0103372584102
0.00516862920509
0.00516862920509
0.00516862920509
0.00516862920509
0.0103372584102
0.0103372584102
0.0103372584102
0.0103372584101
0.0103372584102
0.0103372584102
0.00516862920509
0.00516862920509
0.00870625906307
0.00870625906302
0.008706259063
0.00870625906299
0.008706259063
0.008706259063
0.008706259063
0.008706259063
0.00870625906295
0.00870625906295
0.0043531295315
0.0043531295315
0.0043531295315
0.0043531295315
0.00870625906307
0.008706259063
0.00435312953153
0.00435312953153
0.00435312953153
0.0043531295315
0.0043531295315
0.0043531295315
0.0043531295315
0.0043531295315
0.0043531295315
0.00435312953149
0.00435312953149
0.00435312953145
0.034825036252
0.034825036252
0.0348250362519
0.034825036252
0.0174125181259
0.017412518126
0.0206745168201
0.0206745168201
0.0103372584101
0.0103372584101
0.0103372584101
0.0103372584101
0.0206745168202
0.0206745168202
0.034825036252
0.034825036252
0.017412518126
0.0174125181259
0.017412518126
0.0174125181259
0.0103372584102
0.0103372584102
0.0103372584102
0.0103372584102
0.0103372584102
0.0103372584102
0.0103372584101
0.0103372584102
0.0174125181259
0.017412518126
0.017412518126
0.017412518126
0.0174125181259
0.0174125181259
0.0174125181259
0.0174125181259
0.017412518126
0.0174125181259
0.0103372584102
0.0103372584102
0.0103372584102
0.0103372584102
0.0103372584102
0.0103372584102
0.0103372584102
0.0103372584102
0.0103372584102
0.0103372584102
0.0103372584101
0.0103372584102
0.0103372584102
0.0103372584102
0.0103372584102
0.0103372584101
0.00870625906301
0.00870625906299
0.008706259063
0.00870625906299
0.00870625906302
0.00870625906302
0.00870625906294
0.00870625906301
0.00870625906295
0.00870625906295
0.00870625906301
0.00870625906294
0.008706259063
0.00870625906294
0.00870625906294
0.00870625906294
0.00870625906296
0.00870625906302
0.00870625906302
0.00870625906302
0.00870625906302
0.00870625906302
0.00870625906302
0.00870625906302
0.00870625906302
0.00870625906302
0.00870625906296
0.00870625906302
0.017412518126
0.017412518126
0.00870625906299
0.00870625906299
0.00870625906299
0.008706259063
0.00870625906295
0.00870625906295
0.00870625906299
0.008706259063
0.008706259063
0.00870625906303
0.00870625906297
0.00870625906303
0.008706259063
0.008706259063
0.008706259063
0.008706259063
0.00870625906297
0.00870625906303
0.00870625906303
0.008706259063
0.00870625906299
0.00870625906295
0.008706259063
0.00870625906295
0.008706259063
0.008706259063
0.008706259063
0.008706259063
0.017412518126
0.017412518126
0.00870625906302
0.00870625906302
0.00870625906302
0.00870625906302
0.00870625906302
0.00870625906302
0.00870625906302
0.00870625906302
0.00870625906302
0.00870625906302
0.00870625906296
0.00870625906302
0.00870625906302
0.00870625906302
0.00870625906302
0.00870625906296
0.0103372584101
0.0103372584102
0.0103372584102
0.0103372584102
0.0103372584102
0.0103372584102
0.0103372584102
0.0103372584102
0.0103372584102
0.0103372584102
0.0103372584102
0.0103372584102
0.0103372584102
0.0103372584102
0.0103372584102
0.0103372584101
0.00870625906294
0.00870625906302
0.00870625906302
0.00870625906301
0.00870625906294
0.00870625906295
0.00870625906301
0.00870625906295
0.00870625906299
0.00870625906299
0.008706259063
0.00870625906301
0.00870625906294
0.00870625906294
0.008706259063
0.00870625906294
0.00870625906301
0.00870625906302
0.00870625906302
0.00870625906294
0.00870625906299
0.00870625906299
0.008706259063
0.00870625906294
0.00870625906295
0.00870625906295
0.00870625906301
0.00870625906303
0.00870625906303
0.008706259063
0.00870625906297
0.017412518126
0.0174125181261
0.017412518126
0.017412518126
0.0413490336407
0.0413490336406
0.017412518126
0.017412518126
0.017412518126
0.017412518126
0.0174125181259
0.0174125181259
0.0174125181259
0.017412518126
0.00870625906299
0.00870625906299
0.008706259063
0.00870625906299
0.008706259063
0.00870625906295
0.00870625906299
0.00870625906295
0.017412518126
0.017412518126
0.0348250362519
0.034825036252
0.00870625906296
0.00870625906302
0.00870625906302
0.00870625906302
0.00870625906294
0.00870625906294
0.0206745168202
0.0206745168202
0.0206745168202
0.0206745168202
0.0206745168202
0.0206745168202
0.0206745168202
0.02067451682
0.00870625906295
0.00870625906299
0.00870625906295
0.00870625906295
0.0174125181259
0.0103372584101
0.0103372584102
0.017412518126
0.0174125181259
0.017412518126
0.017412518126
0.017412518126
0.017412518126
0.017412518126
0.017412518126
0.0103372584102
0.0103372584102
0.0103372584102
0.0103372584102
0.017412518126
0.00870625906302
0.00870625906301
0.017412518126
0.0174125181259
0.017412518126
0.017412518126
0.00870625906294
0.00870625906294
0.00870625906294
0.008706259063
0.00516862920505
0.005168629205
0.0103372584101
0.0103372584101
0.00516862920505
0.00516862920502
0.00516862920502
0.00516862920508
0.0043531295315
0.0043531295315
0.0043531295315
0.0043531295315
0.00435312953149
0.00435312953145
0.0043531295315
0.00435312953145
0.00435312953149
0.0043531295315
0.0043531295315
0.0043531295315
0.0043531295315
0.0043531295315
0.0043531295315
0.00435312953148
0.00435312953151
0.00435312953151
0.0043531295315
0.00435312953149
0.017412518126
0.0206745168202
0.0206745168202
0.00870625906304
0.00870625906303
0.00870625906297
0.00870625906299
0.00870625906299
0.008706259063
0.00870625906299
0.00870625906299
0.0043531295315
0.0043531295315
0.00435312953147
0.00435312953147
0.00870625906302
0.00870625906302
0.00870625906302
0.00870625906302
0.0413490336406
0.0413490336407
0.0413490336408
0.0413490336406
0.00870625906294
0.00870625906294
0.008706259063
0.00870625906294
0.00870625906301
0.00870625906302
0.00870625906302
0.00870625906294
0.00870625906294
0.00870625906295
0.00870625906295
0.00870625906301
0.00870625906301
0.00870625906295
0.00870625906295
0.00870625906294
0.00870625906302
0.00870625906302
0.00870625906301
0.00870625906294
0.00870625906294
0.00870625906294
0.008706259063
0.00870625906294
0.00870625906299
0.00870625906299
0.008706259063
0.00870625906299
0.008706259063
0.00870625906295
0.00870625906299
0.00870625906295
0.008706259063
0.008706259063
0.008706259063
0.008706259063
0.008706259063
0.00870625906303
0.00870625906303
0.00870625906297
0.0103372584101
0.0103372584101
0.0103372584101
0.0103372584101
0.01033725841
0.01033725841
0.01033725841
0.01033725841
0.0103372584101
0.0103372584101
0.0103372584101
0.0103372584101
0.00870625906297
0.00870625906303
0.008706259063
0.00870625906303
0.00870625906295
0.00870625906295
0.008706259063
0.00870625906299
0.00870625906299
0.00870625906299
0.00870625906299
0.008706259063
0.008706259063
0.008706259063
0.008706259063
0.008706259063
0.00870625906302
0.00870625906302
0.00870625906302
0.00870625906302
0.00870625906302
0.00870625906302
0.00870625906302
0.00870625906302
0.00870625906302
0.00870625906302
0.00870625906302
0.00870625906296
0.017412518126
0.017412518126
0.017412518126
0.0174125181259
0.008706259063
0.00870625906299
0.00870625906299
0.00870625906299
0.017412518126
0.0174125181259
0.0174125181259
0.0174125181259
0.017412518126
0.0174125181259
0.0413490336406
0.0413490336407
0.017412518126
0.017412518126
0.0103372584101
0.0103372584102
0.0174125181259
0.0174125181259
0.017412518126
0.017412518126
0.017412518126
0.0174125181259
0.017412518126
0.017412518126
0.017412518126
0.0174125181259
0.0174125181259
0.0174125181259
0.017412518126
0.017412518126
0.017412518126
0.017412518126
0.0348250362519
0.0348250362519
0.0174125181259
0.017412518126
0.0174125181259
0.017412518126
0.00870625906294
0.00870625906294
0.00870625906294
0.008706259063
0.017412518126
0.017412518126
0.0103372584101
0.0103372584102
0.0103372584102
0.0103372584102
0.0206745168204
0.0206745168204
0.00870625906296
0.00870625906302
0.00870625906302
0.00870625906302
0.017412518126
0.017412518126
0.017412518126
0.017412518126
0.00870625906295
0.00870625906295
0.00870625906299
0.008706259063
0.008706259063
0.00870625906303
0.00870625906297
0.00870625906303
0.008706259063
0.008706259063
0.008706259063
0.008706259063
0.0103372584101
0.0103372584101
0.0103372584101
0.0103372584101
0.01033725841
0.01033725841
0.01033725841
0.01033725841
0.0103372584101
0.0103372584101
0.0103372584101
0.0103372584101
0.0103372584101
0.0103372584101
0.0103372584101
0.0103372584101
0.008706259063
0.008706259063
0.008706259063
0.008706259063
0.008706259063
0.00870625906295
0.00870625906295
0.00870625906299
0.017412518126
0.017412518126
0.00870625906303
0.00870625906303
0.008706259063
0.00870625906297
0.00870625906297
0.00870625906303
0.00870625906303
0.008706259063
0.00870625906299
0.00870625906295
0.008706259063
0.00870625906295
0.008706259063
0.008706259063
0.008706259063
0.008706259063
0.017412518126
0.017412518126
0.00870625906301
0.00870625906295
0.00870625906295
0.00870625906294
0.00870625906302
0.00870625906302
0.00870625906301
0.00870625906294
0.008706259063
0.00870625906299
0.00870625906301
0.00870625906299
0.00870625906294
0.00870625906294
0.008706259063
0.00870625906294
0.00870625906296
0.00870625906302
0.00870625906302
0.00870625906302
0.00870625906302
0.00870625906302
0.00870625906302
0.00870625906302
0.00870625906302
0.00870625906302
0.00870625906296
0.00870625906302
0.00870625906302
0.00870625906302
0.00870625906302
0.00870625906302
0.00870625906299
0.00870625906299
0.00870625906296
0.008706259063
0.00435312953148
0.00435312953149
0.0043531295315
0.00435312953149
0.00870625906293
0.008706259063
0.00870625906294
0.008706259063
0.00516862920509
0.00516862920509
0.0103372584102
0.0103372584102
0.00435312953147
0.00435312953147
0.0043531295315
0.0043531295315
0.0043531295315
0.0043531295315
0.008706259063
0.00870625906301
0.00870625906301
0.008706259063
0.0043531295315
0.0043531295315
0.0043531295315
0.0043531295315
0.00516862920509
0.00516862920509
0.0103372584102
0.0103372584102
0.00870625906302
0.00870625906302
0.0103372584102
0.0103372584101
0.0103372584101
0.01033725841
0.00870625906302
0.00870625906296
0.00870625906302
0.00870625906302
0.008706259063
0.00870625906293
0.00870625906299
0.00870625906299
0.00870625906294
0.00870625906294
0.00870625906294
0.008706259063
0.00870625906301
0.00870625906301
0.0103372584101
0.0103372584102
0.00870625906296
0.00870625906302
0.00870625906302
0.00870625906302
0.00870625906301
0.00870625906301
0.00870625906299
0.00870625906299
0.0174125181259
0.017412518126
0.00435312953145
0.00435312953149
0.00516862920511
0.00516862920509
0.00516862920509
0.00516862920509
0.0051686292051
0.00516862920511
0.00516862920511
0.00516862920509
0.0103372584102
0.0103372584102
0.00516862920509
0.00516862920512
0.00516862920509
0.00516862920512
0.0103372584102
0.0103372584102
0.00516862920508
0.00516862920508
0.00516862920508
0.00516862920508
0.00516862920509
0.00516862920509
0.00516862920506
0.00516862920509
0.00516862920507
0.00516862920507
0.00516862920509
0.00516862920506
0.0043531295315
0.00435312953151
0.00435312953144
0.00435312953147
0.00435312953151
0.00435312953151
0.00435312953151
0.00435312953151
0.00870625906302
0.00870625906301
0.00870625906301
0.00870625906293
0.00435312953157
0.00435312953157
0.00435312953151
0.0043531295315
0.00870625906302
0.00870625906302
0.00870625906301
0.00870625906301
