0.0824877375602
0.0929185319998
0.0826856140555
0.0807559258191
0.116896430168
0.122130250435
0.13284480266
0.165080068272
0.167879181154
0.124863146627
0.132878566488
0.121719439097
0.117639581401
0.127870078514
0.111181536748
0.093660180893
0.115977694127
0.116132098071
0.125716150941
0.129892214534
0.129824635427
0.126169802834
0.116052547909
0.109918777505
0.0889672957849
0.0986548114677
0.120516599474
0.122018304009
0.131828535678
0.126740781477
0.127108304352
0.136076299664
0.135618016109
0.125401612777
0.123436723257
0.114611617157
0.0935185245233
0.101391512237
0.0964138996081
0.105536720334
0.105474336407
0.105435907698
0.105315354275
0.105367701176
0.105860744725
0.123282683196
0.109403348932
0.111068245692
0.123269514529
0.10395095215
0.1101774468
0.126016172391
0.109977561782
0.108653680239
0.12659193885
0.105374169543
0.107500296404
0.125651001443
0.112082564782
0.110694725939
0.111715218054
0.100751733532
0.109594428028
0.0935453871523
0.108982867568
0.113836741738
0.109354777816
0.102050596211
0.0947739614282
0.109451735228
0.105828113558
0.10303687371
0.107237027888
0.0971421165362
0.107140129274
0.106446572828
0.114410689621
0.110117257083
0.105220456239
0.0970917974008
0.0893267321466
0.0940842986044
0.0776829887092
0.0844944817979
0.0810696617083
0.0943533254432
0.0912784259025
0.0944897731608
0.100894021747
0.0979413306023
0.0943364495612
0.0891130464713
0.0855073928563
0.0728389799997
0.0867278256555
0.0920428008648
0.0999148115281
0.0954263259904
0.0888300362942
0.0874642615468
0.0997235432398
0.0959013677414
0.0937280749096
0.110570206118
0.108600729315
0.10647234875
0.102736073485
0.0953219844809
0.085167860914
0.0975588740535
0.0982939084687
0.102994199676
0.10523683905
0.103456950987
0.107806784458
0.117282738897
0.107454423227
0.0951664755643
0.110307851487
0.103016135179
0.0944685381499
0.105721556834
0.10607882347
0.106658708653
0.102329107164
0.108039289676
0.0989173311446
0.113013892652
0.112277391949
0.112471856094
0.109155827084
0.107008335809
0.114886568321
0.113737335224
0.106783156643
0.115020088216
0.0962059375587
0.116665240353
0.115265247884
0.109442354396
0.117961453634
0.095815798037
0.115448485432
0.103307354965
0.0926243243532
0.0940166533543
0.0892127861172
0.111822455245
0.108129721957
0.111237861186
0.111873775226
0.112116952726
0.113859485255
0.115250422057
0.118243246056
0.10916535961
0.103939189586
0.106262212228
0.112134209984
0.116488508217
0.119741686526
0.118195390631
0.119087640813
0.122201588085
0.124025694277
0.11857299493
0.108898026508
0.101265233778
0.103015833525
0.0964412586243
0.0964618652507
0.115533652172
0.116315642598
0.115353453221
0.120966113955
0.118183548949
0.119678951649
0.120896036839
0.121446984116
0.122032056978
0.12416696959
0.135536755055
0.126084105966
0.109265196378
0.104830336511
0.105328452018
0.105605675589
0.118586529602
0.119275913775
0.116198610542
0.115774097306
0.107182681737
0.114057611051
0.0983295829953
0.11884549251
0.116505808713
0.105508050315
0.121165354354
0.0904260981143
0.106744407372
0.105682516288
0.104055307138
0.107928250527
0.0906517216278
0.113858383032
0.108955122884
0.112442977364
0.112768656405
0.114624601719
0.114780490579
0.123111773462
0.103401722843
0.115258923292
0.105056745234
0.108705097672
0.108725974934
0.10805075196
0.105331294033
0.101837195051
0.0960464179052
0.0850902098395
0.0960327974599
0.0964497522464
0.101996718932
0.104259632142
0.101695579214
0.105226549123
0.115870034677
0.106312220862
0.0928220284347
0.108616200805
0.101473938762
0.0937862205918
0.104629666896
0.106269822637
0.104915415234
0.113421537364
0.0999013623845
0.107335693578
0.105390201893
0.0915346510801
0.095349613329
0.0894400937983
0.0941563688631
0.0781081674704
0.0848669665201
0.080578418207
0.0933902390111
0.0903105384731
0.0936039283086
0.101071523259
0.0988281012076
0.0951270383985
0.0896692145233
0.0854713864271
0.0721125645324
0.0860442406096
0.0926455612344
0.106807632335
0.104598218136
0.0894983100352
0.0887188567787
0.104913806327
0.111869737103
0.102845836997
0.111018658662
0.0953464941006
0.110153661814
0.116041428214
0.111515740429
0.103658485038
0.0965739226669
0.11010296949
0.107745590304
0.1043493627
0.107195635465
0.101114642368
0.0993876506231
0.107394125482
0.0993611217827
0.108990844504
0.121252619779
0.108551929435
0.110166057599
0.122321373462
0.102907738132
0.108922693596
0.124179426191
0.107941728863
0.0953789851488
0.110119669502
0.112396918819
0.102726772351
0.104615869149
0.104295743918
0.104103872465
0.100052238685
0.103341922416
0.10049367098
0.11387994386
0.0989626054783
0.0867826769895
0.0986911160771
0.116595568906
0.0956162224413
0.107666804988
0.10450827779
0.116354497217
0.129344640895
0.100646614257
0.102285500888
0.115079562783
0.145558389523
0.145160653229
0.138695234606
0.132283871687
0.128509869097
0.10594357225
0.0798506564151
0.0763802420292
0.0906947026225
0.121635964761
0.0939212409071
0.0971219641456
0.098363857376
0.110328742533
0.105177938223
0.0638025008376
0.0878888960177
0.131945760335
0.127761394538
0.111263250376
0.102814246221
0.123039030439
0.115550190158
0.10438605656
0.126577931307
0.108093178519
0.123604737223
0.118102953043
0.104556298525
0.0857851437595
0.0992500008003
0.0901218064277
0.0778349810685
0.0817493851044
0.0932646786385
0.0911433575771
0.0613172327987
0.0925925628864
0.112984476392
0.0997094532837
0.0709345323511
0.0906906978684
0.0945718402594
0.1256284609
0.126935440482
0.112378280442
0.129487629204
0.123851216835
0.115153328846
0.116099576316
0.116450541357
0.114120811431
0.11091455294
0.112322499341
0.109927636607
0.114922245284
0.0945219552318
0.117886343505
0.115492227359
0.117422920996
0.112817549973
0.10336209817
0.122754102403
0.11375034563
0.116126837295
0.111007326693
0.109594197006
0.109463455198
0.114314350109
0.115863545091
0.110341801142
0.117085028517
0.0945363327635
0.117556147368
0.115384603676
0.120110354741
0.113763808691
0.0994554714364
0.121518239127
0.114993630117
0.125790145616
0.119355232363
0.11615410964
0.117754343213
0.109680784814
0.113837258289
0.111942316299
0.117768359278
0.113935903421
0.121541139571
0.11735871218
0.12355752417
0.122581740653
0.112230098573
0.120210594019
0.120954814178
0.119136412278
0.120088050485
0.10869929477
0.127119352925
0.122090939717
0.118896676432
0.11437917814
0.132171730009
0.117713523804
0.117940052532
0.132458770465
0.127778149945
0.110756068771
0.117153548423
0.111967025342
0.134493726298
0.110446263301
0.0942672529062
0.0988148629107
0.113524432942
0.111726281936
0.109614998501
0.0990301648343
0.100115843532
0.0755235708221
0.0854525995446
0.084189989121
0.0919700080115
0.0830663270337
0.104392936965
0.135450865388
0.155953880911
0.136705127708
0.11518909003
0.0898810396849
0.10932901184
0.10286665219
0.109374515867
0.103351056928
0.122354102378
0.133149017002
0.117017312075
0.136982257325
0.116771183487
0.0365071812994
0.0343302612486
0.0471252916678
0.0276096914664
0.0282202189283
0.031166190799
0.0298061099197
0.0586555164401
0.0508381372472
0.100878879084
0.0613184506086
0.0647299950578
0.0613557510884
0.0449550315247
0.0135555449766
0.0319517640638
0.0210209761143
0.0311569644777
0.0209617529473
0.054878612012
0.0552063992997
0.0521873933731
0.0962660878167
0.0693604788377
0.0678867255528
0.0386629680676
0.042435027281
0.0386477519119
0.0440112433422
0.0722124091266
0.0672104993717
0.053616080287
0.0411504579217
0.0374378356743
0.0297078126025
0.0538468132441
0.075490357099
0.0428842216806
0.0242634046991
0.0466070484983
0.05141275287
0.0564032088336
0.0350622606511
0.0332507128284
0.0329569102474
0.0403986397366
0.0593958035407
0.0567412476995
0.0276024847563
0.0287503288053
0.0348853290037
0.0349967120496
0.027421279619
0.0262514465949
0.0167654513834
0.0361384562615
0.0331078776214
0.0208686602806
0.0190701843137
0.0277274779453
0.0280762726936
0.0183424730688
0.0240301888497
0.0231435307057
0.0375073478809
0.0171548119678
0.013588183301
0.0102641569137
0.0125272107466
0.0213670476657
0.0274613231567
0.0096496678399
0.0121094055994
0.0233072603873
0.00999763619008
0.0108131721859
0.0144463510565
0.0177332814712
0.0680060595984
0.0192524910497
0.0109059482524
0.0188633049778
0.0239779088304
0.0273339615661
0.0287015581637
0.0261587917056
0.0198695280743
0.0297681875064
0.0219180122364
0.0307141876317
0.0252906483543
0.0206221766799
0.0346376707385
0.0313928089219
