0.118674752004
0.139320130832
0.147215048991
0.135936617805
0.148548259262
0.137085897157
0.178757727245
0.181297676769
0.137775077271
0.126670055738
0.158281766213
0.203332488419
0.151399950887
0.15867638706
0.197988267795
0.186052637867
0.161791434136
0.147775045896
0.162060745686
0.14822463455
0.203318825273
0.181797246972
0.161904377738
0.151399339099
0.206474105298
0.162830414582
0.129114592167
0.149455570704
0.190353120015
0.175945956654
0.139765273496
0.153473555063
0.196296082398
0.1718104647
0.136368660928
0.120025659662
0.107591244792
0.108076940152
0.108098434701
0.111660975768
0.111473156314
0.111366434427
0.162250896815
0.175697350099
0.150081016836
0.165903303503
0.178697510628
0.150749576109
0.165676876037
0.177806355466
0.149340028634
0.167940491237
0.167911935037
0.149771819495
0.148660347997
0.125092859377
0.145049967202
0.15448154569
0.114378345268
0.123604877946
0.122450095735
0.119165272555
0.158592692947
0.1210303918
0.125111773034
0.15519448596
0.122074984767
0.157332590466
0.11511715033
0.122167028616
0.125622151059
0.120977645948
0.121924396135
0.12402941199
0.149380746437
0.157261231452
0.119578966365
0.123337922171
0.118931834938
0.119435827513
0.156046332762
0.151615984929
0.148431789595
0.125617781414
0.155480262902
0.157003466624
0.194732555984
0.160357610698
0.120442093594
0.118554468092
0.125621531981
0.120661375838
0.122260622028
0.146810964023
0.150263927314
0.149086260616
0.186749201669
0.191440405174
0.151408342082
0.153296211907
0.149587197238
0.152676912061
0.188069867222
0.149963412048
0.120050973059
0.157837863645
0.153657796367
0.153248195734
0.146362554001
0.120731004788
0.117461093164
0.157937016577
0.155139206804
0.154890499288
0.193247776622
0.155147579276
0.144519160971
0.147508134707
0.113039329515
0.113787559528
0.119202973362
0.156522335104
0.15765516379
0.124874800344
0.124772358584
0.12381137488
0.122639529286
0.156108868155
0.154855838352
0.124031805208
0.121742392777
0.122424469779
0.124448832415
0.155676585051
0.154100985619
0.119282201916
0.119102943492
0.119232149684
0.119371268766
0.118427186471
0.155393486269
0.148702778466
0.121434955379
0.109006776251
0.116075643304
0.116396006962
0.122250741183
0.157650829362
0.193693096158
0.191585645142
0.151000717271
0.153048515614
0.150095382631
0.155157783878
0.191208639726
0.151382593818
0.117053000196
0.154422582732
0.148879320602
0.152059808232
0.147182305136
0.1258271034
0.150209085456
0.193913131014
0.150911962292
0.1533874672
0.161134021009
0.184530748926
0.113753743275
0.155929454588
0.126953922596
0.148819155535
0.12597861535
0.121443272125
0.156154922533
0.118318276745
0.119742042582
0.155289761414
0.150621070104
0.147960021158
0.126100125733
0.153817277271
0.143050135356
0.154216733883
0.144808325502
0.12195229205
0.123818038403
0.123087970675
0.126714019574
0.131218616577
0.119311255316
0.154177265311
0.14264641543
0.123766194289
0.125328693983
0.11946107076
0.159045337062
0.121471066035
0.12520501027
0.153513684833
0.120770771677
0.166582608431
0.117264511161
0.154834801343
0.170967079896
0.174794375235
0.150651869587
0.166103050589
0.178252680497
0.150276283945
0.172258835179
0.185893038613
0.109316245774
0.107805376582
0.108829652523
0.165960469075
0.175201035597
0.199542844943
0.202707517933
0.132399665653
0.130478868838
0.159016446123
0.275350949727
0.137512695494
0.104077109148
0.0985704001072
0.15795284621
0.131007255977
0.136990522161
0.188874391808
0.185257462926
0.164935944028
0.184122457237
0.151169635482
0.140076411506
0.154684987898
0.208469576076
0.183662708385
0.130315839188
0.135117626015
0.130002016936
0.172230943935
0.141888476202
0.111981715185
0.116560282155
0.150868959215
0.24917547349
0.224188768898
0.18978204272
0.169853910563
0.224408370029
0.203091236495
0.172775477425
0.166735908115
0.111491044188
0.152081859373
0.111021108215
0.139386504652
0.108321903945
0.113949141192
0.115242305127
0.146702761416
0.115743541095
0.116841318733
0.112215829564
0.116466281156
0.147584559615
0.151532730221
0.119188483895
0.115852417121
0.157862967567
0.154551499703
0.197308509079
0.198314830402
0.155972765167
0.15382115052
0.15357023596
0.15388751296
0.156828297521
0.157174390009
0.196840254315
0.197584112267
0.156769299001
0.154523089388
0.120144203223
0.121607209224
0.151405953737
0.120943013241
0.117837612967
0.118601627513
0.112886328759
0.116637331253
0.117023926509
0.157152506818
0.151328370817
0.122209767868
0.120512395851
0.119714671063
0.159859969862
0.115934114533
0.120300673949
0.121120745255
0.119677497914
0.122433506193
0.144424848604
0.159668160951
0.11920120909
0.183291884526
0.149264748058
0.165414481205
0.149986184059
0.183749907679
0.199411287977
0.170342399693
0.137454551843
0.136599212453
0.133278315302
0.141842913719
0.112394332833
0.142145293874
0.128364950229
0.0946603384621
0.094110661893
0.0870909317606
0.0667364003673
0.095248528891
0.10681667327
0.111289840857
0.132063333707
0.143170616388
0.11174922162
0.139414870189
0.148076271906
0.146865204687
0.138987249401
0.172231696177
0.201786128053
0.1280510801
0.134307243814
0.12799677011
0.0492323841808
0.0497119648302
0.0344754997539
0.0475411033132
0.046971988466
0.0332147712747
0.0330919762681
0.045927944338
0.0454607488969
0.0326451114037
0.0485708264728
0.0450695393791
0.0506273074145
0.0775915891676
0.0530448421448
0.0706750886583
0.0661774163565
0.0425583727561
0.0557621506597
0.0325096376274
0.0631257660125
0.0650259760951
0.0784751128882
0.0865960631123
0.0497450629212
0.0536063991653
0.0515580852842
0.0499719515102
0.0763977509731
0.0776958451471
0.0571777998221
0.0989698609742
0.0740760744788
0.0769554447866
0.0312762083949
0.0972580351004
0.0545847245647
0.041323683298
0.0218681385279
0.0116282652915
0.0116282649011
0.0116282667376
0.0285500236856
0.0238011154483
0.0258736967257
0.017639095583
0.0512912464528
0.0509553163404
0.0527426323348
0.0523202748671
0.0186234313509
0.0297492649473
