0.0364407117769
0.0457143672713
0.0434390308763
0.0364407117769
0.0457143672716
0.0718769946212
0.0854184518115
0.0364407117769
0.0379065952814
0.0379065952813
0.0360323044519
0.0379065952815
0.0711160394571
0.0711160394571
0.071876994621
0.0360323044519
0.0379065952814
0.0364407117769
0.0364407117769
0.0434390308763
0.0457143672713
0.0434390308763
0.0434390308763
0.0379065952815
0.036440711777
0.0360323044519
0.0364407117769
0.0718769946211
0.0711160394571
0.0434390308763
0.0434390308763
0.010990835709
0.00930770728822
0.00921204257002
0.00919280089346
0.0181696835186
0.00921204257006
0.00930770728827
0.0183598686003
0.018321815584
0.0218890178843
0.0219101004818
0.0219101004819
0.0218890178842
0.00921204257002
0.00930770728822
0.00921834781342
0.00921204256997
0.00930770728824
0.00921834781342
0.00919280089343
0.00930770728827
0.00921204257006
0.00921834781341
0.010990835709
0.0111394004365
0.0110016508775
0.0110016508775
0.0115817655026
0.0110016508775
0.0111394004365
0.010990835709
0.00921204257002
0.0093077072883
0.00919280089347
0.00921834781348
0.00921204257002
0.0093077072883
0.00921834781348
0.00919280089347
0.00969078065022
0.0095911419334
0.00911426136157
0.00920260674084
0.00911426136152
0.00919280089347
0.0093077072883
0.00921204257002
0.00921834781348
0.010990835709
0.0111394004365
0.0110016508775
0.0110016508775
0.0115817655026
0.0117384059399
0.0115817655026
0.0110016508775
0.0111394004365
0.010990835709
0.0110016508775
0.0188656428162
0.0181472370532
0.0188656428162
0.0181472370532
0.00956460813204
0.0095911419334
0.00921834781348
0.0093077072883
0.00921204257002
0.00919280089347
0.00920260674084
0.00911426136157
0.0180485258635
0.0180988495931
0.0190277557778
0.0364407117769
0.0218890178842
0.0227606989446
0.0216459483137
0.0224749355661
0.0216459483137
0.0227606989446
0.0218890178843
0.0224749355662
0.0183701782055
0.0183578302791
0.019061493374
0.00921834781342
0.00930770728822
0.00921204257002
0.0183598686002
0.0190277557778
0.0180988495931
0.0188426101825
0.0180485258635
0.0185820537619
0.0187646011508
0.0181061565163
0.0181061565163
0.0187646011509
0.0180485258634
0.018582053762
0.0188426101826
0.0190277557779
0.0180988495931
0.0183598686004
0.0434390308763
0.0457143672713
0.0434390308763
0.0434390308763
0.0364407117769
0.0379065952813
0.0360323044519
0.0364407117767
0.0360323044519
0.0379065952815
0.0364407117769
0.036440711777
0.0364407117767
0.0379065952813
0.0360323044519
0.0364407117769
0.0364407117769
0.0379065952813
0.0364407117767
0.0360323044519
0.0183598686003
0.0190277557779
0.0180988495931
0.0188426101826
0.018582053762
0.0187646011509
0.0180485258635
0.0181061565163
0.00908284093963
0.00920260674083
0.00911426136157
0.00911426136152
0.00959114193337
0.00969078065014
0.00956460813195
0.00959114193332
0.00919280089343
0.00930770728824
0.00921204256997
0.00921834781342
0.00919280089346
0.00930770728822
0.00921834781342
0.00921204257002
0.0110016508775
0.0111394004366
0.0110016508775
0.010990835709
0.00921204256997
0.00930770728824
0.00921834781342
0.00919280089343
0.00908284093966
0.00920260674086
0.00911426136155
0.00911426136155
0.0191099212698
0.0191099212698
0.018321815584
0.0183598686004
0.0218890178841
0.0219101004818
0.0219101004818
0.0218890178842
0.00921204257002
0.0093077072883
0.00919280089347
0.00921834781348
0.0095911419334
0.00969078065022
0.00959114193341
0.00956460813204
0.00911426136157
0.00920260674084
0.00908284093965
0.00911426136152
0.00921834781345
0.00930770728827
0.00919280089345
0.00921204257007
0.01910992127
0.01910992127
0.0183598686004
0.018321815584
0.00911426136157
0.00920260674084
0.00911426136152
0.00908284093965
0.00908284093965
0.00920260674084
0.00911426136152
0.00911426136157
0.00959114193341
0.00969078065022
0.00956460813204
0.0095911419334
0.00919280089345
0.00930770728827
0.00921204257007
0.00921834781345
0.00919280089347
0.0093077072883
0.00921834781348
0.00921204257002
0.010990835709
0.0111394004366
0.0110016508775
0.0110016508775
0.0115817655026
0.0117384059399
0.0115817655026
0.0115817655026
0.0110016508775
0.0111394004365
0.010990835709
0.0110016508775
0.00921204257007
0.00930770728827
0.00919280089345
0.00921834781345
0.00959114193341
0.00969078065022
0.0095911419334
0.00956460813204
0.00921834781348
0.0093077072883
0.00919280089347
0.00921204257002
0.00908284093963
0.00920260674083
0.00911426136157
0.00911426136152
0.0191099212698
0.0191099212699
0.0183218155839
0.0183598686002
0.00921834781342
0.00930770728822
0.00921204257002
0.00919280089346
0.00911426136157
0.00920260674083
0.00911426136152
0.00908284093963
0.0181061565163
0.0187646011509
0.0180485258635
0.0185820537619
0.00911426136157
0.00920260674083
0.00908284093963
0.00911426136152
0.0188426101826
0.0190277557779
0.0180988495931
0.0183598686003
0.0433457271103
0.04287063263
0.04287063263
0.0433457271107
0.00921204257002
0.00930770728822
0.00921834781342
0.00919280089346
0.00956460813195
0.00969078065014
0.00959114193337
0.00959114193332
0.00921834781342
0.00930770728824
0.00921204256997
0.00919280089343
0.0181061565163
0.0187646011509
0.0180485258634
0.018582053762
0.0360323044519
0.0373604992667
0.0434390308763
0.0449071376662
0.0181061565163
0.0181696835186
0.018321815584
0.0183598686004
0.010990835709
0.0111394004366
0.0110016508775
0.0110016508775
0.0115817655027
0.0117384059401
0.0115817655027
0.0115817655027
0.0219098123713
0.0219098123713
0.0110016508775
0.0111394004366
0.0110016508775
0.010990835709
0.00921204257002
0.00930770728822
0.00919280089346
0.00921834781342
0.00959114193332
0.00969078065014
0.00959114193337
0.00956460813195
0.00911426136152
0.00920260674083
0.00908284093963
0.00911426136157
0.0183744689458
0.018323449568
0.0183578302791
0.0183701782055
0.0183598686003
0.018321815584
0.0181696835186
0.0181061565163
0.00908284093965
0.00920260674084
0.00911426136157
0.00911426136152
0.0095911419334
0.00969078065022
0.00956460813204
0.00959114193341
0.00919280089347
0.0093077072883
0.00921204257002
0.00921834781348
0.00919280089345
0.00930770728827
0.00921834781345
0.00921204257007
0.010990835709
0.0111394004365
0.0110016508775
0.0110016508775
0.0115817655026
0.0117384059399
0.0115817655026
0.0115817655026
0.0110016508775
0.0111394004365
0.010990835709
0.0110016508775
0.0110016508775
0.0111394004366
0.0110016508775
0.010990835709
0.0183578302792
0.0188656428162
0.0181472370532
0.0186301848056
0.0186301848056
0.0188656428162
0.0181472370532
0.0183578302792
0.00921204257007
0.00930770728827
0.00921834781345
0.00919280089345
0.00956460813204
0.00969078065022
0.0095911419334
0.00959114193341
0.00921834781348
0.0093077072883
0.00921204257002
0.00919280089347
0.00911426136152
0.00920260674084
0.00911426136157
0.00908284093965
0.0183578302793
0.0183701782055
0.0183701782056
0.0183578302792
0.010990835709
0.0111394004366
0.0110016508775
0.0110016508775
0.0115817655026
0.0117384059399
0.0115817655026
0.0115817655026
0.0110016508775
0.0111394004365
0.010990835709
0.0110016508775
0.0110016508775
0.0111394004365
0.0110016508775
0.010990835709
0.0183578302792
0.0188656428163
0.0181472370532
0.0186301848056
0.0186301848056
0.0188656428163
0.0181472370532
0.0183578302793
0.00921204257006
0.00930770728827
0.00921834781341
0.00919280089347
0.009564608132
0.00969078065019
0.00959114193338
0.00959114193338
0.00921834781341
0.00930770728827
0.00921204257006
0.00919280089347
0.00911426136155
0.00920260674086
0.00911426136155
0.00908284093966
0.0364407117769
0.0377745079968
0.036440711777
0.0377745079969
0.0357505679044
0.0358589330007
0.0370383459569
0.036440711777
0.0364407117769
0.037038345957
0.0183744689459
0.0183234495681
0.00956460813204
0.00969078065022
0.00959114193341
0.0095911419334
0.0183234495681
0.0183744689459
0.00911426136157
0.00920260674084
0.00911426136152
0.00908284093965
0.0181621681968
0.0181621681969
0.00959114193332
0.00969078065014
0.00956460813195
0.00959114193337
0.0183744689459
0.0183234495681
0.00919280089343
0.00930770728824
0.00921834781342
0.00921204256997
0.0219098123713
0.0219098123713
0.0115817655027
0.0117384059401
0.0115817655027
0.0115817655027
0.0110016508775
0.0111394004366
0.010990835709
0.0110016508775
0.0110016508775
0.0111394004366
0.0110016508775
0.010990835709
0.018323449568
0.0183744689458
0.00959114193337
0.00969078065014
0.00959114193332
0.00956460813195
0.00911426136157
0.00920260674083
0.00908284093963
0.00911426136152
0.00921834781342
0.00930770728822
0.00919280089346
0.00921204257002
0.010990835709
0.0111394004365
0.0110016508775
0.0110016508775
0.0230600683434
0.0230600683435
0.0219101004818
0.0218890178842
0.0218890178842
0.0219101004817
0.018321815584
0.0183598686003
0.0181061565163
0.0181696835186
0.0191143272883
0.019061493374
0.00919280089343
0.00930770728824
0.00921204256997
0.00921834781342
0.0431509188201
0.0457400511043
0.0224749355661
0.0227606989446
0.0216459483137
0.0218890178842
0.0218890178841
0.0227606989445
0.0216459483137
0.0224749355661
0.0224749355659
0.0227606989444
0.0216459483137
0.0218890178842
0.0181061565163
0.0187646011509
0.0180485258634
0.018582053762
0.0188426101826
0.0190277557779
0.0180988495931
0.0183598686004
0.0183578302793
0.0183701782055
0.01910992127
0.01910992127
0.0183701782056
0.0183578302792
0.00911426136152
0.00920260674084
0.00911426136157
0.00908284093965
0.0181696835186
0.0181061565163
0.019061493374
0.0191143272883
0.0183578302792
0.0183701782055
0.00919280089343
0.00930770728824
0.00921834781342
0.00921204256997
0.0218890178842
0.0227606989446
0.0216459483137
0.0224749355661
0.0224749355662
0.0227606989446
0.0216459483137
0.0218890178843
0.00908284093965
0.00920260674084
0.00911426136152
0.00911426136157
0.00959114193341
0.00969078065022
0.00956460813204
0.0095911419334
0.00919280089345
0.00930770728827
0.00921204257007
0.00921834781345
0.0183234495681
0.0183744689459
0.010990835709
0.0111394004366
0.0110016508775
0.0110016508775
0.0230600683434
0.0230600683434
0.00921204257007
0.00930770728827
0.00919280089345
0.00921834781345
0.00959114193341
0.00969078065022
0.0095911419334
0.00956460813204
0.00911426136152
0.00920260674084
0.00908284093965
0.00911426136157
0.0183744689459
0.0183234495681
0.00550599878103
0.00556061253111
0.00549213358111
0.00554338641557
0.00549347267456
0.00556741974672
0.00551273859104
0.00555017242252
0.00580356045359
0.00586263069065
0.00578474267099
0.00584302812835
0.00578474267104
0.00586263069059
0.00580356045355
0.00584302812826
0.00275929743324
0.00276800841566
0.00275879082985
0.0027594660647
0.00558079215263
0.00558215235907
0.00551272485161
0.00551305985959
0.00919650988024
0.00928487092352
0.00476061692385
0.00477622026235
0.00474330017808
0.00472973540244
0.0045619469571
0.00459281360191
0.00454812105381
0.00457860766835
0.00468390064621
0.00471559492803
0.00467049984995
0.00470019097664
0.00470019097666
0.00471559492805
0.00467049984995
0.00468390064625
0.00474330017808
0.00477622026235
0.00476061692386
0.00472973540247
0.00457860766839
0.00459281360198
0.00454812105379
0.00456194695715
0.00463227540363
0.00464664897101
0.00460221327235
0.00461462474572
0.00478904119779
0.00483316123908
0.00478364326594
0.00482071779481
0.00978579219722
0.00957147495926
0.00461578074721
0.00461881724348
0.00908284093963
0.00917254151148
0.0111024674204
0.0110016508775
0.010990835709
0.0110916063201
0.00917254151143
0.00908284093965
0.00911426136157
0.00920406293166
0.00461881724351
0.00461578074718
0.00460627093526
0.00460282456514
0.00239664055789
0.00240457484273
0.00239840523667
0.00239840523667
0.00243009057587
0.00243645480187
0.00242841509678
0.00243009057587
0.00240341260101
0.0024112577948
0.00240495954232
0.00240507102074
0.00240341260101
0.0024112577948
0.00240507102074
0.00240495954232
0.00460282456514
0.004642037167
0.00459762736923
0.0046300899217
0.00464617734081
0.00465816596522
0.0046008608299
0.00461881724351
0.00228522089597
0.00229080432972
0.00228531648444
0.00228335183239
0.00230551310324
0.00231313460162
0.00230749661663
0.00230749661663
0.00228531648444
0.00229080432972
0.00228522089597
0.00228335183239
0.00227742324322
0.00228289211014
0.00227742324322
0.00227537045645
0.010979729742
0.0111853748362
0.00549213358104
0.00556061253115
0.00550599878105
0.00554338641559
0.00460282456516
0.00460627093522
0.00240495954235
0.00241125779482
0.00240507102073
0.00240341260098
0.0024284150968
0.00243645480188
0.00243009057584
0.00243009057586
0.00240507102077
0.00241125779483
0.00240495954235
0.00240341260097
0.0047922720887
0.0047922720887
0.00228522089598
0.00229080432972
0.0022833518324
0.00228531648439
0.00230749661665
0.00231313460161
0.00230749661663
0.00230551310321
0.00227742324321
0.00228289211008
0.00227537045644
0.00227742324318
0.0022853164844
0.0022908043297
0.00228335183239
0.00228522089599
0.00461570880666
0.00461813094878
0.0023335034489
0.00233960576838
0.0023339009319
0.002332288779
0.00230504846191
0.00231058375148
0.00230335771334
0.00230465585216
0.002309882153
0.00231542906449
0.00230828642208
0.00230938994472
0.00968266205094
0.00959114193337
0.00956460813195
0.00965603444421
0.00456627834962
0.00459561017235
0.0045516696416
0.00458062060943
0.00458062060943
0.00459561017235
0.0045516696416
0.00456627834962
0.00240495954232
0.0024112577948
0.00240341260101
0.00240507102074
0.00243009057587
0.00243645480187
0.00243009057587
0.00242841509678
0.00479227208874
0.00479227208874
0.00240507102074
0.0024112577948
0.00240341260101
0.00240495954232
0.00460627093526
0.00460282456514
0.00230335771337
0.00231058375152
0.00230504846193
0.00230465585218
0.0023335034489
0.00233960576839
0.00233228877901
0.00233390093191
0.00461813094876
0.00461570880666
0.0046126465837
0.0046158900004
0.00580356045351
0.00580395153609
0.00588249189209
0.00588249189211
0.00290522588216
0.0029149340863
0.00290502894036
0.00290522588217
0.00275929743316
0.00276800841561
0.00275879082988
0.00275946606468
0.00279407232756
0.00280289339106
0.00279407232756
0.00279338872802
0.00275674857486
0.0027652825034
0.00275590570638
0.00275674857486
0.00275946606468
0.00276800841561
0.00275879082988
0.00275929743316
0.00551305985958
0.00551272485163
0.00480537785717
0.00480559953245
0.00485245188311
0.0048558486448
0.00240507102078
0.00241125779483
0.00240495954233
0.00240341260101
0.00479263090923
0.00478904119786
0.00456627834958
0.0045956101723
0.00455166964156
0.00458062060943
0.00458062060946
0.00459561017236
0.00455166964154
0.00456627834963
0.00231136554267
0.00231701516555
0.00230986762768
0.00231107074856
0.00233350344892
0.0023396057684
0.0023339009319
0.00233228877902
0.00230504846194
0.00231058375152
0.00230335771337
0.00230465585215
0.00230988215304
0.00231542906454
0.00230828642211
0.00230938994475
0.00478904119786
0.00479263090923
0.00480251498778
0.00480564448202
0.00231136554267
0.00231701516555
0.00231107074856
0.00230986762768
0.00233228877902
0.0023396057684
0.0023339009319
0.00233350344892
0.00230988215304
0.00231542906454
0.00230938994475
0.00230828642211
0.00230504846194
0.00231058375152
0.00230465585215
0.00230335771337
0.00454701728193
0.00455125762193
0.00456627834963
0.00459561017236
0.00455166964154
0.00458062060946
0.00458062060943
0.0045956101723
0.00455166964156
0.00456627834958
0.00480559953245
0.00480537785717
0.0048558486448
0.00485245188311
0.00478904119786
0.00479263090923
0.00240507102078
0.00241125779483
0.00240341260101
0.00240495954233
0.00230335771337
0.00231058375152
0.00230504846194
0.00230465585215
0.00233350344892
0.0023396057684
0.00233228877902
0.0023339009319
0.00230986762768
0.00231701516555
0.00231136554267
0.00231107074856
0.00230828642211
0.00231542906454
0.00230988215304
0.00230938994475
0.00580395153609
0.00580356045351
0.00275929743316
0.00276800841561
0.00275946606468
0.00275879082988
0.00279338872802
0.00280289339106
0.00279407232756
0.00279407232756
0.00551174644249
0.00551309021632
0.00275674857486
0.0027652825034
0.00275674857486
0.00275590570638
0.00925278862001
0.00921204257006
0.00938612551979
0.00934958750524
0.00934958750524
0.00938612551979
0.00921204257006
0.00925278862001
0.00230938994475
0.00231542906454
0.00230988215304
0.00230828642211
0.00233228877902
0.0023396057684
0.00233350344892
0.0023339009319
0.00461570880667
0.00461813094875
0.00230465585215
0.00231058375152
0.00230504846194
0.00230335771337
0.00485245188311
0.0048558486448
0.00240341260101
0.00241125779483
0.00240507102078
0.00240495954233
0.00456627834958
0.00456646848513
0.00455125762193
0.00454701728193
0.0045470172819
0.00458808736506
0.0045441892123
0.00457705989707
0.00940976643209
0.00951529543467
0.00940530525076
0.00932234235975
0.00921204256997
0.00930225135915
0.00945500553839
0.00953835236652
0.0188426101824
0.018803580779
0.00968266205098
0.00959114193332
0.00460272053616
0.00460533969576
0.00932234235975
0.00940530525076
0.00951529543467
0.00940976643209
0.00457705989707
0.00458808736506
0.0045441892123
0.0045470172819
0.00940530525088
0.00952866638448
0.00920030062079
0.00943767412063
0.00911426136157
0.00920260674084
0.00911426136152
0.00908284093965
0.00906202127119
0.00925453455647
0.00916567665446
0.009172956253
0.0226681992568
0.0189978782082
0.0091582586523
0.00904929953276
0.00454701728188
0.00458808736509
0.00454418921234
0.00457705989712
0.00459691096296
0.00460798586839
0.00454821754032
0.00456673865667
0.00930225135915
0.00921204256997
0.00955303505361
0.00951520033643
0.00906202127119
0.00926337332888
0.00473694093339
0.00477892421493
0.0047201199516
0.00476659630547
0.00941888859443
0.00956471217107
0.00920700075641
0.00948103668888
0.00910222269023
0.00919046398697
0.00904929953276
0.00910945161203
0.00921204257006
0.00930770728827
0.00921834781341
0.00919280089347
0.00951852860331
0.00963689073083
0.00930473511706
0.00953835236657
0.00461474388769
0.00465644885421
0.00459915195472
0.00464525580543
0.00481447799101
0.0048269308323
0.00478369496594
0.00476671551698
0.00454891195016
0.00458922251249
0.00453198629089
0.00457819272247
0.00473694093341
0.00477892421499
0.00472011995166
0.0047665963055
0.00452879621192
0.00457331537679
0.00453314440118
0.00456232368712
0.00474377126948
0.00475602098363
0.00470971774805
0.00471344360983
0.00454418921234
0.00458808736511
0.00454701728193
0.00457705989707
0.00466370041023
0.00470875354561
0.00466739147609
0.0046966266111
