0.0348250362519
0.0348250362519
0.0103372584101
0.0103372584101
0.0103372584101
0.0174125181259
0.017412518126
0.017412518126
0.0174125181259
0.00870625906296
0.0206745168203
0.0348250362519
0.034825036252
0.034825036252
0.00870625906299
0.00870625906299
0.008706259063
0.00870625906299
0.008706259063
0.00870625906295
0.00870625906299
0.00870625906295
0.008706259063
0.008706259063
0.008706259063
0.008706259063
0.008706259063
0.00870625906303
0.00870625906303
0.00870625906297
0.0103372584101
0.0103372584101
0.0103372584101
0.00870625906302
0.00870625906302
0.017412518126
0.017412518126
0.017412518126
0.00870625906295
0.00870625906301
0.0103372584102
0.0103372584102
0.0103372584102
0.0103372584102
0.0103372584102
0.0103372584102
0.0103372584102
0.0103372584102
0.0103372584102
0.0103372584102
0.0103372584101
0.0103372584102
0.00870625906301
0.00870625906299
0.008706259063
0.00870625906299
0.00870625906302
0.00870625906302
0.00870625906294
0.00870625906301
0.00870625906303
0.00870625906303
0.00870625906297
0.008706259063
0.008706259063
0.00870625906299
0.00870625906299
0.00870625906299
0.017412518126
0.017412518126
0.0103372584101
0.0103372584101
0.0103372584101
0.0103372584101
0.0103372584101
0.0103372584101
0.00870625906295
0.00870625906295
0.00870625906299
0.00870625906299
0.00870625906299
0.00870625906299
0.008706259063
0.008706259063
0.00870625906297
0.00870625906294
0.0103372584101
0.0103372584102
0.0103372584102
0.017412518126
0.017412518126
0.008706259063
0.008706259063
0.008706259063
0.008706259063
0.017412518126
0.0174125181259
0.0103372584102
0.0103372584102
0.0103372584102
0.0206745168204
0.0206745168203
0.017412518126
0.017412518126
0.017412518126
0.00870625906294
0.00870625906294
0.008706259063
0.00870625906294
0.00870625906301
0.00870625906302
0.00870625906302
0.00870625906294
0.00870625906299
0.00870625906299
0.00870625906301
0.008706259063
0.00870625906295
0.00870625906295
0.00870625906301
0.00870625906295
0.00870625906303
0.00870625906297
0.008706259063
0.0103372584101
0.0103372584102
0.0103372584102
0.0103372584102
0.0103372584102
0.0103372584102
0.0103372584102
0.0103372584102
0.0103372584102
0.0103372584102
0.017412518126
0.00870625906299
0.00870625906299
0.00870625906301
0.008706259063
0.00870625906303
0.0206745168202
0.0206745168202
0.0206745168203
0.0206745168202
0.0206745168203
0.0174125181259
0.0174125181261
0.0206745168203
0.0206745168203
0.0206745168203
0.0206745168203
0.0206745168204
0.0206745168203
0.0206745168204
0.017412518126
0.017412518126
0.017412518126
0.00870625906301
0.00870625906299
0.00870625906299
0.008706259063
0.00870625906301
0.00870625906302
0.008706259063
0.00870625906294
0.00870625906295
0.00870625906301
0.008706259063
0.0206745168202
0.0206745168201
0.0206745168203
0.0206745168202
0.00870625906294
0.00870625906294
0.00870625906294
0.00516862920504
0.00516862920507
0.00516862920505
0.00516862920505
0.00516862920505
0.00516862920505
0.01033725841
0.01033725841
0.01033725841
0.01033725841
0.00516862920502
0.00870625906301
0.0043531295315
0.00435312953154
0.00217656476575
0.00217656476577
0.00217656476577
0.00217656476577
0.00217656476575
0.00217656476574
0.00217656476574
0.00217656476574
0.0043531295315
0.0043531295315
0.00516862920509
0.00516862920509
0.00516862920509
0.00516862920509
0.0103372584101
0.00870625906294
0.00870625906295
0.00435312953147
0.00435312953147
0.00435312953147
0.0043531295315
0.0043531295315
0.00435312953147
0.00435312953151
0.00435312953151
0.00217656476576
0.00217656476576
0.00217656476576
0.00217656476576
0.00435312953151
0.00435312953151
0.00217656476576
0.00217656476576
0.00217656476576
0.00217656476576
0.00217656476576
0.00217656476576
0.00217656476576
0.00217656476576
0.00435312953151
0.00435312953151
0.00435312953151
0.00435312953151
0.01033725841
0.00516862920504
0.00516862920508
0.00435312953148
0.00435312953147
0.00217656476577
0.00217656476577
0.00217656476577
0.00217656476575
0.00217656476575
0.00217656476575
0.00217656476575
0.00217656476575
0.00217656476575
0.00217656476575
0.00217656476577
0.00217656476573
0.0043531295315
0.0043531295315
0.0043531295315
0.00435312953149
0.00870625906302
0.00435312953151
0.00217656476576
0.00217656476576
0.00217656476576
0.00217656476576
0.00217656476576
0.00217656476576
0.00217656476576
0.00217656476576
0.00435312953151
0.00435312953151
0.00435312953151
0.00435312953151
0.00435312953151
0.00435312953148
0.00870625906302
0.00870625906302
0.00435312953151
0.00435312953151
0.00435312953151
0.00435312953148
0.00516862920509
0.00516862920509
0.00516862920509
0.00516862920509
0.00516862920509
0.00516862920509
0.00516862920509
0.00516862920509
0.00258431460254
0.00258431460254
0.00258431460254
0.00258431460254
0.00258431460254
0.00258431460254
0.00258431460254
0.00258431460254
0.00258431460254
0.00258431460256
0.00258431460254
0.00258431460254
0.00258431460254
0.00258431460254
0.00516862920509
0.00516862920509
0.00516862920509
0.00516862920509
0.0043531295315
0.00435312953144
0.00217656476575
0.00217656476576
0.00217656476576
0.00435312953148
0.00435312953148
0.00435312953147
0.00435312953151
0.0043531295315
0.00435312953144
0.00217656476575
0.00217656476575
0.00217656476575
0.00217656476575
0.00217656476575
0.00217656476575
0.00217656476575
0.00217656476575
0.00217656476575
0.00217656476575
0.00217656476575
0.00217656476575
0.00217656476576
0.00217656476576
0.00217656476576
0.00435312953147
0.00435312953147
0.00435312953147
0.00217656476575
0.00217656476575
0.00217656476575
0.00217656476575
0.00217656476575
0.00217656476575
0.00217656476575
0.00217656476576
0.00217656476575
0.00217656476575
0.00217656476575
0.00217656476576
0.00217656476576
0.00217656476576
0.00217656476576
0.00217656476575
0.00435312953147
0.00217656476575
0.00217656476575
0.00217656476575
0.00217656476575
0.00217656476575
0.00217656476575
0.00217656476575
0.00217656476575
0.00217656476575
0.00217656476576
0.00217656476576
0.00217656476576
0.00217656476575
0.00217656476575
0.00217656476575
0.00217656476575
0.00217656476576
0.00217656476575
0.00217656476575
0.00217656476575
0.00217656476575
0.00217656476575
0.00217656476575
0.00217656476575
0.00217656476575
0.00217656476575
0.00217656476575
0.00217656476575
0.00217656476576
0.00217656476576
0.00217656476575
0.00217656476576
0.00258431460251
0.00258431460254
0.00258431460254
0.00258431460254
0.00258431460254
0.00258431460254
0.00258431460254
0.00258431460254
0.00258431460254
0.00258431460254
0.00258431460254
0.00258431460254
0.00258431460254
0.00258431460254
0.00258431460254
0.00258431460254
0.00258431460254
0.00258431460254
0.00258431460254
0.00258431460254
0.00258431460254
0.00258431460254
0.00258431460254
0.00258431460254
0.00258431460254
0.00258431460254
0.00258431460254
0.00258431460254
0.00258431460254
0.00516862920509
0.00258431460254
0.00258431460254
0.00258431460254
0.00258431460254
0.00258431460254
0.00258431460254
0.00258431460254
0.00258431460254
0.00258431460254
0.00258431460254
0.00258431460254
0.00258431460254
0.00258431460254
0.00258431460254
0.00258431460254
0.00258431460256
0.00870625906302
0.00870625906302
0.00870625906302
0.00870625906302
0.00435312953151
0.00435312953151
0.00435312953151
0.00435312953151
0.00435312953151
0.00435312953151
0.00435312953151
0.00435312953151
0.00435312953151
0.00217656476576
0.00217656476576
0.00217656476575
0.00217656476576
0.00217656476575
0.00217656476575
0.00217656476575
0.00217656476575
0.00217656476575
0.00217656476575
0.00217656476575
0.00217656476575
0.00217656476575
0.00217656476575
0.00870625906303
0.008706259063
0.008706259063
0.00870625906303
0.00870625906297
0.008706259063
0.00870625906296
0.00870625906302
0.00870625906302
0.00870625906302
0.00870625906299
0.00870625906299
0.00870625906302
0.00435312953147
0.00435312953147
0.0043531295315
0.00435312953143
0.00435312953143
0.0043531295315
0.0043531295315
0.0043531295315
0.00435312953144
0.0043531295315
0.008706259063
0.00870625906297
0.00870625906297
0.00435312953149
0.00435312953151
0.0043531295315
0.0043531295315
0.0043531295315
0.0043531295315
0.008706259063
0.00435312953151
0.00435312953151
0.00435312953151
0.00870625906302
0.00870625906302
0.00870625906302
0.00870625906296
0.0103372584101
0.0103372584102
0.0103372584102
0.0103372584102
0.0103372584102
0.0103372584102
0.0103372584102
0.0103372584102
0.0103372584102
0.0103372584102
0.0103372584102
0.0103372584102
0.0103372584102
0.0103372584102
0.0103372584102
0.0103372584101
0.00870625906294
0.00870625906294
0.00870625906294
0.008706259063
0.017412518126
0.0174125181259
0.00870625906294
0.00870625906294
0.008706259063
0.00870625906294
0.00870625906299
0.00870625906299
0.00870625906301
0.008706259063
0.00870625906294
0.00870625906294
0.008706259063
0.00870625906294
0.008706259063
0.00870625906295
0.00870625906299
0.00870625906295
0.008706259063
0.008706259063
0.008706259063
0.008706259063
0.00870625906297
0.00870625906303
0.00870625906303
0.008706259063
0.00870625906299
0.00870625906295
0.008706259063
0.00870625906295
0.017412518126
0.017412518126
0.017412518126
0.017412518126
0.0206745168202
0.0206745168204
0.0206745168204
0.0206745168204
0.0206745168204
0.0206745168204
0.0206745168202
0.0206745168204
0.00870625906296
0.00870625906302
0.00870625906302
0.00870625906302
0.00870625906302
0.00870625906302
0.00870625906302
0.00870625906302
0.00870625906302
0.00870625906302
0.00870625906302
0.00870625906302
0.00870625906302
0.00870625906302
0.00870625906302
0.00870625906296
0.00870625906301
0.00870625906295
0.00870625906295
0.00870625906294
0.00870625906302
0.00870625906302
0.00870625906301
0.00870625906294
0.00870625906302
0.00870625906302
0.00870625906296
0.00870625906302
0.00870625906303
0.00870625906303
0.008706259063
0.00870625906297
0.00870625906302
0.00870625906302
0.00870625906302
0.00870625906302
0.00870625906302
0.00870625906302
0.00870625906302
0.00870625906302
0.00870625906299
0.00870625906299
0.00870625906299
0.008706259063
0.00870625906297
0.00870625906297
0.0043531295315
0.0043531295315
0.0043531295315
0.0043531295315
0.0043531295315
0.0043531295315
0.00435312953152
0.0043531295315
0.00870625906299
0.00870625906299
0.00870625906299
0.00870625906299
0.00870625906297
0.00870625906298
0.00870625906302
0.00870625906302
0.00435312953152
0.00435312953152
0.00435312953152
0.0043531295315
0.0043531295315
0.00435312953152
0.00435312953152
0.0043531295315
0.0103372584101
0.0103372584101
0.00516862920505
0.00516862920505
0.00516862920499
0.00516862920505
0.00258431460254
0.00258431460254
0.00258431460251
0.00258431460254
0.00258431460251
0.00258431460251
0.00258431460251
0.00258431460254
0.00516862920507
0.00516862920505
0.00258431460254
0.00258431460251
0.00258431460251
0.00258431460251
0.00217656476575
0.00217656476575
0.00217656476575
0.00217656476575
0.00217656476575
0.00217656476575
0.00217656476575
0.00217656476575
0.00435312953151
0.00435312953151
0.00435312953151
0.00435312953151
0.00217656476572
0.00217656476575
0.00217656476575
0.00217656476575
0.00217656476572
0.00217656476572
0.00217656476572
0.00217656476575
0.00435312953147
0.00435312953147
0.00217656476575
0.00217656476575
0.00217656476572
0.00217656476575
0.00217656476572
0.00217656476575
0.00217656476576
0.00217656476575
0.00217656476575
0.00217656476575
0.00217656476576
0.00217656476575
0.00217656476572
0.00217656476572
0.00217656476572
0.00217656476575
0.00217656476572
0.00217656476575
0.00217656476575
0.00217656476575
0.00258431460254
0.00258431460254
0.00258431460254
0.00258431460254
0.00258431460254
0.00258431460254
0.00258431460251
0.00258431460254
0.00217656476575
0.00217656476572
0.00217656476572
0.00217656476572
0.00217656476575
0.00217656476575
0.00217656476575
0.00217656476575
0.00217656476575
0.00217656476575
0.00217656476572
0.00217656476575
0.00217656476575
0.00217656476572
0.00217656476572
0.00217656476572
0.00217656476575
0.00217656476572
0.00217656476572
0.00217656476572
0.00217656476572
0.00217656476575
0.00217656476575
0.00217656476576
0.00217656476572
0.00217656476575
0.00217656476575
0.00217656476575
0.00217656476576
0.00217656476575
0.00217656476575
0.00217656476575
0.00435312953149
0.00435312953149
0.0043531295315
0.00435312953148
0.00435312953148
0.00435312953149
0.0043531295315
0.00435312953149
0.0043531295315
0.0043531295315
0.0043531295315
0.00435312953149
0.0043531295315
0.00435312953147
0.00435312953148
0.00435312953147
0.00870625906303
0.00870625906302
0.00870625906297
0.00870625906303
0.00870625906303
0.008706259063
0.01033725841
0.0103372584101
0.0103372584099
0.0103372584101
0.00516862920508
0.00516862920502
0.00516862920497
0.00516862920502
0.0103372584102
0.0103372584102
0.00516862920502
0.00516862920499
0.00516862920505
0.00516862920501
0.00516862920505
0.00516862920504
0.00516862920501
0.00516862920507
0.00516862920504
0.00516862920504
0.00516862920508
0.00516862920504
0.008706259063
0.008706259063
0.0043531295315
0.00435312953152
0.00435312953152
0.0043531295315
0.0043531295315
0.0043531295315
0.0043531295315
0.0043531295315
0.00435312953151
0.00435312953153
0.00435312953153
0.0043531295315
0.00435312953148
0.00435312953147
0.0043531295315
0.00435312953147
0.0043531295315
0.00435312953151
0.00435312953151
0.0043531295315
0.00435312953149
0.0043531295315
0.0043531295315
0.0043531295315
0.0043531295315
0.00435312953149
0.00435312953149
0.00435312953148
0.00435312953149
0.00435312953149
0.0043531295315
0.00435312953148
0.00435312953151
0.00435312953153
0.00435312953153
0.0043531295315
0.00435312953149
0.0043531295315
0.0043531295315
0.0043531295315
0.0043531295315
0.00435312953149
0.00435312953149
0.00435312953148
0.00870625906295
0.00870625906299
0.00435312953149
0.00435312953151
0.00435312953151
0.0043531295315
0.00435312953151
0.00435312953153
0.00435312953153
0.0043531295315
0.00435312953151
0.00435312953151
0.00435312953151
0.00435312953151
0.00435312953152
0.00435312953152
0.00435312953153
0.00435312953151
0.0043531295315
0.0043531295315
0.0043531295315
0.00435312953151
0.00870625906297
0.00870625906303
0.008706259063
0.00870625906303
0.00870625906295
0.00870625906295
0.008706259063
0.00870625906299
0.00870625906299
0.00870625906299
0.00870625906299
0.008706259063
0.008706259063
0.008706259063
0.008706259063
0.008706259063
0.00870625906301
0.00870625906295
0.00870625906294
0.00870625906295
0.00870625906294
0.00870625906302
0.00870625906301
0.00870625906302
0.00870625906294
0.00870625906294
0.00870625906294
0.008706259063
0.017412518126
0.017412518126
0.008706259063
0.008706259063
0.008706259063
0.008706259063
0.017412518126
0.017412518126
0.0174125181259
0.017412518126
0.017412518126
0.017412518126
0.00870625906299
0.00870625906295
0.008706259063
0.00870625906295
0.008706259063
0.008706259063
0.008706259063
0.008706259063
0.00870625906299
0.00870625906299
0.008706259063
0.00870625906299
0.0174125181259
0.0174125181259
0.017412518126
0.017412518126
0.00516862920504
0.00516862920504
0.0043531295315
0.0043531295315
0.0043531295315
0.0043531295315
0.008706259063
0.008706259063
0.00435312953151
0.00435312953151
0.00435312953151
0.00435312953151
0.00870625906302
0.00870625906302
0.00870625906296
0.00870625906302
0.00870625906301
0.00870625906299
0.00435312953152
0.00435312953152
0.0043531295315
0.00435312953152
0.0043531295315
0.00435312953147
0.00435312953147
0.00435312953147
0.0043531295315
0.00435312953147
0.00435312953146
0.00435312953148
0.0043531295315
0.0043531295315
0.00435312953144
0.00435312953151
0.00435312953148
0.00435312953146
0.00217656476575
0.00217656476575
0.00217656476572
0.00217656476575
0.00435312953147
0.00435312953147
0.00435312953147
0.0043531295315
0.00435312953152
0.00435312953152
0.0043531295315
0.00435312953152
0.00870625906301
0.00870625906301
0.00870625906299
0.00870625906298
0.0043531295315
0.00435312953151
0.00435312953151
0.00435312953149
0.0043531295315
0.0043531295315
0.0043531295315
0.00435312953148
0.00217656476575
0.00217656476575
0.00217656476575
0.00217656476575
0.00217656476575
0.00217656476575
0.00217656476574
0.00217656476575
0.00435312953149
0.00435312953148
0.00217656476577
0.00217656476577
0.00217656476574
0.00217656476575
0.00435312953149
0.00435312953149
0.00435312953149
0.0043531295315
0.00435312953145
0.00435312953145
0.00435312953145
0.0043531295315
0.0043531295315
0.0043531295315
0.0043531295315
0.0043531295315
0.0043531295315
0.0043531295315
0.00435312953145
0.0043531295315
0.0043531295315
0.0043531295315
0.00217656476575
0.00217656476573
0.00217656476573
0.00217656476573
0.00435312953145
0.00435312953149
0.00435312953149
0.00435312953152
0.00870625906301
0.008706259063
0.00435312953151
0.00435312953151
0.0043531295315
0.00435312953151
0.00870625906291
0.00870625906301
0.00435312953143
0.00435312953143
0.00435312953144
0.0043531295315
0.00435312953151
0.00435312953151
0.0043531295315
0.00435312953151
0.0043531295315
0.00435312953147
0.00435312953147
0.00435312953147
0.0043531295315
0.0043531295315
0.0043531295315
0.0043531295315
0.0043531295315
0.0043531295315
0.0043531295315
0.0043531295315
0.0043531295315
0.0043531295315
0.0043531295315
0.00435312953148
0.00870625906297
0.00870625906301
0.00435312953151
0.00435312953151
0.00435312953151
0.00435312953151
0.00435312953152
0.00435312953152
0.00435312953153
0.00435312953151
0.00870625906301
0.00870625906301
0.00435312953151
0.00435312953154
0.00435312953151
0.00435312953154
0.00870625906301
0.00870625906295
0.00870625906294
0.00870625906295
0.00870625906303
0.00870625906297
0.00870625906294
0.00870625906296
0.00258431460251
0.00258431460251
0.00258431460254
0.00258431460251
0.00258431460254
0.00258431460251
0.00258431460251
0.00258431460251
0.00516862920506
0.00516862920508
0.00516862920507
0.00516862920505
0.00516862920507
0.00516862920499
0.00258431460249
0.00258431460246
0.00258431460249
0.00258431460249
0.00516862920507
0.00516862920499
0.00516862920507
0.00516862920499
0.00516862920507
0.00516862920507
0.00516862920504
0.00516862920504
0.00217656476574
0.00217656476574
0.00217656476574
0.00217656476575
0.00217656476577
0.00217656476577
0.00217656476577
0.00217656476575
0.0043531295315
0.0043531295315
0.0043531295315
0.00435312953154
0.0043531295315
0.0043531295315
0.0043531295315
0.0043531295315
0.0043531295315
0.0043531295315
0.00217656476575
0.00217656476575
0.00217656476575
0.00217656476575
0.0043531295315
0.0043531295315
0.0043531295315
0.0043531295315
0.0043531295315
0.0043531295315
0.0043531295315
0.0043531295315
0.0043531295315
0.0043531295315
0.00435312953149
0.0043531295315
0.00435312953148
0.00435312953148
0.00435312953148
0.0043531295315
0.00435312953151
0.0043531295315
0.00435312953152
0.00435312953152
0.00217656476575
0.00217656476575
0.00217656476575
0.00217656476575
0.00435312953149
0.00435312953149
0.00435312953149
0.0043531295315
0.0043531295315
0.00435312953149
0.00435312953149
0.00435312953149
0.0043531295315
0.0043531295315
0.00435312953144
0.0043531295315
0.00435312953151
0.00435312953148
0.00435312953147
0.00435312953148
0.00217656476572
0.00217656476572
0.00217656476575
0.00217656476572
0.00217656476576
0.00217656476575
0.00217656476575
0.00217656476575
0.00217656476576
0.00217656476575
0.00217656476575
0.00217656476575
0.00217656476575
0.00217656476576
0.00217656476576
0.00217656476576
0.00217656476572
0.00217656476572
0.00217656476572
0.00217656476575
0.0043531295315
0.00435312953147
0.0043531295315
0.0043531295315
0.00217656476575
0.00217656476575
0.00217656476575
0.00217656476575
0.00217656476575
0.00217656476575
0.00217656476575
0.00217656476575
0.00217656476575
0.00217656476575
0.00217656476575
0.00217656476575
0.00217656476576
0.00217656476576
0.00217656476575
0.00217656476576
0.00516862920509
0.00516862920509
0.00258431460254
0.00258431460254
0.00258431460254
0.00258431460254
0.00516862920509
0.00516862920509
0.00258431460254
0.00258431460254
0.00258431460254
0.00258431460254
0.00258431460254
0.00258431460254
0.00258431460254
0.00258431460254
0.00258431460254
0.00258431460254
0.00258431460254
0.00258431460254
0.00258431460254
0.00258431460254
0.00258431460254
0.00258431460254
0.00258431460254
0.00258431460254
0.00258431460254
0.00258431460254
0.00258431460254
0.00258431460254
0.00258431460254
0.00258431460254
0.00258431460254
0.00258431460254
0.00258431460251
0.00258431460254
0.00258431460254
0.00258431460254
0.00258431460254
0.00258431460254
0.00258431460254
0.00258431460254
0.00258431460254
0.00258431460254
0.00258431460254
0.00258431460254
0.00258431460254
0.00258431460254
0.00258431460254
0.00258431460254
0.00258431460254
0.00258431460254
0.00258431460254
0.00258431460254
0.00258431460254
0.00258431460256
0.00435312953145
0.00435312953151
0.00435312953151
0.00435312953151
0.00435312953151
0.00435312953151
0.00435312953151
0.00435312953151
0.00435312953151
0.00435312953151
0.00435312953151
0.00435312953151
0.00435312953151
0.00435312953151
0.00435312953151
0.00435312953151
0.00435312953151
0.00435312953151
0.00435312953151
0.00435312953151
0.00435312953151
0.00435312953151
0.00435312953151
0.00435312953151
0.00435312953151
0.00435312953151
0.00435312953151
0.00435312953151
0.00870625906296
0.00870625906296
0.00217656476576
0.00217656476576
0.00217656476575
0.00217656476576
0.00217656476575
0.00217656476575
0.00217656476575
0.00217656476575
0.00217656476575
0.00217656476575
0.00217656476575
0.00217656476575
0.00217656476575
0.00217656476575
0.00217656476575
0.00217656476575
0.00217656476575
0.00217656476575
0.00217656476576
0.00217656476575
0.00217656476576
0.00217656476575
0.00217656476575
0.00217656476575
0.00217656476575
0.00217656476572
0.00217656476572
0.00217656476572
0.00217656476576
0.00217656476576
0.00217656476575
0.00217656476576
0.00217656476575
0.00217656476575
0.00217656476575
0.00217656476575
0.00217656476575
0.00217656476575
0.00217656476572
0.00217656476575
0.00217656476575
0.00217656476572
0.00217656476572
0.00217656476572
0.00217656476575
0.00217656476572
0.00217656476572
0.00217656476572
0.00217656476576
0.00217656476573
0.00217656476572
0.00217656476573
0.00217656476572
0.00217656476575
0.00217656476575
0.00217656476576
0.00217656476572
0.00217656476575
0.00217656476575
0.00217656476575
0.00217656476576
0.00217656476575
0.00217656476575
0.00217656476575
0.00435312953151
0.0043531295315
0.0043531295315
0.0043531295315
0.0043531295315
0.0043531295315
0.0043531295315
0.0043531295315
0.0043531295315
0.0043531295315
0.0043531295315
0.00435312953147
0.00435312953144
0.00435312953144
0.0043531295315
0.00435312953144
0.00258431460256
0.00258431460254
0.00258431460254
0.00258431460254
0.00258431460254
0.00258431460254
0.00258431460254
0.00258431460254
0.00258431460254
0.00258431460254
0.00258431460254
0.00258431460254
0.00258431460254
0.00258431460254
0.00258431460254
0.00258431460254
0.00258431460254
0.00258431460254
0.00258431460254
0.00258431460254
0.00516862920509
0.00516862920509
0.00516862920509
0.00516862920509
0.00516862920509
0.00516862920509
0.00516862920509
0.00516862920509
0.00516862920509
0.00516862920506
0.00516862920506
0.00516862920509
0.00516862920509
0.00516862920509
0.00516862920509
0.00516862920509
0.00516862920506
0.00516862920509
0.00870625906297
0.00870625906297
0.00870625906294
0.00870625906301
0.008706259063
0.00870625906294
0.00870625906294
0.00870625906294
0.00870625906299
0.00870625906299
0.00870625906299
0.00870625906297
0.00870625906297
0.00870625906299
0.00870625906299
0.00870625906303
0.00870625906302
0.00870625906296
0.00870625906302
0.00870625906302
0.00435312953151
0.00435312953151
0.00435312953151
0.00435312953151
0.00435312953151
0.00435312953151
0.00435312953151
0.00435312953151
0.00217656476576
0.00217656476576
0.00217656476576
0.00217656476576
0.00217656476576
0.00217656476576
0.00217656476576
0.00217656476576
0.00217656476576
0.00217656476576
0.00217656476576
0.00217656476576
0.00217656476576
0.00217656476576
0.00217656476576
0.00217656476576
0.00435312953151
0.00435312953151
0.00435312953151
0.00435312953151
0.00435312953151
0.00435312953151
0.00435312953151
0.00435312953151
0.00435312953151
0.00435312953151
0.00435312953151
0.00435312953151
0.00435312953151
0.00435312953151
0.00435312953151
0.00435312953151
0.00217656476576
0.00217656476576
0.00217656476576
0.00217656476576
0.00217656476576
0.00217656476576
0.00217656476576
0.00217656476576
0.00217656476576
0.00217656476576
0.00217656476573
0.00217656476576
0.00217656476576
0.00217656476576
0.00217656476576
0.00217656476576
0.00435312953151
0.00435312953151
0.00435312953151
0.00435312953151
0.00435312953151
0.00435312953151
0.00435312953151
0.00435312953145
0.00516862920502
0.00516862920509
0.00516862920509
0.00516862920509
0.00516862920509
0.00516862920509
0.00516862920509
0.00516862920509
0.00516862920509
0.00516862920509
0.00516862920509
0.00516862920509
0.0103372584102
0.0103372584102
0.0103372584102
0.0103372584102
0.00516862920509
0.00516862920509
0.00516862920509
0.00516862920509
0.00516862920509
0.00516862920509
0.00516862920509
0.00516862920509
0.00516862920509
0.00516862920509
0.00516862920509
0.00516862920502
0.0174125181259
0.0174125181259
0.00870625906303
0.00870625906297
0.00870625906297
0.00870625906288
0.0043531295315
0.0043531295315
0.00435312953149
0.0043531295315
0.00870625906301
0.00870625906298
0.00870625906295
0.00870625906299
0.00870625906299
0.00870625906299
0.00870625906302
0.00870625906302
0.00870625906296
0.00870625906302
0.00870625906299
0.00870625906299
0.00435312953151
0.00435312953151
0.00435312953151
0.00435312953151
0.00516862920506
0.00516862920509
0.00516862920509
0.00516862920509
0.00516862920509
0.00516862920509
0.00516862920509
0.00516862920509
0.00516862920509
0.00516862920509
0.00516862920509
0.00516862920509
0.0103372584102
0.0103372584102
0.00516862920509
0.00516862920509
0.008706259063
0.00870625906294
0.00870625906296
0.00870625906297
0.00870625906302
0.00870625906293
0.00870625906299
0.00870625906299
0.00435312953144
0.00435312953144
0.0043531295315
0.00435312953144
0.00435312953147
0.00435312953147
0.00435312953149
0.00435312953149
0.0043531295315
0.00435312953149
0.00870625906306
0.008706259063
0.00435312953148
0.00435312953145
0.00435312953149
0.00435312953149
0.0043531295315
0.0043531295315
0.0043531295315
0.0043531295315
0.00435312953152
0.00435312953152
0.0043531295315
0.0043531295315
0.0043531295315
0.0043531295315
0.0043531295315
0.0043531295315
0.0043531295315
0.0043531295315
0.00516862920501
0.0051686292051
0.00258431460251
0.00258431460251
0.00258431460251
0.00258431460254
0.00258431460253
0.00258431460253
0.00258431460253
0.00258431460254
0.00258431460254
0.00258431460254
0.00258431460251
0.00258431460254
0.00258431460251
0.00258431460251
0.00258431460248
0.00258431460254
0.00258431460249
0.00258431460246
0.00258431460249
0.00258431460249
0.00258431460254
0.00258431460251
0.00258431460251
0.00258431460248
0.00258431460248
0.00258431460251
0.00258431460254
0.00258431460251
0.00258431460254
0.00258431460254
0.00258431460254
0.00258431460251
0.00258431460254
0.00258431460251
0.00258431460251
0.00258431460251
0.00258431460254
0.00258431460251
0.00258431460251
0.00258431460251
0.00258431460254
0.00258431460253
0.00258431460253
0.00258431460253
0.00516862920507
0.00516862920507
0.00516862920508
0.00516862920507
0.00516862920502
0.00516862920502
0.00516862920508
0.00516862920505
0.0043531295315
0.0043531295315
0.0043531295315
0.0043531295315
0.00217656476575
0.00217656476575
0.00217656476575
0.00217656476575
0.00217656476575
0.00217656476575
0.00217656476575
0.00217656476575
0.00217656476575
0.00217656476573
0.00217656476573
0.00217656476573
0.00217656476575
0.00217656476573
0.00217656476573
0.00217656476573
0.00217656476574
0.00217656476577
0.00217656476577
0.00217656476575
0.00217656476575
0.00217656476575
0.00217656476575
0.00217656476575
0.00217656476575
0.00217656476575
0.00217656476574
0.00217656476575
0.00435312953149
0.00435312953152
0.00217656476575
0.00217656476574
0.00217656476574
0.00217656476574
0.00217656476575
0.00217656476575
0.00217656476577
0.00217656476575
0.00217656476577
0.00217656476577
0.00217656476577
0.00217656476575
0.00217656476575
0.00217656476575
0.00217656476575
0.00217656476575
0.00217656476575
0.00217656476574
0.00217656476574
0.00217656476574
0.00516862920509
0.00516862920509
0.00258431460254
0.00258431460254
0.00258431460254
0.00258431460254
0.00516862920509
0.00516862920509
0.00516862920509
0.00516862920509
0.00516862920509
0.00516862920509
0.00516862920509
0.00516862920506
0.00435312953144
0.00435312953144
0.0043531295315
0.00435312953144
0.0043531295315
0.0043531295315
0.0043531295315
0.00435312953147
0.00870625906295
0.00870625906301
0.00217656476575
0.00217656476577
0.00217656476577
0.00217656476574
0.00217656476575
0.00217656476575
0.00217656476575
0.00217656476574
0.00217656476575
0.00217656476575
0.00217656476575
0.00217656476575
0.00217656476574
0.00217656476574
0.00217656476575
0.00217656476574
0.00217656476575
0.00217656476575
0.00217656476575
0.00217656476575
0.00217656476573
0.00217656476573
0.00217656476573
0.00217656476575
0.00435312953152
0.00435312953149
0.00217656476575
0.00217656476573
0.00217656476573
0.00217656476573
0.00217656476575
0.00217656476575
0.00217656476575
0.00217656476575
0.00217656476575
0.00217656476575
0.00217656476575
0.00217656476575
0.00217656476575
0.00217656476575
0.00217656476575
0.00217656476575
0.0043531295315
0.0043531295315
0.00217656476575
0.00217656476575
0.00217656476575
0.00217656476575
0.00435312953152
0.00435312953152
0.00435312953145
0.00435312953149
0.01033725841
0.01033725841
0.0103372584099
0.0103372584101
0.00516862920508
0.00516862920504
0.00516862920504
0.00516862920504
0.008706259063
0.008706259063
0.00870625906303
0.008706259063
0.008706259063
0.00870625906295
0.00870625906295
0.00870625906295
0.008706259063
0.008706259063
0.008706259063
0.008706259063
0.0103372584102
0.0103372584102
0.00870625906302
0.00870625906302
0.00870625906304
0.00870625906304
0.0043531295315
0.0043531295315
0.0043531295315
0.00435312953151
0.00870625906301
0.008706259063
0.0043531295315
0.0043531295315
0.0043531295315
0.0043531295315
0.00435312953151
0.00435312953151
0.00217656476575
0.00217656476572
0.00217656476572
0.00217656476572
0.00435312953147
0.0043531295315
0.00217656476575
0.00217656476572
0.00217656476572
0.00217656476572
0.00435312953144
0.00435312953151
0.00217656476572
0.00217656476575
0.00217656476575
0.00217656476575
0.00435312953149
0.00435312953145
0.0043531295315
0.00435312953145
0.00435312953149
0.0043531295315
0.0043531295315
0.0043531295315
0.0043531295315
0.00435312953152
0.00435312953152
0.0043531295315
0.0043531295315
0.00435312953152
0.00435312953152
0.00435312953152
0.00217656476575
0.00217656476575
0.00217656476575
0.00217656476575
0.0043531295315
0.0043531295315
0.0043531295315
0.0043531295315
0.01033725841
0.01033725841
0.01033725841
0.0103372584101
0.0103372584102
0.0103372584102
0.00516862920507
0.00516862920504
0.00516862920505
0.00516862920501
0.00435312953148
0.00435312953148
0.00435312953147
0.00435312953151
0.00870625906297
0.00870625906291
0.00217656476576
0.00217656476576
0.00217656476576
0.00217656476575
0.00217656476575
0.00217656476575
0.00217656476576
0.00217656476575
0.00217656476575
0.00217656476575
0.00217656476575
0.00217656476576
0.00435312953147
0.00435312953147
0.00217656476575
0.00217656476575
0.00217656476575
0.00217656476575
0.00217656476575
0.00217656476575
0.00217656476575
0.00217656476575
0.00217656476576
0.00217656476576
0.00217656476576
0.00217656476575
0.00217656476575
0.00217656476575
0.00217656476575
0.00217656476575
0.00435312953147
0.00435312953144
0.00217656476575
0.00217656476575
0.00217656476575
0.00217656476572
0.00217656476575
0.00217656476575
0.00217656476575
0.00217656476575
0.00217656476572
0.00217656476572
0.00217656476575
0.00217656476572
0.00258431460256
0.00258431460254
0.00258431460254
0.00258431460254
0.00258431460254
0.00258431460254
0.00258431460254
0.00258431460254
0.00258431460254
0.00258431460254
0.00258431460254
0.00258431460254
0.00258431460254
0.00258431460254
0.00258431460254
0.00258431460254
0.00258431460254
0.00258431460254
0.00258431460254
0.00258431460254
0.00258431460254
0.00258431460254
0.00258431460254
0.00258431460254
0.00516862920509
0.00516862920509
0.00258431460254
0.00258431460254
0.00258431460254
0.00258431460254
0.00258431460254
0.00258431460254
0.00258431460254
0.00258431460254
0.00258431460254
0.00258431460254
0.00258431460254
0.00258431460254
0.00516862920506
0.00516862920506
0.00516862920509
0.00516862920509
0.00258431460254
0.00258431460254
0.00258431460254
0.00258431460254
0.00258431460254
0.00258431460254
0.00258431460254
0.00258431460254
0.00516862920509
0.00516862920509
0.00258431460254
0.00258431460254
0.00258431460254
0.00258431460251
0.00217656476576
0.00217656476576
0.00217656476576
0.00217656476575
0.00217656476575
0.00217656476575
0.00217656476575
0.00217656476575
0.00217656476575
0.00217656476575
0.00217656476575
0.00217656476575
0.00217656476575
0.00217656476575
0.00217656476575
0.00217656476575
0.00217656476576
0.00217656476576
0.00217656476575
0.00217656476576
0.00217656476575
0.00217656476575
0.00217656476576
0.00217656476575
0.00435312953147
0.00435312953147
0.00217656476575
0.00217656476575
0.00217656476576
0.00217656476575
0.00217656476576
0.00217656476573
0.00217656476573
0.00217656476572
0.00435312953147
0.0043531295315
0.00435312953151
0.00435312953151
0.00217656476575
0.00217656476575
0.00217656476575
0.00217656476575
0.00435312953147
0.00435312953147
0.00258431460251
0.00258431460251
0.00258431460255
0.0025843146025
0.00258431460251
0.00258431460251
0.0043531295315
0.0043531295315
0.00217656476575
0.00217656476575
0.00217656476575
0.00217656476575
0.00435312953152
0.00435312953149
0.00217656476573
0.00217656476575
0.00217656476577
0.00217656476575
0.00217656476577
0.00217656476575
0.00217656476575
0.00217656476575
0.00516862920509
0.00516862920509
0.00217656476573
0.00217656476573
0.00217656476574
0.00217656476574
0.00217656476576
0.00217656476576
0.00217656476576
0.00217656476576
0.00217656476577
0.00217656476573
0.00217656476573
0.00217656476574
0.00217656476578
0.00217656476578
0.00217656476573
0.00217656476574
0.00217656476574
0.00217656476574
0.00217656476576
0.00217656476577
0.00217656476576
0.00217656476576
0.00217656476576
0.00217656476576
0.00217656476576
0.00217656476576
0.00217656476576
0.00217656476576
0.00516862920505
0.00516862920505
0.00258431460253
0.00258431460254
0.00258431460251
0.00258431460255
0.00516862920496
0.00516862920497
0.00258431460253
0.00258431460249
0.00129215730127
0.00129215730129
0.00129215730129
0.00129215730126
0.00129215730124
0.00129215730125
0.00129215730128
0.00129215730125
0.0025843146025
0.00258431460255
0.00129215730125
0.00129215730126
0.00129215730127
0.00129215730126
0.00258431460254
0.00258431460256
0.00108828238289
0.00108828238288
0.00108828238286
0.00108828238285
0.00108828238286
0.00108828238286
0.000544141191434
0.000544141191437
0.000544141191441
0.000544141191437
0.000544141191438
0.000544141191412
0.000544141191425
0.000544141191424
0.000544141191425
0.000544141191441
0.000544141191441
0.000544141191441
0.000544141191423
0.000544141191423
0.000544141191425
0.000544141191438
0.00108828238287
0.00108828238287
0.000544141191438
0.000544141191441
0.000544141191437
0.000544141191441
0.000544141191434
0.000544141191425
0.000544141191425
0.000544141191441
0.000544141191438
0.000544141191441
0.000544141191437
0.000544141191441
0.000544141191449
0.000544141191449
0.000544141191434
0.000544141191441
0.00108828238286
0.0010882823829
0.000544141191434
0.000544141191434
0.000544141191434
0.000544141191449
0.000544141191438
0.000544141191438
0.000544141191434
0.000544141191438
0.00108828238289
0.00108828238288
0.00108828238288
0.00108828238287
0.00108828238288
0.00108828238286
0.00108828238289
0.00108828238289
0.00108828238289
0.00108828238286
0.00108828238288
0.00108828238286
0.00108828238286
0.00108828238287
0.00108828238287
0.00108828238288
0.00108828238288
0.00108828238289
0.00108828238287
0.00108828238287
0.00108828238287
0.00108828238287
0.00108828238287
0.00108828238287
0.00108828238286
0.00108828238288
0.00108828238289
0.0010882823829
0.00108828238287
0.00108828238288
0.00108828238288
0.00108828238288
0.00108828238286
0.00108828238288
0.00108828238288
0.00108828238288
0.000544141191441
0.000544141191438
0.000544141191434
0.000544141191438
0.000544141191441
0.000544141191437
0.000544141191437
0.000544141191434
0.000544141191438
0.000544141191445
0.000544141191437
0.000544141191445
0.00054414119143
0.00054414119143
0.000544141191437
0.000544141191438
0.000544141191437
0.000544141191437
0.000544141191434
0.000544141191441
0.00054414119143
0.00054414119143
0.000544141191437
0.000544141191438
0.000544141191441
0.000544141191438
0.000544141191434
0.000544141191438
0.000544141191438
0.000544141191434
0.000544141191434
0.000544141191437
0.000544141191449
0.000544141191449
0.000544141191434
0.000544141191441
0.000544141191441
0.000544141191425
0.000544141191434
0.000544141191425
0.000544141191438
0.000544141191434
0.000544141191434
0.000544141191437
0.000544141191438
0.000544141191434
0.000544141191434
0.000544141191437
0.000544141191449
0.000544141191449
0.000544141191434
0.000544141191441
0.000544141191441
0.000544141191437
0.000544141191437
0.000544141191434
0.00108828238289
0.00108828238287
0.00217656476575
0.00217656476575
0.00217656476575
0.00217656476575
0.00217656476575
0.00217656476575
0.00217656476575
0.00217656476575
0.00217656476573
0.00217656476574
0.00108828238286
0.00108828238283
0.00108828238285
0.00108828238286
0.00217656476575
0.00217656476575
0.00217656476578
0.00217656476576
0.00435312953151
0.00435312953151
0.00217656476576
0.00217656476576
0.00435312953151
0.00435312953148
0.00435312953148
0.00435312953151
0.00258431460251
0.00258431460251
0.00129215730128
0.00129215730128
0.00129215730128
0.00129215730127
0.00258431460254
0.00258431460254
0.00258431460253
0.00258431460257
0.00258431460254
0.00258431460254
0.00129215730127
0.00129215730127
0.00129215730127
0.00129215730127
0.00129215730127
0.00129215730127
0.00129215730127
0.00129215730127
0.00258431460254
0.00258431460254
0.00129215730127
0.00129215730127
0.00129215730127
0.00129215730127
0.00258431460257
0.00258431460253
0.00129215730128
0.00129215730128
0.00129215730128
0.00129215730127
0.00258431460254
0.00258431460254
0.00258431460251
0.00258431460251
0.00217656476572
0.00217656476575
0.00217656476572
0.00217656476572
0.00217656476575
0.00217656476575
0.00217656476575
0.00217656476572
0.00217656476575
0.00217656476572
0.00108828238287
0.0010882823829
0.00108828238289
0.0010882823829
0.00108828238289
0.00108828238287
0.00108828238287
0.00108828238287
0.00108828238287
0.00108828238288
0.00217656476576
0.00217656476574
0.00217656476575
0.00217656476574
0.00217656476575
0.00217656476575
0.00108828238287
0.00108828238287
0.00217656476572
0.00217656476572
0.00217656476572
0.00217656476572
0.00217656476573
0.00217656476572
0.00217656476576
0.00217656476573
0.00108828238285
0.00108828238288
0.00108828238288
0.0010882823829
0.00108828238285
0.00108828238285
0.00108828238285
0.0010882823829
0.00108828238285
0.00108828238286
0.00108828238286
0.00108828238287
0.00217656476579
0.00217656476572
0.00217656476577
0.00217656476576
0.00108828238288
0.00108828238286
0.00108828238286
0.00108828238286
0.00108828238287
0.00108828238287
0.00108828238287
0.00108828238286
0.00217656476574
0.00217656476574
0.00108828238287
0.00108828238287
0.00108828238285
0.00108828238287
0.00108828238287
0.00108828238287
0.00108828238288
0.00108828238286
0.00108828238289
0.0010882823829
0.00108828238287
0.0010882823829
0.00108828238286
0.00108828238286
0.00108828238286
0.00108828238289
0.00217656476574
0.00217656476576
0.00108828238288
0.00108828238287
0.00108828238287
0.00108828238287
0.000544141191443
0.000544141191428
0.000544141191428
0.000544141191432
0.00108828238288
0.00108828238288
0.00108828238287
0.00108828238289
0.00217656476572
0.00217656476572
0.00217656476575
0.00217656476572
0.00108828238285
0.00108828238286
0.00108828238289
0.00108828238287
0.00217656476574
0.00217656476576
0.00108828238287
0.00108828238287
0.00129215730129
0.00129215730127
0.00129215730127
0.00129215730128
0.00129215730129
0.00129215730128
0.00258431460254
0.00258431460254
0.00129215730126
0.00129215730126
0.00129215730129
0.00129215730126
0.00129215730127
0.00129215730127
0.00129215730129
0.00129215730127
0.00435312953151
0.00435312953151
0.00217656476576
0.00217656476576
0.00217656476576
0.00217656476573
0.00217656476576
0.00217656476576
0.00217656476576
0.00217656476576
0.00108828238288
0.00108828238288
0.00108828238288
0.00108828238288
0.00217656476576
0.00217656476576
0.00217656476576
0.00217656476576
0.00217656476576
0.00217656476576
0.00108828238288
0.00108828238288
0.00108828238288
0.00108828238288
0.00217656476576
0.00217656476576
0.00217656476576
0.00217656476576
0.00217656476576
0.00217656476576
0.00217656476573
0.00217656476576
0.00108828238287
0.00108828238287
0.00108828238287
0.00108828238287
0.00108828238287
0.00108828238287
0.00108828238287
0.00108828238288
0.00108828238288
0.00108828238288
0.00108828238287
0.00108828238288
0.00108828238289
0.00108828238286
0.00108828238286
0.00108828238286
0.0010882823829
0.0010882823829
0.00108828238287
0.00108828238289
0.00108828238289
0.00108828238287
0.00108828238288
0.00108828238288
0.000544141191428
0.000544141191428
0.000544141191443
0.000544141191432
0.00108828238288
0.0010882823829
0.00108828238288
0.00108828238286
0.00108828238286
0.00108828238286
0.00108828238286
0.00108828238286
0.00108828238287
0.00108828238286
0.00217656476574
0.00217656476574
0.00217656476574
0.00217656476575
0.00217656476577
0.00217656476577
0.00217656476574
0.00217656476575
0.00217656476575
0.00217656476575
0.00217656476575
0.00217656476575
0.0043531295315
0.0043531295315
0.0043531295315
0.00435312953151
0.0043531295315
0.0043531295315
0.00435312953153
0.0043531295315
0.00435312953149
0.00435312953149
0.00435312953154
0.0043531295315
0.0043531295315
0.00435312953152
0.00217656476575
0.00217656476577
0.00217656476574
0.00217656476577
0.00217656476575
0.00217656476574
0.00217656476574
0.00217656476574
0.00217656476573
0.00217656476575
0.00217656476575
0.00217656476577
0.00217656476575
0.00217656476574
0.00217656476574
0.00217656476574
0.00435312953147
0.00435312953148
0.00217656476579
0.00217656476576
0.00217656476575
0.00217656476576
0.00217656476577
0.00217656476575
0.00217656476575
0.00217656476575
0.005168629205
0.00516862920502
0.00516862920505
0.00516862920497
0.00516862920508
0.00516862920503
0.00258431460249
0.00258431460249
0.00258431460254
0.00258431460249
0.00516862920507
0.00516862920507
0.00516862920508
0.00516862920507
0.00516862920502
0.00516862920502
0.00516862920508
0.00516862920505
0.00516862920507
0.00516862920507
0.00516862920508
0.00516862920507
0.00516862920505
0.00516862920502
0.00516862920502
0.00516862920508
0.00258431460254
0.00258431460254
0.00258431460251
0.00258431460254
0.00258431460251
0.00258431460249
0.00258431460251
0.00258431460251
0.00258431460254
0.00258431460253
0.00258431460253
0.00258431460253
0.0025843146025
0.00258431460251
0.00258431460254
0.00258431460248
0.00217656476575
0.00217656476575
0.00217656476575
0.00217656476575
0.00217656476575
0.00217656476575
0.00217656476575
0.00217656476575
0.00217656476576
0.00217656476576
0.00217656476574
0.00217656476576
0.0021765647657
0.0021765647657
0.00217656476574
0.00217656476573
0.00435312953148
0.00435312953151
0.0043531295315
0.00435312953153
0.0043531295315
0.00435312953149
0.00435312953151
0.00435312953148
0.00217656476574
0.00217656476574
0.00217656476576
0.00217656476574
0.00435312953148
0.00435312953148
0.00435312953146
0.00435312953149
0.00217656476574
0.00217656476576
0.00217656476576
0.00217656476576
0.0043531295315
0.00435312953148
0.00435312953148
0.00435312953147
0.00217656476573
0.00217656476573
0.00217656476572
0.00217656476571
0.00108828238288
0.00108828238288
0.00108828238288
0.00108828238288
0.00108828238288
0.00108828238288
0.00108828238288
0.00108828238288
0.00108828238288
0.00108828238288
0.00108828238287
0.00108828238288
0.00217656476575
0.00217656476575
0.00435312953149
0.0043531295315
0.00217656476574
0.00217656476574
0.00217656476576
0.00217656476576
0.00217656476576
0.00217656476577
0.00217656476577
0.00217656476576
0.00435312953151
0.0043531295315
0.00217656476574
0.00217656476574
0.00217656476576
0.00217656476574
0.00217656476576
0.00217656476574
0.00217656476574
0.00217656476574
0.00217656476578
0.0021765647658
0.00217656476574
0.0021765647658
0.00217656476574
0.00217656476573
0.00217656476575
0.00217656476575
0.0043531295315
0.0043531295315
0.00217656476573
0.00217656476576
