0.139300145008
0.0434390308764
0.0718769946212
0.0364407117769
0.071876994621
0.0711160394571
0.0218890178843
0.0219101004818
0.0183744689458
0.018323449568
0.00956460813195
0.00969078065014
0.00959114193332
0.00959114193337
0.00921834781342
0.00930770728822
0.00921204257002
0.00919280089346
0.0181621681969
0.0181621681968
0.0431509188199
0.0457400511042
0.0216459483137
0.0227606989444
0.0218890178842
0.0224749355659
0.0191143272884
0.0190614933741
0.00921834781345
0.00930770728827
0.00919280089345
0.00921204257007
0.0183598686004
0.019027755778
0.0180988495931
0.0188426101826
0.0414532995487
0.0176902628976
0.0182810405414
0.0175350694505
0.0181033499484
0.0182810405414
0.0175350694505
0.0204058004028
0.0206694771769
0.0198805627605
0.0200008588232
0.0208659715562
0.0216260345345
0.0213497506287
0.0207414773298
0.0351635670074
0.018582053762
0.0187646011509
0.0180485258635
0.0181061565163
0.0358589330007
0.018321815584
0.0358589330007
0.0357505679044
0.0181061565163
0.0187646011509
0.0180485258635
0.018582053762
0.0213497506287
0.0216260345345
0.0208659715562
0.0207414773298
0.0200008588232
0.0206694771769
0.0204058004028
0.0718361073809
0.0718361073809
0.0718361073809
0.0434390308763
0.0457143672713
0.0434390308763
0.0434390308763
0.0718361073809
0.0854184518114
0.0854184518117
0.0711160394571
0.0718769946211
0.0434390308764
0.0457143672716
0.0434390308764
0.0434390308764
0.0364407117769
0.0379065952813
0.0360323044519
0.0364407117767
0.0718361073807
0.071836107381
0.00956460813204
0.00969078065022
0.00959114193341
0.0095911419334
0.00921834781345
0.00930770728827
0.00921204257007
0.00919280089345
0.00911426136157
0.00920260674084
0.00911426136152
0.00908284093965
0.00908284093965
0.00920260674084
0.00911426136152
0.00911426136157
0.00959114193341
0.00969078065022
0.00956460813204
0.0095911419334
0.00919280089345
0.00930770728827
0.00921204257007
0.00921834781345
0.00919280089347
0.0093077072883
0.00921834781348
0.00921204257002
0.0218890178841
0.0227606989445
0.0216459483137
0.0224749355661
0.0218890178842
0.0227606989444
0.0216459483137
0.0224749355659
0.0181061565163
0.0187646011509
0.0180485258634
0.018582053762
0.0183598686004
0.0190277557779
0.0180988495931
0.0188426101826
0.00908284093963
0.00920260674083
0.00911426136157
0.00911426136152
0.00959114193337
0.00969078065014
0.00956460813195
0.00959114193332
0.00919280089343
0.00930770728824
0.00921204256997
0.00921834781342
0.0183234495681
0.0183744689459
0.010990835709
0.0111394004366
0.0110016508775
0.0110016508775
0.0230600683436
0.0230600683436
0.00921204257002
0.00930770728822
0.00919280089346
0.00921834781342
0.00959114193332
0.00969078065014
0.00959114193337
0.00956460813195
0.00911426136152
0.00920260674083
0.00908284093963
0.00911426136157
0.0183744689458
0.0358589330008
0.0357505679043
0.0181061565164
0.0181696835186
0.0181061565164
0.0187646011509
0.0180485258634
0.0185820537619
0.0395832556353
0.0181061565164
0.0187646011509
0.0180485258634
0.0185820537619
0.0200008588232
0.0206694771769
0.0198805627606
0.0204058004028
0.0357505679044
0.0358589330007
0.0377745079969
0.0183598686002
0.0190277557778
0.0180988495931
0.0188426101825
0.0181061565163
0.0187646011509
0.0180485258635
0.0185820537619
0.0412967592202
0.0397369690535
0.0181696835186
0.0181061565163
0.0181061565163
0.0364407117767
0.0377745079967
0.0457143672713
0.0434390308763
0.0434390308763
0.0364407117769
0.0379065952814
0.0360323044519
0.0364407117769
0.0379065952815
0.0364407117769
0.0360323044519
0.0379065952815
0.0364407117769
0.0434390308763
0.0364407117769
0.0379065952814
0.0360323044519
0.0360323044519
0.0379065952813
0.0364407117767
0.0360323044519
0.0364407117769
0.0379065952813
0.0360323044519
0.0206694771769
0.0204058004028
0.0181061565163
0.0187646011509
0.0180485258635
0.0185820537619
0.0216260345345
0.0207414773297
0.0200008588232
0.0206694771769
0.0198805627605
0.0204058004027
0.0187646011509
0.0181061565163
0.0181061565163
0.0187646011509
0.0180485258635
0.0185820537619
0.0390892531505
0.0360323044519
0.0379065952815
0.0364407117769
0.0427850875725
0.0360323044519
0.0379065952813
0.0364407117769
0.0364407117767
0.0216459483137
0.00921834781348
0.00925911373688
0.0187176766472
0.0185820537619
0.0180485258634
0.0181811093917
0.0214283035351
0.0213497506287
0.0107889668063
0.0109407695096
0.0105622165537
0.0108283559985
0.0104866212741
0.0106204790937
0.0104727476449
0.0105110751901
0.00894924284052
0.00887548213043
0.00915154249149
0.009083373746
0.0181603138681
0.0185213933053
0.0179246542366
0.018208039883
0.0183450787254
0.0186608347483
0.0179513116759
0.0182969845807
0.0107878312246
0.0108851186503
0.0104760114244
0.0107030755583
0.0217551448931
0.0226104791344
0.0205514247908
0.0185766856239
0.0204058004029
0.0206387613763
0.0181147339401
0.0181033499482
0.020264982617
0.0180485258635
0.0181147339401
0.0181033499482
0.0177013877165
0.0176902628976
0.00996651400037
0.0100608154012
0.0206387613763
0.0204058004029
0.02210339867
0.0218870192147
0.00942926178067
0.0095888583937
0.00922310643346
0.00951164279171
0.0357762456508
0.0367737480487
0.0181603138681
0.0185213933053
0.0179246542366
0.018208039883
0.155043214092
0.139300145008
0.0176902628976
0.0182810405413
0.0175350694505
0.0181033499484
0.0349822018407
0.0374775900082
0.0360275471022
0.0362484811765
0.0424297008082
0.0438436219075
0.037646986306
0.0409671398142
0.0190614933741
0.0191143272884
0.00919280089347
0.00930770728827
0.00921834781341
0.00921204257006
0.010990835709
0.0111394004365
0.0110016508775
0.0110016508775
0.0115817655026
0.0117384059399
0.0115817655026
0.0115817655026
0.0110016508775
0.0111394004366
0.010990835709
0.0110016508775
0.0110016508775
0.0111394004365
0.0110016508775
0.010990835709
0.00921204257002
0.0093077072883
0.00919280089347
0.00921834781348
0.0095911419334
0.00969078065022
0.00959114193341
0.00956460813204
0.00921834781345
0.00930770728827
0.00919280089345
0.00921204257007
0.0183578302792
0.0188656428163
0.0181472370532
0.0186301848056
0.0181472370532
0.0188656428163
0.0183578302793
0.0186301848056
0.0181061565163
0.0187646011508
0.0180485258635
0.0185820537619
0.0176902628976
0.0182810405413
0.0175350694505
0.0181033499483
0.00959114193338
0.00969078065019
0.009564608132
0.00959114193338
0.00919280089347
0.00930770728827
0.00921204257006
0.00921834781341
0.00919280089347
0.00930770728827
0.00921834781341
0.00921204257006
0.0183598686003
0.0190277557779
0.0180988495931
0.0188426101826
0.0180485258635
0.0187646011509
0.0181061565163
0.018582053762
0.0213497506287
0.0216260345345
0.0208659715562
0.0207414773298
0.0176902628976
0.0182810405412
0.0175350694505
0.0181033499482
0.0181033499484
0.0182810405414
0.0175350694505
0.0176902628977
0.00908284093963
0.00920260674083
0.00911426136152
0.00911426136157
0.00959114193332
0.00969078065014
0.00956460813195
0.00959114193337
0.00919280089346
0.00930770728822
0.00921204257002
0.00921834781342
0.00919280089343
0.00930770728824
0.00921834781342
0.00921204256997
0.0433457271103
0.04287063263
0.0433457271107
0.04287063263
0.0115684836368
0.0116796473218
0.0111216230585
0.0114309072257
0.00569036452968
0.00570948596566
0.00563917341915
0.00565480655841
0.00572705618083
0.00578386984034
0.00576449687549
0.00571123340867
0.0108685365363
0.0109632521407
0.0055433864156
0.00556061253112
0.00549213358105
0.00550599878099
0.0092142954793
0.0091878002244
0.00921204257006
0.00930225135918
0.0213485655696
0.0211623470121
0.0370383459569
0.036440711777
0.0370383459569
0.036440711777
0.00919280089343
0.0092683297858
0.0204058004028
0.0206387613762
0.018321815584
0.0183598686004
0.0215895164008
0.0213497506286
0.0204800330052
0.0204058004027
0.00920406293166
0.00911426136157
0.0181696835186
0.0181061565164
0.0191143272884
0.0190614933741
0.00919280089347
0.0093077072883
0.00921204257002
0.00921834781348
0.0183598686004
0.018321815584
0.0219101004818
0.0218890178841
0.018321815584
0.0183598686004
0.0181061565164
0.0181696835186
0.0183701782055
0.0183578302793
0.0230600683434
0.0230600683434
0.0218890178841
0.0219101004818
0.0110016508775
0.0111394004366
0.0110016508775
0.010990835709
0.018321815584
0.0183598686004
0.0183578302793
0.0188656428163
0.0181472370532
0.0186301848056
0.0181472370532
0.0188656428163
0.0183578302792
0.0186301848056
0.0183578302792
0.0183701782055
0.010990835709
0.0111394004366
0.0110016508775
0.0110016508775
0.0115817655027
0.0117384059401
0.0115817655027
0.0115817655027
0.0110016508775
0.0111394004366
0.010990835709
0.0110016508775
0.0219098123713
0.0219098123713
0.00921204256997
0.00930770728824
0.00919280089343
0.00921834781342
0.019061493374
0.0191143272883
0.0183578302792
0.0183701782055
0.0183701782055
0.0183578302791
0.010463674611
0.0108442813947
0.0104026721203
0.0108095834802
0.0107293129629
0.0107637503179
0.0103871811966
0.0103860298391
0.0100300190435
0.0100170603514
0.0099721159268
0.00995493959928
0.0107889668062
0.010716799606
0.0105526478406
0.0104727476449
0.0091515424914
0.00925216107515
0.00895798211665
0.00915737905542
0.00887548213044
0.00897345059027
0.00888733110294
0.00888116412043
0.00917254151145
0.00908284093966
0.00911426136155
0.0092040629317
0.00940530525088
0.00952866638448
0.00920030062079
0.00943767412063
0.00908284093965
0.00920260674084
0.00911426136152
0.00911426136157
0.0102996154688
0.0104368111905
0.0101038775181
0.0103367108705
0.010036985303
0.0101709298924
0.0100427897472
0.0100731977115
0.010036985303
0.0101709298925
0.0100427897472
0.0100731977116
0.0102996154688
0.0104368111906
0.0101038775182
0.0103367108705
0.0108097771891
0.0110102654868
0.0105679522665
0.0109135844015
0.0105002957957
0.0105938221826
0.010460254875
0.0103999092754
0.00941888859444
0.00931783520898
0.00915825865231
0.00904929953271
0.0184075749901
0.0180988495931
0.0183578302793
0.0183701782055
0.0417598635564
0.0697294096868
0.0192890330031
0.0200485937443
0.0186424608439
0.0197998102258
0.0209415805504
0.0202455981458
0.0194568181168
0.0186432944876
0.0206917401633
0.0206520049031
0.0183578302791
0.0188656428161
0.0181472370532
0.0186301848054
0.0186301848055
0.0188656428162
0.0181472370532
0.0183578302792
0.0104459457842
0.0105558660384
0.0102191059441
0.0104256650681
0.0108476696124
0.0109922701764
0.0108777334647
0.0106331627349
0.00950491372591
0.00959671217865
0.00928424728093
0.00947866487304
0.0212335354525
0.0202516025166
0.0111604080125
0.0109813621912
