0.139300145008
0.263775270793
0.0434390308764
0.0718769946212
0.0364407117769
0.071876994621
0.0711160394571
0.0693683880734
0.137167836572
0.159303590694
0.0379065952814
0.0364407117769
0.0434390308763
0.0457143672713
0.0434390308763
0.0434390308763
0.0364407117769
0.0379065952815
0.036440711777
0.0718361073809
0.071836107381
0.0711160394571
0.0693683880733
0.0379065952814
0.0364407117769
0.0364407117769
0.0718769946212
0.0711160394572
0.0816431562015
0.0693683880733
0.0693683880734
0.0360323044519
0.0379065952813
0.0364407117769
0.0364407117767
0.0854184518114
0.0854184518117
0.0457400511041
0.0224749355661
0.0227606989445
0.0216459483137
0.0218890178841
0.0183578302792
0.0218890178843
0.0219101004818
0.0183744689458
0.018323449568
0.00956460813195
0.00969078065014
0.00959114193332
0.00959114193337
0.00921834781342
0.00930770728822
0.00921204257002
0.00919280089346
0.0181621681969
0.0181621681968
0.0431509188199
0.0457400511042
0.0216459483137
0.0227606989444
0.0218890178842
0.0224749355659
0.0191143272884
0.0190614933741
0.00921834781345
0.00930770728827
0.00919280089345
0.00921204257007
0.0183598686004
0.019027755778
0.0180988495931
0.0188426101826
0.0414532995487
0.0176902628976
0.0182810405414
0.0175350694505
0.0181033499484
0.0182810405414
0.0175350694505
0.0204058004028
0.0206694771769
0.0198805627605
0.0200008588232
0.0208659715562
0.0216260345345
0.0213497506287
0.0207414773298
0.0351635670074
0.018582053762
0.0187646011509
0.0180485258635
0.0181061565163
0.0358589330007
0.018321815584
0.0183598686004
0.0358589330007
0.0357505679044
0.0181061565163
0.0187646011509
0.0180485258635
0.018582053762
0.0213497506287
0.0216260345345
0.0208659715562
0.0207414773298
0.0200008588232
0.0206694771769
0.0204058004028
0.0424297008083
0.0718361073809
0.071836107381
0.0718361073809
0.0718361073809
0.0434390308763
0.0457143672713
0.0434390308763
0.0434390308763
0.071836107381
0.0718361073809
0.0854184518114
0.0854184518117
0.0711160394571
0.0718769946211
0.0434390308764
0.0457143672716
0.0434390308764
0.0434390308764
0.0364407117769
0.0379065952813
0.0360323044519
0.0364407117767
0.0718361073807
0.071836107381
0.00956460813204
0.00969078065022
0.00959114193341
0.0095911419334
0.00921834781345
0.00930770728827
0.00921204257007
0.00919280089345
0.00911426136157
0.00920260674084
0.00911426136152
0.00908284093965
0.00908284093965
0.00920260674084
0.00911426136152
0.00911426136157
0.00959114193341
0.00969078065022
0.00956460813204
0.0095911419334
0.00919280089345
0.00930770728827
0.00921204257007
0.00921834781345
0.00919280089347
0.0093077072883
0.00921834781348
0.00921204257002
0.0218890178841
0.0227606989445
0.0216459483137
0.0224749355661
0.0218890178842
0.0227606989444
0.0216459483137
0.0224749355659
0.0181061565163
0.0187646011509
0.0180485258634
0.018582053762
0.0183598686004
0.0190277557779
0.0180988495931
0.0188426101826
0.00908284093963
0.00920260674083
0.00911426136157
0.00911426136152
0.00959114193337
0.00969078065014
0.00956460813195
0.00959114193332
0.00919280089343
0.00930770728824
0.00921204256997
0.00921834781342
0.0183234495681
0.0183744689459
0.010990835709
0.0111394004366
0.0110016508775
0.0110016508775
0.0230600683436
0.0230600683436
0.00921204257002
0.00930770728822
0.00919280089346
0.00921834781342
0.00959114193332
0.00969078065014
0.00959114193337
0.00956460813195
0.00911426136152
0.00920260674083
0.00908284093963
0.00911426136157
0.0183744689458
0.018323449568
0.0358589330008
0.0357505679043
0.0181061565164
0.0181696835186
0.0181061565164
0.0187646011509
0.0180485258634
0.0185820537619
0.0395832556353
0.0409671398141
0.0181061565164
0.0187646011509
0.0180485258634
0.0185820537619
0.0200008588232
0.0206694771769
0.0198805627606
0.0204058004028
0.0357505679044
0.0358589330007
0.0377745079969
0.036440711777
0.0183598686002
0.0190277557778
0.0180988495931
0.0188426101825
0.0181061565163
0.0187646011509
0.0180485258635
0.0185820537619
0.0412967592202
0.0429483619551
0.0406834647402
0.0397369690535
0.0181696835186
0.0181061565163
0.0181696835187
0.0181061565163
0.0364407117767
0.0377745079967
0.0360323044519
0.0379065952815
0.0364407117769
0.036440711777
0.0434390308763
0.0457143672713
0.0434390308763
0.0434390308763
0.0364407117769
0.0379065952814
0.0360323044519
0.0364407117769
0.036440711777
0.0379065952815
0.0364407117769
0.0360323044519
0.0360323044519
0.0379065952815
0.0364407117769
0.036440711777
0.0434390308763
0.0457143672713
0.0434390308763
0.0434390308763
0.0364407117769
0.0379065952814
0.0360323044519
0.0364407117769
0.071836107381
0.0718361073809
0.0360323044519
0.0379065952813
0.0364407117769
0.0364407117767
0.0434390308764
0.0457143672716
0.0434390308764
0.0434390308764
0.0364407117767
0.0379065952813
0.0360323044519
0.0364407117769
0.0364407117769
0.0379065952813
0.0364407117767
0.0360323044519
0.0413137772673
0.0410777291585
0.0200008588232
0.0206694771769
0.0198805627606
0.0204058004028
0.0181061565163
0.0187646011509
0.0180485258635
0.0185820537619
0.0213497506286
0.0216260345345
0.0208659715562
0.0207414773297
0.0362579400832
0.0351635670074
0.0200008588232
0.0206694771769
0.0198805627605
0.0204058004027
0.0181061565163
0.0181696835186
0.0373604992668
0.0360323044519
0.0406834647403
0.0397369690536
0.0397369690536
0.0406834647405
0.0429483619553
0.0412967592203
0.018582053762
0.0187646011509
0.0180485258634
0.0181061565163
0.0181061565163
0.0187646011509
0.0180485258635
0.0185820537619
0.0361614768645
0.0390892531505
0.0360323044519
0.0379065952815
0.036440711777
0.0364407117769
0.0893445353548
0.0760575219973
0.0406834647403
0.0427850875725
0.0375583181195
0.0411421663767
0.0360323044519
0.0379065952813
0.0364407117769
0.0364407117767
0.0718361073807
0.071836107381
0.0411421663767
0.0427850875723
0.0375583181194
0.0406834647402
0.0219774991898
0.0216459483137
0.00921834781348
0.00925911373688
0.0187176766472
0.0185820537619
0.0180485258634
0.0181811093917
0.0214283035351
0.0213497506287
0.0107889668063
0.0109407695096
0.0105622165537
0.0108283559985
0.0104866212741
0.0106204790937
0.0104727476449
0.0105110751901
0.00894924284052
0.00887548213043
0.00915154249149
0.009083373746
0.0181603138681
0.0185213933053
0.0179246542366
0.018208039883
0.0183450787254
0.0186608347483
0.0179513116759
0.0182969845807
0.0107878312246
0.0108851186503
0.0104760114244
0.0107030755583
0.0217551448931
0.0226104791344
0.0205514247908
0.0185766856239
0.0204058004029
0.0206387613763
0.0181147339401
0.0181033499482
0.020264982617
0.0180485258635
0.0181147339401
0.0181033499482
0.0177013877165
0.0176902628976
0.00996651400037
0.0100608154012
0.0206387613763
0.0204058004029
0.02210339867
0.0218870192148
0.00942926178064
0.00958885839368
0.00922310643346
0.00951164279169
0.0357762456508
0.0367737480487
0.0181603138681
0.0185213933053
0.0179246542366
0.018208039883
