0.139300145008
0.165396134562
0.263775270793
0.263775270793
0.159303590694
0.0816431562015
0.0783121273255
0.0711160394572
0.0783121273255
0.139300145008
0.071876994621
0.0711160394571
0.0379065952815
0.0364407117769
0.036440711777
0.0711160394571
0.0718769946212
0.0711160394572
0.0711160394571
0.0693683880733
0.0711160394571
0.0360323044519
0.0379065952815
0.0379065952815
0.0360323044519
0.137167836572
0.0718361073809
0.0364407117769
0.0711160394571
0.0783121273257
0.0783121273257
0.0449071376662
0.0434390308763
0.0721715126082
0.0426213113082
0.0414532995487
0.0176902628976
0.0182810405412
0.0175350694505
0.0181033499482
0.0175350694505
0.0182810405414
0.0176902628977
0.0181033499484
0.0414532995488
0.0426213113081
0.0218890178842
0.0227606989446
0.0216459483137
0.0224749355661
0.0227606989446
0.0216459483137
0.0218890178843
0.0359625900912
0.0188426101824
0.0190277557777
0.0180988495931
0.0183598686003
0.0183578302792
0.0183701782055
0.019061493374
0.0191143272883
0.00921834781342
0.00930770728824
0.00921204256997
0.00919280089343
0.0360323044519
0.0379065952815
0.0364407117769
0.036440711777
0.0434390308763
0.0457143672713
0.0434390308763
0.0434390308763
0.071836107381
0.0718361073809
0.0434390308764
0.0457143672716
0.0434390308764
0.0434390308764
0.0364407117769
0.0379065952813
0.0360323044519
0.0364407117767
0.0364407117767
0.0379065952813
0.0364407117769
0.0360323044519
0.0428706326299
0.0433457271105
0.018323449568
0.0183744689459
0.00959114193338
0.00969078065019
0.00959114193338
0.009564608132
0.00911426136155
0.00920260674086
0.00908284093966
0.00911426136155
0.00921834781341
0.00930770728827
0.00919280089347
0.00921204257006
0.0406834647403
0.0427850875723
0.0375583181195
0.0411421663765
0.0360323044519
0.0379065952815
0.0364407117769
0.036440711777
0.0347830908823
0.0350899832599
0.0357505679044
0.0358589330008
0.0218890178843
0.0227606989446
0.0216459483137
0.0224749355662
0.00921204257002
0.00930770728822
0.00919280089346
0.00921834781342
0.00959114193332
0.00969078065014
0.00959114193337
0.00956460813195
0.00911426136152
0.00920260674083
0.00908284093963
0.00911426136157
0.00921834781342
0.00930770728824
0.00919280089343
0.00921204256997
0.0360323044519
0.0373604992667
0.0397369690536
0.0406834647405
0.0181061565163
0.0181696835186
0.137167836572
0.159303590694
0.0783121273256
0.0816431562016
0.0693683880734
0.0711160394571
0.0360323044519
0.0379065952814
0.0364407117769
0.0364407117769
0.0854184518115
0.0854184518115
0.0718769946212
0.0711160394572
0.0183598686004
0.0190277557779
0.0180988495931
0.0188426101826
0.0180485258634
0.0187646011509
0.0181061565163
0.018582053762
0.0373604992666
0.0360323044519
0.0364956984611
0.035943035235
0.0181061565163
0.0181696835187
0.0718361073809
0.071836107381
0.0411421663765
0.0427850875723
0.0375583181195
0.0406834647403
0.0359625900912
0.037572606844
0.0213497506287
0.0216260345345
0.0208659715562
0.0207414773298
0.0176902628977
0.0182810405414
0.0175350694505
0.0181033499484
0.0200008588233
0.0206694771771
0.0198805627605
0.0204058004029
0.0175350694505
0.0182810405412
0.0176902628976
0.0181033499482
0.0414532995487
0.0426213113082
0.040967139814
0.0395832556352
0.0413137772671
0.0410777291585
0.0350899832599
0.0347830908824
0.0200008588232
0.0206694771769
0.0198805627605
0.0204058004027
0.0410777291585
0.0413137772673
0.0198805627606
0.0206694771769
0.0200008588232
0.0204058004028
0.0183598686003
0.0190277557777
0.0180988495931
0.0188426101824
0.0359625900912
0.037572606844
0.00921204256997
0.00930770728824
0.00921834781342
0.00919280089343
0.00956460813195
0.00969078065014
0.00959114193332
0.00959114193337
0.00921834781342
0.00930770728822
0.00921204257002
0.00919280089346
0.0181621681969
0.0181621681968
0.00908284093963
0.00920260674083
0.00911426136152
0.00911426136157
0.00959114193332
0.00969078065014
0.00956460813195
0.00959114193337
0.00919280089346
0.00930770728822
0.00921204257002
0.00921834781342
0.018323449568
0.0183744689458
0.0183578302793
0.0183701782055
0.0183701782056
0.0183578302792
0.010990835709
0.0111394004366
0.0110016508775
0.0110016508775
0.0115817655026
0.0117384059399
0.0115817655026
0.0115817655026
0.0110016508775
0.0111394004365
0.010990835709
0.0110016508775
0.0110016508775
0.0111394004365
0.0110016508775
0.010990835709
0.0183701782055
0.0183578302793
0.0183578302792
0.0183701782056
0.00921204257006
0.00930770728827
0.00921834781341
0.00919280089347
0.009564608132
0.00969078065019
0.00959114193338
0.00959114193338
0.00921834781341
0.00930770728827
0.00921204257006
0.00919280089347
0.0181621681969
0.0181621681969
0.0181061565163
0.0187646011508
0.0180485258635
0.0185820537619
0.0213497506287
0.0216260345345
0.0208659715563
0.0207414773297
0.0176902628976
0.0182810405413
0.0175350694505
0.0181033499483
0.0200008588232
0.0206694771769
0.0198805627606
0.0204058004028
0.0424297008081
0.0438436219073
0.0376469863059
0.040967139814
0.0183578302792
0.0188656428162
0.0181472370532
0.0186301848056
0.0186301848056
0.0188656428162
0.0181472370532
0.0183578302792
0.0219101004817
0.0218890178842
0.0230600683434
0.0230600683434
0.0110016508775
0.0111394004366
0.010990835709
0.0110016508775
0.0218890178842
0.0219101004817
0.0183598686003
0.018321815584
0.0191143272884
0.0190614933741
0.0181696835187
0.0181061565163
0.00921834781345
0.00930770728827
0.00919280089345
0.00921204257007
0.0183744689459
0.0183234495681
0.00956460813204
0.00969078065022
0.00959114193341
0.0095911419334
0.00921834781345
0.00930770728827
0.00921204257007
0.00919280089345
0.00911426136157
0.00920260674084
0.00911426136152
0.00908284093965
0.0181061565163
0.0181696835187
0.0190614933741
0.0191143272884
0.0183578302792
0.0183701782056
0.00919280089345
0.00930770728827
0.00921834781345
0.00921204257007
0.010990835709
0.0111394004365
0.0110016508775
0.0110016508775
0.0115817655026
0.0117384059399
0.0115817655026
0.0115817655026
0.0110016508775
0.0111394004365
0.010990835709
0.0110016508775
0.0110016508775
0.0111394004366
0.0110016508775
0.010990835709
0.0183578302792
0.0188656428162
0.0181472370532
0.0186301848056
0.00921204257007
0.00930770728827
0.00921834781345
0.00919280089345
0.00956460813204
0.00969078065022
0.0095911419334
0.00959114193341
0.00911426136152
0.00920260674084
0.00911426136157
0.00908284093965
0.0180988495931
0.0190277557778
0.0183598686002
0.0188426101825
0.0349822018408
0.0374775900084
0.0360275471022
0.0362484811766
0.100383807142
0.0770166941979
0.0429483619552
0.0412967592203
0.0368626645966
0.0349822018407
0.0185820537619
0.0187646011508
0.0180485258635
0.0181061565163
0.0349822018408
0.0374775900084
0.0360275471022
0.0362484811766
0.100383807142
0.0770166941979
0.0429483619552
0.0412967592203
0.0368626645966
0.0349822018407
0.0185820537619
0.0187646011508
0.0180485258635
0.0181061565163
0.0347830908824
0.03508998326
0.010990835709
0.0111394004366
0.0110016508775
0.0110016508775
0.01138850623
0.0115305846338
0.0110969666251
0.0113773488423
0.0112863140745
0.0113773488425
0.0185820537619
0.0187176766471
