0.478727069164
0.478727069164
0.478727069164
0.478727069164
0.139300145008
0.165396134562
0.139300145008
0.139300145008
0.263775270793
0.263775270793
0.263775270793
0.165396134562
0.139300145008
0.139300145008
0.263775270793
0.263775270793
0.0711160394571
0.0816431562016
0.0693683880733
0.0783121273257
0.159303590694
0.137167836572
0.139300145008
0.155043214092
0.155043214092
0.139300145008
0.155043214092
0.139300145008
0.0718769946212
0.0711160394572
0.139300145008
0.139300145008
0.139300145008
0.139300145008
0.263775270793
0.263775270793
0.263775270793
0.263775270793
0.0718361073809
0.071836107381
0.0434390308763
0.0457143672713
0.0434390308763
0.0434390308763
0.0718361073809
0.0718361073809
0.071836107381
0.0718361073809
0.0718361073809
0.0718361073809
0.0434390308763
0.0457143672713
0.0434390308763
0.0434390308763
0.071836107381
0.0718361073809
0.0718361073809
0.071836107381
0.155043214092
0.139300145008
0.139300145008
0.155043214092
0.0711160394571
0.0816431562016
0.0693683880733
0.0783121273257
0.137167836572
0.159303590694
0.0854184518114
0.0854184518114
0.0364407117769
0.0379065952815
0.0360323044519
0.036440711777
0.0360323044519
0.0379065952815
0.0364407117769
0.036440711777
0.0854184518114
0.0854184518114
0.137167836572
0.159303590694
0.0783121273257
0.0816431562016
0.0693683880733
0.0711160394571
