0.00227537045646
0.00228289211013
0.00227742324321
0.00227742324321
0.00230749661665
0.00231313460164
0.00230551310321
0.00230749661665
0.0022833518324
0.00229080432972
0.00228522089601
0.0022853164844
0.0022833518324
0.00229080432969
0.0022853164844
0.00228522089595
0.00240495954235
0.00241125779481
0.00240341260099
0.00240507102075
0.00243009057589
0.00243645480191
0.00243009057586
0.00242841509681
0.00239840523669
0.00240457484272
0.00239664055787
0.00239840523668
0.00240507102078
0.00241125779483
0.00240341260101
0.00240495954233
0.00230335771336
0.00231058375151
0.00230465585219
0.00230504846191
0.00233390093192
0.00233960576843
0.00233228877903
0.00233350344892
0.00230828642207
0.0023154290645
0.00230938994473
0.00230988215303
0.00230986762772
0.00231701516561
0.00231107074856
0.0023113655427
0.00230335771337
0.00231058375152
0.00230504846194
0.00230465585215
0.00233350344892
0.0023396057684
0.00233228877902
0.0023339009319
0.00230986762768
0.00231701516555
0.00231136554267
0.00231107074856
0.00230828642211
0.00231542906454
0.00230988215304
0.00230938994475
0.00275590570636
0.00276528250339
0.00275674857487
0.00275674857485
0.00279407232756
0.00280289339103
0.00279338872802
0.0027940723275
0.00275879082986
0.00276800841563
0.00275929743318
0.00275946606469
0.00275879082983
0.00276800841561
0.00275946606472
0.00275929743317
0.00290502894036
0.00291493408627
0.00290522588215
0.00290522588215
0.00294458508999
0.00295462548963
0.00294458508997
0.00294458508999
0.00290522588217
0.0029149340863
0.00290502894036
0.00290522588216
0.00290522588217
0.0029149340863
0.00290522588216
0.00290502894036
0.00275929743318
0.00276800841563
0.00275879082986
0.00275946606469
0.00279407232756
0.00280289339103
0.0027940723275
0.00279338872802
0.00275674857487
0.00276528250339
0.00275590570636
0.00275674857485
0.00275946606472
0.00276800841561
0.00275879082983
0.00275929743317
0.00275929743316
0.00276800841561
0.00275946606468
0.00275879082988
0.00279338872802
0.00280289339106
0.00279407232756
0.00279407232756
0.00275946606468
0.00276800841561
0.00275929743316
0.00275879082988
0.00275674857486
0.0027652825034
0.00275674857486
0.00275590570638
0.00230938994474
0.00231542906453
0.00230828642211
0.00230988215304
0.00233390093191
0.00233960576839
0.0023335034489
0.00233228877901
0.00230465585218
0.00231058375152
0.00230335771337
0.00230504846193
0.00231107074855
0.00231701516557
0.00230986762767
0.00231136554269
0.00240495954232
0.0024112577948
0.00240507102074
0.00240341260101
0.00242841509678
0.00243645480187
0.00243009057587
0.00243009057587
0.00240507102074
0.0024112577948
0.00240495954232
0.00240341260101
0.00239840523667
0.00240457484273
0.00239840523667
0.00239664055789
0.00228522089597
0.00229080432972
0.00228335183239
0.00228531648444
0.00230749661663
0.00231313460162
0.00230749661663
0.00230551310324
0.00227742324322
0.00228289211014
0.00227537045645
0.00227742324322
0.00228531648444
0.00229080432972
0.00228335183239
0.00228522089597
0.00231136554269
0.00231701516557
0.00230986762767
0.00231107074855
0.0023335034489
0.00233960576839
0.00233390093191
0.00233228877901
0.00230504846193
0.00231058375152
0.00230335771337
0.00230465585218
0.00230988215304
0.00231542906453
0.00230828642211
0.00230938994474
0.00230938994475
0.00231542906454
0.00230988215304
0.00230828642211
0.00233228877902
0.0023396057684
0.00233350344892
0.0023339009319
0.00231107074856
0.00231701516555
0.00231136554267
0.00230986762768
0.00230465585215
0.00231058375152
0.00230504846194
0.00230335771337
0.00239664055787
0.00240457484272
0.00239840523669
0.00239840523668
0.00243009057589
0.00243645480191
0.00242841509681
0.00243009057586
0.00240341260099
0.00241125779481
0.00240495954235
0.00240507102075
0.00240341260101
0.00241125779483
0.00240507102078
0.00240495954233
0.0023113655427
0.00231701516561
0.00231107074856
0.00230986762772
0.00233228877903
0.00233960576843
0.00233390093192
0.00233350344892
0.00230988215303
0.0023154290645
0.00230938994473
0.00230828642207
0.00230504846191
0.00231058375151
0.00230465585219
0.00230335771336
0.00228522089595
0.00229080432969
0.0022853164844
0.0022833518324
0.00230551310321
0.00231313460164
0.00230749661665
0.00230749661665
0.0022853164844
0.00229080432972
0.00228522089601
0.0022833518324
0.00227742324321
0.00228289211013
0.00227742324321
0.00227537045646
0.00227537045644
0.00228289211008
0.00227742324318
0.00227742324321
0.00230749661663
0.00231313460161
0.00230551310321
0.00230749661665
0.00228335183239
0.0022908043297
0.00228522089599
0.0022853164844
0.0022833518324
0.00229080432972
0.00228531648439
0.00228522089598
0.00240495954235
0.00241125779483
0.00240341260097
0.00240507102077
0.00243009057584
0.00243645480188
0.00243009057586
0.0024284150968
0.00239840523664
0.0024045748427
0.00239664055786
0.00239840523667
0.00240507102073
0.00241125779482
0.00240341260098
0.00240495954235
0.00230335771334
0.00231058375148
0.00230465585216
0.00230504846191
0.0023339009319
0.00233960576838
0.002332288779
0.0023335034489
0.00230828642208
0.00231542906449
0.00230938994472
0.002309882153
0.00230986762767
0.00231701516555
0.00231107074853
0.00231136554269
0.00230335771336
0.0023105837515
0.00230504846194
0.00230465585215
0.0023335034489
0.00233960576837
0.00233228877899
0.00233390093189
0.00230986762769
0.00231701516557
0.00231136554268
0.00231107074855
0.00230828642211
0.00231542906451
0.002309882153
0.00230938994474
0.00275590570639
0.00276528250342
0.00275674857486
0.00275674857488
0.00279407232752
0.00280289339104
0.00279338872804
0.00279407232756
0.00275879082984
0.00276800841563
0.00275929743317
0.00275946606472
0.00275879082985
0.00276800841566
0.0027594660647
0.00275929743324
0.0029050289404
0.0029149340863
0.00290522588214
0.00290522588221
0.00294458509004
0.00295462548972
0.00294458509004
0.00294458509004
0.00290522588221
0.0029149340863
0.0029050289404
0.00290522588214
0.00290522588214
0.0029149340863
0.00290522588221
0.0029050289404
0.00275929743324
0.00276800841566
0.00275879082985
0.0027594660647
0.00279407232756
0.00280289339104
0.00279407232752
0.00279338872804
0.00275674857488
0.00276528250342
0.00275590570639
0.00275674857486
0.00275946606472
0.00276800841563
0.00275879082984
0.00275929743317
0.00275929743317
0.00276800841563
0.00275946606472
0.00275879082984
0.00279338872804
0.00280289339104
0.00279407232756
0.00279407232752
0.0027594660647
0.00276800841566
0.00275929743324
0.00275879082985
0.00275674857486
0.00276528250342
0.00275674857488
0.00275590570639
0.00230938994474
0.00231542906451
0.00230828642211
0.002309882153
0.00233390093189
0.00233960576837
0.0023335034489
0.00233228877899
0.00230465585215
0.0023105837515
0.00230335771336
0.00230504846194
0.00231107074855
0.00231701516557
0.00230986762769
0.00231136554268
0.00240495954235
0.00241125779482
0.00240507102073
0.00240341260098
0.0024284150968
0.00243645480188
0.00243009057584
0.00243009057586
0.00240507102077
0.00241125779483
0.00240495954235
0.00240341260097
0.00239840523667
0.0024045748427
0.00239840523664
0.00239664055786
0.00228522089598
0.00229080432972
0.0022833518324
0.00228531648439
0.00230749661665
0.00231313460161
0.00230749661663
0.00230551310321
0.00227742324321
0.00228289211008
0.00227537045644
0.00227742324318
0.0022853164844
0.0022908043297
0.00228335183239
0.00228522089599
0.00231136554269
0.00231701516555
0.00230986762767
0.00231107074853
0.0023335034489
0.00233960576838
0.0023339009319
0.002332288779
0.00230504846191
0.00231058375148
0.00230335771334
0.00230465585216
0.002309882153
0.00231542906449
0.00230828642208
0.00230938994472
0.00230938994472
0.00231542906449
0.002309882153
0.00230828642208
0.002332288779
0.00233960576838
0.0023335034489
0.0023339009319
0.00231107074853
0.00231701516555
0.00231136554269
0.00230986762767
0.00230465585216
0.00231058375148
0.00230504846191
0.00230335771334
0.00239664055786
0.0024045748427
0.00239840523667
0.00239840523664
0.00243009057586
0.00243645480188
0.0024284150968
0.00243009057584
0.00240341260098
0.00241125779482
0.00240495954235
0.00240507102073
0.00240341260097
0.00241125779483
0.00240507102077
0.00240495954235
0.00231136554268
0.00231701516557
0.00231107074855
0.00230986762769
0.00233228877899
0.00233960576837
0.00233390093189
0.0023335034489
0.002309882153
0.00231542906451
0.00230938994474
0.00230828642211
0.00230504846194
0.0023105837515
0.00230465585215
0.00230335771336
0.00228522089599
0.0022908043297
0.0022853164844
0.00228335183239
0.00230551310321
0.00231313460161
0.00230749661665
0.00230749661663
0.00228531648439
0.00229080432972
0.00228522089598
0.0022833518324
0.00227742324318
0.00228289211008
0.00227742324321
0.00227537045644
0.00227537045645
0.00228289211014
0.00227742324322
0.00227742324322
0.00230749661663
0.00231313460162
0.00230551310324
0.00230749661663
0.00228335183239
0.00229080432972
0.00228522089597
0.00228531648444
0.00228335183239
0.00229080432972
0.00228531648444
0.00228522089597
0.00240495954232
0.0024112577948
0.00240341260101
0.00240507102074
0.00243009057587
0.00243645480187
0.00243009057587
0.00242841509678
0.00239840523667
0.00240457484273
0.00239664055789
0.00239840523667
0.00240507102074
0.0024112577948
0.00240341260101
0.00240495954232
0.00230335771337
0.00231058375152
0.00230465585218
0.00230504846193
0.00233390093191
0.00233960576839
0.00233228877901
0.0023335034489
0.00230828642211
0.00231542906453
0.00230938994474
0.00230988215304
0.00230986762767
0.00231701516557
0.00231107074855
0.00231136554269
0.00230335771337
0.00231058375152
0.00230504846193
0.00230465585218
0.0023335034489
0.00233960576839
0.00233228877901
0.00233390093191
0.00230986762767
0.00231701516557
0.00231136554269
0.00231107074855
0.00230828642211
0.00231542906453
0.00230988215304
0.00230938994474
0.00275590570636
0.00276528250339
0.00275674857485
0.00275674857487
0.0027940723275
0.00280289339103
0.00279338872802
0.00279407232756
0.00275879082983
0.00276800841561
0.00275929743317
0.00275946606472
0.00275879082986
0.00276800841563
0.00275946606469
0.00275929743318
0.00290502894036
0.0029149340863
0.00290522588216
0.00290522588217
0.00294458508997
0.00295462548963
0.00294458508999
0.00294458508999
0.00290522588216
0.0029149340863
0.00290502894036
0.00290522588217
0.00290522588215
0.00291493408627
0.00290522588215
0.00290502894036
0.00275929743316
0.00276800841561
0.00275879082988
0.00275946606468
0.00279407232756
0.00280289339106
0.00279407232756
0.00279338872802
0.00275674857486
0.0027652825034
0.00275590570638
0.00275674857486
0.00275946606468
0.00276800841561
0.00275879082988
0.00275929743316
0.00275929743318
0.00276800841563
0.00275946606469
0.00275879082986
0.00279338872802
0.00280289339103
0.0027940723275
0.00279407232756
0.00275946606472
0.00276800841561
0.00275929743317
0.00275879082983
0.00275674857487
0.00276528250339
0.00275674857485
0.00275590570636
0.00230938994473
0.0023154290645
0.00230828642207
0.00230988215303
0.00233390093192
0.00233960576843
0.00233350344892
0.00233228877903
0.00230465585219
0.00231058375151
0.00230335771336
0.00230504846191
0.00231107074856
0.00231701516561
0.00230986762772
0.0023113655427
0.00240495954235
0.00241125779481
0.00240507102075
0.00240341260099
0.00242841509681
0.00243645480191
0.00243009057586
0.00243009057589
0.00240507102078
0.00241125779483
0.00240495954233
0.00240341260101
0.00239840523669
0.00240457484272
0.00239840523668
0.00239664055787
0.00228522089601
0.00229080432972
0.0022833518324
0.0022853164844
0.00230749661665
0.00231313460164
0.00230749661665
0.00230551310321
0.00227742324321
0.00228289211013
0.00227537045646
0.00227742324321
0.0022853164844
0.00229080432969
0.0022833518324
0.00228522089595
0.00231136554267
0.00231701516555
0.00230986762768
0.00231107074856
0.00233350344892
0.0023396057684
0.0023339009319
0.00233228877902
0.00230504846194
0.00231058375152
0.00230335771337
0.00230465585215
0.00230988215304
0.00231542906454
0.00230828642211
0.00230938994475
0.00230938994473
0.0023154290645
0.00230988215303
0.00230828642207
0.00233228877903
0.00233960576843
0.00233350344892
0.00233390093192
0.00231107074856
0.00231701516561
0.0023113655427
0.00230986762772
0.00230465585219
0.00231058375151
0.00230504846191
0.00230335771336
0.00239664055787
0.00240457484272
0.00239840523668
0.00239840523669
0.00243009057586
0.00243645480191
0.00242841509681
0.00243009057589
0.00240341260101
0.00241125779483
0.00240495954233
0.00240507102078
0.00240341260099
0.00241125779481
0.00240507102075
0.00240495954235
0.00231136554267
0.00231701516555
0.00231107074856
0.00230986762768
0.00233228877902
0.0023396057684
0.0023339009319
0.00233350344892
0.00230988215304
0.00231542906454
0.00230938994475
0.00230828642211
0.00230504846194
0.00231058375152
0.00230465585215
0.00230335771337
0.00228522089601
0.00229080432972
0.0022853164844
0.0022833518324
0.00230551310321
0.00231313460164
0.00230749661665
0.00230749661665
0.0022853164844
0.00229080432969
0.00228522089595
0.0022833518324
0.00227742324321
0.00228289211013
0.00227742324321
0.00227537045646
0.00227537045646
0.00228289211013
0.00227742324321
0.00227742324321
0.00230749661665
0.00231313460164
0.00230551310321
0.00230749661665
0.0022833518324
0.00229080432969
0.00228522089595
0.0022853164844
0.0022833518324
0.00229080432972
0.0022853164844
0.00228522089601
0.00240495954233
0.00241125779483
0.00240341260101
0.00240507102078
0.00243009057586
0.00243645480191
0.00243009057589
0.00242841509681
0.00239840523668
0.00240457484272
0.00239664055787
0.00239840523669
0.00240507102075
0.00241125779481
0.00240341260099
0.00240495954235
0.00230335771337
0.00231058375152
0.00230465585215
0.00230504846194
0.0023339009319
0.0023396057684
0.00233228877902
0.00233350344892
0.00230828642211
0.00231542906454
0.00230938994475
0.00230988215304
0.00230986762768
0.00231701516555
0.00231107074856
0.00231136554267
0.00230335771336
0.00231058375151
0.00230504846191
0.00230465585219
0.00233350344892
0.00233960576843
0.00233228877903
0.00233390093192
0.00230986762772
0.00231701516561
0.0023113655427
0.00231107074856
0.00230828642207
0.0023154290645
0.00230988215303
0.00230938994473
0.00275590570638
0.0027652825034
0.00275674857486
0.00275674857486
0.00279407232756
0.00280289339106
0.00279338872802
0.00279407232756
0.00275879082988
0.00276800841561
0.00275929743316
0.00275946606468
0.00275879082988
0.00276800841561
0.00275946606468
0.00275929743316
0.00290502894036
0.0029149340863
0.00290522588217
0.00290522588216
0.00294458508999
0.00295462548963
0.00294458508999
0.00294458508997
0.00290522588215
0.00291493408627
0.00290502894036
0.00290522588215
0.00290522588216
0.0029149340863
0.00290522588217
0.00290502894036
0.00275929743317
0.00276800841561
0.00275879082983
0.00275946606472
0.0027940723275
0.00280289339103
0.00279407232756
0.00279338872802
0.00275674857485
0.00276528250339
0.00275590570636
0.00275674857487
0.00275946606469
0.00276800841563
0.00275879082986
0.00275929743318
0.00275929743317
0.00276800841561
0.00275946606472
0.00275879082983
0.00279338872802
0.00280289339103
0.00279407232756
0.0027940723275
0.00275946606469
0.00276800841563
0.00275929743318
0.00275879082986
0.00275674857485
0.00276528250339
0.00275674857487
0.00275590570636
0.00230938994475
0.00231542906454
0.00230828642211
0.00230988215304
0.0023339009319
0.0023396057684
0.00233350344892
0.00233228877902
0.00230465585215
0.00231058375152
0.00230335771337
0.00230504846194
0.00231107074856
0.00231701516555
0.00230986762768
0.00231136554267
0.00240495954233
0.00241125779483
0.00240507102078
0.00240341260101
0.00242841509681
0.00243645480191
0.00243009057589
0.00243009057586
0.00240507102075
0.00241125779481
0.00240495954235
0.00240341260099
0.00239840523668
0.00240457484272
0.00239840523669
0.00239664055787
0.00228522089595
0.00229080432969
0.0022833518324
0.0022853164844
0.00230749661665
0.00231313460164
0.00230749661665
0.00230551310321
0.00227742324321
0.00228289211013
0.00227537045646
0.00227742324321
0.0022853164844
0.00229080432972
0.0022833518324
0.00228522089601
0.0023113655427
0.00231701516561
0.00230986762772
0.00231107074856
0.00233350344892
0.00233960576843
0.00233390093192
0.00233228877903
0.00230504846191
0.00231058375151
0.00230335771336
0.00230465585219
0.00230988215303
0.0023154290645
0.00230828642207
0.00230938994473
0.00230938994474
0.00231542906453
0.00230988215304
0.00230828642211
0.00233228877901
0.00233960576839
0.0023335034489
0.00233390093191
0.00231107074855
0.00231701516557
0.00231136554269
0.00230986762767
0.00230465585218
0.00231058375152
0.00230504846193
0.00230335771337
0.00239664055789
0.00240457484273
0.00239840523667
0.00239840523667
0.00243009057587
0.00243645480187
0.00242841509678
0.00243009057587
0.00240341260101
0.0024112577948
0.00240495954232
0.00240507102074
0.00240341260101
0.0024112577948
0.00240507102074
0.00240495954232
0.00231136554269
0.00231701516557
0.00231107074855
0.00230986762767
0.00233228877901
0.00233960576839
0.00233390093191
0.0023335034489
0.00230988215304
0.00231542906453
0.00230938994474
0.00230828642211
0.00230504846193
0.00231058375152
0.00230465585218
0.00230335771337
0.00228522089597
0.00229080432972
0.00228531648444
0.00228335183239
0.00230551310324
0.00231313460162
0.00230749661663
0.00230749661663
0.00228531648444
0.00229080432972
0.00228522089597
0.00228335183239
0.00227742324322
0.00228289211014
0.00227742324322
0.00227537045645
0.00227537045644
0.00228289211008
0.00227742324318
0.00227742324321
0.00230749661663
0.00231313460161
0.00230551310321
0.00230749661665
0.00228335183239
0.0022908043297
0.00228522089599
0.0022853164844
0.0022833518324
0.00229080432972
0.00228531648439
0.00228522089598
0.00240495954235
0.00241125779483
0.00240341260097
0.00240507102077
0.00243009057584
0.00243645480188
0.00243009057586
0.0024284150968
0.00239840523664
0.0024045748427
0.00239664055786
0.00239840523667
0.00240507102073
0.00241125779482
0.00240341260098
0.00240495954235
0.00230335771334
0.00231058375148
0.00230465585216
0.00230504846191
0.0023339009319
0.00233960576838
0.002332288779
0.0023335034489
0.00230828642208
0.00231542906449
0.00230938994472
0.002309882153
0.00230986762767
0.00231701516555
0.00231107074853
0.00231136554269
0.00230335771336
0.0023105837515
0.00230504846194
0.00230465585215
0.0023335034489
0.00233960576837
0.00233228877899
0.00233390093189
0.00230986762769
0.00231701516557
0.00231136554268
0.00231107074855
0.00230828642211
0.00231542906451
0.002309882153
0.00230938994474
0.00275590570639
0.00276528250342
0.00275674857486
0.00275674857488
0.00279407232752
0.00280289339104
0.00279338872804
0.00279407232756
0.00275879082984
0.00276800841563
0.00275929743317
0.00275946606472
0.00275879082985
0.00276800841566
0.0027594660647
0.00275929743324
0.0029050289404
0.0029149340863
0.00290522588214
0.00290522588221
0.00294458509004
0.00295462548972
0.00294458509004
0.00294458509004
0.00290522588221
0.0029149340863
0.0029050289404
0.00290522588214
0.00290522588214
0.0029149340863
0.00290522588221
0.0029050289404
0.00275929743324
0.00276800841566
0.00275879082985
0.0027594660647
0.00279407232756
0.00280289339104
0.00279407232752
0.00279338872804
0.00275674857488
0.00276528250342
0.00275590570639
0.00275674857486
0.00275946606472
0.00276800841563
0.00275879082984
0.00275929743317
0.00275929743317
0.00276800841563
0.00275946606472
0.00275879082984
0.00279338872804
0.00280289339104
0.00279407232756
0.00279407232752
0.0027594660647
0.00276800841566
0.00275929743324
0.00275879082985
0.00275674857486
0.00276528250342
0.00275674857488
0.00275590570639
0.00230938994474
0.00231542906451
0.00230828642211
0.002309882153
0.00233390093189
0.00233960576837
0.0023335034489
0.00233228877899
0.00230465585215
0.0023105837515
0.00230335771336
0.00230504846194
0.00231107074855
0.00231701516557
0.00230986762769
0.00231136554268
0.00240495954235
0.00241125779482
0.00240507102073
0.00240341260098
0.0024284150968
0.00243645480188
0.00243009057584
0.00243009057586
0.00240507102077
0.00241125779483
0.00240495954235
0.00240341260097
0.00239840523667
0.0024045748427
0.00239840523664
0.00239664055786
0.00228522089598
0.00229080432972
0.0022833518324
0.00228531648439
0.00230749661665
0.00231313460161
0.00230749661663
0.00230551310321
0.00227742324321
0.00228289211008
0.00227537045644
0.00227742324318
0.0022853164844
0.0022908043297
0.00228335183239
0.00228522089599
0.00231136554269
0.00231701516555
0.00230986762767
0.00231107074853
0.0023335034489
0.00233960576838
0.0023339009319
0.002332288779
0.00230504846191
0.00231058375148
0.00230335771334
0.00230465585216
0.002309882153
0.00231542906449
0.00230828642208
0.00230938994472
0.00230938994472
0.00231542906449
0.002309882153
0.00230828642208
0.002332288779
0.00233960576838
0.0023335034489
0.0023339009319
0.00231107074853
0.00231701516555
0.00231136554269
0.00230986762767
0.00230465585216
0.00231058375148
0.00230504846191
0.00230335771334
0.00239664055786
0.0024045748427
0.00239840523667
0.00239840523664
0.00243009057586
0.00243645480188
0.0024284150968
0.00243009057584
0.00240341260098
0.00241125779482
0.00240495954235
0.00240507102073
0.00240341260097
0.00241125779483
0.00240507102077
0.00240495954235
0.00231136554268
0.00231701516557
0.00231107074855
0.00230986762769
0.00233228877899
0.00233960576837
0.00233390093189
0.0023335034489
0.002309882153
0.00231542906451
0.00230938994474
0.00230828642211
0.00230504846194
0.0023105837515
0.00230465585215
0.00230335771336
0.00228522089599
0.0022908043297
0.0022853164844
0.00228335183239
0.00230551310321
0.00231313460161
0.00230749661665
0.00230749661663
0.00228531648439
0.00229080432972
0.00228522089598
0.0022833518324
0.00227742324318
0.00228289211008
0.00227742324321
0.00227537045644
0.00227537045645
0.00228289211014
0.00227742324322
0.00227742324322
0.00230749661663
0.00231313460162
0.00230551310324
0.00230749661663
0.00228335183239
0.00229080432972
0.00228522089597
0.00228531648444
0.00228335183239
0.00229080432972
0.00228531648444
0.00228522089597
0.00240495954232
0.0024112577948
0.00240341260101
0.00240507102074
0.00243009057587
0.00243645480187
0.00243009057587
0.00242841509678
0.00239840523667
0.00240457484273
0.00239664055789
0.00239840523667
0.00240507102074
0.0024112577948
0.00240341260101
0.00240495954232
0.00230335771337
0.00231058375152
0.00230465585218
0.00230504846193
0.00233390093191
0.00233960576839
0.00233228877901
0.0023335034489
0.00230828642211
0.00231542906453
0.00230938994474
0.00230988215304
0.00230986762767
0.00231701516557
0.00231107074855
0.00231136554269
0.00230335771337
0.00231058375152
0.00230504846193
0.00230465585218
0.0023335034489
0.00233960576839
0.00233228877901
0.00233390093191
0.00230986762767
0.00231701516557
0.00231136554269
0.00231107074855
0.00230828642211
0.00231542906453
0.00230988215304
0.00230938994474
0.00275590570636
0.00276528250339
0.00275674857485
0.00275674857487
0.0027940723275
0.00280289339103
0.00279338872802
0.00279407232756
0.00275879082983
0.00276800841561
0.00275929743317
0.00275946606472
0.00275879082986
0.00276800841563
0.00275946606469
0.00275929743318
0.00290502894036
0.0029149340863
0.00290522588216
0.00290522588217
0.00294458508997
0.00295462548963
0.00294458508999
0.00294458508999
0.00290522588216
0.0029149340863
0.00290502894036
0.00290522588217
0.00290522588215
0.00291493408627
0.00290522588215
0.00290502894036
0.00275929743316
0.00276800841561
0.00275879082988
0.00275946606468
0.00279407232756
0.00280289339106
0.00279407232756
0.00279338872802
0.00275674857486
0.0027652825034
0.00275590570638
0.00275674857486
0.00275946606468
0.00276800841561
0.00275879082988
0.00275929743316
0.00275929743318
0.00276800841563
0.00275946606469
0.00275879082986
0.00279338872802
0.00280289339103
0.0027940723275
0.00279407232756
0.00275946606472
0.00276800841561
0.00275929743317
0.00275879082983
0.00275674857487
0.00276528250339
0.00275674857485
0.00275590570636
0.00230938994473
0.0023154290645
0.00230828642207
0.00230988215303
0.00233390093192
0.00233960576843
0.00233350344892
0.00233228877903
0.00230465585219
0.00231058375151
0.00230335771336
0.00230504846191
0.00231107074856
0.00231701516561
0.00230986762772
0.0023113655427
0.00240495954235
0.00241125779481
0.00240507102075
0.00240341260099
0.00242841509681
0.00243645480191
0.00243009057586
0.00243009057589
0.00240507102078
0.00241125779483
0.00240495954233
0.00240341260101
0.00239840523669
0.00240457484272
0.00239840523668
0.00239664055787
0.00228522089601
0.00229080432972
0.0022833518324
0.0022853164844
0.00230749661665
0.00231313460164
0.00230749661665
0.00230551310321
0.00227742324321
0.00228289211013
0.00227537045646
0.00227742324321
0.0022853164844
0.00229080432969
0.0022833518324
0.00228522089595
0.00231136554267
0.00231701516555
0.00230986762768
0.00231107074856
0.00233350344892
0.0023396057684
0.0023339009319
0.00233228877902
0.00230504846194
0.00231058375152
0.00230335771337
0.00230465585215
0.00230988215304
0.00231542906454
0.00230828642211
0.00230938994475
0.00230938994473
0.0023154290645
0.00230988215303
0.00230828642207
0.00233228877903
0.00233960576843
0.00233350344892
0.00233390093192
0.00231107074856
0.00231701516561
0.0023113655427
0.00230986762772
0.00230465585219
0.00231058375151
0.00230504846191
0.00230335771336
0.00239664055787
0.00240457484272
0.00239840523668
0.00239840523669
0.00243009057586
0.00243645480191
0.00242841509681
0.00243009057589
0.00240341260101
0.00241125779483
0.00240495954233
0.00240507102078
0.00240341260099
0.00241125779481
0.00240507102075
0.00240495954235
0.00231136554267
0.00231701516555
0.00231107074856
0.00230986762768
0.00233228877902
0.0023396057684
0.0023339009319
0.00233350344892
0.00230988215304
0.00231542906454
0.00230938994475
0.00230828642211
0.00230504846194
0.00231058375152
0.00230465585215
0.00230335771337
0.00228522089601
0.00229080432972
0.0022853164844
0.0022833518324
0.00230551310321
0.00231313460164
0.00230749661665
0.00230749661665
0.0022853164844
0.00229080432969
0.00228522089595
0.0022833518324
0.00227742324321
0.00228289211013
0.00227742324321
0.00227537045646
0.00227537045646
0.00228289211013
0.00227742324321
0.00227742324321
0.00230749661665
0.00231313460164
0.00230551310321
0.00230749661665
0.0022833518324
0.00229080432972
0.00228522089601
0.0022853164844
0.0022833518324
0.00229080432969
0.0022853164844
0.00228522089595
0.00240495954235
0.00241125779481
0.00240341260099
0.00240507102075
0.00243009057589
0.00243645480191
0.00243009057586
0.00242841509681
0.00239840523669
0.00240457484272
0.00239664055787
0.00239840523668
0.00240507102078
0.00241125779483
0.00240341260101
0.00240495954233
0.00230335771336
0.00231058375151
0.00230465585219
0.00230504846191
0.00233390093192
0.00233960576843
0.00233228877903
0.00233350344892
0.00230828642207
0.0023154290645
0.00230938994473
0.00230988215303
0.00230986762772
0.00231701516561
0.00231107074856
0.0023113655427
0.00230335771337
0.00231058375152
0.00230504846194
0.00230465585215
0.00233350344892
0.0023396057684
0.00233228877902
0.0023339009319
0.00230986762768
0.00231701516555
0.00231136554267
0.00231107074856
0.00230828642211
0.00231542906454
0.00230988215304
0.00230938994475
0.00275590570636
0.00276528250339
0.00275674857487
0.00275674857485
0.00279407232756
0.00280289339103
0.00279338872802
0.0027940723275
0.00275879082986
0.00276800841563
0.00275929743318
0.00275946606469
0.00275879082983
0.00276800841561
0.00275946606472
0.00275929743317
0.00290502894036
0.00291493408627
0.00290522588215
0.00290522588215
0.00294458508999
0.00295462548963
0.00294458508997
0.00294458508999
0.00290522588217
0.0029149340863
0.00290502894036
0.00290522588216
0.00290522588217
0.0029149340863
0.00290522588216
0.00290502894036
0.00275929743318
0.00276800841563
0.00275879082986
0.00275946606469
0.00279407232756
0.00280289339103
0.0027940723275
0.00279338872802
0.00275674857487
0.00276528250339
0.00275590570636
0.00275674857485
0.00275946606472
0.00276800841561
0.00275879082983
0.00275929743317
0.00275929743316
0.00276800841561
0.00275946606468
0.00275879082988
0.00279338872802
0.00280289339106
0.00279407232756
0.00279407232756
0.00275946606468
0.00276800841561
0.00275929743316
0.00275879082988
0.00275674857486
0.0027652825034
0.00275674857486
0.00275590570638
0.00230938994474
0.00231542906453
0.00230828642211
0.00230988215304
0.00233390093191
0.00233960576839
0.0023335034489
0.00233228877901
0.00230465585218
0.00231058375152
0.00230335771337
0.00230504846193
0.00231107074855
0.00231701516557
0.00230986762767
0.00231136554269
0.00240495954232
0.0024112577948
0.00240507102074
0.00240341260101
0.00242841509678
0.00243645480187
0.00243009057587
0.00243009057587
0.00240507102074
0.0024112577948
0.00240495954232
0.00240341260101
0.00239840523667
0.00240457484273
0.00239840523667
0.00239664055789
0.00228522089597
0.00229080432972
0.00228335183239
0.00228531648444
0.00230749661663
0.00231313460162
0.00230749661663
0.00230551310324
0.00227742324322
0.00228289211014
0.00227537045645
0.00227742324322
0.00228531648444
0.00229080432972
0.00228335183239
0.00228522089597
0.00231136554269
0.00231701516557
0.00230986762767
0.00231107074855
0.0023335034489
0.00233960576839
0.00233390093191
0.00233228877901
0.00230504846193
0.00231058375152
0.00230335771337
0.00230465585218
0.00230988215304
0.00231542906453
0.00230828642211
0.00230938994474
0.00230938994475
0.00231542906454
0.00230988215304
0.00230828642211
0.00233228877902
0.0023396057684
0.00233350344892
0.0023339009319
0.00231107074856
0.00231701516555
0.00231136554267
0.00230986762768
0.00230465585215
0.00231058375152
0.00230504846194
0.00230335771337
0.00239664055787
0.00240457484272
0.00239840523669
0.00239840523668
0.00243009057589
0.00243645480191
0.00242841509681
0.00243009057586
0.00240341260099
0.00241125779481
0.00240495954235
0.00240507102075
0.00240341260101
0.00241125779483
0.00240507102078
0.00240495954233
0.0023113655427
0.00231701516561
0.00231107074856
0.00230986762772
0.00233228877903
0.00233960576843
0.00233390093192
0.00233350344892
0.00230988215303
0.0023154290645
0.00230938994473
0.00230828642207
0.00230504846191
0.00231058375151
0.00230465585219
0.00230335771336
0.00228522089595
0.00229080432969
0.0022853164844
0.0022833518324
0.00230551310321
0.00231313460164
0.00230749661665
0.00230749661665
0.0022853164844
0.00229080432972
0.00228522089601
0.0022833518324
0.00227742324321
0.00228289211013
0.00227742324321
0.00227537045646
0.00227537045644
0.00228289211008
0.00227742324318
0.00227742324321
0.00230749661663
0.00231313460161
0.00230551310321
0.00230749661665
0.00228335183239
0.0022908043297
0.00228522089599
0.0022853164844
0.0022833518324
0.00229080432972
0.00228531648439
0.00228522089598
0.00240495954235
0.00241125779483
0.00240341260097
0.00240507102077
0.00243009057584
0.00243645480188
0.00243009057586
0.0024284150968
0.00239840523664
0.0024045748427
0.00239664055786
0.00239840523667
0.00240507102073
0.00241125779482
0.00240341260098
0.00240495954235
0.00230335771334
0.00231058375148
0.00230465585216
0.00230504846191
0.0023339009319
0.00233960576838
0.002332288779
0.0023335034489
0.00230828642208
0.00231542906449
0.00230938994472
0.002309882153
0.00230986762767
0.00231701516555
0.00231107074853
0.00231136554269
0.00230335771336
0.0023105837515
0.00230504846194
0.00230465585215
0.0023335034489
0.00233960576837
0.00233228877899
0.00233390093189
0.00230986762769
0.00231701516557
0.00231136554268
0.00231107074855
0.00230828642211
0.00231542906451
0.002309882153
0.00230938994474
0.00275590570639
0.00276528250342
0.00275674857486
0.00275674857488
0.00279407232752
0.00280289339104
0.00279338872804
0.00279407232756
0.00275879082984
0.00276800841563
0.00275929743317
0.00275946606472
0.00275879082985
0.00276800841566
0.0027594660647
0.00275929743324
0.0029050289404
0.0029149340863
0.00290522588214
0.00290522588221
0.00294458509004
0.00295462548972
0.00294458509004
0.00294458509004
0.00290522588221
0.0029149340863
0.0029050289404
0.00290522588214
0.00290522588214
0.0029149340863
0.00290522588221
0.0029050289404
0.00275929743324
0.00276800841566
0.00275879082985
0.0027594660647
0.00279407232756
0.00280289339104
0.00279407232752
0.00279338872804
0.00275674857488
0.00276528250342
0.00275590570639
0.00275674857486
0.00275946606472
0.00276800841563
0.00275879082984
0.00275929743317
0.00275929743317
0.00276800841563
0.00275946606472
0.00275879082984
0.00279338872804
0.00280289339104
0.00279407232756
0.00279407232752
0.0027594660647
0.00276800841566
0.00275929743324
0.00275879082985
0.00275674857486
0.00276528250342
0.00275674857488
0.00275590570639
0.00230938994474
0.00231542906451
0.00230828642211
0.002309882153
0.00233390093189
0.00233960576837
0.0023335034489
0.00233228877899
0.00230465585215
0.0023105837515
0.00230335771336
0.00230504846194
0.00231107074855
0.00231701516557
0.00230986762769
0.00231136554268
0.00240495954235
0.00241125779482
0.00240507102073
0.00240341260098
0.0024284150968
0.00243645480188
0.00243009057584
0.00243009057586
0.00240507102077
0.00241125779483
0.00240495954235
0.00240341260097
0.00239840523667
0.0024045748427
0.00239840523664
0.00239664055786
0.00228522089598
0.00229080432972
0.0022833518324
0.00228531648439
0.00230749661665
0.00231313460161
0.00230749661663
0.00230551310321
0.00227742324321
0.00228289211008
0.00227537045644
0.00227742324318
0.0022853164844
0.0022908043297
0.00228335183239
0.00228522089599
0.00231136554269
0.00231701516555
0.00230986762767
0.00231107074853
0.0023335034489
0.00233960576838
0.0023339009319
0.002332288779
0.00230504846191
0.00231058375148
0.00230335771334
0.00230465585216
0.002309882153
0.00231542906449
0.00230828642208
0.00230938994472
0.00230938994472
0.00231542906449
0.002309882153
0.00230828642208
0.002332288779
0.00233960576838
0.0023335034489
0.0023339009319
0.00231107074853
0.00231701516555
0.00231136554269
0.00230986762767
0.00230465585216
0.00231058375148
0.00230504846191
0.00230335771334
0.00239664055786
0.0024045748427
0.00239840523667
0.00239840523664
0.00243009057586
0.00243645480188
0.0024284150968
0.00243009057584
0.00240341260098
0.00241125779482
0.00240495954235
0.00240507102073
0.00240341260097
0.00241125779483
0.00240507102077
0.00240495954235
0.00231136554268
0.00231701516557
0.00231107074855
0.00230986762769
0.00233228877899
0.00233960576837
0.00233390093189
0.0023335034489
0.002309882153
0.00231542906451
0.00230938994474
0.00230828642211
0.00230504846194
0.0023105837515
0.00230465585215
0.00230335771336
0.00228522089599
0.0022908043297
0.0022853164844
0.00228335183239
0.00230551310321
0.00231313460161
0.00230749661665
0.00230749661663
0.00228531648439
0.00229080432972
0.00228522089598
0.0022833518324
0.00227742324318
0.00228289211008
0.00227742324321
0.00227537045644
0.00227537045646
0.00228289211013
0.00227742324321
0.00227742324321
0.00230749661665
0.00231313460164
0.00230551310321
0.00230749661665
0.0022833518324
0.00229080432972
0.00228522089601
0.0022853164844
0.0022833518324
0.00229080432969
0.0022853164844
0.00228522089595
0.00240495954235
0.00241125779481
0.00240341260099
0.00240507102075
0.00243009057589
0.00243645480191
0.00243009057586
0.00242841509681
0.00239840523669
0.00240457484272
0.00239664055787
0.00239840523668
0.00240507102078
0.00241125779483
0.00240341260101
0.00240495954233
0.00230335771336
0.00231058375151
0.00230465585219
0.00230504846191
0.00233390093192
0.00233960576843
0.00233228877903
0.00233350344892
0.00230828642207
0.0023154290645
0.00230938994473
0.00230988215303
0.00230986762772
0.00231701516561
0.00231107074856
0.0023113655427
0.00230335771337
0.00231058375152
0.00230504846194
0.00230465585215
0.00233350344892
0.0023396057684
0.00233228877902
0.0023339009319
0.00230986762768
0.00231701516555
0.00231136554267
0.00231107074856
0.00230828642211
0.00231542906454
0.00230988215304
0.00230938994475
0.00275590570636
0.00276528250339
0.00275674857487
0.00275674857485
0.00279407232756
0.00280289339103
0.00279338872802
0.0027940723275
0.00275879082986
0.00276800841563
0.00275929743318
0.00275946606469
0.00275879082983
0.00276800841561
0.00275946606472
0.00275929743317
0.00290502894036
0.00291493408627
0.00290522588215
0.00290522588215
0.00294458508999
0.00295462548963
0.00294458508997
0.00294458508999
0.00290522588217
0.0029149340863
0.00290502894036
0.00290522588216
0.00290522588217
0.0029149340863
0.00290522588216
0.00290502894036
0.00275929743318
0.00276800841563
0.00275879082986
0.00275946606469
0.00279407232756
0.00280289339103
0.0027940723275
0.00279338872802
0.00275674857487
0.00276528250339
0.00275590570636
0.00275674857485
0.00275946606472
0.00276800841561
0.00275879082983
0.00275929743317
0.00275929743316
0.00276800841561
0.00275946606468
0.00275879082988
0.00279338872802
0.00280289339106
0.00279407232756
0.00279407232756
0.00275946606468
0.00276800841561
0.00275929743316
0.00275879082988
0.00275674857486
0.0027652825034
0.00275674857486
0.00275590570638
0.00230938994474
0.00231542906453
0.00230828642211
0.00230988215304
0.00233390093191
0.00233960576839
0.0023335034489
0.00233228877901
0.00230465585218
0.00231058375152
0.00230335771337
0.00230504846193
0.00231107074855
0.00231701516557
0.00230986762767
0.00231136554269
0.00240495954232
0.0024112577948
0.00240507102074
0.00240341260101
0.00242841509678
0.00243645480187
0.00243009057587
0.00243009057587
0.00240507102074
0.0024112577948
0.00240495954232
0.00240341260101
0.00239840523667
0.00240457484273
0.00239840523667
0.00239664055789
0.00228522089597
0.00229080432972
0.00228335183239
0.00228531648444
0.00230749661663
0.00231313460162
0.00230749661663
0.00230551310324
0.00227742324322
0.00228289211014
0.00227537045645
0.00227742324322
0.00228531648444
0.00229080432972
0.00228335183239
0.00228522089597
0.00231136554269
0.00231701516557
0.00230986762767
0.00231107074855
0.0023335034489
0.00233960576839
0.00233390093191
0.00233228877901
0.00230504846193
0.00231058375152
0.00230335771337
0.00230465585218
0.00230988215304
0.00231542906453
0.00230828642211
0.00230938994474
0.00230938994475
0.00231542906454
0.00230988215304
0.00230828642211
0.00233228877902
0.0023396057684
0.00233350344892
0.0023339009319
0.00231107074856
0.00231701516555
0.00231136554267
0.00230986762768
0.00230465585215
0.00231058375152
0.00230504846194
0.00230335771337
0.00239664055787
0.00240457484272
0.00239840523669
0.00239840523668
0.00243009057589
0.00243645480191
0.00242841509681
0.00243009057586
0.00240341260099
0.00241125779481
0.00240495954235
0.00240507102075
0.00240341260101
0.00241125779483
0.00240507102078
0.00240495954233
0.0023113655427
0.00231701516561
0.00231107074856
0.00230986762772
0.00233228877903
0.00233960576843
0.00233390093192
0.00233350344892
0.00230988215303
0.0023154290645
0.00230938994473
0.00230828642207
0.00230504846191
0.00231058375151
0.00230465585219
0.00230335771336
0.00228522089595
0.00229080432969
0.0022853164844
0.0022833518324
0.00230551310321
0.00231313460164
0.00230749661665
0.00230749661665
0.0022853164844
0.00229080432972
0.00228522089601
0.0022833518324
0.00227742324321
0.00228289211013
0.00227742324321
0.00227537045646
0.00227537045646
0.00228289211013
0.00227742324321
0.00227742324321
0.00230749661665
0.00231313460164
0.00230551310321
0.00230749661665
0.0022833518324
0.00229080432969
0.00228522089595
0.0022853164844
0.0022833518324
0.00229080432972
0.0022853164844
0.00228522089601
0.00240495954233
0.00241125779483
0.00240341260101
0.00240507102078
0.00243009057586
0.00243645480191
0.00243009057589
0.00242841509681
0.00239840523668
0.00240457484272
0.00239664055787
0.00239840523669
0.00240507102075
0.00241125779481
0.00240341260099
0.00240495954235
0.00230335771337
0.00231058375152
0.00230465585215
0.00230504846194
0.0023339009319
0.0023396057684
0.00233228877902
0.00233350344892
0.00230828642211
0.00231542906454
0.00230938994475
0.00230988215304
0.00230986762768
0.00231701516555
0.00231107074856
0.00231136554267
0.00230335771336
0.00231058375151
0.00230504846191
0.00230465585219
0.00233350344892
0.00233960576843
0.00233228877903
0.00233390093192
0.00230986762772
0.00231701516561
0.0023113655427
0.00231107074856
0.00230828642207
0.0023154290645
0.00230988215303
0.00230938994473
0.00275590570638
0.0027652825034
0.00275674857486
0.00275674857486
0.00279407232756
0.00280289339106
0.00279338872802
0.00279407232756
0.00275879082988
0.00276800841561
0.00275929743316
0.00275946606468
0.00275879082988
0.00276800841561
0.00275946606468
0.00275929743316
0.00290502894036
0.0029149340863
0.00290522588217
0.00290522588216
0.00294458508999
0.00295462548963
0.00294458508999
0.00294458508997
0.00290522588215
0.00291493408627
0.00290502894036
0.00290522588215
0.00290522588216
0.0029149340863
0.00290522588217
0.00290502894036
0.00275929743317
0.00276800841561
0.00275879082983
0.00275946606472
0.0027940723275
0.00280289339103
0.00279407232756
0.00279338872802
0.00275674857485
0.00276528250339
0.00275590570636
0.00275674857487
0.00275946606469
0.00276800841563
0.00275879082986
0.00275929743318
0.00275929743317
0.00276800841561
0.00275946606472
0.00275879082983
0.00279338872802
0.00280289339103
0.00279407232756
0.0027940723275
0.00275946606469
0.00276800841563
0.00275929743318
0.00275879082986
0.00275674857485
0.00276528250339
0.00275674857487
0.00275590570636
0.00230938994475
0.00231542906454
0.00230828642211
0.00230988215304
0.0023339009319
0.0023396057684
0.00233350344892
0.00233228877902
0.00230465585215
0.00231058375152
0.00230335771337
0.00230504846194
0.00231107074856
0.00231701516555
0.00230986762768
0.00231136554267
0.00240495954233
0.00241125779483
0.00240507102078
0.00240341260101
0.00242841509681
0.00243645480191
0.00243009057589
0.00243009057586
0.00240507102075
0.00241125779481
0.00240495954235
0.00240341260099
0.00239840523668
0.00240457484272
0.00239840523669
0.00239664055787
0.00228522089595
0.00229080432969
0.0022833518324
0.0022853164844
0.00230749661665
0.00231313460164
0.00230749661665
0.00230551310321
0.00227742324321
0.00228289211013
0.00227537045646
0.00227742324321
0.0022853164844
0.00229080432972
0.0022833518324
0.00228522089601
0.0023113655427
0.00231701516561
0.00230986762772
0.00231107074856
0.00233350344892
0.00233960576843
0.00233390093192
0.00233228877903
0.00230504846191
0.00231058375151
0.00230335771336
0.00230465585219
0.00230988215303
0.0023154290645
0.00230828642207
0.00230938994473
0.00230938994474
0.00231542906453
0.00230988215304
0.00230828642211
0.00233228877901
0.00233960576839
0.0023335034489
0.00233390093191
0.00231107074855
0.00231701516557
0.00231136554269
0.00230986762767
0.00230465585218
0.00231058375152
0.00230504846193
0.00230335771337
0.00239664055789
0.00240457484273
0.00239840523667
0.00239840523667
0.00243009057587
0.00243645480187
0.00242841509678
0.00243009057587
0.00240341260101
0.0024112577948
0.00240495954232
0.00240507102074
0.00240341260101
0.0024112577948
0.00240507102074
0.00240495954232
0.00231136554269
0.00231701516557
0.00231107074855
0.00230986762767
0.00233228877901
0.00233960576839
0.00233390093191
0.0023335034489
0.00230988215304
0.00231542906453
0.00230938994474
0.00230828642211
0.00230504846193
0.00231058375152
0.00230465585218
0.00230335771337
0.00228522089597
0.00229080432972
0.00228531648444
0.00228335183239
0.00230551310324
0.00231313460162
0.00230749661663
0.00230749661663
0.00228531648444
0.00229080432972
0.00228522089597
0.00228335183239
0.00227742324322
0.00228289211014
0.00227742324322
0.00227537045645
0.00227537045644
0.00228289211008
0.00227742324321
0.00227742324318
0.00230749661665
0.00231313460161
0.00230551310321
0.00230749661663
0.0022833518324
0.00229080432972
0.00228522089598
0.00228531648439
0.00228335183239
0.0022908043297
0.0022853164844
0.00228522089599
0.00240495954235
0.00241125779482
0.00240341260098
0.00240507102073
0.00243009057586
0.00243645480188
0.00243009057584
0.0024284150968
0.00239840523667
0.0024045748427
0.00239664055786
0.00239840523664
0.00240507102077
0.00241125779483
0.00240341260097
0.00240495954235
0.00230335771336
0.0023105837515
0.00230465585215
0.00230504846194
0.00233390093189
0.00233960576837
0.00233228877899
0.0023335034489
0.00230828642211
0.00231542906451
0.00230938994474
0.002309882153
0.00230986762769
0.00231701516557
0.00231107074855
0.00231136554268
0.00230335771334
0.00231058375148
0.00230504846191
0.00230465585216
0.0023335034489
0.00233960576838
0.002332288779
0.0023339009319
0.00230986762767
0.00231701516555
0.00231136554269
0.00231107074853
0.00230828642208
0.00231542906449
0.002309882153
0.00230938994472
0.00275590570639
0.00276528250342
0.00275674857488
0.00275674857486
0.00279407232756
0.00280289339104
0.00279338872804
0.00279407232752
0.00275879082985
0.00276800841566
0.00275929743324
0.0027594660647
0.00275879082984
0.00276800841563
0.00275946606472
0.00275929743317
0.0029050289404
0.0029149340863
0.00290522588221
0.00290522588214
0.00294458509004
0.00295462548972
0.00294458509004
0.00294458509004
0.00290522588214
0.0029149340863
0.0029050289404
0.00290522588221
0.00290522588221
0.0029149340863
0.00290522588214
0.0029050289404
0.00275929743317
0.00276800841563
0.00275879082984
0.00275946606472
0.00279407232752
0.00280289339104
0.00279407232756
0.00279338872804
0.00275674857486
0.00276528250342
0.00275590570639
0.00275674857488
0.0027594660647
0.00276800841566
0.00275879082985
0.00275929743324
0.00275929743324
0.00276800841566
0.0027594660647
0.00275879082985
0.00279338872804
0.00280289339104
0.00279407232752
0.00279407232756
0.00275946606472
0.00276800841563
0.00275929743317
0.00275879082984
0.00275674857488
0.00276528250342
0.00275674857486
0.00275590570639
0.00230938994472
0.00231542906449
0.00230828642208
0.002309882153
0.0023339009319
0.00233960576838
0.0023335034489
0.002332288779
0.00230465585216
0.00231058375148
0.00230335771334
0.00230504846191
0.00231107074853
0.00231701516555
0.00230986762767
0.00231136554269
0.00240495954235
0.00241125779483
0.00240507102077
0.00240341260097
0.0024284150968
0.00243645480188
0.00243009057586
0.00243009057584
0.00240507102073
0.00241125779482
0.00240495954235
0.00240341260098
0.00239840523664
0.0024045748427
0.00239840523667
0.00239664055786
0.00228522089599
0.0022908043297
0.00228335183239
0.0022853164844
0.00230749661663
0.00231313460161
0.00230749661665
0.00230551310321
0.00227742324318
0.00228289211008
0.00227537045644
0.00227742324321
0.00228531648439
0.00229080432972
0.0022833518324
0.00228522089598
0.00231136554268
0.00231701516557
0.00230986762769
0.00231107074855
0.0023335034489
0.00233960576837
0.00233390093189
0.00233228877899
0.00230504846194
0.0023105837515
0.00230335771336
0.00230465585215
0.002309882153
0.00231542906451
0.00230828642211
0.00230938994474
0.00230938994474
0.00231542906451
0.002309882153
0.00230828642211
0.00233228877899
0.00233960576837
0.0023335034489
0.00233390093189
0.00231107074855
0.00231701516557
0.00231136554268
0.00230986762769
0.00230465585215
0.0023105837515
0.00230504846194
0.00230335771336
0.00239664055786
0.0024045748427
0.00239840523664
0.00239840523667
0.00243009057584
0.00243645480188
0.0024284150968
0.00243009057586
0.00240341260097
0.00241125779483
0.00240495954235
0.00240507102077
0.00240341260098
0.00241125779482
0.00240507102073
0.00240495954235
0.00231136554269
0.00231701516555
0.00231107074853
0.00230986762767
0.002332288779
0.00233960576838
0.0023339009319
0.0023335034489
0.002309882153
0.00231542906449
0.00230938994472
0.00230828642208
0.00230504846191
0.00231058375148
0.00230465585216
0.00230335771334
0.00228522089598
0.00229080432972
0.00228531648439
0.0022833518324
0.00230551310321
0.00231313460161
0.00230749661663
0.00230749661665
0.0022853164844
0.0022908043297
0.00228522089599
0.00228335183239
0.00227742324321
0.00228289211008
0.00227742324318
0.00227537045644
0.00227537045645
0.00228289211014
0.00227742324322
0.00227742324322
0.00230749661663
0.00231313460162
0.00230551310324
0.00230749661663
0.00228335183239
0.00229080432972
0.00228522089597
0.00228531648444
0.00228335183239
0.00229080432972
0.00228531648444
0.00228522089597
0.00240495954232
0.0024112577948
0.00240341260101
0.00240507102074
0.00243009057587
0.00243645480187
0.00243009057587
0.00242841509678
0.00239840523667
0.00240457484273
0.00239664055789
0.00239840523667
0.00240507102074
0.0024112577948
0.00240341260101
0.00240495954232
0.00230335771337
0.00231058375152
0.00230465585218
0.00230504846193
0.00233390093191
0.00233960576839
0.00233228877901
0.0023335034489
0.00230828642211
0.00231542906453
0.00230938994474
0.00230988215304
0.00230986762767
0.00231701516557
0.00231107074855
0.00231136554269
0.00230335771337
0.00231058375152
0.00230504846193
0.00230465585218
0.0023335034489
0.00233960576839
0.00233228877901
0.00233390093191
0.00230986762767
0.00231701516557
0.00231136554269
0.00231107074855
0.00230828642211
0.00231542906453
0.00230988215304
0.00230938994474
0.00275590570636
0.00276528250339
0.00275674857485
0.00275674857487
0.0027940723275
0.00280289339103
0.00279338872802
0.00279407232756
0.00275879082983
0.00276800841561
0.00275929743317
0.00275946606472
0.00275879082986
0.00276800841563
0.00275946606469
0.00275929743318
0.00290502894036
0.0029149340863
0.00290522588216
0.00290522588217
0.00294458508997
0.00295462548963
0.00294458508999
0.00294458508999
0.00290522588216
0.0029149340863
0.00290502894036
0.00290522588217
0.00290522588215
0.00291493408627
0.00290522588215
0.00290502894036
0.00275929743316
0.00276800841561
0.00275879082988
0.00275946606468
0.00279407232756
0.00280289339106
0.00279407232756
0.00279338872802
0.00275674857486
0.0027652825034
0.00275590570638
0.00275674857486
0.00275946606468
0.00276800841561
0.00275879082988
0.00275929743316
0.00275929743318
0.00276800841563
0.00275946606469
0.00275879082986
0.00279338872802
0.00280289339103
0.0027940723275
0.00279407232756
0.00275946606472
0.00276800841561
0.00275929743317
0.00275879082983
0.00275674857487
0.00276528250339
0.00275674857485
0.00275590570636
0.00230938994473
0.0023154290645
0.00230828642207
0.00230988215303
0.00233390093192
0.00233960576843
0.00233350344892
0.00233228877903
0.00230465585219
0.00231058375151
0.00230335771336
0.00230504846191
0.00231107074856
0.00231701516561
0.00230986762772
0.0023113655427
0.00240495954235
0.00241125779481
0.00240507102075
0.00240341260099
0.00242841509681
0.00243645480191
0.00243009057586
0.00243009057589
0.00240507102078
0.00241125779483
0.00240495954233
0.00240341260101
0.00239840523669
0.00240457484272
0.00239840523668
0.00239664055787
0.00228522089601
0.00229080432972
0.0022833518324
0.0022853164844
0.00230749661665
0.00231313460164
0.00230749661665
0.00230551310321
0.00227742324321
0.00228289211013
0.00227537045646
0.00227742324321
0.0022853164844
0.00229080432969
0.0022833518324
0.00228522089595
0.00231136554267
0.00231701516555
0.00230986762768
0.00231107074856
0.00233350344892
0.0023396057684
0.0023339009319
0.00233228877902
0.00230504846194
0.00231058375152
0.00230335771337
0.00230465585215
0.00230988215304
0.00231542906454
0.00230828642211
0.00230938994475
0.00230938994473
0.0023154290645
0.00230988215303
0.00230828642207
0.00233228877903
0.00233960576843
0.00233350344892
0.00233390093192
0.00231107074856
0.00231701516561
0.0023113655427
0.00230986762772
0.00230465585219
0.00231058375151
0.00230504846191
0.00230335771336
0.00239664055787
0.00240457484272
0.00239840523668
0.00239840523669
0.00243009057586
0.00243645480191
0.00242841509681
0.00243009057589
0.00240341260101
0.00241125779483
0.00240495954233
0.00240507102078
0.00240341260099
0.00241125779481
0.00240507102075
0.00240495954235
0.00231136554267
0.00231701516555
0.00231107074856
0.00230986762768
0.00233228877902
0.0023396057684
0.0023339009319
0.00233350344892
0.00230988215304
0.00231542906454
0.00230938994475
0.00230828642211
0.00230504846194
0.00231058375152
0.00230465585215
0.00230335771337
0.00228522089601
0.00229080432972
0.0022853164844
0.0022833518324
0.00230551310321
0.00231313460164
0.00230749661665
0.00230749661665
0.0022853164844
0.00229080432969
0.00228522089595
0.0022833518324
0.00227742324321
0.00228289211013
0.00227742324321
0.00227537045646
0.00227537045644
0.00228289211008
0.00227742324321
0.00227742324318
0.00230749661665
0.00231313460161
0.00230551310321
0.00230749661663
0.0022833518324
0.00229080432972
0.00228522089598
0.00228531648439
0.00228335183239
0.0022908043297
0.0022853164844
0.00228522089599
0.00240495954235
0.00241125779482
0.00240341260098
0.00240507102073
0.00243009057586
0.00243645480188
0.00243009057584
0.0024284150968
0.00239840523667
0.0024045748427
0.00239664055786
0.00239840523664
0.00240507102077
0.00241125779483
0.00240341260097
0.00240495954235
0.00230335771336
0.0023105837515
0.00230465585215
0.00230504846194
0.00233390093189
0.00233960576837
0.00233228877899
0.0023335034489
0.00230828642211
0.00231542906451
0.00230938994474
0.002309882153
0.00230986762769
0.00231701516557
0.00231107074855
0.00231136554268
0.00230335771334
0.00231058375148
0.00230504846191
0.00230465585216
0.0023335034489
0.00233960576838
0.002332288779
0.0023339009319
0.00230986762767
0.00231701516555
0.00231136554269
0.00231107074853
0.00230828642208
0.00231542906449
0.002309882153
0.00230938994472
0.00275590570639
0.00276528250342
0.00275674857488
0.00275674857486
0.00279407232756
0.00280289339104
0.00279338872804
0.00279407232752
0.00275879082985
0.00276800841566
0.00275929743324
0.0027594660647
0.00275879082984
0.00276800841563
0.00275946606472
0.00275929743317
0.0029050289404
0.0029149340863
0.00290522588221
0.00290522588214
0.00294458509004
0.00295462548972
0.00294458509004
0.00294458509004
0.00290522588214
0.0029149340863
0.0029050289404
0.00290522588221
0.00290522588221
0.0029149340863
0.00290522588214
0.0029050289404
0.00275929743317
0.00276800841563
0.00275879082984
0.00275946606472
0.00279407232752
0.00280289339104
0.00279407232756
0.00279338872804
0.00275674857486
0.00276528250342
0.00275590570639
0.00275674857488
0.0027594660647
0.00276800841566
0.00275879082985
0.00275929743324
0.00275929743324
0.00276800841566
0.0027594660647
0.00275879082985
0.00279338872804
0.00280289339104
0.00279407232752
0.00279407232756
0.00275946606472
0.00276800841563
0.00275929743317
0.00275879082984
0.00275674857488
0.00276528250342
0.00275674857486
0.00275590570639
0.00230938994472
0.00231542906449
0.00230828642208
0.002309882153
0.0023339009319
0.00233960576838
0.0023335034489
0.002332288779
0.00230465585216
0.00231058375148
0.00230335771334
0.00230504846191
0.00231107074853
0.00231701516555
0.00230986762767
0.00231136554269
0.00240495954235
0.00241125779483
0.00240507102077
0.00240341260097
0.0024284150968
0.00243645480188
0.00243009057586
0.00243009057584
0.00240507102073
0.00241125779482
0.00240495954235
0.00240341260098
0.00239840523664
0.0024045748427
0.00239840523667
0.00239664055786
0.00228522089599
0.0022908043297
0.00228335183239
0.0022853164844
0.00230749661663
0.00231313460161
0.00230749661665
0.00230551310321
0.00227742324318
0.00228289211008
0.00227537045644
0.00227742324321
0.00228531648439
0.00229080432972
0.0022833518324
0.00228522089598
0.00231136554268
0.00231701516557
0.00230986762769
0.00231107074855
0.0023335034489
0.00233960576837
0.00233390093189
0.00233228877899
0.00230504846194
0.0023105837515
0.00230335771336
0.00230465585215
0.002309882153
0.00231542906451
0.00230828642211
0.00230938994474
0.00230938994474
0.00231542906451
0.002309882153
0.00230828642211
0.00233228877899
0.00233960576837
0.0023335034489
0.00233390093189
0.00231107074855
0.00231701516557
0.00231136554268
0.00230986762769
0.00230465585215
0.0023105837515
0.00230504846194
0.00230335771336
0.00239664055786
0.0024045748427
0.00239840523664
0.00239840523667
0.00243009057584
0.00243645480188
0.0024284150968
0.00243009057586
0.00240341260097
0.00241125779483
0.00240495954235
0.00240507102077
0.00240341260098
0.00241125779482
0.00240507102073
0.00240495954235
0.00231136554269
0.00231701516555
0.00231107074853
0.00230986762767
0.002332288779
0.00233960576838
0.0023339009319
0.0023335034489
0.002309882153
0.00231542906449
0.00230938994472
0.00230828642208
0.00230504846191
0.00231058375148
0.00230465585216
0.00230335771334
0.00228522089598
0.00229080432972
0.00228531648439
0.0022833518324
0.00230551310321
0.00231313460161
0.00230749661663
0.00230749661665
0.0022853164844
0.0022908043297
0.00228522089599
0.00228335183239
0.00227742324321
0.00228289211008
0.00227742324318
0.00227537045644
0.00227537045645
0.00228289211014
0.00227742324322
0.00227742324322
0.00230749661663
0.00231313460162
0.00230551310324
0.00230749661663
0.00228335183239
0.00229080432972
0.00228522089597
0.00228531648444
0.00228335183239
0.00229080432972
0.00228531648444
0.00228522089597
0.00240495954232
0.0024112577948
0.00240341260101
0.00240507102074
0.00243009057587
0.00243645480187
0.00243009057587
0.00242841509678
0.00239840523667
0.00240457484273
0.00239664055789
0.00239840523667
0.00240507102074
0.0024112577948
0.00240341260101
0.00240495954232
0.00230335771337
0.00231058375152
0.00230465585218
0.00230504846193
0.00233390093191
0.00233960576839
0.00233228877901
0.0023335034489
0.00230828642211
0.00231542906453
0.00230938994474
0.00230988215304
0.00230986762767
0.00231701516557
0.00231107074855
0.00231136554269
0.00230335771337
0.00231058375152
0.00230504846193
0.00230465585218
0.0023335034489
0.00233960576839
0.00233228877901
0.00233390093191
0.00230986762767
0.00231701516557
0.00231136554269
0.00231107074855
0.00230828642211
0.00231542906453
0.00230988215304
0.00230938994474
0.00275590570636
0.00276528250339
0.00275674857485
0.00275674857487
0.0027940723275
0.00280289339103
0.00279338872802
0.00279407232756
0.00275879082983
0.00276800841561
0.00275929743317
0.00275946606472
0.00275879082986
0.00276800841563
0.00275946606469
0.00275929743318
0.00290502894036
0.0029149340863
0.00290522588216
0.00290522588217
0.00294458508997
0.00295462548963
0.00294458508999
0.00294458508999
0.00290522588216
0.0029149340863
0.00290502894036
0.00290522588217
0.00290522588215
0.00291493408627
0.00290522588215
0.00290502894036
0.00275929743316
0.00276800841561
0.00275879082988
0.00275946606468
0.00279407232756
0.00280289339106
0.00279407232756
0.00279338872802
0.00275674857486
0.0027652825034
0.00275590570638
0.00275674857486
0.00275946606468
0.00276800841561
0.00275879082988
0.00275929743316
0.00275929743318
0.00276800841563
0.00275946606469
0.00275879082986
0.00279338872802
0.00280289339103
0.0027940723275
0.00279407232756
0.00275946606472
0.00276800841561
0.00275929743317
0.00275879082983
0.00275674857487
0.00276528250339
0.00275674857485
0.00275590570636
0.00230938994473
0.0023154290645
0.00230828642207
0.00230988215303
0.00233390093192
0.00233960576843
0.00233350344892
0.00233228877903
0.00230465585219
0.00231058375151
0.00230335771336
0.00230504846191
0.00231107074856
0.00231701516561
0.00230986762772
0.0023113655427
0.00240495954235
0.00241125779481
0.00240507102075
0.00240341260099
0.00242841509681
0.00243645480191
0.00243009057586
0.00243009057589
0.00240507102078
0.00241125779483
0.00240495954233
0.00240341260101
0.00239840523669
0.00240457484272
0.00239840523668
0.00239664055787
0.00228522089601
0.00229080432972
0.0022833518324
0.0022853164844
0.00230749661665
0.00231313460164
0.00230749661665
0.00230551310321
0.00227742324321
0.00228289211013
0.00227537045646
0.00227742324321
0.0022853164844
0.00229080432969
0.0022833518324
0.00228522089595
0.00231136554267
0.00231701516555
0.00230986762768
0.00231107074856
0.00233350344892
0.0023396057684
0.0023339009319
0.00233228877902
0.00230504846194
0.00231058375152
0.00230335771337
0.00230465585215
0.00230988215304
0.00231542906454
0.00230828642211
0.00230938994475
0.00230938994473
0.0023154290645
0.00230988215303
0.00230828642207
0.00233228877903
0.00233960576843
0.00233350344892
0.00233390093192
0.00231107074856
0.00231701516561
0.0023113655427
0.00230986762772
0.00230465585219
0.00231058375151
0.00230504846191
0.00230335771336
0.00239664055787
0.00240457484272
0.00239840523668
0.00239840523669
0.00243009057586
0.00243645480191
0.00242841509681
0.00243009057589
0.00240341260101
0.00241125779483
0.00240495954233
0.00240507102078
0.00240341260099
0.00241125779481
0.00240507102075
0.00240495954235
0.00231136554267
0.00231701516555
0.00231107074856
0.00230986762768
0.00233228877902
0.0023396057684
0.0023339009319
0.00233350344892
0.00230988215304
0.00231542906454
0.00230938994475
0.00230828642211
0.00230504846194
0.00231058375152
0.00230465585215
0.00230335771337
0.00228522089601
0.00229080432972
0.0022853164844
0.0022833518324
0.00230551310321
0.00231313460164
0.00230749661665
0.00230749661665
0.0022853164844
0.00229080432969
0.00228522089595
0.0022833518324
0.00227742324321
0.00228289211013
0.00227742324321
0.00227537045646
0.00227537045644
0.00228289211008
0.00227742324321
0.00227742324318
0.00230749661665
0.00231313460161
0.00230551310321
0.00230749661663
0.0022833518324
0.00229080432972
0.00228522089598
0.00228531648439
0.00228335183239
0.0022908043297
0.0022853164844
0.00228522089599
0.00240495954235
0.00241125779482
0.00240341260098
0.00240507102073
0.00243009057586
0.00243645480188
0.00243009057584
0.0024284150968
0.00239840523667
0.0024045748427
0.00239664055786
0.00239840523664
0.00240507102077
0.00241125779483
0.00240341260097
0.00240495954235
0.00230335771336
0.0023105837515
0.00230465585215
0.00230504846194
0.00233390093189
0.00233960576837
0.00233228877899
0.0023335034489
0.00230828642211
0.00231542906451
0.00230938994474
0.002309882153
0.00230986762769
0.00231701516557
0.00231107074855
0.00231136554268
0.00230335771334
0.00231058375148
0.00230504846191
0.00230465585216
0.0023335034489
0.00233960576838
0.002332288779
0.0023339009319
0.00230986762767
0.00231701516555
0.00231136554269
0.00231107074853
0.00230828642208
0.00231542906449
0.002309882153
0.00230938994472
0.00275590570639
0.00276528250342
0.00275674857488
0.00275674857486
0.00279407232756
0.00280289339104
0.00279338872804
0.00279407232752
0.00275879082985
0.00276800841566
0.00275929743324
0.0027594660647
0.00275879082984
0.00276800841563
0.00275946606472
0.00275929743317
0.0029050289404
0.0029149340863
0.00290522588221
0.00290522588214
0.00294458509004
0.00295462548972
0.00294458509004
0.00294458509004
0.00290522588214
0.0029149340863
0.0029050289404
0.00290522588221
0.00290522588221
0.0029149340863
0.00290522588214
0.0029050289404
0.00275929743317
0.00276800841563
0.00275879082984
0.00275946606472
0.00279407232752
0.00280289339104
0.00279407232756
0.00279338872804
0.00275674857486
0.00276528250342
0.00275590570639
0.00275674857488
0.0027594660647
0.00276800841566
0.00275879082985
0.00275929743324
0.00275929743324
0.00276800841566
0.0027594660647
0.00275879082985
0.00279338872804
0.00280289339104
0.00279407232752
0.00279407232756
0.00275946606472
0.00276800841563
0.00275929743317
0.00275879082984
0.00275674857488
0.00276528250342
0.00275674857486
0.00275590570639
0.00230938994472
0.00231542906449
0.00230828642208
0.002309882153
0.0023339009319
0.00233960576838
0.0023335034489
0.002332288779
0.00230465585216
0.00231058375148
0.00230335771334
0.00230504846191
0.00231107074853
0.00231701516555
0.00230986762767
0.00231136554269
0.00240495954235
0.00241125779483
0.00240507102077
0.00240341260097
0.0024284150968
0.00243645480188
0.00243009057586
0.00243009057584
0.00240507102073
0.00241125779482
0.00240495954235
0.00240341260098
0.00239840523664
0.0024045748427
0.00239840523667
0.00239664055786
0.00228522089599
0.0022908043297
0.00228335183239
0.0022853164844
0.00230749661663
0.00231313460161
0.00230749661665
0.00230551310321
0.00227742324318
0.00228289211008
0.00227537045644
0.00227742324321
0.00228531648439
0.00229080432972
0.0022833518324
0.00228522089598
0.00231136554268
0.00231701516557
0.00230986762769
0.00231107074855
0.0023335034489
0.00233960576837
0.00233390093189
0.00233228877899
0.00230504846194
0.0023105837515
0.00230335771336
0.00230465585215
0.002309882153
0.00231542906451
0.00230828642211
0.00230938994474
0.00230938994474
0.00231542906451
0.002309882153
0.00230828642211
0.00233228877899
0.00233960576837
0.0023335034489
0.00233390093189
0.00231107074855
0.00231701516557
0.00231136554268
0.00230986762769
0.00230465585215
0.0023105837515
0.00230504846194
0.00230335771336
0.00239664055786
0.0024045748427
0.00239840523664
0.00239840523667
0.00243009057584
0.00243645480188
0.0024284150968
0.00243009057586
0.00240341260097
0.00241125779483
0.00240495954235
0.00240507102077
0.00240341260098
0.00241125779482
0.00240507102073
0.00240495954235
0.00231136554269
0.00231701516555
0.00231107074853
0.00230986762767
0.002332288779
0.00233960576838
0.0023339009319
0.0023335034489
0.002309882153
0.00231542906449
0.00230938994472
0.00230828642208
0.00230504846191
0.00231058375148
0.00230465585216
0.00230335771334
0.00228522089598
0.00229080432972
0.00228531648439
0.0022833518324
0.00230551310321
0.00231313460161
0.00230749661663
0.00230749661665
0.0022853164844
0.0022908043297
0.00228522089599
0.00228335183239
0.00227742324321
0.00228289211008
0.00227742324318
0.00227537045644
0.00227537045645
0.00228289211014
0.00227742324322
0.00227742324322
0.00230749661663
0.00231313460162
0.00230551310324
0.00230749661663
0.00228335183239
0.00229080432972
0.00228522089597
0.00228531648444
0.00228335183239
0.00229080432972
0.00228531648444
0.00228522089597
0.00240495954232
0.0024112577948
0.00240341260101
0.00240507102074
0.00243009057587
0.00243645480187
0.00243009057587
0.00242841509678
0.00239840523667
0.00240457484273
0.00239664055789
0.00239840523667
0.00240507102074
0.0024112577948
0.00240341260101
0.00240495954232
0.00230335771337
0.00231058375152
0.00230465585218
0.00230504846193
0.00233390093191
0.00233960576839
0.00233228877901
0.0023335034489
0.00230828642211
0.00231542906453
0.00230938994474
0.00230988215304
0.00230986762767
0.00231701516557
0.00231107074855
0.00231136554269
0.00230335771337
0.00231058375152
0.00230504846193
0.00230465585218
0.0023335034489
0.00233960576839
0.00233228877901
0.00233390093191
0.00230986762767
0.00231701516557
0.00231136554269
0.00231107074855
0.00230828642211
0.00231542906453
0.00230988215304
0.00230938994474
0.00275590570636
0.00276528250339
0.00275674857485
0.00275674857487
0.0027940723275
0.00280289339103
0.00279338872802
0.00279407232756
0.00275879082983
0.00276800841561
0.00275929743317
0.00275946606472
0.00275879082986
0.00276800841563
0.00275946606469
0.00275929743318
0.00290502894036
0.0029149340863
0.00290522588216
0.00290522588217
0.00294458508997
0.00295462548963
0.00294458508999
0.00294458508999
0.00290522588216
0.0029149340863
0.00290502894036
0.00290522588217
0.00290522588215
0.00291493408627
0.00290522588215
0.00290502894036
0.00275929743316
0.00276800841561
0.00275879082988
0.00275946606468
0.00279407232756
0.00280289339106
0.00279407232756
0.00279338872802
0.00275674857486
0.0027652825034
0.00275590570638
0.00275674857486
0.00275946606468
0.00276800841561
0.00275879082988
0.00275929743316
0.00275929743318
0.00276800841563
0.00275946606469
0.00275879082986
0.00279338872802
0.00280289339103
0.0027940723275
0.00279407232756
0.00275946606472
0.00276800841561
0.00275929743317
0.00275879082983
0.00275674857487
0.00276528250339
0.00275674857485
0.00275590570636
0.00230938994473
0.0023154290645
0.00230828642207
0.00230988215303
0.00233390093192
0.00233960576843
0.00233350344892
0.00233228877903
0.00230465585219
0.00231058375151
0.00230335771336
0.00230504846191
0.00231107074856
0.00231701516561
0.00230986762772
0.0023113655427
0.00240495954235
0.00241125779481
0.00240507102075
0.00240341260099
0.00242841509681
0.00243645480191
0.00243009057586
0.00243009057589
0.00240507102078
0.00241125779483
0.00240495954233
0.00240341260101
0.00239840523669
0.00240457484272
0.00239840523668
0.00239664055787
0.00228522089601
0.00229080432972
0.0022833518324
0.0022853164844
0.00230749661665
0.00231313460164
0.00230749661665
0.00230551310321
0.00227742324321
0.00228289211013
0.00227537045646
0.00227742324321
0.0022853164844
0.00229080432969
0.0022833518324
0.00228522089595
0.00231136554267
0.00231701516555
0.00230986762768
0.00231107074856
0.00233350344892
0.0023396057684
0.0023339009319
0.00233228877902
0.00230504846194
0.00231058375152
0.00230335771337
0.00230465585215
0.00230988215304
0.00231542906454
0.00230828642211
0.00230938994475
0.00230938994473
0.0023154290645
0.00230988215303
0.00230828642207
0.00233228877903
0.00233960576843
0.00233350344892
0.00233390093192
0.00231107074856
0.00231701516561
0.0023113655427
0.00230986762772
0.00230465585219
0.00231058375151
0.00230504846191
0.00230335771336
0.00239664055787
0.00240457484272
0.00239840523668
0.00239840523669
0.00243009057586
0.00243645480191
0.00242841509681
0.00243009057589
0.00240341260101
0.00241125779483
0.00240495954233
0.00240507102078
0.00240341260099
0.00241125779481
0.00240507102075
0.00240495954235
0.00231136554267
0.00231701516555
0.00231107074856
0.00230986762768
0.00233228877902
0.0023396057684
0.0023339009319
0.00233350344892
0.00230988215304
0.00231542906454
0.00230938994475
0.00230828642211
0.00230504846194
0.00231058375152
0.00230465585215
0.00230335771337
0.00228522089601
0.00229080432972
0.0022853164844
0.0022833518324
0.00230551310321
0.00231313460164
0.00230749661665
0.00230749661665
0.0022853164844
0.00229080432969
0.00228522089595
0.0022833518324
0.00227742324321
0.00228289211013
0.00227742324321
0.00227537045646
0.00227537045644
0.00228289211008
0.00227742324318
0.00227742324321
0.00230749661663
0.00231313460161
0.00230551310321
0.00230749661665
0.00228335183239
0.0022908043297
0.00228522089599
0.0022853164844
0.0022833518324
0.00229080432972
0.00228531648439
0.00228522089598
0.00240495954235
0.00241125779483
0.00240341260097
0.00240507102077
0.00243009057584
0.00243645480188
0.00243009057586
0.0024284150968
0.00239840523664
0.0024045748427
0.00239664055786
0.00239840523667
0.00240507102073
0.00241125779482
0.00240341260098
0.00240495954235
0.00230335771334
0.00231058375148
0.00230465585216
0.00230504846191
0.0023339009319
0.00233960576838
0.002332288779
0.0023335034489
0.00230828642208
0.00231542906449
0.00230938994472
0.002309882153
0.00230986762767
0.00231701516555
0.00231107074853
0.00231136554269
0.00230335771336
0.0023105837515
0.00230504846194
0.00230465585215
0.0023335034489
0.00233960576837
0.00233228877899
0.00233390093189
0.00230986762769
0.00231701516557
0.00231136554268
0.00231107074855
0.00230828642211
0.00231542906451
0.002309882153
0.00230938994474
0.00275590570639
0.00276528250342
0.00275674857486
0.00275674857488
0.00279407232752
0.00280289339104
0.00279338872804
0.00279407232756
0.00275879082984
0.00276800841563
0.00275929743317
0.00275946606472
0.00275879082985
0.00276800841566
0.0027594660647
0.00275929743324
0.0029050289404
0.0029149340863
0.00290522588214
0.00290522588221
0.00294458509004
0.00295462548972
0.00294458509004
0.00294458509004
0.00290522588221
0.0029149340863
0.0029050289404
0.00290522588214
0.00290522588214
0.0029149340863
0.00290522588221
0.0029050289404
0.00275929743324
0.00276800841566
0.00275879082985
0.0027594660647
0.00279407232756
0.00280289339104
0.00279407232752
0.00279338872804
0.00275674857488
0.00276528250342
0.00275590570639
0.00275674857486
0.00275946606472
0.00276800841563
0.00275879082984
0.00275929743317
0.00275929743317
0.00276800841563
0.00275946606472
0.00275879082984
0.00279338872804
0.00280289339104
0.00279407232756
0.00279407232752
0.0027594660647
0.00276800841566
0.00275929743324
0.00275879082985
0.00275674857486
0.00276528250342
0.00275674857488
0.00275590570639
0.00230938994474
0.00231542906451
0.00230828642211
0.002309882153
0.00233390093189
0.00233960576837
0.0023335034489
0.00233228877899
0.00230465585215
0.0023105837515
0.00230335771336
0.00230504846194
0.00231107074855
0.00231701516557
0.00230986762769
0.00231136554268
0.00240495954235
0.00241125779482
0.00240507102073
0.00240341260098
0.0024284150968
0.00243645480188
0.00243009057584
0.00243009057586
0.00240507102077
0.00241125779483
0.00240495954235
0.00240341260097
0.00239840523667
0.0024045748427
0.00239840523664
0.00239664055786
0.00228522089598
0.00229080432972
0.0022833518324
0.00228531648439
0.00230749661665
0.00231313460161
0.00230749661663
0.00230551310321
0.00227742324321
0.00228289211008
0.00227537045644
0.00227742324318
0.0022853164844
0.0022908043297
0.00228335183239
0.00228522089599
0.00231136554269
0.00231701516555
0.00230986762767
0.00231107074853
0.0023335034489
0.00233960576838
0.0023339009319
0.002332288779
0.00230504846191
0.00231058375148
0.00230335771334
0.00230465585216
0.002309882153
0.00231542906449
0.00230828642208
0.00230938994472
0.00230938994472
0.00231542906449
0.002309882153
0.00230828642208
0.002332288779
0.00233960576838
0.0023335034489
0.0023339009319
0.00231107074853
0.00231701516555
0.00231136554269
0.00230986762767
0.00230465585216
0.00231058375148
0.00230504846191
0.00230335771334
0.00239664055786
0.0024045748427
0.00239840523667
0.00239840523664
0.00243009057586
0.00243645480188
0.0024284150968
0.00243009057584
0.00240341260098
0.00241125779482
0.00240495954235
0.00240507102073
0.00240341260097
0.00241125779483
0.00240507102077
0.00240495954235
0.00231136554268
0.00231701516557
0.00231107074855
0.00230986762769
0.00233228877899
0.00233960576837
0.00233390093189
0.0023335034489
0.002309882153
0.00231542906451
0.00230938994474
0.00230828642211
0.00230504846194
0.0023105837515
0.00230465585215
0.00230335771336
0.00228522089599
0.0022908043297
0.0022853164844
0.00228335183239
0.00230551310321
0.00231313460161
0.00230749661665
0.00230749661663
0.00228531648439
0.00229080432972
0.00228522089598
0.0022833518324
0.00227742324318
0.00228289211008
0.00227742324321
0.00227537045644
0.00227537045646
0.00228289211013
0.00227742324321
0.00227742324321
0.00230749661665
0.00231313460164
0.00230551310321
0.00230749661665
0.0022833518324
0.00229080432972
0.00228522089601
0.0022853164844
0.0022833518324
0.00229080432969
0.0022853164844
0.00228522089595
0.00240495954235
0.00241125779481
0.00240341260099
0.00240507102075
0.00243009057589
0.00243645480191
0.00243009057586
0.00242841509681
0.00239840523669
0.00240457484272
0.00239664055787
0.00239840523668
0.00240507102078
0.00241125779483
0.00240341260101
0.00240495954233
0.00230335771336
0.00231058375151
0.00230465585219
0.00230504846191
0.00233390093192
0.00233960576843
0.00233228877903
0.00233350344892
0.00230828642207
0.0023154290645
0.00230938994473
0.00230988215303
0.00230986762772
0.00231701516561
0.00231107074856
0.0023113655427
0.00230335771337
0.00231058375152
0.00230504846194
0.00230465585215
0.00233350344892
0.0023396057684
0.00233228877902
0.0023339009319
0.00230986762768
0.00231701516555
0.00231136554267
0.00231107074856
0.00230828642211
0.00231542906454
0.00230988215304
0.00230938994475
0.00275590570636
0.00276528250339
0.00275674857487
0.00275674857485
0.00279407232756
0.00280289339103
0.00279338872802
0.0027940723275
0.00275879082986
0.00276800841563
0.00275929743318
0.00275946606469
0.00275879082983
0.00276800841561
0.00275946606472
0.00275929743317
0.00290502894036
0.00291493408627
0.00290522588215
0.00290522588215
0.00294458508999
0.00295462548963
0.00294458508997
0.00294458508999
0.00290522588217
0.0029149340863
0.00290502894036
0.00290522588216
0.00290522588217
0.0029149340863
0.00290522588216
0.00290502894036
0.00275929743318
0.00276800841563
0.00275879082986
0.00275946606469
0.00279407232756
0.00280289339103
0.0027940723275
0.00279338872802
0.00275674857487
0.00276528250339
0.00275590570636
0.00275674857485
0.00275946606472
0.00276800841561
0.00275879082983
0.00275929743317
0.00275929743316
0.00276800841561
0.00275946606468
0.00275879082988
0.00279338872802
0.00280289339106
0.00279407232756
0.00279407232756
0.00275946606468
0.00276800841561
0.00275929743316
0.00275879082988
0.00275674857486
0.0027652825034
0.00275674857486
0.00275590570638
0.00230938994474
0.00231542906453
0.00230828642211
0.00230988215304
0.00233390093191
0.00233960576839
0.0023335034489
0.00233228877901
0.00230465585218
0.00231058375152
0.00230335771337
0.00230504846193
0.00231107074855
0.00231701516557
0.00230986762767
0.00231136554269
0.00240495954232
0.0024112577948
0.00240507102074
0.00240341260101
0.00242841509678
0.00243645480187
0.00243009057587
0.00243009057587
0.00240507102074
0.0024112577948
0.00240495954232
0.00240341260101
0.00239840523667
0.00240457484273
0.00239840523667
0.00239664055789
0.00228522089597
0.00229080432972
0.00228335183239
0.00228531648444
0.00230749661663
0.00231313460162
0.00230749661663
0.00230551310324
0.00227742324322
0.00228289211014
0.00227537045645
0.00227742324322
0.00228531648444
0.00229080432972
0.00228335183239
0.00228522089597
0.00231136554269
0.00231701516557
0.00230986762767
0.00231107074855
0.0023335034489
0.00233960576839
0.00233390093191
0.00233228877901
0.00230504846193
0.00231058375152
0.00230335771337
0.00230465585218
0.00230988215304
0.00231542906453
0.00230828642211
0.00230938994474
0.00230938994475
0.00231542906454
0.00230988215304
0.00230828642211
0.00233228877902
0.0023396057684
0.00233350344892
0.0023339009319
0.00231107074856
0.00231701516555
0.00231136554267
0.00230986762768
0.00230465585215
0.00231058375152
0.00230504846194
0.00230335771337
0.00239664055787
0.00240457484272
0.00239840523669
0.00239840523668
0.00243009057589
0.00243645480191
0.00242841509681
0.00243009057586
0.00240341260099
0.00241125779481
0.00240495954235
0.00240507102075
0.00240341260101
0.00241125779483
0.00240507102078
0.00240495954233
0.0023113655427
0.00231701516561
0.00231107074856
0.00230986762772
0.00233228877903
0.00233960576843
0.00233390093192
0.00233350344892
0.00230988215303
0.0023154290645
0.00230938994473
0.00230828642207
0.00230504846191
0.00231058375151
0.00230465585219
0.00230335771336
0.00228522089595
0.00229080432969
0.0022853164844
0.0022833518324
0.00230551310321
0.00231313460164
0.00230749661665
0.00230749661665
0.0022853164844
0.00229080432972
0.00228522089601
0.0022833518324
0.00227742324321
0.00228289211013
0.00227742324321
0.00227537045646
0.00227537045644
0.00228289211008
0.00227742324321
0.00227742324318
0.00230749661665
0.00231313460161
0.00230551310321
0.00230749661663
0.0022833518324
0.00229080432972
0.00228522089598
0.00228531648439
0.00228335183239
0.0022908043297
0.0022853164844
0.00228522089599
0.00240495954235
0.00241125779482
0.00240341260098
0.00240507102073
0.00243009057586
0.00243645480188
0.00243009057584
0.0024284150968
0.00239840523667
0.0024045748427
0.00239664055786
0.00239840523664
0.00240507102077
0.00241125779483
0.00240341260097
0.00240495954235
0.00230335771336
0.0023105837515
0.00230465585215
0.00230504846194
0.00233390093189
0.00233960576837
0.00233228877899
0.0023335034489
0.00230828642211
0.00231542906451
0.00230938994474
0.002309882153
0.00230986762769
0.00231701516557
0.00231107074855
0.00231136554268
0.00230335771334
0.00231058375148
0.00230504846191
0.00230465585216
0.0023335034489
0.00233960576838
0.002332288779
0.0023339009319
0.00230986762767
0.00231701516555
0.00231136554269
0.00231107074853
0.00230828642208
0.00231542906449
0.002309882153
0.00230938994472
0.00275590570639
0.00276528250342
0.00275674857488
0.00275674857486
0.00279407232756
0.00280289339104
0.00279338872804
0.00279407232752
0.00275879082985
0.00276800841566
0.00275929743324
0.0027594660647
0.00275879082984
0.00276800841563
0.00275946606472
0.00275929743317
0.0029050289404
0.0029149340863
0.00290522588221
0.00290522588214
0.00294458509004
0.00295462548972
0.00294458509004
0.00294458509004
0.00290522588214
0.0029149340863
0.0029050289404
0.00290522588221
0.00290522588221
0.0029149340863
0.00290522588214
0.0029050289404
0.00275929743317
0.00276800841563
0.00275879082984
0.00275946606472
0.00279407232752
0.00280289339104
0.00279407232756
0.00279338872804
0.00275674857486
0.00276528250342
0.00275590570639
0.00275674857488
0.0027594660647
0.00276800841566
0.00275879082985
0.00275929743324
0.00275929743324
0.00276800841566
0.0027594660647
0.00275879082985
0.00279338872804
0.00280289339104
0.00279407232752
0.00279407232756
0.00275946606472
0.00276800841563
0.00275929743317
0.00275879082984
0.00275674857488
0.00276528250342
0.00275674857486
0.00275590570639
0.00230938994472
0.00231542906449
0.00230828642208
0.002309882153
0.0023339009319
0.00233960576838
0.0023335034489
0.002332288779
0.00230465585216
0.00231058375148
0.00230335771334
0.00230504846191
0.00231107074853
0.00231701516555
0.00230986762767
0.00231136554269
0.00240495954235
0.00241125779483
0.00240507102077
0.00240341260097
0.0024284150968
0.00243645480188
0.00243009057586
0.00243009057584
0.00240507102073
0.00241125779482
0.00240495954235
0.00240341260098
0.00239840523664
0.0024045748427
0.00239840523667
0.00239664055786
0.00228522089599
0.0022908043297
0.00228335183239
0.0022853164844
0.00230749661663
0.00231313460161
0.00230749661665
0.00230551310321
0.00227742324318
0.00228289211008
0.00227537045644
0.00227742324321
0.00228531648439
0.00229080432972
0.0022833518324
0.00228522089598
0.00231136554268
0.00231701516557
0.00230986762769
0.00231107074855
0.0023335034489
0.00233960576837
0.00233390093189
0.00233228877899
0.00230504846194
0.0023105837515
0.00230335771336
0.00230465585215
0.002309882153
0.00231542906451
0.00230828642211
0.00230938994474
0.00230938994474
0.00231542906451
0.002309882153
0.00230828642211
0.00233228877899
0.00233960576837
0.0023335034489
0.00233390093189
0.00231107074855
0.00231701516557
0.00231136554268
0.00230986762769
0.00230465585215
0.0023105837515
0.00230504846194
0.00230335771336
0.00239664055786
0.0024045748427
0.00239840523664
0.00239840523667
0.00243009057584
0.00243645480188
0.0024284150968
0.00243009057586
0.00240341260097
0.00241125779483
0.00240495954235
0.00240507102077
0.00240341260098
0.00241125779482
0.00240507102073
0.00240495954235
0.00231136554269
0.00231701516555
0.00231107074853
0.00230986762767
0.002332288779
0.00233960576838
0.0023339009319
0.0023335034489
0.002309882153
0.00231542906449
0.00230938994472
0.00230828642208
0.00230504846191
0.00231058375148
0.00230465585216
0.00230335771334
0.00228522089598
0.00229080432972
0.00228531648439
0.0022833518324
0.00230551310321
0.00231313460161
0.00230749661663
0.00230749661665
0.0022853164844
0.0022908043297
0.00228522089599
0.00228335183239
0.00227742324321
0.00228289211008
0.00227742324318
0.00227537045644
0.00227537045646
0.00228289211013
0.00227742324321
0.00227742324321
0.00230749661665
0.00231313460164
0.00230551310321
0.00230749661665
0.0022833518324
0.00229080432969
0.00228522089595
0.0022853164844
0.0022833518324
0.00229080432972
0.0022853164844
0.00228522089601
0.00240495954233
0.00241125779483
0.00240341260101
0.00240507102078
0.00243009057586
0.00243645480191
0.00243009057589
0.00242841509681
0.00239840523668
0.00240457484272
0.00239664055787
0.00239840523669
0.00240507102075
0.00241125779481
0.00240341260099
0.00240495954235
0.00230335771337
0.00231058375152
0.00230465585215
0.00230504846194
0.0023339009319
0.0023396057684
0.00233228877902
0.00233350344892
0.00230828642211
0.00231542906454
0.00230938994475
0.00230988215304
0.00230986762768
0.00231701516555
0.00231107074856
0.00231136554267
0.00230335771336
0.00231058375151
0.00230504846191
0.00230465585219
0.00233350344892
0.00233960576843
0.00233228877903
0.00233390093192
0.00230986762772
0.00231701516561
0.0023113655427
0.00231107074856
0.00230828642207
0.0023154290645
0.00230988215303
0.00230938994473
0.00275590570638
0.0027652825034
0.00275674857486
0.00275674857486
0.00279407232756
0.00280289339106
0.00279338872802
0.00279407232756
0.00275879082988
0.00276800841561
0.00275929743316
0.00275946606468
0.00275879082988
0.00276800841561
0.00275946606468
0.00275929743316
0.00290502894036
0.0029149340863
0.00290522588217
0.00290522588216
0.00294458508999
0.00295462548963
0.00294458508999
0.00294458508997
0.00290522588215
0.00291493408627
0.00290502894036
0.00290522588215
0.00290522588216
0.0029149340863
0.00290522588217
0.00290502894036
0.00275929743317
0.00276800841561
0.00275879082983
0.00275946606472
0.0027940723275
0.00280289339103
0.00279407232756
0.00279338872802
0.00275674857485
0.00276528250339
0.00275590570636
0.00275674857487
0.00275946606469
0.00276800841563
0.00275879082986
0.00275929743318
0.00275929743317
0.00276800841561
0.00275946606472
0.00275879082983
0.00279338872802
0.00280289339103
0.00279407232756
0.0027940723275
0.00275946606469
0.00276800841563
0.00275929743318
0.00275879082986
0.00275674857485
0.00276528250339
0.00275674857487
0.00275590570636
0.00230938994475
0.00231542906454
0.00230828642211
0.00230988215304
0.0023339009319
0.0023396057684
0.00233350344892
0.00233228877902
0.00230465585215
0.00231058375152
0.00230335771337
0.00230504846194
0.00231107074856
0.00231701516555
0.00230986762768
0.00231136554267
0.00240495954233
0.00241125779483
0.00240507102078
0.00240341260101
0.00242841509681
0.00243645480191
0.00243009057589
0.00243009057586
0.00240507102075
0.00241125779481
0.00240495954235
0.00240341260099
0.00239840523668
0.00240457484272
0.00239840523669
0.00239664055787
0.00228522089595
0.00229080432969
0.0022833518324
0.0022853164844
0.00230749661665
0.00231313460164
0.00230749661665
0.00230551310321
0.00227742324321
0.00228289211013
0.00227537045646
0.00227742324321
0.0022853164844
0.00229080432972
0.0022833518324
0.00228522089601
0.0023113655427
0.00231701516561
0.00230986762772
0.00231107074856
0.00233350344892
0.00233960576843
0.00233390093192
0.00233228877903
0.00230504846191
0.00231058375151
0.00230335771336
0.00230465585219
0.00230988215303
0.0023154290645
0.00230828642207
0.00230938994473
0.00230938994474
0.00231542906453
0.00230988215304
0.00230828642211
0.00233228877901
0.00233960576839
0.0023335034489
0.00233390093191
0.00231107074855
0.00231701516557
0.00231136554269
0.00230986762767
0.00230465585218
0.00231058375152
0.00230504846193
0.00230335771337
0.00239664055789
0.00240457484273
0.00239840523667
0.00239840523667
0.00243009057587
0.00243645480187
0.00242841509678
0.00243009057587
0.00240341260101
0.0024112577948
0.00240495954232
0.00240507102074
0.00240341260101
0.0024112577948
0.00240507102074
0.00240495954232
0.00231136554269
0.00231701516557
0.00231107074855
0.00230986762767
0.00233228877901
0.00233960576839
0.00233390093191
0.0023335034489
0.00230988215304
0.00231542906453
0.00230938994474
0.00230828642211
0.00230504846193
0.00231058375152
0.00230465585218
0.00230335771337
0.00228522089597
0.00229080432972
0.00228531648444
0.00228335183239
0.00230551310324
0.00231313460162
0.00230749661663
0.00230749661663
0.00228531648444
0.00229080432972
0.00228522089597
0.00228335183239
0.00227742324322
0.00228289211014
0.00227742324322
0.00227537045645
