0.489138597982
0.544076891042
0.527193802147
0.539565301651
0.516581300124
0.534135468568
0.519916572684
0.554709215598
0.659395021464
0.557224903168
0.557427618997
0.489460901279
0.53407786141
0.586926341954
0.532440650015
0.551496358984
0.528383565141
0.572775796281
0.529968535019
0.553524724585
0.535749324007
0.538618057044
0.5111725004
0.528268710278
0.490217051
0.556040949953
0.659193659216
0.553175270158
0.55662410387
0.556653092561
0.638505570598
0.519751973827
0.516188921566
0.656946798754
0.560603634808
0.55755416337
0.632836679486
0.54811791713
0.520947063656
0.555006192575
0.660186628127
0.559414130903
0.556576093139
0.494116559176
0.493504734235
0.508028684749
0.30072483291
0.341642235813
0.192565687987
0.19174685338
0.228071658157
0.228064482362
0.342065249914
0.301377622992
0.346168840085
0.346395516216
0.299676254149
0.337227310274
0.179444827937
0.178311728435
0.180853587033
0.210529719757
0.295902530196
0.294279973509
0.335789951424
0.299800629721
0.275910674404
0.292653174035
0.15102990097
0.177948485581
0.296288070281
0.331031251808
0.285567814446
0.32734335293
0.167644744448
0.16613550821
0.203909517004
0.327138898012
0.275494461147
0.151822088549
0.162386050031
0.188288356287
0.17875016409
0.371525012358
0.147852027315
0.147020567997
0.160625910734
0.184357100236
0.356524367927
0.338679874827
0.313419238595
0.17416589695
0.101745303325
0.0971201454852
0.0964477857167
0.127952518361
0.0994724649778
0.0760032323098
0.0780721970235
0.0867085549162
0.0868268279869
0.0686414235801
0.0774855789961
0.0820438289136
0.115258081068
0.103867312361
0.0663515638097
0.0689430675228
0.0846146920094
0.0815596397327
0.174493414263
0.138085728276
0.0968842710129
0.0943428313221
0.282672846559
0.32101739716
0.362508343202
0.353553959752
0.166873186221
0.154337054151
0.153931697541
0.169315288237
0.155297906935
0.155704717658
0.170472870247
0.170381870338
0.358067656345
0.371478091285
0.147500073093
0.154867663231
0.1697832661
0.168959750059
0.367539149777
0.370399723673
0.321860733679
0.325020449646
0.284550608062
0.32649908479
0.132691407805
0.130094823863
0.137900456695
0.12606608873
0.279752715979
0.285769564247
0.130578230407
0.126746888689
0.120478537813
0.132306782261
0.20858553421
0.190642291594
0.168985447287
0.142817655625
0.14497023933
0.169542896523
