0.411671718351
0.462343399451
0.383084740251
0.432384267754
0.419767545942
0.354120382242
0.415345765312
0.371585390945
0.411756822691
0.438332334881
0.471015547402
0.356724899686
0.42537137162
0.482098973154
0.385122626376
0.47417558231
0.383651230614
0.314277913434
0.361442387837
0.210882489838
0.214566464055
0.239928911351
0.23979300775
0.207544560641
0.328040946673
0.296240947121
0.154401302622
0.16077600166
0.197878946489
0.29388424927
0.302273694341
0.198654995846
0.117611096345
0.220984954169
0.149082340292
0.171279429032
0.206769902693
0.218055069843
0.162523848976
0.182172988317
0.223297247631
0.183226282089
0.373648317816
0.156499474493
0.159780375652
0.157036649474
0.221118178166
0.336440066908
0.28607482646
0.15249253337
0.116635629563
0.102935438297
0.0872572081809
0.149298944238
0.136533862242
0.0793852754082
0.0784389232124
0.102644865085
0.0975899351413
0.0729511968342
0.0846443607109
0.0813593375402
0.145526794552
0.130798295503
0.0919183041202
0.0737731138818
0.0990812390431
0.088736492883
0.199457972157
0.135827613464
0.112165386004
0.107284576951
0.140766489465
0.190972986778
0.177984908716
0.151997917416
0.1687813427
0.175445781946
0.182737939471
0.242361928484
0.291911579661
0.242768788117
0.137365676913
0.128641967937
0.167820395628
0.125801098238
0.237435634708
0.213149656292
0.141037560133
0.136699706634
0.126668337035
0.131879681418
0.234061363485
0.178941688999
0.169605339686
0.141055310259
0.137559884865
0.195490592197
0.298439082131
0.297241087079
0.293795513444
0.179815487351
0.150250796259
0.181247455896
0.194358292365
0.184057100948
0.147871572631
0.166989411885
0.193977405649
0.276919861502
0.25234901799
0.15072263361
0.187365987888
0.164641345331
0.203423517688
0.258699052912
0.245493790445
0.222432499654
0.271669936226
0.196200779774
0.205400982197
0.203108473669
0.207222481462
0.208317466644
0.199678168119
0.364289052698
0.132410352466
0.15154082721
0.112890475415
0.204940804934
0.0852963648269
0.130806020974
0.0957600396422
0.0917436001702
0.135968674193
0.193653025266
0.185866584805
0.310489164416
0.271290692381
0.120502682
0.10796068049
0.145599070223
0.157835812894
0.152622799521
0.160662296774
0.215974545906
0.0686710974364
0.106043203481
0.0824478244751
0.167633810206
0.401856788382
0.319061843303
0.286977622384
0.198553922585
0.155013608532
0.192797659886
0.144986289536
0.274502251116
0.200081674651
0.0642883997853
0.0514170522042
0.0500184033948
0.048305085499
0.0503320704624
0.176396573865
0.469067389518
0.0964438243773
0.113170121692
0.103511774295
0.162050369543
0.100126937664
0.0938494056249
0.0668447884963
0.064640425086
0.0500556474097
0.0486310325476
0.264709666257
0.254460791921
0.0984819386142
0.129516780611
0.173449974401
0.152509629987
0.277623836496
0.3287267976
0.153554288913
0.120066722053
0.108601634965
0.157453826568
0.0987049497478
0.112634112659
0.0997510080305
0.14515803915
0.144727617868
0.108168470938
0.102545847482
0.127046972768
0.113349807635
0.157244800189
0.0889307564382
0.113390579129
0.092782868667
0.0556414336446
0.203682984897
0.225703091654
0.266813504825
0.227901066107
0.0729647237846
0.138439158721
0.225121018145
0.103643517989
0.0815567185983
0.0848921622504
0.0813680279628
0.111066133087
0.100454155878
0.0669664790801
0.0853099190984
0.0931323625738
0.099687949471
0.141281319039
0.187955635721
0.0955578887382
0.0871309907602
0.0723740116405
0.118379022519
0.123865292789
0.0919633688284
0.0407297804322
0.0392347431073
0.121066479568
0.108102652332
0.11701403937
0.0455016481221
0.0317759665151
0.0225140520375
0.0357255875481
0.0303462532545
0.0305301513714
0.0255432826476
0.0331381908384
0.0424903789032
0.0330763558129
0.036366056839
0.226893488602
0.247496004374
0.09506522463
0.0592203323731
0.110159264982
0.178983073735
0.0402739643747
0.0324228800705
0.0356256162118
0.0365130439727
0.0377129805449
0.0429785179816
0.0458586432829
0.0576112296966
0.0398705793935
0.084779091699
0.111801758731
0.0496470956247
0.0560682959938
0.24658854307
0.232194100219
0.196329878188
0.264937787345
0.0658484825686
0.0695434000138
0.0739055649945
0.0757451592857
0.111438247432
0.124700452267
0.0784806994647
0.0794201223886
0.0704213328658
0.0890381416627
0.106715656023
0.0943951876167
0.0875352322738
0.0933123427629
0.0971767431649
0.0822996628324
0.0923553685507
0.0994646964429
0.178399783648
0.119099018229
0.111929033479
0.10903874472
0.0913828899398
0.109979597214
0.0391844106473
0.0318766734635
0.0365678216417
0.0342050653116
0.100318293264
0.056166607067
0.0456672184836
0.0667308601297
0.0563877550652
0.0474179800477
0.0311432584597
0.0286612899314
0.0296247496651
0.024969295328
0.0371547147694
0.0233949059558
0.0440422974271
0.0856489555773
0.0493358322591
0.0480919912929
0.038864858461
0.0455215239196
0.069819955202
0.0339766173125
