0.462642233001
0.51549425847
0.52127038034
0.340809228367
0.51915240425
0.49044443481
0.5536720865
0.658043753445
0.556344788291
0.55547602286
0.467118498466
0.503742140112
0.510458196583
0.483941935467
0.49777762756
0.510140947543
0.440202329957
0.642623470719
0.527424888353
0.555072259594
0.535666232533
0.623235072706
0.494942768433
0.490398829633
0.64957054904
0.545368827237
0.52016202862
0.552118475689
0.657882187799
0.559283473439
0.553849412427
0.474816710404
0.476756111092
0.304270982736
0.348239621307
0.197075165876
0.196227014867
0.226015767248
0.234005581019
0.305364996257
0.34852800938
0.325826969199
0.29396661149
0.181613099657
0.180394902095
0.183381923185
0.2078541123
0.284541874712
0.280168250167
0.318670188666
0.3027165744
0.245645489223
0.273849893526
0.142365611438
0.180629607566
0.285615266747
0.329453948085
0.281033616775
0.305102667841
0.166547237437
0.165790704799
0.201866020087
0.255157263323
0.153727082735
0.167635579785
0.200912375971
0.177668429324
0.382895972319
0.150452784301
0.149676837066
0.167597699888
0.196639005338
0.359232501431
0.338340562068
0.303049802004
0.181169990162
0.108347714708
0.0998749403842
0.0979904309125
0.143478385378
0.112056247599
0.0762617081505
0.0786928293988
0.0911521402956
0.0906475108847
0.0678486785886
0.0802748555006
0.0790237235534
0.128064334429
0.113913240315
0.0771950611365
0.0687014733652
0.089813167914
0.0840047280819
0.185168033801
0.136057800062
0.102969148437
0.0998683306966
0.282213093962
0.339524828253
0.166031352206
0.147964201873
0.162619981994
0.164967918076
0.161515701517
0.189043108592
0.182522536245
0.347764461097
0.389236572303
0.145624087498
0.164886020486
0.180550703384
0.18883738008
0.387044145692
0.285382013482
0.348870895462
0.286794692349
0.338950344829
0.134607058039
0.122828481963
0.148900934984
0.120697984344
0.267198773868
0.262533757243
0.137031349312
0.132770715141
0.122053281755
0.135149565429
0.224404574105
0.186215342868
0.146164119584
0.139621898468
0.138086028223
0.19179688381
0.286602608585
0.257306516087
0.312418704343
0.324858152325
0.150002269301
0.14178830615
0.15360305281
0.160478450549
0.15286995056
0.140839778848
0.147215617339
0.159324705375
0.296792363249
0.281506858139
0.147358132794
0.153636706656
0.138988752754
0.161803440328
0.277336080529
0.309672639984
0.24995602283
0.270508423551
0.194429150127
0.188307355686
0.185281419359
0.188925774742
0.185910237594
0.182087073712
0.186581360588
0.408079897533
0.100960748711
0.110460156662
0.103676928447
0.132107515296
0.110850779938
0.100796243171
0.138458209434
0.14076932148
0.141411092558
0.147518884957
0.281017587551
0.305578282655
0.303434163987
0.283482164256
0.332224631978
0.319366665158
0.137056562098
0.138897689741
0.144582207361
0.13604537275
0.191633756118
0.212114112695
