0.442111866294
0.489649240355
0.512798788526
0.364776035599
0.505017318359
0.468319258916
0.538712217259
0.544109981052
0.451134100703
0.463224799725
0.452334151657
0.460112073952
0.478622427838
0.406816418136
0.452997691137
0.493786713962
0.514145525483
0.43811131876
0.450375651366
0.607398692471
0.519774483488
0.485576552983
0.522235781053
0.33111894009
0.530468794478
0.439328991681
0.309164014032
0.354408530527
0.201548256556
0.200531482761
0.226918032998
0.237792054308
0.308944084019
0.347054135815
0.312946813456
0.289641992427
0.183238557098
0.182149196666
0.185321035335
0.20748615936
0.277120767427
0.270113551033
0.308764125699
0.305693576267
0.22405478069
0.259186309203
0.137505615439
0.182597617679
0.277398055989
0.329922730834
0.274604308692
0.157736073198
0.16745972827
0.201876685804
0.239893659111
0.156424237733
0.172437188015
0.210157539238
0.178507335839
0.390258484032
0.15287953378
0.153234955415
0.160998620238
0.20692787349
0.354919269576
0.296398954296
0.166448232051
0.112330711461
0.10125204088
0.0998437175655
0.155617840104
0.123418213085
0.0776291041911
0.0793165559014
0.0953505084396
0.0933704268171
0.0689401794279
0.0825253349124
0.0787747557138
0.13695873003
0.121376618984
0.0840366530876
0.0699020804688
0.0936835065156
0.0858179108393
0.193155077518
0.13527060066
0.106841135477
0.10304628364
0.281412506772
0.348215369262
0.166540907352
0.146109247235
0.170586683034
0.179314855701
0.179064859951
0.210667259304
0.193046379133
0.341909017418
0.401050638492
0.145682437166
0.173926493622
0.182284801893
0.202402554317
0.39827020358
0.267081167897
0.335949473961
0.278894725676
0.336111424074
0.135982768148
0.119791682472
0.158555466957
0.117916818522
0.255156152427
0.24088651347
0.140004379898
0.134888355036
0.123647412636
0.134587036441
0.235562699819
0.183379167678
0.158695457167
0.140461565551
0.13372516629
0.206488936232
0.297555665754
0.2541987548
0.315570312395
0.328121097922
0.161072759048
0.143142502471
0.166886208928
0.176821856766
0.165682880718
0.142030043379
0.155336790099
0.175646059864
0.292218512376
0.270550763557
0.159169992025
0.166094549304
0.146484665496
0.18288886472
0.279763440343
0.30400492485
0.236241350086
0.27613847194
0.209178897685
0.197625367212
0.193878785715
0.198462663037
0.19817808303
0.193548661166
0.192264508241
0.39298324106
0.111145958797
0.12332872677
0.114838045008
0.163740490512
0.131121583036
0.112368210531
0.14044860411
0.164120147591
0.318753939647
0.343724802511
0.3183562293
0.139556773727
0.128229503754
0.145534968336
0.188322744129
0.23195440452
0.111575315653
0.139401995171
0.166635315405
0.161034740033
0.338091650708
0.314675451293
0.119241864373
0.11542590767
0.135704422526
0.161893368406
0.147795236222
0.168663467633
0.201701324299
0.0730504896371
0.093393982453
0.0827915959122
0.117933806283
0.368656137115
0.164160210258
0.183272675839
0.0786058693921
0.354748699701
0.354375306333
0.153226951484
0.141527507347
0.150479815935
0.138698437337
0.256001625733
0.22999899927
0.0747186225452
0.072586042348
0.0394184531415
0.0355533959457
0.0360252854283
0.0376595036254
0.158259939004
0.487389230649
0.0796282655914
0.0879792710517
0.0810605286273
0.0962628567485
0.0742979089912
0.0746996380732
0.0728012901664
0.0641443582523
0.0406493524066
0.0502962688634
