0.426201129295
0.46909039958
0.492101870829
0.377618039862
0.478187773476
0.437975025907
0.395489722794
0.430575777664
0.405587356647
0.44108222886
0.471426761343
0.48943753177
0.389924698704
0.416464851805
0.484043431066
0.456358272523
0.498844541043
0.366486776653
0.497856633067
0.406873086261
0.313334498674
0.35847764742
0.207232590986
0.207557172402
0.232057286353
0.239365274088
0.203695806789
0.338805462279
0.303083961603
0.277514520718
0.173772716635
0.173257614715
0.207696295593
0.301348786725
0.305038321128
0.20891528153
0.241704118245
0.126605771117
0.243268172618
0.152028396538
0.16952581786
0.203974359
0.228903908194
0.159468060598
0.177012156379
0.217181221335
0.180556997633
0.394710600232
0.154826309896
0.156737423186
0.157772517961
0.215304988535
0.345167107426
0.291106151719
0.157512840623
0.114768908573
0.102147473641
0.0942522036615
0.154341648613
0.131452367516
0.0790012847314
0.0795636488568
0.099226250649
0.0956456526775
0.0708739782239
0.0842880512871
0.0798459579954
0.142390034667
0.126810370232
0.0886392618424
0.0717461890699
0.0966692531239
0.0873350200698
0.197453441449
0.135351659006
0.109748753052
0.105361917127
0.279947040525
0.352028812365
0.168722762436
0.147317426624
0.175578231461
0.191438657583
0.178357572832
0.146028515118
0.167556585513
0.178775409824
0.192523342552
0.25354209401
0.312601382086
0.269032818281
0.334121055471
0.136985103616
0.118879416344
0.167386404254
0.116685368771
0.245588730051
0.225006014619
0.140928257286
0.135924396194
0.125156837566
0.133087904533
0.244085528105
0.18151691435
0.165901457186
0.141373670833
0.131112055015
0.217042354057
0.300275560591
0.306383203124
0.310612563561
0.17187421449
0.146694607196
0.177866357045
0.188244031814
0.175598771268
0.144804181406
0.162061402734
0.187282932384
0.285261849574
0.260788841172
0.156839127977
0.177855469819
0.156140679297
0.196279326934
0.27157330519
0.276338559967
0.227849458312
0.297391882333
0.204616530473
0.20194174474
0.199231591557
0.203910459475
0.207330010021
0.202380388513
0.197596315308
0.38289603614
0.1230302835
0.138437905855
0.112356623499
0.187276545754
0.0787052070129
0.122412942928
0.126300584438
0.340881207674
0.315439537085
0.132333889188
0.120365808706
0.150453030351
0.0965731464644
0.136708295398
0.182636117255
0.177609986639
0.330755604137
0.290072710862
0.119226171632
0.109029075013
0.140555388637
0.161370491688
0.150882980212
0.164579647785
0.212439120251
0.0681783718718
0.0987731311763
0.0890204015775
0.148269086476
0.391838789534
0.177651683928
0.0889548925278
0.332332237281
0.293096765137
0.179663071408
0.148398301545
0.174156868118
0.140358084461
0.269310467736
0.211737772003
0.0766511150641
0.0500724465998
0.0431096934866
0.0415626360227
0.0462409791477
0.168209934743
0.478321438228
0.0883232611707
0.101528565716
0.0926146580942
0.13318597371
0.0892814701295
0.0865090514473
0.070544822035
0.0627872109005
0.0454437251457
0.0630383161542
0.268106526809
0.258064870748
0.105598632647
0.127150509651
0.151519654781
0.139789285313
0.275843345437
0.336292820978
0.135405025001
0.113248156836
0.103210766417
0.155378611468
0.0930203006457
0.103248092014
0.093719716878
0.12123082441
0.12834280412
0.106681083588
0.101242636177
0.117437722925
0.118810579887
0.149527580562
0.0923640721119
0.108432459503
0.0764648379966
0.0663054345483
0.165987161054
0.143312133203
0.202956483312
0.212638108257
0.29508949472
0.301276725853
0.0998327510039
0.101036541716
0.136464594637
0.242556040353
0.0833194821076
0.0748869574066
0.0741583798723
0.0699715343784
0.1002186478
0.0971167795613
0.0723256421016
0.077035323769
0.078737593057
0.0831466604566
0.137554735226
0.176054328724
0.0843240264792
0.0835833897721
0.0740000901109
0.0954827377097
0.107347025901
0.0953660090444
0.0396554339183
0.0377050863885
0.105768369427
0.118163933426
0.106526901612
0.098595625851
0.0930450600412
0.10974160347
0.0301361226469
0.027899928119
0.0221398004452
0.029769700744
0.0261251444713
0.0254337726062
0.0215613378593
0.0258183161528
0.0344735905775
0.0349655151852
0.0356961363919
0.0490869500477
