0.00731417700193
0.00637498855935
0.00851796660246
0.00883768957405
0.00862838206117
0.00747093402618
0.00828550646501
0.00742817089793
0.00767444806784
0.00748538304792
0.00814519468787
0.00630558265581
0.0077860962578
0.00819992815663
0.00755274566634
0.00802842936153
0.00748477234771
0.0068884985104
0.00827097618157
0.00652200344498
0.00747278349206
0.0103417623688
0.00909987061926
0.0078783434743
0.0105150198236
0.00871656248735
0.0085512378884
0.0083168144552
0.0073103137461
0.00695153629002
0.00929941781489
0.00731289507963
0.0074885550609
0.00791711764219
0.0077860458275
0.00686658210821
0.00779853321277
0.00845858936068
0.00601873691317
0.00745034856697
0.00727101069104
0.00567105786653
0.00798917524247
0.0094501521929
0.00903328073459
0.00672878072835
0.00768283537641
0.00722677125179
0.0074079983503
0.00964014873733
0.00921372888589
0.00796246451931
0.00895738987143
0.00765534710424
0.00792151597967
0.00838417343233
0.00869686315142
0.0079219943597
0.00753550141717
0.00866925175597
0.00749818443367
0.00698465004804
0.00767801359755
0.00849966097513
0.00750028673513
0.00881754793517
0.00860365484124
0.00867849981839
0.00731480209162
0.00731438929222
0.00713910117853
0.00784992808886
0.00650735429994
0.00661706409325
0.0072415411763
0.00675829556505
0.00720968968504
0.00701131608462
0.00740210621766
0.00916980012624
0.0072050850755
0.00943792817166
0.00833343703158
0.0079166849559
0.00690745323203
0.00709281744994
0.00706181139135
0.00669651865087
0.00927819958934
0.00862782581801
0.00788849923101
0.00817863877994
0.00614377438743
0.00748782468897
0.00808152220882
0.00851790302713
0.00723839848636
0.00759911018275
0.00819968896629
0.00776633284002
0.00821477492276
0.00862268325023
0.00798798963086
0.00713543555379
0.00877048995673
0.00842965491471
0.00843615831166
0.00865017088948
0.00857719723079
0.00856394234525
0.00854315961662
0.00893926328456
0.00841981142396
0.00784068841982
0.00721945023451
0.00879911749937
0.00729057189593
0.00818261692936
0.00835910492367
0.0093063169696
0.00873698379908
0.00906275847415
0.00820915885171
0.00765278853607
0.00826384935169
0.00811449210379
0.00724106985024
0.00749811951214
0.00583907967993
0.00718889931828
0.00670983970419
0.0062593051342
0.00812127143481
0.00659450803951
0.00588669378225
0.00563893624255
0.00553787212001
0.00590560878361
0.00668020506304
0.00459483541268
0.00737861700415
0.00644263493534
0.00682740997504
0.00642202849359
0.00803693662164
0.00894456383243
0.00778728573853
0.00662505833056
0.00771540638972
0.0066475656969
0.00643879547394
0.00694087163052
0.00724009091647
0.00671908509849
0.00879219127483
0.00633393800109
0.00654115564354
0.00814878459999
0.00834159215066
0.00647038532281
0.00686356926514
0.00542146916694
0.00722597452792
0.00836666133866
0.00695501253908
0.00847525219005
0.00594002605808
0.00644734775832
0.00734019032524
0.00755215726156
0.00629281183224
0.00797728733206
0.00700635221239
0.00777936947902
0.00868684351339
0.00716569671503
0.00777087122115
0.00775396517448
0.00786584860291
0.00737836855815
0.00820140163813
0.00735639884062
0.00771342181247
0.00902040722414
0.00848519541933
0.00608444815783
0.00736981753142
0.00746234542464
0.00814949338944
0.00715582366439
0.0066711822237
0.00652677718051
0.0061321887744
0.00588721690385
0.00677042066654
0.00637263708849
0.0067728479604
0.00841700367869
0.00843745993753
0.00801116226008
0.00783552928654
0.00677254755059
0.00723776634722
0.00681109002193
0.00736329532476
0.00738212637425
0.00622984127353
0.00626107408845
0.00784308544209
0.00738253039039
0.00576932528638
0.00650093040951
0.00725768970534
0.00631827036586
0.00666327443468
0.00706827774573
0.00741181036769
0.00884273376545
0.00659924042493
0.00620589697598
0.00538347990218
0.00894946065503
0.00571736735593
0.00650712462331
0.00543702495014
0.00720419431696
0.0067162413634
0.00756275648152
0.00719264419305
0.00769347548885
0.0083724462274
0.00906781159848
0.00840362680152
0.00847135286041
0.00694900548764
0.0067515084978
0.00672540424654
0.00678631316386
0.00612320702752
0.00566254800959
0.00648159050231
0.00598897644728
0.00702900202825
0.00770553906227
0.00746819493092
0.00842986907819
0.00678792526224
0.00737463994284
0.00752672322961
0.00728381369289
0.0066387570241
0.00862906563943
0.00711871946293
0.00901762979018
0.00804562190471
0.00819028244071
0.0086006803755
0.00518789975517
0.00523371126287
0.00777338430415
0.00713000045171
0.0064117586989
0.00619255818219
0.00748659771454
0.00649198253729
0.00622823641882
0.00560255135315
0.00712281274723
0.00801394084204
0.00737992836368
0.00634424742436
0.00735945940939
0.00806845494386
0.00806578715414
0.00739880137904
0.00782019431096
0.00703713355
0.00540478404293
0.00488135051799
0.00583399550883
0.00870219283363
0.00616534729719
0.00666979055753
0.0067807438781
0.00614639326951
0.00690638979862
0.00711896567749
0.00619614383146
0.00716703477948
0.00555664167129
0.00574121491588
0.00594686242975
0.00646329372206
0.00592095896558
0.00582101490016
0.00634300679441
0.00610002754473
0.00655060318979
0.00715209175301
0.00709008631702
0.00876043051848
0.00496347881289
0.00594132635785
0.00513692926443
0.00837789989964
0.00645169825091
0.0059173102624
0.00706215370324
0.00807622968924
0.00558053705959
0.00831080063462
0.00552173114956
0.0059326244078
0.00710215529215
0.00736663797213
0.00829107165645
0.00860322347916
0.00837342558113
0.00767342046156
0.00873778077616
0.00782591209156
0.00758518413717
0.007365717467
0.00557557777028
0.00613077305798
0.00606920522746
0.00575280649621
0.00678104517761
0.00627887222417
0.00558588642055
0.00764398995267
0.00671288208815
0.00672781673118
0.00735787486188
0.00682189560192
0.00714153518846
0.00654595640103
0.00721517740462
0.00760742785649
0.0062357086211
0.00800526206096
0.00687879060232
0.00690816368664
0.00784353508196
0.00837344955416
0.00681122806616
0.00722331252898
0.00614689046346
0.00603481756819
0.0080766905194
0.00639053099589
0.00777906627723
0.00630828787835
0.00600663554756
0.00601972960312
0.00616443871069
0.00867321216731
0.00748680292911
0.00760855179215
0.0085777832353
0.0058961855512
0.00535979816276
0.00745979102281
0.00521522616921
0.00554263726709
0.0054971752516
0.0052980827476
0.00549241672439
0.00535887741017
0.00594859538821
0.0061639951748
0.00580915062095
0.00654936993167
0.00701115614967
0.00785390167199
0.00779050256553
0.00723858303271
0.00694539973703
0.00752743550626
0.00747583208742
0.00735772341251
0.00648604271664
0.00583917233671
0.00740591248343
0.00710324288188
0.00559443948112
0.0040925877861
0.00423924359655
0.00587436150766
0.00440292798516
0.00593129781507
0.00641186166499
0.0058368884724
0.00667593204013
0.00609138693313
0.00669970966696
0.00657257806619
0.00508472422736
0.00539701990012
0.0061852394368
0.00404817499243
0.00482519797881
0.00845543805663
0.00785825947901
0.00594264325382
0.00680616076161
0.00651787116695
0.0059773617229
0.00739536208644
0.00770327490943
0.00571586557988
0.00626962684335
0.00666347878402
0.0061480617676
0.00568215375713
0.00541376584733
0.00670021779947
0.00602701415385
0.0055137959422
0.00490309027502
0.00425553768596
0.0056677346215
0.00409024662382
0.00717967751416
0.00802777710975
0.00784686740378
0.00766986929013
0.00849734129928
0.00714175040423
0.00754664976558
0.00703312143513
0.0063238071449
0.00500485600609
0.00631286208342
0.00683718882745
0.00653771543824
0.00733697178813
0.00521362074864
0.00556293013317
0.0064524605517
0.00746480106086
0.00537267896899
0.00544606027092
0.0061678336463
0.00539344177181
0.00515829517337
0.00548855734615
0.0057056159435
0.005996365622
0.00576340833667
0.00681441783093
0.00555700836679
0.00570985753677
0.00499441136539
0.00461815096898
0.00608698273642
0.00770996696318
0.00627743071872
0.0074965804667
0.00679493817079
0.00481036151659
0.00488471573734
0.00484386051003
0.00536810910639
0.00443149282657
0.00474524192658
0.00514203036699
0.00667094201901
0.00583843020832
0.00457561107588
0.00570256552767
0.0063270606818
0.00744633668147
0.00732767014457
0.00675164890014
0.00582936014228
0.00480625260346
0.00570368147857
0.00472924892967
0.00602903612083
0.00670980510076
0.00620131273332
0.00494902583392
0.00540686564693
0.00632793230351
0.00556462891065
0.00522800653536
0.00704365253558
0.00631049319097
0.00635176327692
0.00610555815277
0.00628133867248
0.00572395094612
0.00729990152131
0.00484415284156
0.00474973577061
0.0048808161392
0.00690839711737
0.00398932104902
0.00730147096854
0.00565420093767
0.00571925521064
0.00677664008134
0.00526418238074
0.00521209124223
0.00625198321816
0.00645166957603
0.00667385629544
0.00640142373045
0.00475938347639
0.00656773425809
0.00524929250917
0.00762326735561
0.00643371367278
0.00630548401718
0.00571476136218
0.00523519442578
0.00664258736432
0.00578504838894
0.0054593318383
0.00730500301548
0.00776848195481
0.0056730973569
0.00518759442016
0.00664296941162
0.00625642343367
0.00777103357844
0.00696733192408
0.00708494027766
0.00809334046042
0.00647118432522
0.00751620673971
0.00656576915936
0.00713299921077
0.00641429756091
0.00548204234449
0.00456053158362
0.00487071052273
0.00482955413263
0.00696155020638
0.00712582754069
0.00647256273292
0.00664066619123
0.00674614228222
0.0067143158618
0.00656262564802
0.00678585768616
0.00512876697089
0.00532801663868
0.00597955540346
0.00531495001212
0.00528719150426
0.00555374965664
0.0050957702725
0.00476909786787
0.00481534517436
0.00479198334202
0.0056597078362
0.00731700242556
0.00708303230016
0.00739854722138
0.00631891402706
0.00588809846825
0.00640875114954
0.00640505212363
0.0073851947807
0.00665311035039
0.00616860808085
0.00641061069844
0.00634192769206
0.00511755533324
0.00517589848489
0.00585289818027
0.00515152602167
0.00462486392999
0.00392614961101
0.00541772070699
0.00504902568342
0.00494951170967
0.00492317946519
0.00390240261051
0.00552272918919
0.00612334610208
0.00575690816348
0.0063412901965
0.00554162432022
0.00501357638065
0.00648171281679
0.00481732392133
0.00536920685238
0.00513625464884
0.00599039871101
0.00678315102333
0.00552812060773
0.00523855715459
0.00530348964278
0.0053456379631
0.00539455146283
0.00462285883827
0.00456210918781
0.00558831892125
0.00487454239824
0.00425138332914
0.00474071586644
0.00494692342784
0.00448652236247
0.00503848260087
0.00517233506971
0.0062033972624
0.00536451631987
0.00476875596277
0.00459871065712
0.00540468434787
0.00401325332487
0.004724958656
0.00417097497745
0.0057142539335
0.00464015076121
0.00884194162188
0.00728809257295
0.00858786289861
0.00528634381184
0.00570365855309
0.00461291523466
0.00657068797016
0.00520332838767
0.00432962595791
0.00447362479414
0.00533969476553
0.00447995531728
0.00522224779517
0.00590361591183
0.00707602211845
0.00623438953403
0.00476919999177
0.00441433989903
0.00429281548969
0.00509351607542
0.00496768572264
0.00638824419487
0.00516227624967
0.00608655863385
0.00456345516381
0.00550118840352
0.0046231401435
0.00441979105706
0.00591838207942
0.00540567175836
0.00595670907842
0.00461277895203
0.00561248852401
0.00620647075765
0.00588220653085
0.00607234545164
0.00584754789318
0.0049298293363
0.00786179065677
0.00572998027047
0.00514700831867
0.00612151275027
0.00591188478156
0.00833693167724
0.0069897243367
0.00628088317362
0.00715042820803
0.0066080331216
0.00700972481868
0.00692283590697
0.00726134697502
0.00491149006049
0.00568790096994
0.00592856238945
0.00638865537782
0.00497129032158
0.00662405766728
0.00627556004202
0.00581194735897
0.00698536401026
0.00599086161297
0.00605378468846
0.00711006451784
0.00587277847707
0.00592505060946
0.00700487468419
0.00642194171635
0.00405426073081
0.00456008523602
0.00334924457714
0.00305750388809
0.00432539728074
0.00385957192416
0.00506397154259
0.00517915900518
0.0049755128966
0.00516278953026
0.00398497594362
0.00450564273515
0.00460996898776
0.00520698253057
0.00478056774944
0.0037040877772
0.00439700356228
0.00421822193626
0.00632463658776
0.0043316278613
0.00663316013737
0.00758083982047
0.0054440814744
0.00526731800822
0.00570232154318
0.00550916266639
0.00549591910337
0.00616105235424
0.00627261896163
0.00542049477578
0.00386326199516
0.0054177538354
0.0059398739274
0.00497115992809
0.0046964194171
0.00372981331759
0.00399199371062
0.00565111431796
0.00506318079231
0.00551899998116
0.00539993126104
0.00650377927853
0.00533054261209
0.00502701856822
0.00576029287837
0.00476160012247
0.00431273160127
0.0042312099762
0.00516711418365
0.00410944285137
0.00426642136864
0.00466384093749
0.00484154915387
0.00418833643825
0.0042033977492
0.00377387578864
0.00622293071651
0.00801918193547
0.00612167506973
0.00769410340029
0.00673524904918
0.004038163951
0.00480379511319
0.0046733220052
0.00421092860696
0.00421885351232
0.00434187368866
0.00399105395616
0.00385661288349
0.00440606367411
0.00407628080422
0.00522691418899
0.00494343248471
0.0056726184116
0.00667763924601
0.00678811726949
0.00586304423168
0.00417832312404
0.00473492031155
0.00420069794754
0.00471573534678
0.0041483724889
0.00468905507408
0.00409172452905
0.00504298334494
0.00490699404816
0.00463019637309
0.00412159315433
0.00513350329676
0.00473779208815
0.00332726186001
0.00405359045424
0.00502023715197
0.00511304100042
0.00404544036664
0.00441129956826
0.00530757112057
0.00430079308505
0.00382792338083
0.00452229894126
0.00517890217751
0.00631523258437
0.00600777299417
0.00433392980351
0.00420648279845
0.00522802221746
0.00582288766872
0.00484176880526
0.00362222370226
0.0045877648702
0.00420980064056
0.00621342183752
0.00583915251334
0.00543861774919
0.00509292922395
0.00629171768324
0.00388282387889
0.00392197785737
0.00632705521269
0.00673589346723
0.00660992389603
0.00526649981661
0.00412040449294
0.00490630464523
0.00543208608775
0.00739360895668
0.00738348049219
0.00406116960619
0.00367052904822
0.00511999399723
0.00364325111685
0.00542656697381
0.00393732606409
0.00503723318402
0.00555241132064
0.0061220768234
0.00413640361923
0.00457154733009
0.00520439239835
0.00619415295579
0.00514794209679
0.00546234514811
0.00700112610897
0.00694758593113
0.0068266979091
0.00545424728406
0.00404851618009
0.00588415390158
0.00398266409793
0.00641717301824
0.00585827012341
0.00499267164539
0.00463980186015
0.00507959421852
0.00494527667038
0.0061256659077
0.00553449652349
0.00570971989712
0.00680282413276
0.00655213389172
0.00546983415612
0.00631512486491
0.00475463288023
0.00617909880069
0.0072913034594
0.00519264817926
0.00524277502471
0.00470692813633
0.00476005260023
0.00615651980406
0.00717069361937
0.00557052637143
0.00606237648356
0.00563026066895
0.00602061723088
0.00505763689609
0.00642425955175
0.00495462602779
0.00687824362049
0.00688243827278
0.00491757482232
0.00557343797339
0.00364681053177
0.00360655154169
0.00416226797858
0.00453932382227
0.00451463216529
0.00511793382341
0.00442478367063
0.00514190280254
0.00515743288048
0.00587257691644
0.00581019019215
0.00469858122107
0.00361842583595
0.00447618662072
0.00623426653738
0.0050453825275
0.00444354533172
0.00478131791223
0.00666846878753
0.00421511991811
0.00451873568588
0.00568027378912
0.00554486405957
0.00563104853255
0.00562797230422
0.00616810793428
0.00588063250658
0.00488583724544
0.00534309056328
0.00519355689402
0.00519658873234
0.00647275337973
0.00363151673797
0.00255656616378
0.00342971071082
0.00332420230816
0.00513760936125
0.00416246005674
0.00429215045721
0.00509012257697
0.00310687524004
0.0036568060927
0.00388554192624
0.00317811887038
0.00348619487423
0.00448927893243
0.00598983497332
0.00559077598506
0.00438958954187
0.00554251143952
0.00595479186561
0.00591876211543
0.00598770713223
0.00456993111077
0.00481414762304
0.00533819681696
0.00370923263529
0.00450137522126
0.00507115917346
0.00468207784157
0.00599107729516
0.00513350834965
0.00424964822507
0.0038526734123
0.00455830415391
0.00378617615237
0.00618035155047
0.00590324380836
0.00497398753666
0.00481109441241
0.00475097263881
0.00484249359865
0.00656822740179
0.00580014565919
0.00430558917947
0.00488442785151
0.00444721484002
0.00509406630293
0.00416353838062
0.00460561464142
0.00606308548688
0.00510481222755
0.00408707840691
0.00419934716714
0.00540312229726
0.00505035147669
0.00420880046431
0.00504796350642
0.00528758977951
0.00615986793134
0.00541458526675
0.00411288395553
0.00423707791521
0.00508795162326
0.00482513092443
0.00436700050068
0.00485656678799
0.00396452214262
0.00379492623841
0.00398476162197
0.00425674084756
0.00472386461679
0.00574454748985
0.0054380846485
0.00496391827577
0.00632512505725
0.00601107521803
0.00454187596009
0.00460873513958
0.00580889622039
0.00463702054448
0.00403077237498
0.00411053791112
0.00405080736106
0.00610368336033
0.00344194512993
0.00380753715888
0.00497366408788
0.00496069429066
0.00460849324784
0.00451704321313
0.00511838061552
0.00568687083173
0.00408170751975
0.00486507887091
0.00439847729896
0.00628163959563
0.0059359221325
0.00617834703486
0.00619044353787
0.00529054873796
0.00364898502312
0.00359622150447
0.00370819594031
0.00493897649503
0.00458916196085
0.00479066899731
0.00592584100803
0.00524532115205
0.00659910769504
0.00421523797498
0.0053698781566
0.00495903169871
0.00492938567463
0.00419265579962
0.00428718228222
0.00433573245386
0.00545209597909
0.00518300006649
0.00539898865998
0.00541520543516
0.00459227227075
0.0037434546445
0.0039158647282
0.0043461015455
0.006179735313
0.00691411988745
0.00676088971621
0.00574758773791
0.00832842536327
0.0046477691795
0.00540721335551
0.00505220336061
0.00483128781513
0.0059230586243
0.00526881946716
0.00460600771568
0.00337717703099
0.00365490169217
0.00378593569182
0.00562110005136
0.00511452601158
0.00575743014538
0.00584557092616
0.00557324182124
0.00618481293297
0.00683694799752
0.00442702862204
0.00379646065784
0.00491223189
0.00378006817152
0.00427355173049
0.00552585244861
0.00651057459087
0.00577699855287
0.00522783317744
0.00522695623689
0.00446148215238
0.00441239870766
0.00451177567577
0.00445832605521
0.0055243151272
0.00469988912189
0.00559037456625
0.00694372516576
0.00690645455879
0.00486496737549
0.00481524315543
0.00521857422643
0.0054428530241
0.00523742488942
0.00678753274251
0.00697607344481
0.00596242051319
0.00629133920752
0.00678297432003
0.00500259127807
0.00487021089886
0.00429045593976
0.00520388039949
0.00544676684657
0.00561579215634
0.00545629190125
0.00451015662041
0.00410545921502
0.00391677753909
0.00573840547938
0.00604702488787
0.00542841905598
0.00498769305846
0.00553735645807
0.00568095376133
0.0061103183734
0.00480323655592
0.00637413510222
0.004451788821
0.00333196356593
0.0031244648748
0.00358178645047
0.00385771965613
0.00402834985193
0.00370821245881
0.00425292653754
0.00594030249466
0.00496171171074
0.00705330738365
0.00651858759835
0.00537591611953
0.00608922398013
0.0053186418184
0.00519313096936
0.00574551813159
0.00617887480507
0.00538040153738
0.00679747144955
0.0052847354928
0.00471253029641
0.00461436449379
0.00337230716423
0.00327673099409
0.00398857540956
0.00293261068437
0.00509452522407
0.00474037257757
0.00382345276731
0.00432633158717
0.00523715281306
0.00542191057447
0.00605600383628
0.00359529181372
0.00374528488728
0.00435494167381
0.00470471150811
0.00460585773282
0.00462432991681
0.00536764099162
0.00457088149271
0.00531097904653
0.00490739440119
0.00502810114508
0.0063818021666
0.00722990057019
0.00468505245666
0.00445518003333
0.00667600701689
0.0051304812001
0.00303294560938
0.00252078301968
0.00343542538568
0.00362477344234
0.00429880231813
0.00624570231396
0.00479154229765
0.00414629810111
0.00438195261605
0.00430695207389
0.00503033022732
0.00450604951404
0.00371518662027
0.00622963891392
0.00519662795641
0.00566978878717
0.00464547946575
0.00399902261285
0.00394954191212
0.00677505554018
0.00440914347413
0.00565905024408
0.00527591205027
0.00381588418508
0.00402368753382
0.00483061375791
0.00446158166028
0.00364340317913
0.00426773597824
0.00724467363543
0.00522379039781
0.00471353580664
0.00502673715511
0.00563232145904
0.00481677666213
0.0042292428999
0.00498372087648
0.00573389004941
0.00284972159104
0.00277450329317
0.00582755451549
0.00347341772527
0.00344202996795
0.00412481702559
0.00355639492724
0.00376636204811
0.00397666688387
0.00374373169143
0.00364375046334
0.00364141334817
0.00375545125228
0.00601196014148
0.0058706442888
0.00537647679207
0.00368606385168
0.00418386899167
0.00535481013404
0.00451573602345
0.00452534360279
0.00347751938564
0.00414632725975
0.00377688038853
0.00607187727841
0.00333963952677
0.00334888718653
0.00361318916012
0.00527382653574
0.00458983257999
0.00483798188069
0.00433778898249
0.00346998367891
0.00404473825798
0.00375887055404
0.00497145973819
0.00480692098638
0.00567299978285
0.00549693215354
0.00571433098351
0.00495947409608
0.00410326659012
0.0034190833583
0.00382619689699
0.00463185482126
0.00574405235827
0.00568109021553
0.00474038526498
0.00349339748108
0.00392864976643
0.00442541212663
0.00352221052068
0.00306105867276
0.00286099149292
0.00373866585956
0.00325964151176
0.00501616833993
0.00626720189114
0.00592149221487
0.00527911761503
0.00357755762418
0.00313433982143
0.00465120129477
0.00356132402746
0.00374847857646
0.00349231459299
0.00356305503873
0.0037228371699
0.00413095759383
0.00422015684445
0.0041602861393
0.0043408848512
0.00372138105362
0.00334284737197
0.00370334683986
0.00378477351467
0.00318842579948
0.00328511133451
0.00343164461735
0.00402114105482
0.00538667857336
0.00687408235359
0.00412365268205
0.00361370189226
0.00381241911629
0.00408656484228
0.00708492223366
0.00661986566045
0.00438303185484
0.00377955466675
0.00475156493088
0.00438883230163
0.00617213621376
0.00586763255144
0.00472137849729
0.00367833322541
0.00462853880802
0.00387820931541
0.00562390230635
0.00608464488935
0.00526663300647
0.00559447152151
0.00569877542999
0.00567796846794
0.00573634157914
0.00645927609844
0.0069920171233
0.00459927144569
0.00335262406119
0.00435755455146
0.00389263236506
0.00453677383054
0.00466715746511
0.00353451080886
0.00260821665893
0.00338522900488
0.00384511467231
0.00670664385644
0.00638190367218
0.00711860616221
0.00621843507879
0.00430539891842
0.00458128026559
0.00348301750386
0.00299218702351
0.00370250915062
0.00482900466589
0.00538405543041
0.00497611546005
0.00338989670297
0.00312329819018
0.00369042106456
0.00366108544518
0.00514548454625
0.00484895298891
0.00774346489036
0.00502568637477
0.00446780270783
0.00320869829475
0.00303491559585
0.00350260862323
0.0041666340527
0.00411490244385
0.00444665785258
0.00445165190876
0.00485889144044
0.00569748255873
0.00441046542593
0.0056100982517
0.00541653446544
0.00593682679311
0.0052036465514
0.00514182912746
0.00614444548976
0.00544125960768
0.00556501101048
0.00499079453061
0.00493707110993
0.00429226367251
0.00475730518762
0.0037804690923
0.00355126755673
0.00260191013276
0.00263266450619
0.00303393821607
0.00418698264198
0.00535963024525
0.00490694676934
0.00437405232985
0.00640850768871
0.003600133285
0.00377793782341
0.00261877157492
0.00210070221609
0.00302098655548
0.00295459460585
0.00494407830428
0.0049423722921
0.0054071203708
0.00412631049364
0.00483888523971
0.00500520801537
0.00432524506201
0.00501618219647
0.00391074547112
0.00287937795647
0.00332651453716
0.00324640991054
0.0043424217028
0.00470918378907
0.00371766020921
0.00421783679162
0.00558862724979
0.00476915967122
0.00336355769853
0.00378094580416
0.00449518382691
0.00314885022706
0.0057358253992
0.00538361723101
0.00357364510853
0.00508424801782
0.00367582913823
0.00429915761209
0.00490367033487
0.00439859075002
0.00454314580488
0.00497106442324
0.00479227255633
0.00429215952501
0.00448323007167
0.0040679694202
0.00517824410147
0.00403583284316
0.00462445900994
0.00575284983849
0.00401080689435
0.0040023063838
0.00526418960122
0.00382012770103
0.00321104253977
0.00366166350885
0.00383921245425
0.00340609315676
0.00267363839784
0.00248067815681
0.00279917446813
0.00379221494718
0.00475782000431
0.00356654300317
0.00299274877089
0.00291162200675
0.00363986261672
0.00442752420786
0.00353286432401
0.00347843199936
0.00377095190064
0.00403705100072
0.00433247875461
0.00380269952566
0.0030130969978
0.00252117872289
0.00270875890294
0.0034114166153
0.00366805168627
0.0038691994398
0.00422548604176
0.00298971785352
0.00437464145189
0.00403944243227
0.00371657047892
0.00393841706147
0.00326939157877
0.00391360227707
0.00455485796175
0.00450756265352
0.00414543998069
0.00529900169576
0.00431549977897
0.0043817856656
0.00410146157261
0.00437445510645
0.00369311560523
0.00352735223103
0.00371562002309
0.00371843972655
0.00367025423623
0.00352701440665
0.00419288858831
0.00353933907714
0.00346003040303
0.00445192202242
0.00390287477776
0.00308967832493
0.00355224278011
0.00360041953502
0.00427621747577
0.00490651562111
0.00512228031032
0.00275634017384
0.00279396237087
0.00373381932991
0.00328520296566
0.00467900556875
0.00446884504713
0.00301946268838
0.00289656828108
0.0035392548391
0.00424560320342
0.00612730242334
0.00542671141231
0.00402882676047
0.00306520285917
0.00309541899074
0.00399824097019
0.00439624091496
0.00314234454202
0.00318230209447
0.0031315403874
0.00401952588485
0.00476763572614
0.00632002948344
0.00680028732308
0.00424202600275
0.00342895297543
0.00370735282872
0.00348863516949
0.00515690860856
0.00496742174912
0.00274615810575
0.0032123279234
0.00414572029893
0.0036177839314
0.0053020868574
0.00511641351967
0.00533645838706
0.00500511867372
0.00554078176351
0.0051418912784
0.00309011758251
0.00272185312969
0.00327960308962
0.00331895856037
0.00519804275373
0.0049837338846
0.00325519769756
0.00297364139606
0.0032417273629
0.00382940937698
0.00404667335759
0.00335598033622
0.00415526437043
0.00393745204965
0.0047227376611
0.00461048101057
0.00535870980824
0.00353801107766
0.0033675798988
0.00434206265392
0.004187019044
0.0033453741958
0.0030638213523
0.00329369689347
0.0042737902312
0.00348118918188
0.00351582961219
0.0027131248833
0.00307279345227
0.00401185842295
0.00314838381407
0.00343647354293
0.00329264234521
0.00304054728544
0.00422431136004
0.00332061397989
0.0053645608042
0.00514365167952
0.00373119911557
0.0027632436379
0.00345581428111
0.00339894383952
0.00300335809001
0.00283536209286
0.00258854454795
0.00372796062216
0.00255294763719
0.00213610807902
0.00309908039938
0.00299566361741
0.0043515739398
0.00497450757828
0.0029145093182
0.00256140781383
0.00322357658885
0.00318066201229
0.00333916830338
0.0033701993095
0.00401534957836
0.00375221862542
0.00471377645889
0.00505747096051
0.0055175166631
0.00504698811568
0.00399886982958
0.00630307942326
0.00589978828271
0.00312724787235
0.00281411119258
0.00388458700791
0.00396222090239
0.00378829831176
0.00420527807535
0.00448304477902
0.00410305259819
0.0026211459789
0.00258135109196
0.00296786878609
0.00333969965311
0.00258631631417
0.0028279795847
0.00299910930914
0.00569693883682
0.0052601132265
0.00443609848111
0.0045680801727
0.00565980180387
0.00369647084347
0.00344121644936
0.0048006443286
0.00360924352153
0.00389972406753
0.00308183884429
0.00376485135844
0.0063944023057
0.00494960614617
0.00501767879622
0.00564529012559
0.00289852675917
0.00288465452215
0.00299280879333
0.00291705296666
0.00391187158079
0.00565532769397
0.00626457442407
0.00404155610351
0.00426003591521
0.00503351018741
0.00384929997663
0.00479842270149
0.00644879995312
0.00509445691203
0.00484069996935
0.00603635593828
0.00554881517977
0.00544999610858
0.0067234670826
0.00649392162691
0.00348917094592
0.00333073759705
0.00396272100597
0.0042865827734
0.00520761448475
0.00420784344841
0.00426288624389
0.00479979503265
0.00544226653808
0.00632324013895
0.00238949406391
0.00228556786666
0.00320804231003
0.00327381226563
0.00487267070493
0.00443246232558
0.00640862144137
0.00537386442222
0.00477309858292
0.00528318323175
0.0059458308672
0.0034850962993
0.00282164202729
0.00310034217859
0.00386628266962
0.00467396546101
0.00407844722468
0.00610381011862
0.0047115357771
0.00451569072827
0.00522433265121
0.00497006064468
0.00405922082678
0.00232628163586
0.00213495621271
0.00399426068364
0.00440389785964
0.00514952668867
0.0045440510111
0.00493363712325
0.00579073627676
0.00541842102589
0.0032866082391
0.00240479984324
0.00291125352474
0.0028764988843
0.0039516852679
0.00524692686355
0.00431274948136
0.00606729755098
0.00426411565023
0.0035956319542
0.00329474046902
0.00357202079038
0.00491604387566
0.00405513306671
0.00551810985962
0.00556913845317
0.00422368539634
0.00422854934572
0.0034332056195
0.00234891719871
0.00318629537224
0.00275675970389
0.00384111207762
0.00367505186759
0.00323759493056
0.00272060283458
0.00269787543173
0.0033019372882
0.00594383096337
0.00511889148479
0.00238252157263
0.00198702675109
0.00307469614413
0.00252188063385
0.00373353733873
0.00298629802653
0.00298816056154
0.0037226587369
0.00225511063889
0.00235568285032
0.00268513327474
0.00157376940436
0.00177151205116
0.00362136732383
0.00323652093488
0.00210639021588
0.00259685094127
0.00252150566348
0.00255334807622
0.00229466473133
0.00183998558309
0.00289275251657
0.00302362587351
0.00212826793424
0.0020001457603
0.0023255801255
0.00238128797898
0.00239056361891
0.0022643131878
0.00229792775868
0.00359030989334
0.00393419432346
0.00502197662621
0.00492459976511
0.00408100471986
0.00404765101592
0.00343913879059
0.00449576240953
0.0043763217208
0.00355907246923
0.00379908124989
0.00278367846798
0.00284235370726
0.00311662389374
0.00349329919598
0.00436689959653
0.004537763504
0.00520309151108
0.00457502450083
0.0043209389517
0.00360993159961
0.00400199111383
0.00438590553362
0.00353782717922
0.0037077767341
0.00340571544323
0.0029609937116
0.00330517829642
0.00316111482328
0.00208109591421
0.00273858529371
0.00225238805646
0.00497801532863
0.00396124636149
0.00369060669345
0.00373574652953
0.00281346695314
0.0034585164155
0.0044013118566
0.00347188389651
0.00320434562302
0.00416502838653
0.00332734291794
0.00315863211797
0.00431020913036
0.00337369067021
0.00309510510575
0.00367245046642
0.00435862401469
0.00456166393047
0.00349653704411
0.00276135106169
0.00289370765093
0.00348014910578
0.00396606888946
0.00476084962249
0.00303541811444
0.00367316091531
0.00418918008638
0.0040531626455
0.00445026253562
0.00398751958681
0.00431767255041
0.00390105027328
0.00385077958426
0.00295508543641
0.00289640566107
0.00356667436619
0.00374022594249
0.00345464919478
0.00327114815094
0.00388054859234
0.00314529715567
0.00289012653322
0.00284925618472
0.00559277072839
0.00604395474833
0.00366837486619
0.00289803709827
0.00318058309011
0.00335071885478
0.00249587904868
0.00235510876805
0.00253525247788
0.00279205827279
0.00273444587206
0.00262334013788
0.00282993139055
0.00263210854827
0.00322771414583
0.00276722036112
0.00286168832151
0.00346916072576
0.00629669992808
0.00634929651238
0.00356265537033
0.0027872650621
0.00305573747898
0.00304919466315
0.00422909746986
0.00501706637976
0.00457727076407
0.00482644986516
0.0028166378821
0.00284291887283
0.00407679490234
0.00322566539997
0.00363377594464
0.00288877181274
0.00289812279856
0.0031921069205
0.00310448584475
0.00257278266991
0.0027376704867
0.00264843546511
0.00361538589085
0.00284498687887
0.00286080097671
0.00389632184514
0.00586204810718
0.00595169932817
0.00386877500732
0.00336673708169
0.00344259175461
0.00335603818802
0.00296461573016
0.00266491102906
0.00270599885744
0.00392603163755
0.0045558149012
0.00521175723791
0.0032488071122
0.00346647216594
0.00386871328185
0.00413275308311
0.00453635924012
0.00453384928569
0.00283376937649
0.00250833523762
0.00252380740048
0.00312635090377
0.00299128515557
0.00243824495992
0.00274024226528
0.00239691927281
0.00286195591021
0.00214817516152
0.00276468673316
0.00230537116196
0.00267901702425
0.00291126492873
0.00285572066195
0.00402566779798
0.00281000717667
0.00256390552145
0.00317511492745
0.00280849397468
0.00274219451353
0.00223293107004
0.00254679583439
0.00260848897013
0.00312259196502
0.00264488246749
0.00292596704254
0.00353605146057
0.00284690419136
0.00257104096694
0.00299671462058
0.00293585524583
0.00275276366461
0.0023334378624
0.00295287771331
0.00297263168261
0.00436666592789
0.00448393515129
0.00447131504121
0.00406631567853
0.00435400588554
0.00501078988074
0.0053575457492
0.00338574235159
0.00281327952097
0.00314611338482
0.00326869013049
0.0055427587008
0.00612658102313
0.00600376462013
0.00548259260837
0.00368576735498
0.00303770094326
0.00346106231759
0.00350358496868
0.00542324639414
0.00553586334129
0.00541178377767
0.00490374890814
0.00346007369702
0.00287423643711
0.00353162196364
0.003470202823
0.00459244020223
0.00434281144104
0.00463479392565
0.00454452307786
0.00504016688349
0.00526032658714
0.00419760097189
0.00336004109131
0.00291141812476
0.00277353746303
0.00319792802953
0.0046019894488
0.00439188719407
0.00520283986221
0.00331634315204
0.00267905017703
0.00322632397197
0.00298755644762
0.00450205176334
0.00460010502465
0.00468107471847
0.00340304798047
0.00315268136364
0.00376958105051
0.00320925845983
0.00524774737095
0.00564987454727
0.00388544278362
0.00427044310897
0.00564955642472
0.00490721187307
0.00243372025122
0.00440255661989
0.00270613241862
0.00277810871406
0.00327430167446
0.0032592674517
0.00433909720748
0.0038488457816
0.00460212335472
0.0044047421926
0.00468379120718
0.00398669411647
0.00273168436983
0.00400159935384
0.00260142746913
0.00466380234018
0.00490275903597
0.00413701749332
0.00438011665711
0.00493002133734
0.00319723038804
0.00235388008384
0.00310596605363
0.00252421827259
0.00371366009769
0.00265648324854
0.00296472241394
0.00254734097137
0.00453407747362
0.0048635772427
0.00285096879181
0.00270034150527
0.00306626865412
0.00331361411695
0.00512305600212
0.00502848573949
0.00263402412801
0.0022367443701
0.00275093944876
0.00256549407379
0.00403920321018
0.00509063955252
0.00353383973614
0.00238959969141
0.00279565393832
0.00302512798172
0.00312115518703
0.00259329159003
0.00300644231018
0.00332418497412
0.00494353605061
0.00448172522127
0.00469319160354
0.0049005531922
0.0031902429755
0.00541877300378
0.00443405629314
0.00349767583401
0.00309589643689
0.00368589446955
0.00528985679693
0.0047650226822
0.00455039608884
0.00454104373138
0.00310990653339
0.00216962453758
0.00295957179975
0.00230871165857
0.00370516363234
0.00321941443876
0.00325412155169
0.0024978483044
0.00253470594474
0.00302935905682
0.00213908333216
0.00554015038987
0.00374533868281
0.00433510306546
0.0041873132376
0.00404478490303
0.00435622137654
0.00589949374362
0.00479670951122
0.00432775223461
0.00369256273846
0.00327599979131
0.00506550994089
0.00423365822571
0.0025316771279
0.00241268004651
0.00227638109369
0.0032559115049
0.0031123223666
0.00250510669201
0.00268148932476
0.00275613202314
0.00280093645503
0.00234606310848
0.00235418543171
0.00296396655214
0.00344045739297
0.00585851043214
0.00311111078754
0.0030818937082
0.00310972606297
0.00294558610352
0.00396164376792
0.00401653629902
0.00448996706522
0.00435831291088
0.00292903214733
0.00289403596586
0.00287228090406
0.00358064274782
0.00331347160639
0.00396265493443
0.00512973466533
0.00628430472098
0.00443352773469
0.00441828379476
0.00506423995105
0.00451532696447
0.00457013666832
0.00372321541934
0.00388530812328
0.00316517350241
0.00254382900021
0.00260571530698
0.00342801868609
0.00240827541341
0.00209728126188
0.00238863503616
0.00286010810554
0.00350332741139
0.00320190691345
0.00292735664973
0.00317169818474
0.00376226955218
0.00338905679086
0.00319304348925
0.00326006268424
0.00225931603674
0.00192573140899
0.00248528652884
0.00227938018031
0.00463630708019
0.00391576192414
0.00442560307103
0.0035239876322
0.00360180260002
0.00330518381234
0.00227334804853
0.00251826655931
0.00256688710425
0.00333469935659
0.00230190730874
0.00355672516796
0.00455617639558
0.00333831679613
0.00413176338913
0.00341397454037
0.0037664613843
0.00380571974441
0.00396586834021
0.00277300394585
0.00236414331204
0.00232827723325
0.00238632201745
0.00236205558679
0.00206680950852
0.00193010474636
0.00265585003701
0.00377020966306
0.0034909092241
0.00355166199207
0.00368642466661
0.00333291616259
0.00287216263382
0.00402784614341
0.00340042930935
0.00350989896652
0.00389795589782
0.00325573725995
0.00464886757897
0.00306115461845
0.00334369506508
0.00347624004403
0.00408835454095
0.00345204268629
0.00368582459742
0.00272988871601
0.00282391614264
0.00330403831466
0.00286783442831
0.00238767677647
0.00202913881829
0.00256089938041
0.00413558633039
0.00354458873729
0.00382681981805
0.00374871875587
0.003342883221
0.00390955535816
0.00406106726428
0.00351518303186
0.0028881357899
0.00317941015356
0.00362989411343
0.00290449389034
0.00278864476496
0.00317286102107
0.00263828825731
0.00285703570916
0.00409267558126
0.00346042078384
0.00322527711649
0.00293239086773
0.00247303194297
0.0025579537662
0.00222221901402
0.00291718314393
0.00353485833317
0.00344111643891
0.00236752710393
0.00239235758751
0.00303835465312
0.003324021037
0.00496487774215
0.00257736560611
0.00303754548645
0.00371540932684
0.0042471101767
0.00362487727159
0.00291346904611
0.00272861617725
0.00399225303267
0.00276740495068
0.00275943472365
0.00310269405614
0.00285345083434
0.00288423301853
0.00260924303352
0.00217819587215
0.00237484850917
0.00258844926094
0.00287410597212
0.00269313425975
0.00309968010113
0.00272331479654
0.00298735191329
0.00246648750787
0.00257164993885
0.00247780369374
0.00282266975761
0.00254974362654
0.00249688509874
0.00273001930016
0.0023362072506
0.00245977739531
0.00259586733208
0.00272751381085
0.00454916600286
0.0045957096287
0.00302260783585
0.00244045956863
0.00290221569823
0.00261850992089
0.0047417903702
0.00548174425604
0.00285099715499
0.00311002486365
0.0032443803219
0.00354209757136
0.00556098798081
0.00525683213181
0.00296686053563
0.00263868896553
0.00320178982909
0.00288015069724
0.00421646202471
0.00476273782583
0.00440767375992
0.00452967224438
0.00435412878808
0.00408017587451
0.00226839843069
0.00190683234874
0.00176444434888
0.00202805374872
0.00257850444258
0.00237752261594
0.00277623528208
0.00263875990913
0.00489483709891
0.00391974536657
0.00274327559229
0.00258474355725
0.0027180465594
0.00274629948649
0.00391355535704
0.00420060579167
0.00208884631529
0.00209884654467
0.00196454859052
0.00206408195253
0.00279594205053
0.00421924590127
0.00314700663897
0.00317913409292
0.00493956354231
0.00456599339295
0.00504313687417
0.00521078574445
0.00319584235154
0.0026926455534
0.00329225388448
0.00260528115694
0.00313189256444
0.00252014571509
0.00276566696445
0.00260529153312
0.00237195410354
0.00228145619947
0.00252351129307
0.00231056700746
0.00332558181897
0.00290838322618
0.00529570918965
0.00511609155818
0.00398304532867
0.00449097330532
0.00255600512437
0.00235198727819
0.00265709480447
0.00267514266758
0.00278768265682
0.0023898936947
0.00265100162897
0.00276339088738
0.00471501461798
0.00428290979725
0.00279594610775
0.00259952979689
0.00291049014254
0.00285281723762
0.0053045562548
0.00558744740047
0.00530311129042
0.00501929616822
0.00241106258084
0.00239926565967
0.00255494239744
0.00253179177167
0.00435889705888
0.00461259723921
0.00512535251655
0.0049373029206
0.00279938517922
0.00232116838812
0.0026952550317
0.00269767154415
0.00381352619631
0.00394058330414
0.0023918257498
0.00202640033102
0.00213585889711
0.00265043485594
0.00215235057354
0.00214942158667
0.0024943367048
0.00257745157469
0.00218069793014
0.00209610357212
0.00238910414264
0.0027794178712
0.00499416800047
0.00466555184124
0.00217427023754
0.00209142690294
0.00222082317172
0.00259945460458
0.00345134276468
0.0038130220446
0.00297234700437
0.00239868392034
0.0029939875924
0.00266563268205
0.00467837151723
0.00450935912178
0.00279028017484
0.00227786830041
0.00236432268675
0.0027789133075
0.00449835354423
0.00425652806777
0.00492027847201
0.00472900707975
0.00432811532644
0.00499747348668
0.00243197920705
0.00274583329719
0.00248221821342
0.00305258701352
0.00533221214472
0.00411389539988
0.00287332500662
0.00253336850103
0.00283828998756
0.00287753471591
0.00361022214817
0.00365909883931
0.00403836110142
0.0044258476799
0.00496106972607
0.00444934898452
0.00427194695151
0.00446889455768
0.00231081270676
0.00236927443115
0.00256074065049
0.00307698025622
0.00278101576156
0.00230201280373
0.00273317521882
0.00234649727115
0.00255269574276
0.00224807025966
0.00231833403342
0.00238286844752
0.00451431281969
0.00472905286329
0.00237516367794
0.00231797500703
0.00237679784593
0.00275593561618
0.00261386280648
0.00240759707153
0.00230167777243
0.00267718008723
0.00429306000835
0.00466397523603
0.00250960297665
0.00423437059462
0.00446321671841
0.00502341179547
0.00267086178943
0.00269416270359
0.00268882205098
0.00314271308225
0.00246944999593
0.00206199129968
0.00202620100503
0.00226761065576
0.00476091958833
0.00501275871741
0.00452691110417
0.00509393298506
0.0045493305526
0.00447282789859
0.00269721301706
0.00230481339555
0.00261610737004
0.00260498464468
0.00284309314011
0.00239205647781
0.00286621084863
0.00258635848431
0.00252060021045
0.00238470103098
0.00263284200912
0.00231393914101
0.00423779404478
0.0054793505822
0.00249037440407
0.00258607934122
0.00297089174086
0.00286143960631
0.00437709737319
0.005168502221
0.00517401042286
0.00490052267628
0.00339056992159
0.003872921209
0.0053024316168
0.00558193586593
0.00320215341212
0.00259245287652
0.00305325605758
0.00292207929078
0.00359936883971
0.0032537672178
0.00419087800607
0.00375649847732
0.00201188281625
0.00202597964068
0.00237725859373
0.0025799816067
0.00489538302404
0.00419205925305
0.00439503358352
0.00450506288823
0.00269141447481
0.00234282797139
0.00291683438614
0.00281589399254
0.00436502550634
0.00424073771524
0.00467936575901
0.00486523693405
0.00335972558658
0.00328806791332
0.00213722934154
0.00174320523724
0.00209341177629
0.00201695983812
0.00179904232339
0.00161203775975
0.00207488678435
0.0017954463326
0.0037829846702
0.00380180222525
0.00377443144194
0.00415462337752
0.00260615427095
0.00228579531102
0.00261316545351
0.00281554996069
0.00351012140916
0.00399409539401
0.00389897700588
0.00376825409528
0.00493063074327
0.00501541828591
0.00302528093086
0.00242953618306
0.00284618300703
0.00280525666422
0.00386062116384
0.00412392680389
0.00233879369102
0.002644506035
0.00275095685485
0.00295017922316
0.00372537493246
0.00359999544292
0.00239027773317
0.0019732855037
0.00221767175885
0.00258394987953
0.00364320277765
0.00384598519924
0.00182607259986
0.00183773416775
0.00211339658249
0.00231012102401
0.00329941477039
0.0035777346814
0.0029761811081
0.00278359868367
0.00454115489248
0.00435410580641
0.00386440477984
0.00341592818023
0.00177636830525
0.00354893941937
0.00246904580535
0.0038563415378
0.00398035369121
0.00543779701216
0.00184320592448
0.00204645552287
0.00216444023121
0.00201319724506
0.00305544964442
0.00359206854405
0.0042211995264
0.00441193708735
0.00348766965314
0.00413774828145
0.00293607586779
0.00312927908352
0.00304864263028
0.00333631545121
0.00315637338558
0.00293170006915
0.00272199651708
0.00284606946752
0.00220979125099
0.00187849249828
0.00194663619512
0.00212978891777
0.00264262186461
0.00264971406996
0.00161335458481
0.00141167846726
0.00177741004753
0.00176155389954
0.00216269589739
0.00245267280861
0.00221646670471
0.00250813694854
0.00323972463559
0.00292261544509
0.00330126771418
0.00399323320253
0.00193492128947
0.00183756651782
0.00209337541658
0.00206224033755
0.00336641557529
0.00285150048245
0.00374332899235
0.00476537457128
0.00221848208046
0.00220339244154
0.00230052590908
0.00241094092941
0.00376513130643
0.00410342857897
0.00329407747604
0.00343143412689
0.00381241667609
0.00313762168524
0.0027413844964
0.00282359483884
0.00277482557984
0.00333306610285
0.00214332092519
0.00170856766961
0.00190666077819
0.0021459975863
0.00508094472997
0.00409269775283
0.00208135456057
0.00160612660356
0.00194082637826
0.00175601239452
0.00356191721992
0.00409227869232
0.00195804301604
0.00171502380985
0.00171222287409
0.00213778729301
0.00262127336378
0.00220324517116
0.00262109694508
0.00225770984957
0.00350535973298
0.004183714167
0.00290456519514
0.00279223150162
0.00360225516847
0.0041775884033
0.00361541027459
0.00342428089127
0.00176227418835
0.00173650057408
0.0020868359054
0.00197662461761
0.00277923345095
0.00193311861578
0.00214006640172
0.00237218927644
0.00366345505254
0.00354690634658
0.00299997023811
0.00322609849175
0.0028470196826
0.00258555924925
0.00272075076384
0.00230873079301
0.00279802439812
0.00291986919065
0.00361042829772
0.00319578840582
0.00221919139953
0.0024074610691
0.00186884066359
0.00199653956186
0.00192429128168
0.00254830268486
0.00501463806222
0.00296705055254
0.00304826299093
0.00348173792561
0.00362904133717
0.00303181140408
0.00257172473502
0.00275042186082
0.00244765595218
0.00234728000805
0.00273015391872
0.002596451096
0.00186524869343
0.00225095716984
0.00286947160209
0.00345280054731
0.00288215976452
0.00282254981895
0.00293471414275
0.00290278267071
0.003612637864
0.00303212165065
0.00260822242424
0.00294712789845
0.00310611935969
0.00332749733505
0.00321348369364
0.00274885601771
0.00319219168255
0.00300753766076
0.0032512565776
0.00309940047596
0.00286282449616
0.00320459220522
0.002381871637
0.00286592870124
0.00276064755524
0.00242184974921
0.00278740182799
0.00249344234885
0.00293349278983
0.00335305849394
0.00225600745706
0.00300602996833
0.00341722607548
0.00430350455737
0.00305053664627
0.00238867321297
0.00222247209177
0.00267336818992
0.00341265526431
0.00339802573019
0.00406845879717
0.00260698705784
0.00257692851579
0.0028607731507
0.00260543748948
0.00282562702064
0.00226588167062
0.00191868736286
0.00184505390417
0.0019970876044
0.00216103678445
0.00197706692626
0.00238155088127
0.00231849667938
0.0028627093801
0.00275320163273
0.00203223195275
0.00219846097266
0.00173056059406
0.00206294682492
0.00209947627418
0.00182850260345
0.00165385620718
0.00208410036256
