0.139300145008
0.165396134562
0.139300145008
0.139300145008
0.165396134562
0.263775270793
0.263775270793
0.165396134562
0.139300145008
0.139300145008
0.0854184518115
0.0364407117769
0.0379065952814
0.0360323044519
0.0364407117769
0.155043214092
0.139300145008
0.159303590694
0.0693683880733
0.0816431562015
0.0711160394572
0.0783121273255
0.0854184518117
0.0364407117769
0.0379065952813
0.0360323044519
0.0364407117767
0.0711160394572
0.0783121273255
0.0711160394571
0.0783121273256
0.0360323044519
0.263775270793
0.263775270793
0.139300145008
0.165396134562
0.139300145008
0.139300145008
0.0718769946212
0.0711160394571
0.0711160394571
0.071876994621
0.0718769946211
0.0711160394571
0.0360323044519
0.0379065952815
0.0364407117769
0.036440711777
0.0711160394571
0.0718769946212
0.139300145008
0.155043214092
0.0711160394571
0.0816431562016
0.0693683880734
0.0783121273256
0.0693683880733
0.0816431562015
0.0711160394572
0.0783121273255
0.0711160394571
0.0816431562013
0.0693683880734
0.0783121273255
0.0693683880733
0.0816431562016
0.0711160394571
0.0783121273257
0.0718769946211
0.0711160394571
0.0364407117767
0.0379065952813
0.0364407117769
0.0360323044519
0.0360323044519
0.0379065952813
0.0364407117769
0.0364407117767
0.0360323044519
0.0379065952815
0.036440711777
0.0364407117769
0.0434390308763
0.0457143672713
0.0434390308763
0.0434390308763
0.036440711777
0.0379065952815
0.0360323044519
0.0364407117769
0.0364407117769
0.0379065952814
0.0364407117769
0.0360323044519
0.0711160394571
0.0816431562016
0.0693683880733
0.0783121273257
0.137167836572
0.159303590694
0.0718361073809
0.0718361073809
0.0434390308763
0.0457143672713
0.0434390308763
0.0434390308763
0.0364407117769
0.0379065952815
0.0360323044519
0.036440711777
0.0364407117769
0.0379065952815
0.036440711777
0.0360323044519
0.0360323044519
0.0379065952815
0.0364407117769
0.036440711777
0.0434390308763
0.0457143672713
0.0434390308763
0.0434390308763
0.0718361073809
0.0718361073809
0.036440711777
0.0379065952815
0.0364407117769
0.0360323044519
0.0711160394571
0.071876994621
0.137167836572
0.159303590694
0.0783121273257
0.0816431562016
0.0693683880733
0.0711160394571
0.137167836572
0.159303590694
0.0783121273257
0.0816431562016
0.0693683880733
0.0711160394571
0.0449071376662
0.0434390308763
0.0721715126082
0.0693683880734
0.0434390308764
0.0449071376663
0.0426213113082
0.0414532995487
0.0176902628976
0.0182810405412
0.0175350694505
0.0181033499482
0.0175350694505
0.0182810405414
0.0176902628977
0.0181033499484
0.0414532995488
0.0426213113081
0.0218890178842
0.0227606989446
0.0216459483137
0.0224749355661
0.0224749355662
0.0227606989446
0.0216459483137
0.0218890178843
0.0359625900912
0.037572606844
0.0188426101824
0.0190277557777
0.0180988495931
0.0183598686003
0.0183578302792
0.0183701782055
0.019061493374
0.0191143272883
0.00921834781342
0.00930770728824
0.00921204256997
0.00919280089343
