0.121638399846
0.108282102793
0.121031104951
0.120130655185
0.118974484584
0.121047239364
0.10679046414
0.116331225361
0.121847126952
0.11679114085
0.0810956938725
0.0823731573362
0.0552668213892
0.0469999992045
0.0476084307707
0.0556850198235
0.0753918478823
0.0846736808842
0.0853291103058
0.0753824686318
0.0857911543952
0.0805382012838
0.0562272653416
0.0477700669139
0.0505315130854
0.0542880173509
0.0783706464101
0.084728456518
0.0788111967491
0.0857099142284
0.0809921029241
0.0570320706844
0.0480097012919
0.0547733816176
0.0547754289484
0.0856364848821
0.074788230716
0.0833196069488
0.0461469425398
0.0455936327353
0.0528943660427
0.0531286815634
0.0819183575533
0.0747303530366
0.0846875414339
0.0743090655993
0.079611840252
0.0470090058433
0.0467521285604
0.050370796119
0.051273502776
0.0738081262547
0.0742209326981
0.0747361531662
0.0452195336697
0.0449419151828
0.0467607152859
0.0455331884822
0.0762716727624
0.0744432279314
0.0748275300586
0.0764926190531
0.0800477568475
0.0722064140319
0.0512480964677
0.0450346556918
0.0461367566732
0.0446141320007
0.0744797407225
0.0803086782639
0.0731667943022
0.0748722038299
0.074213330994
0.043450258019
0.0437131474187
0.0436955905165
0.0472608737967
0.0729672808354
0.0724666276663
0.0778518755203
0.0739334071623
0.0820547068271
0.073446206882
0.0525228763612
0.0464120184491
0.0486929103843
0.0458764308249
0.0827452493394
0.0726775956602
0.0726581361751
0.0708869783664
0.0424768677978
0.0418050548549
0.0422270285781
0.0410440240763
0.0714352068414
0.0728771551311
0.038777551787
0.0364206997891
0.0369405002189
0.0414879734283
0.0702823010833
0.072365920132
0.0392432040231
0.0392147528594
0.0403287391384
0.0404222333485
0.038611142801
0.0358738915867
0.041388105667
0.0366025801956
0.0716704237255
0.0703787359267
0.040926978196
0.0479777354429
0.0472751831932
0.0404241505043
0.0690964286661
0.0696645591141
0.0398488529843
0.0409829571592
0.0411138323806
0.0402757920181
0.0718528445114
0.0700254572957
0.0706258814212
0.0719792388266
0.0729697607004
0.0429979549097
0.0425013403424
0.0413914609866
0.0421764781444
0.0729202789793
0.0722117044034
0.0710027607566
0.0698861439218
0.0674300792319
0.0402256376732
0.0393550230887
0.039278566178
0.0387700534082
0.0703927135349
0.0717645737299
0.071293794691
0.0718549906953
0.0359054915802
0.0360311195498
0.0362822609352
0.0332916196597
0.0370596688867
0.0365414284513
0.037109717457
0.0339519070493
0.0603360647269
0.060339163229
0.0356724624262
0.0376519087369
0.0355387504144
0.0413768012444
0.0392778052572
0.0731797551296
0.0658998862874
0.087136575254
0.0352126595246
0.0381895813772
0.0394042676147
0.0358661124174
0.0646304635525
0.0354876294956
0.0328301644492
0.0363958796409
0.0342368924009
0.0471401120125
0.045361229827
0.0381742261119
0.0453713603661
0.0422523156483
0.0469490657285
0.0467539733867
0.0413266042036
0.0394743294849
0.0437695731199
0.0340590199628
0.0323311778283
0.0325813471164
0.0321881422835
0.0309532012195
0.0309835840698
0.0309724428554
0.0307703972065
0.0655744433393
0.065587836989
0.0320833354769
0.0333676770924
0.0325062244569
0.0315983113309
0.0333675938491
0.0314555408597
0.0314571292516
0.034478693661
0.0460993222923
0.0424744177664
0.0420271394403
0.0482429164378
0.044133328653
0.0451470582999
0.038100960059
0.0416068634788
0.0406782793656
0.0442602426211
0.041057514255
0.0369524140496
0.0339262743717
0.0370671102631
