0.118303608657
0.11468223125
0.116496888635
0.115372254937
0.110362332587
0.0800955191497
0.0821645365284
0.055890574449
0.0473306429429
0.0481514823096
0.056636322099
0.0741083547993
0.0832085642878
0.0861070885985
0.0757093053829
0.0834888389966
0.0555973067347
0.0482575593487
0.0503029094152
0.0529771890409
0.0781455286857
0.0784819523526
0.0832971291004
0.0799387216813
0.0564329077377
0.0479739433517
0.0536178495989
0.0548793264793
0.0752234286015
0.0842286623621
0.0468689681383
0.046195196909
0.0523209523363
0.0542289674339
0.0756127741966
0.0859758549236
0.0737290856418
0.0774872230331
0.0467087227841
0.0467106684743
0.0495552178627
0.0496745211277
0.0716639441049
0.0741809777322
0.0744484356752
0.0450346687817
0.0447417933989
0.046082466507
0.0451211059481
0.0756326707866
0.074423530405
0.0744505837591
0.0758057809586
0.0715455005737
0.0504492744268
0.0450412385839
0.0458872550857
0.0449339951821
0.072852517595
0.0759927468431
0.0733292282115
0.0744246344507
0.0731442353114
0.0438698368156
0.04381743164
0.0437947919158
0.0459092827453
0.0732158463465
0.0727813384563
0.0760217145256
0.0741409119807
0.073514102134
0.0521304624385
0.0469088723108
0.0482555642401
0.0459818667794
0.079933071179
0.0707643408784
0.0723008097053
0.0707387174444
0.0421189838041
0.0413877440919
0.0422374806595
0.040874100707
0.0700746453665
0.0711430862205
0.039319738846
0.0364197346011
0.0373443801428
0.042666975146
0.0703322254465
0.0725680380508
0.0393670530885
0.0390972427628
0.0406266774539
0.0406592747556
0.0391919159634
0.0358989049827
0.0426325240865
0.0370078467957
0.0721343317252
0.0706640659959
0.0410719638544
0.0490640593085
0.048508835633
0.0407437231365
0.0680036910167
0.0688306254422
0.0398526694304
0.0407840558784
0.041300202653
0.0404273412886
0.0722709420888
0.0702865429208
0.0709542131655
0.0724148487506
0.073832454967
0.0424301435153
0.0426246630357
0.0416811028656
0.0425696642078
0.0734016091973
0.0726175244645
0.0712602435283
0.0696057389154
0.0667027638163
0.0406896519128
0.0393409074829
0.0395720166547
0.0389936965476
0.069547783199
0.0712423471572
0.0713739395471
0.07194831511
0.035249969414
0.0364696503644
0.0372199302657
0.0330071279593
0.0374759262281
0.0363298039388
0.0376377676718
0.0335370389132
0.059345373342
0.0593412560153
0.0359884332254
0.0382010352622
0.035931506286
0.043916945189
0.0402222178156
0.0750738889977
0.0656177347709
0.0828845061691
0.0355356309171
0.0393350426129
0.0416374915696
0.035364725105
0.0351050204685
0.0320666592251
0.0374233594932
0.0338827633957
0.048826468012
0.0441875971783
0.0379608604357
0.0465651970377
0.042485540787
0.0460517316841
0.0486733499106
0.0417691162598
0.0389854758945
0.0457444255226
0.034353140205
0.0323362864756
0.032749797354
0.0331584049622
0.032133998333
0.0314365948268
0.032228583401
0.0318696229387
0.0666939185697
0.0666403603085
0.0330041504256
0.0343335439584
0.0338021977254
0.0321307576792
0.0327735665068
0.0306827619668
0.0315075860756
0.0357993105693
0.0408935665076
0.0421714748443
0.0417585539006
0.0475182411715
0.0433744719192
0.047323831082
0.0375737818809
0.0415498926702
0.0401722174987
0.0446342071705
0.043805020946
0.0369224410736
0.0343506216737
0.036593106704
0.0564532428738
0.0561298930063
0.0330962115425
0.032370713116
0.0321631069678
0.0322908824585
0.0559385156025
0.0556017688536
0.032578033659
0.0317156703341
0.0326805150699
0.0333167246194
0.0321376554641
0.0307941778749
0.0308621541388
0.0306244111944
0.0408321011713
0.0440837460309
0.0444584312594
0.0458844459863
0.0448831681836
0.0486913760268
0.0448324601281
0.0415311422272
0.042431652128
0.0422065084675
0.0446956741186
0.0432268384529
0.0331925914703
0.0337049417966
