0.125794337694
0.120815002799
0.128177270468
0.126980726396
0.127003535509
0.12075370757
0.127843406178
0.125990983681
0.133316403846
0.136611530604
0.120999823732
0.134203388475
0.132689864483
0.12950262043
0.125290885522
0.132599542452
0.124783736668
0.118498294519
0.127148670199
0.126577456438
0.126294956991
0.127914917001
0.130378438968
0.131694385951
0.0833965647178
0.0832380335711
0.0532581459081
0.0461668110174
0.046551558923
0.0532248314089
0.0748655551091
0.0828793193263
0.0829954692512
0.0748566345033
0.0837528708634
0.0838179200935
0.0540805118068
0.0468345402611
0.0516504304803
0.0541932584312
0.0804391900127
0.08300583472
0.0829992016426
0.0802941609483
0.0836611886021
0.0837875516014
0.0542673588028
0.0469433597729
0.0544776698012
0.0542266185408
0.0836304294836
0.0832756981242
0.0829919422896
0.0836527195434
0.0737105764573
0.0808222880759
0.0446603653486
0.0446147093888
0.0503705540873
0.0504598524647
0.0808273712124
0.0736974588621
0.0817224594813
0.0814978955207
0.0756635790086
0.0811662411996
0.0475134183465
0.0461982523557
0.0525496710754
0.0519113132748
0.0797647401207
0.0820595151988
0.0819173453843
0.0743736085514
0.0757284756656
0.0455612570369
0.0452770391794
0.0486234467061
0.0466209516014
0.0781716067222
0.074510925907
0.0758788758566
0.0784354290149
0.0792263023325
0.0728470663046
0.0492966483219
0.0450753897851
0.0469650897666
0.0440060097781
0.0768834655029
0.0796374726505
0.0727363377683
0.0761976322166
0.0730140736321
0.0792756905886
0.0427254370706
0.043572267127
0.0431139386524
0.047722396321
0.072341166864
0.0718153361202
0.0785827951589
0.0730374592464
0.0794340443337
0.0740021517263
0.0498145728135
0.0455905748482
0.0502621035543
0.0457365457864
0.0796888501669
0.0799240543417
0.0779572789289
0.0737123724787
0.0712194166589
0.0434503318847
0.0428078659607
0.0421901631951
0.0414722827499
0.0714459602312
0.0735876278849
0.0375380165932
0.0366563664875
0.0362630157528
0.0386974870422
0.070113843904
0.0715926468243
0.0389591204321
0.0396146054705
0.0395665161986
0.0397256817305
0.0372626021859
0.0361025838828
0.0384532062929
0.0358974543151
0.0703276345171
0.0695113291175
0.0404022127497
0.0448133147331
0.0438110431154
0.0395208205887
0.0718468223783
0.0719394089972
0.0398700987987
0.0414686067008
0.0403727413089
0.040004346681
0.0704566259385
0.0695189870946
0.0698835051633
0.070585458218
0.0733173109313
0.0712825995273
0.0430959785587
0.042598748381
0.0409770220823
0.0413656984017
0.0719215028869
0.0746312318204
0.0711179700106
0.0705034601281
0.0703444803812
0.0692205071408
0.0388481676319
0.0394695316276
0.0384627890014
0.0382410042468
0.0688296699026
0.0695119509627
0.071057168714
0.0714048041552
