0.123624623174
0.113981136894
0.125666909948
0.124646201591
0.124664908581
0.114009868974
0.125222590361
0.119690692046
0.121790426247
0.122821413788
0.112110666076
0.121213430984
0.124092620357
0.122269701089
0.12688216193
0.0821975085461
0.0826498198116
0.0544014073785
0.0465874391634
0.0470537385675
0.0545164653376
0.0751184487627
0.0839326509015
0.0842776863197
0.0750877634404
0.0849312782801
0.0820113192974
0.0552986962736
0.0473057368354
0.0509315846824
0.0542180272095
0.0792348626934
0.084002449705
0.0793484181492
0.0848404245999
0.0821808956943
0.055773462056
0.047660902016
0.0560505944082
0.0545757205126
0.0848117950551
0.0844658017676
0.0833298766009
0.0742842804795
0.0822297863843
0.0454066946635
0.045055254958
0.0518714842346
0.0518891849851
0.0823643225563
0.0742380105255
0.0831721168035
0.0829583863546
0.0749186580601
0.0823195923146
0.04727921258
0.0467107058093
0.0513759335487
0.0532738872632
0.0764326502435
0.0821376812663
0.0742676427417
0.0751298175821
0.0453937278056
0.0451218234967
0.0475931833741
0.0460211423346
0.0770981977328
0.0744649543184
0.0752908807428
0.0773522059138
0.0807472437484
0.0732293703641
0.0504751401529
0.045080658673
0.0464546878206
0.0443069784114
0.0763508009032
0.0811325457303
0.0729732675008
0.075449226108
0.0734130193641
0.0808440024985
0.0430819987854
0.0436297589644
0.0434866932683
0.0489814564168
0.0726839009576
0.0721422043499
0.0802269451627
0.0735921231994
0.0809152332477
0.0736810210589
0.0512871447067
0.045959730575
0.0493026046143
0.0457915109816
0.0815424574247
0.0750256007642
0.0731154557473
0.0710490495389
0.0428926338912
0.0422682935723
0.042219669673
0.041245706542
0.071466478637
0.0731640280725
0.0381843254544
0.0364922043938
0.0365742607744
0.0401672607276
0.070209614658
0.0720544434341
0.0391086838395
0.0393831683344
0.0399863329409
0.0401196372916
0.0379685629991
0.0359334272715
0.0399961904009
0.0362396437528
0.0710669348011
0.0699891189016
0.040722497101
0.0465821376379
0.0457365561915
0.0400319642293
0.0703447913996
0.0706640257457
0.0398517013439
0.0412093712199
0.0408213648793
0.0401313388251
0.0712677517043
0.0697633015547
0.0702684449933
0.0713879775606
0.0725747393276
0.0720168279695
0.0435972188935
0.0424749720326
0.0411413160315
0.0417950008951
0.0723829167364
0.0717283811551
0.0707576418017
0.0701334066985
0.0682517737037
0.0396357183861
0.0393901601708
0.0389037582487
0.0385188215824
0.0696811255301
0.0707893333222
0.0711897313489
0.0716848072543
0.0363974826543
0.0355305892612
0.0350607334409
0.0338062616532
0.0364431587733
0.0368036050881
0.0364378087613
0.0346256463919
0.0612640581955
0.0612722881475
0.0353038537442
0.0370529219722
0.0352115236887
0.0383175642055
0.0377477887654
0.0707650874854
0.0660889821209
0.0923845427061
0.0348338919856
0.0367620203374
0.0367215042613
0.0362659286289
0.0650408064881
0.0654884524308
0.0346975288904
0.0337859016137
0.0352132040136
0.0345951978311
0.0451289350394
0.0439677999671
0.0450089781608
0.0439078074798
0.0419229755514
0.0445448211663
0.0442081174129
0.0408721603439
0.0399629917802
0.0414339930362
