0.10248105555
0.0768051146665
0.0797168796356
0.0559964863078
0.0477084495293
0.0487625591685
0.0566654074528
0.0732532502025
0.0746580537503
0.0537045951372
0.0484422081717
0.050193561164
0.0517538704343
0.0781146583767
0.0782703591874
0.054647006918
0.0476454639636
0.0525133729781
0.0535844849957
0.0742309554984
0.047686127674
0.0465452281051
0.0509835126566
0.0530808339595
0.0746339465194
0.0731816316557
0.0757979986421
0.0464028052849
0.0466129221933
0.0488847222068
0.0483808081647
0.0698985807151
0.0741454187199
0.0742389641337
0.0448462872753
0.0445321418858
0.0455252614171
0.0447705692106
0.0751379778181
0.074404377329
0.074141657678
0.0752531739801
0.0700200889857
0.0487128118626
0.0451587009452
0.0457820579643
0.045258173254
0.0717338380598
0.0734680183588
0.0741193780552
0.0713169627955
0.0442672647351
0.0439087178249
0.043817503315
0.0448591048849
0.073438333396
0.0730785455624
0.0746023766019
0.0742485940717
0.0736863461218
0.0519555649467
0.0474264678744
0.0479543993517
0.0461412583923
0.0775594122006
0.0692000028602
0.0720263683616
0.0706018179336
0.0418170472091
0.0410204218278
0.0422443319013
0.0407343974342
0.0689512479101
0.0697029329746
0.0398152420462
0.0364741612841
0.0377552460845
0.0437142226696
0.0703609026101
0.0726891207554
0.0394833581051
0.0390233020368
0.0408802863346
0.0408474567934
0.0397157431899
0.0359828608113
0.0437323312236
0.0374271958632
0.0724869955367
0.0708574967468
0.0411728568188
0.049900365922
0.0494926886181
0.0410051620726
0.0670562647685
0.0681464326535
0.0398577797513
0.0406089974594
0.0414152555094
0.0405796174126
0.0725649256316
0.0705348482042
0.07125356845
0.072735360454
0.0727214548662
0.0419499163
0.0428278308614
0.0419867935958
0.0429694316276
0.0738353983002
0.0729464776102
0.0715292963375
0.0693283117503
0.066049083555
0.0410790249618
0.0393318328116
0.0397856166169
0.0391851171432
0.0687706800384
0.0708057710612
0.0714324423163
0.0719823992244
0.0347808414163
0.0368546135146
0.0379356387868
0.0328971385592
0.0377530386529
0.0361587584407
0.0380409759753
0.0333388069892
0.0583435342022
0.0583408513944
0.0363521803066
0.0387255550534
0.0363718229458
0.0461358951627
0.0408745405932
0.0750309808385
0.0789577906566
0.0358109998283
0.0402678573841
0.0423125097331
0.0349543524754
0.0348044789842
0.0315034624235
0.0382915944973
0.0336153663219
0.0501775920538
0.0431885778555
0.0376861743137
0.0454759662855
0.0426487347932
0.0453086006339
0.0502656495075
0.0421886190506
0.0385463803291
0.0473471097071
0.0350031971656
0.0324922291819
0.0329468835539
0.0341331771279
0.0331417782419
0.0319129955831
0.0332988445641
0.0328941246599
0.0675072374246
0.0673750195347
0.0338739376131
0.035156671222
0.0348982855081
0.0325242079951
0.0338355854357
0.0310599566332
0.031539254902
0.0355974953457
0.042643960844
0.0419785210447
0.041551494374
0.0469031256386
0.0428796521064
0.0485590057209
0.037130226346
0.0415627590528
0.0397442079746
0.0447730987082
0.0441525149317
0.0367661483842
0.0347007020223
0.0359323071924
0.0340290151789
0.0324153999965
0.0318230324335
0.0333993078072
0.0569577586576
0.0326230385414
0.031105381716
0.0337190437092
0.0347858730933
0.0327654700076
0.0313355523129
0.0323359031865
0.0309020855625
0.0408343088625
0.0472470690877
0.043274445233
0.0477801509939
0.0440756341372
0.0474010743594
0.045301355852
0.0407274440846
0.0431503462234
0.0408697837484
0.0467117229326
0.0444522762079
0.0340342193957
0.0344164067151
0.0316489725022
0.0318705808033
0.0303129237956
0.031823110194
0.0307433741611
0.0310062785759
0.0309834048103
0.0298342122828
0.0310855290988
0.0309159477317
0.0313773001024
0.0309280908691
0.0312057927514
0.0302935959784
0.0306475423142
0.0302933109444
0.0438639315581
0.0436929959069
0.0450323844709
0.0451513648953
0.0390719082866
0.042036884075
0.0373167101398
0.0419323913664
0.0407783812811
0.0461455275851
0.0418474183514
0.0440798622245
0.0418635291049
0.0432069829429
0.0382080510554
0.0404927400757
0.036295193705
0.0344132030069
0.0286049038096
0.0298262315873
0.0298087956546
0.0307143899349
0.0295412835201
0.0320933797086
