0.128202529106
0.128932404
0.130939185189
0.129535095811
0.129629328533
0.128939878225
0.130722844505
0.128356591302
0.134652587674
0.143166291186
0.126980430411
0.135785622482
0.133755269009
0.134522966257
0.127333672537
0.133641333212
0.139537706729
0.152259706801
0.134792258709
0.135095465037
0.136373333257
0.155906647598
0.139270194556
0.136465951174
0.133833174579
0.144913306368
0.131913364107
0.137580170163
0.126896728624
0.126097481938
0.129742199816
0.129267092381
0.128534275057
0.137620171193
0.133666652755
0.13503781835
0.0819388223122
0.0818198693503
0.0518578408224
0.0457853113836
0.0461218007668
0.0518052047438
0.0746845851379
0.0815263258477
0.0815460525808
0.0746783216897
0.0822210504467
0.082174965067
0.0525354423287
0.0463514812801
0.05274361812
0.0525900653629
0.0821047215108
0.0817141795362
0.0816470391125
0.0819724704321
0.0821145365267
0.0821486965332
0.0525092676321
0.0463059998613
0.0526973013261
0.0524380766136
0.0821034681968
0.0818041185782
0.081569527073
0.082130809469
0.0731030789875
0.0790699590431
0.0439168106786
0.044270627424
0.0486855908363
0.0488235710376
0.0789696902136
0.0730875629145
0.0799275144498
0.0796937165836
0.0766212721212
0.0796306736664
0.0478177907208
0.0457558653137
0.0505949199851
0.0502773141539
0.0789636977018
0.0802030209016
0.0801403126101
0.0745263469382
0.0765617353276
0.0456979473486
0.045380005103
0.0499145430817
0.0473482138166
0.0795754482957
0.0745697506897
0.0766227575711
0.0798170420713
0.0772964505816
0.0724753430099
0.0477699125895
0.0451332343449
0.0477345418744
0.0437070269045
0.0776608840718
0.077687132113
0.0724452664373
0.0771789385715
0.0726145549586
0.0773384254976
0.0424148245782
0.0436174249522
0.042748608524
0.0462164073124
0.0719328568742
0.0714703703221
0.0765407029252
0.0724133872939
0.0775135523647
0.0744241193243
0.0480323284001
0.0453393586818
0.0481952400954
0.045698867895
0.0776177193053
0.077758102512
0.0767569683276
0.0744526304552
0.0713955169655
0.0441700650514
0.0434278724513
0.042120328266
0.0417156914465
0.071342990091
0.0741619795357
0.0368156016884
0.0369666723971
0.036083289783
0.0372279594443
0.0700041321877
0.0709359006972
0.0387948995956
0.0399167974153
0.0390798384704
0.0392140247009
0.036474999892
0.0364452671699
0.0369149542197
0.0356811136739
0.0693951335071
0.0689045104343
0.0399926037895
0.0426594786627
0.0414738455404
0.0388749452433
