0.0372242629793
0.0713018225875
0.0702298964752
0.0389595744141
0.0712938261257
0.0713848727321
0.0334809439777
0.0362629790843
0.0410486639995
0.0409015768515
0.0699825668819
0.0697387893041
0.0383241997809
0.040097986937
0.0538549323838
0.0696392780888
0.0445672216198
0.0426431706784
0.0396849090267
0.070245383216
0.0702223870509
0.0356049172282
0.0324052248343
0.0727483859945
0.0714773676616
0.0376300933253
0.0407318031423
0.0423250164991
0.0663255393394
0.0519172905536
0.0479667447034
0.0337581889077
0.0392300022424
0.0343321739416
0.0383642893342
0.0389825721277
0.0372344703764
0.0422350374808
0.0380679049334
0.0389067235992
0.0384984570154
0.0371137181407
0.034200992663
0.0392307621043
0.0383054182727
0.0394357124788
0.0420580458193
0.0425521223349
0.043419942781
0.0434784486681
0.0384837914086
0.0369533298153
0.036055503653
0.0362544161917
0.0661745912657
0.0661011906531
0.041946455047
0.0413683829066
0.0414036350682
0.0425611647253
0.0359999243819
0.0334026134147
0.0393443875554
0.0351140919056
0.0390166016993
0.0390041392794
0.037966457001
0.0339520939061
0.0349966030207
0.0389664371443
0.0387831584198
0.0387267216976
0.0341351438709
0.0336855421505
0.0526339903706
0.0491387780592
0.0459037234649
0.0473954881975
0.0453871324098
0.043829198583
0.0518102967919
0.0491987060153
0.0393364582413
0.0370807096811
0.0373482695872
0.0362539699259
0.0345122407804
0.039202330963
0.0400115361897
0.040702866313
0.0366532542203
0.0350563189226
0.0325680989167
0.0317974687631
0.033954482009
0.0367883381881
0.0344902840823
0.0379183266311
0.0363320310936
0.0345895855644
0.0333577618593
0.0356746697257
0.0357908792033
0.0353115400581
0.033857783377
0.0366885933572
0.0373509894565
0.0388578381962
0.0397290410887
0.0346500014358
0.0357591541639
0.0372306079696
0.035348307276
0.0363305216871
0.0388625967095
0.0380975624547
0.033928481596
0.0375923471103
0.0339306746381
0.0337365597147
0.0332408347997
0.035468985565
0.0333299698715
0.0348379639715
0.0348099194718
0.0347432481638
0.0413089331483
0.0399424661144
0.0398678151525
0.0414324975406
0.0348288231365
0.0334437709281
0.0351349110792
0.0362725834788
0.0366363493102
0.0372686034991
0.0414239036443
0.0412289890065
0.0369346685837
0.0142913901963
0.0181922699797
0.0195010732119
0.0222872089318
0.0227827188796
0.0181265853097
0.0197261361644
0.0216178492879
0.0237733338508
0.0239803542
0.0238719334364
0.0220128756409
0.0157000642956
0.0217390969777
0.0166363658027
0.0168921225723
0.0189683487544
0.0209208258592
0.0194012297766
0.0169524701424
0.0211328171766
0.0208576155939
0.013280990428
0.017971880928
0.0217305520721
0.0203816180167
0.0263998480292
0.0242353825068
0.0234512214989
0.0149706831943
0.0207628692389
0.0221653600759
0.0238765943594
0.0303291952991
0.0331202106427
0.0208328933887
0.0179575635795
0.0202302736247
0.0176200921108
0.0249293332677
0.0249345425618
0.0145266521144
0.0141590283046
0.0144985548673
0.0131554538162
0.0170398622007
0.0174549974868
0.0196604385521
0.0203625667274
0.0236868102247
0.0234558152216
0.0225761383666
0.0126469585438
0.0164530761145
0.0206849911508
0.0131820509932
0.0218093154262
0.0188892968362
0.0206982264809
0.0221995042083
0.0358292799489
0.0270645354503
0.0121776730468
0.0230792425128
0.0115325187728
0.0152057231673
0.012464582491
0.0154975212619
0.0163287216959
0.0173695115765
0.0151565393263
0.0206096534556
0.0205073203013
0.0189919696859
0.0157054656589
0.0195910015391
0.0198566927615
0.0176011344525
0.0172812456826
0.0203226390725
0.0275333923405
0.0265688581087
0.0203400430858
0.019170316162
0.020955242331
0.0204465695319
0.0241032879323
0.0261861992774
0.026100143357
0.0240483794615
0.0344255573668
0.0531943763237
0.0240651071706
0.0212348083817
0.0220038746478
0.02225353747
0.0141315111593
0.0215221801275
0.0216049269298
0.0244958134308
0.0494012105964
0.0339369605386
0.0248731450774
0.0257262263137
0.0347777209896
0.0500491634011
0.0224484234791
0.0210010898726
0.0223069401907
0.0190525525875
0.0225200611042
0.0179967806949
0.021665072689
0.0201288444749
0.0340810783161
0.0499550873301
0.0244618247519
0.0260664102646
0.0332623437101
0.051241529159
0.0232579332236
0.020236090335
0.0214452385043
0.0217326520299
0.0148808008194
0.0232784010096
0.0236004431966
0.0148995360368
0.0189666815038
0.0212200763745
0.0213642194766
0.0282570770668
0.0163420741269
0.0200535385656
0.0187017546329
0.0245257497531
0.0245597875477
0.0222895175063
0.023895085
0.025499046004
0.0241050633083
0.0144301717781
0.0200699194656
0.0210849240299
0.0231351625234
0.0494092771151
0.0328243083726
0.0152776248722
0.017616955799
0.0189888093171
0.0221827797801
0.021536423879
0.0174288861128
0.0187010960618
0.0211112154035
0.0204864372094
0.0211892440491
0.0226594638895
0.0212560431669
0.0237595514755
0.0236173727014
0.0214095317208
0.0233888619365
0.0228991789492
0.0210600127156
0.0211522201029
0.0228788408271
0.0235316543649
0.0260743287391
0.0232579082355
0.0245543955353
0.0354273568269
0.0410592031314
0.020886431921
0.0198372291751
0.0186289260426
0.0208746445025
0.0186716278247
0.0201252292267
0.0206338056831
0.0210188166716
0.0259290869623
0.0347054603147
0.0240247296624
0.022957408778
0.0228645436082
0.0224656990477
0.0210605507197
0.0217023352571
0.013720515686
0.0180124022704
0.0188688849594
0.0198829070802
0.018807264253
0.0184403054081
0.0182953906083
0.0200978211154
0.0357409842556
0.0424485813359
0.02066682238
0.0194155386245
0.0201114454948
0.0173243886861
0.0223434893802
0.022263247969
0.0169068249848
0.0182185590054
0.0184874352918
0.0199129203585
0.0199087657989
0.0181361771074
0.0198729223094
0.0228630729325
0.021171655107
0.0210695724783
0.013019958486
0.0179324233291
0.0194031466457
0.0198091394604
0.0198921788318
0.0175219824499
0.0186170529515
0.0162159912747
0.0197762210052
0.0184105999192
0.0175164430019
0.0210878473598
0.0165726103173
0.0177770854136
0.0186497737141
0.0201565930354
0.0207599057325
0.0186967752499
0.0194527232297
0.0187851300105
0.0216566270582
0.0213917923835
0.0203504359038
0.0199726225256
0.0227712463185
0.0229792306628
0.0183113323351
0.0184955781466
0.0188673735964
0.0200719554262
0.0186118987092
0.0178380793958
0.022892369764
0.0198130926724
0.0218439529084
0.0213419483994
0.0177086558825
0.0170966339878
0.0186487726955
0.0184738561447
0.0128158587804
0.0180568464949
0.0190709407387
0.0197647245009
0.0198511898812
0.0181284694481
0.0187043818746
0.0232242362712
0.022118805754
0.0220166327231
0.022270610776
0.0214870475363
0.016778555275
0.0196802649282
0.0193504281369
0.0217127990467
0.050508211066
0.034800873097
0.0225354080942
0.0221731584225
0.0232663982399
0.0237593693047
0.0225040769909
0.0218853124846
0.0183094694747
0.0194761059886
0.0199062603631
0.0207327918233
0.0263382279077
0.0327350890929
0.0175301568621
0.0170364254389
0.0181708718454
0.0186609919791
0.02162293084
0.0219187254805
0.0202164826936
0.0117490630235
0.0120058700943
0.015351408877
0.012154891315
0.0148473263592
0.0119213806522
0.0161075114849
0.020722187861
0.0250036638254
0.0143228041882
0.0122109556478
0.0210722126442
0.0112970253125
