0.041767209125
0.0434890114647
0.0723805824878
0.0712241947682
0.0741370108711
0.0729130411244
0.0725315846444
0.0725026692056
0.0429096422889
0.0438387395167
0.0428935662363
0.0428654305306
0.0724310254681
0.0724762685181
0.0724512023129
0.0724650606859
0.0724884858214
0.0712725087567
0.0428851767794
0.0411400629766
0.0712374277733
0.0724589396347
0.0408711595331
0.0411923884255
0.0729041728139
0.0714626019822
0.0434762043369
0.0433050073075
0.0711272608647
0.0707717668999
0.0416667490573
0.0424051798764
0.0731851515341
0.0716193448278
0.0749692905725
0.0429355241995
0.0718049161251
0.0727298979119
0.0444632112891
0.04297134957
0.0418970156875
0.0712093063268
0.071216706204
0.0390161132677
0.0367349585838
0.0726548923777
0.0724501066952
0.0418828292727
0.0405663292696
0.0431790213853
0.0724713340085
0.0727479102687
0.0405250200605
0.0673158672502
0.071695706571
0.0716962432445
0.0406160810713
0.0426071567403
0.0414476792653
0.040761138653
0.0691435602947
0.0518480953467
0.0531981505991
0.0343649081604
0.0390139825998
0.0364296754013
0.0379914008274
0.0409553707693
0.0394622646943
0.042386919748
0.0378616061259
0.0388489314497
0.0382342353111
0.0377929622647
0.0345265680239
0.0390157735785
0.0379770090667
0.0388715130182
0.0423401596252
0.0430391032089
0.0440620283456
0.0433016475366
0.0381188380191
0.0373800549469
0.0362552286635
0.0369649515043
0.0680112866665
0.0679735600534
0.0427137927291
0.0418527950002
0.041648676644
0.042307604117
0.0368223985199
0.0344019886851
0.0400235298695
0.0353552677196
0.0384307805576
0.0387301148511
0.0376855826401
0.0342026587369
0.0701107640126
0.0701380771542
0.0391335576705
0.041145757963
0.0385309618567
0.0385827309368
0.0361622506739
0.0341810589033
0.0555627775943
0.0491188117556
0.0445376104355
0.045322714621
0.0447328214365
0.0429968032783
0.0544403044176
0.0492783944157
0.038828522797
0.0373718510088
0.0378360602087
0.0363751911371
0.0348399233545
0.0390536955015
0.0397890525297
0.0407660292535
0.0374896898068
0.035393427742
0.0334974560055
0.0333706008026
0.0340905113918
0.0376083188806
0.0356894343349
0.0378876767225
0.035898407162
0.0348976911887
0.0335923104303
0.0350558557971
0.0351536519959
0.0354113531862
0.033996784283
0.0361156600039
0.0397808444539
0.0406175291167
0.040549422018
0.0398434574481
0.0348255437192
0.0361004302732
0.0390802426851
0.0356546113859
0.0370785272799
0.0386195313159
0.0399096947472
0.0358844948774
0.0423870520393
0.0410647784187
0.0386212567458
0.0376165051763
0.0395055404288
0.0694488603018
0.0689650208796
0.0350763329707
0.0358843527968
0.0352934179706
0.0354054763105
0.0374644556863
0.0365564150136
0.0398940996231
0.0397267226383
0.0397146159773
0.0417276947322
0.0365005861463
0.0371265431344
0.0360217136187
0.0671524592448
0.0376318655023
0.0381419874867
0.0405413993118
0.0374667444994
0.0406840198742
0.0405498044391
0.037240033805
0.0182999435907
0.0185292118541
0.0188848104267
0.0212820991851
0.022082942282
0.0190631287765
0.0192648957953
0.0189002991897
0.0227044433659
0.0231112839686
0.0243060290674
0.0232228253189
0.0228842169794
0.0222593922001
0.0221887939298
0.0228572297542
0.0178417896876
0.0178786771278
0.0182707397509
0.0197272186827
0.0184234494436
0.01815579035
0.0178948910118
0.0199600723981
0.0187181764733
0.0186206488019
0.0204522352845
0.0198600759606
0.0250128105911
0.0234570336834
0.0237945288228
0.0238596141107
0.0186571923981
0.0200102489867
0.0200339620478
0.021785166589
0.0469834656711
0.0347705220929
0.0200730799367
0.0185204895716
0.0196987463777
0.0179010584124
0.0240395004183
0.0240305725
0.0131090118847
0.0129691230705
0.0131107998319
0.0121954215095
0.0173158942995
0.0178997615783
0.0191020945038
0.0195203163003
0.0229364305812
0.0224163428632
0.0227784226212
0.0234165323211
0.0184331379451
0.0182696773351
0.0195698282074
0.0121220607514
0.020870724911
0.0188341447541
0.0194113217099
0.018179691533
0.0392253671666
0.0363055371428
0.0231216038944
0.0306623586068
0.0118029292175
0.0239350126823
0.0113416928196
0.0135412389501
0.0117874152574
0.0136630703107
0.0170006084622
0.0179217006431
0.0162618582592
0.0197179090394
0.0195711277914
0.0189340683572
0.0166226181458
0.0194156724916
0.0190927068699
0.018002141798
0.0174448933718
0.0195084622228
0.0253019955654
0.0246480777304
0.0191693614418
0.0188518832862
0.0201522133527
0.0196468933053
0.023061901889
0.0242576185544
0.0241941982551
0.0230461382542
0.0356838770987
0.0560262234777
0.0217540156568
0.0205338943126
0.0205017288214
0.0184949415725
0.018497464156
0.0207066601619
0.0202334861715
0.0220911420617
0.0496818440016
0.035349189528
0.0234511714242
0.0240746898632
0.0365506248563
0.0550170037215
0.0223280429738
0.0204601245182
0.02047979429
0.0187267927132
0.0187503279725
0.0182380610374
0.0206352254232
0.0192256869376
0.0335283364827
0.0339332365221
0.0228962467699
0.0242502980728
0.0343473040374
0.0538682491372
0.0210300442677
0.0195800373834
0.0199022661059
0.0232098810108
0.0221884495304
0.0217120199847
0.0215685295932
0.0219295532557
0.0125232583352
0.0186456516577
0.0192496732852
0.0202965572973
0.0279960972221
0.0179530534804
0.0192749645929
0.0182093069021
0.0234588563621
0.0235965779999
0.0209175560905
0.0215098574331
0.0236505696803
0.0224599773164
0.0121600460147
0.0193554441965
0.0195293963796
0.0207694282869
0.0492308318089
0.0338804077866
0.017977044147
0.0181837972813
0.0184247265036
0.0210383867832
0.0204171378836
0.0176871952871
0.0181781918718
0.0227562291214
0.0209296710526
0.0211739542649
0.0210782317828
0.0204700770008
0.0227150973242
0.0226857548693
0.0212988657955
0.0224421014483
0.0219253692305
0.0208031953445
0.0208160711857
0.0219399854511
0.0227640072534
0.0246287798488
