0.0109642350512
0.00660874661585
0.00674224479185
0.00553880066217
0.0154639289393
0.00733722455513
0.0142525073504
0.0197988288738
0.0126946617293
0.0053312964408
0.00343574517092
0.00335115893223
0.00402598212456
0.00440229724299
0.00819837908053
0.0060470101328
0.00359809605875
0.00374176510704
0.00468675419581
0.00353558045191
0.00378572921275
0.00431346140508
0.00509676326073
0.00551642366256
0.00709453056944
0.00489550640866
0.00417989316756
0.00444557359365
0.00478111694205
0.00397318411122
0.00572616386704
0.0051773813823
0.00520592725912
0.00510063629473
0.00356267983062
0.0124813227554
0.00415407835269
0.00775757212944
0.0106656410405
0.0101815649948
0.0109626257426
0.0108340271148
0.0109379355652
0.00862609772673
0.0128473228396
0.0104816601448
0.0138248529391
0.00814879717806
0.00686454195276
0.0157582100043
0.0148521622532
0.0150347528849
0.0157279528317
0.00844732398357
0.0116128082468
0.0139835180015
0.0147898949515
0.00683707584204
0.0115065966366
0.00683188249362
0.00420077867117
0.00653530406039
0.00561689976992
0.00608764127653
0.00803614823296
0.00652224580527
0.0035362722797
0.00458401406807
0.00340700407977
0.00607359910519
0.00577582572735
0.00555932688495
0.0050960959989
0.00449976102479
0.00583080514684
0.00425378914643
0.00530833124005
0.00479759899425
0.0057310211193
0.00458833346383
0.00655747690734
0.00434367976847
0.00763003509759
0.00631413305198
0.00523706870887
0.00637917616777
0.00543762425385
0.00390886789811
0.00285189947206
0.0032390479326
0.0026820213078
0.00268513260068
0.00317146155452
0.00953565006043
0.0168022425917
0.00599596405234
0.00579492770142
0.00425756203577
0.00301646538338
0.00321441511923
0.00380223709397
0.0123402818666
0.0136461638119
0.0123061932336
0.0142428380224
0.0130224423638
0.0183639774244
0.0173480059612
0.0160347328508
0.0176493612663
0.0183996738271
0.00372015497697
0.00536787669277
0.00583168572789
0.00517637848672
0.00471829856313
0.00399239618106
0.00502465574526
0.00391337448321
0.00511708617649
0.0040103624883
0.00481250527227
0.00416655329249
0.00312161209876
0.00340241342021
0.0031373159603
0.00366153352151
0.00442573579837
0.00341123599522
0.00281771464756
0.00290771673948
0.00275390035316
0.00433004266453
0.00382625444063
0.00476437421062
0.00424984666136
0.00406438157342
0.00309456873543
0.00337017195953
0.00391924310425
0.0050157170861
0.0174412436985
0.00339799027609
0.00439494380739
0.00575505622856
0.00618316284971
0.00685170052856
0.00722647285147
0.00588931765463
0.00595957696273
0.0130273723735
0.012004575077
0.0142758221112
0.0150071645136
0.0156644494391
0.0142856943397
0.0112091990693
0.0114355469205
0.0107367663785
0.0107904429039
0.0133975729112
0.0153098762193
0.00537728152445
0.0049303313509
0.00373229745562
0.00476368567625
0.00551078352617
0.00555561762585
0.00574759921484
0.00561496184687
0.005401707396
0.00671210192657
0.00440522300782
0.00604951218109
0.0064646793627
0.00642205919628
0.00559368004056
0.00626179864433
0.00406218637795
0.00543943874021
0.00422260980855
0.00352325800735
0.00474034106067
0.00376891544309
0.0035685395518
0.00311302497009
0.00315311403406
0.00314383715948
0.0037920491466
0.00326752131874
0.00359784324264
0.00389965436148
0.00428944415794
0.00418022026645
0.00407733549322
0.00389428646389
0.00428941885221
0.0086398010139
0.0081431042923
0.00931505678988
0.00672036389365
0.0110089058786
0.0105369854463
0.0075615006784
0.00856157023915
0.00852446228681
0.00485366013189
0.0049256294775
0.00411659213844
0.00390369880996
0.00358148277021
0.00433578612811
0.0046980649592
0.00388826359712
0.00712559297718
0.00254193457309
0.00550196997698
0.00700269194366
0.00744831352808
0.00443592343877
0.0048530423834
0.00383702831495
0.00358763612249
0.00776341327875
0.00867753747586
0.0035870918907
0.00591664214963
0.00548798421958
0.00393813773508
0.00328951781163
0.00427605346517
0.00464741767509
0.00517692306621
0.00654753959709
0.00617014367675
0.00589897074626
0.00582022510352
0.00888759127756
0.00826347331881
0.00698537093878
0.00435237858798
0.00884587746196
0.00702390881245
0.00769431511272
0.00498544323099
0.00582910915379
0.00936559479688
0.00619444610234
0.00896227713982
0.008045338125
0.006845875173
0.00645546900052
0.00685831200536
0.00624699284961
0.0100199961174
0.00682568715913
0.00617564774664
0.00641696934991
0.005352495599
0.00550793692271
0.00594302743447
0.00719028994985
0.00893687462042
0.00626702135321
0.00883548583267
0.0140282143657
0.0145311714168
0.00968983767974
0.0095934842237
0.00820422515928
0.0107775380464
0.00541901830671
0.00933577616186
0.00705993959882
0.00673977789657
0.00696405270831
0.00609753321908
0.00409552888194
0.0067500179926
0.00527014797106
0.00841382415656
0.00955376611077
0.00818952562294
0.00553421973401
0.00379836211622
0.0071534592158
0.00469346364333
0.00779464567052
0.00730195796464
0.00721483913523
0.00967601101924
0.00853565623066
0.00289119848875
0.00441448203274
0.00455327037963
0.00458998080231
0.00556054753473
0.00590276908415
0.0105345221511
0.00377718041145
0.0048646314676
0.00400059651977
0.00392870287336
0.00870311227043
0.00387267848666
0.0115523559891
0.0115494415456
0.0105960291626
0.00476536642305
0.00453815132939
0.00376948643048
0.00995216975834
0.00985011115295
0.0144207848425
0.00621025157026
0.00828565171409
0.0168607495382
0.00632506763848
0.00618087547793
0.00631158650876
0.00655260506323
0.00611466501823
0.00350590080406
0.00294655676437
0.00267716396291
0.0034632173015
0.00277330375929
0.00500513206229
0.00312926740271
0.00255522588184
0.00257506150874
0.00245116236896
0.00243599234286
0.00293660661487
0.00282289726745
0.00397846133426
0.0040830075198
0.00368244318061
0.00439497401813
0.00443379159778
0.004408744777
0.00412041025904
0.00486431179178
0.0126563747644
0.0124701148978
0.0122448332902
0.0154294954786
0.013005150778
0.0132453211061
0.0141551047607
0.0114378430379
0.0133534352542
0.0127378262013
0.0103003230254
0.0145742952246
0.0115539077546
0.00626322738536
0.00533637481422
0.00779180071458
0.00585803854016
0.00700020132466
0.00680193851178
0.00605007576043
0.00629843540372
0.00663692144236
0.00837700611693
0.0060300432123
0.00766712803117
0.00684176801146
0.00656990243291
0.00854277710656
0.0128913919524
0.0119822299786
0.0129947198244
0.0113449068099
0.00810727024052
0.0071907558369
0.00773688227493
0.0079811663642
0.0070188546972
0.0094641181351
0.00838647376777
0.010556884313
0.0101784844081
0.00683118342689
0.00354575391944
0.00363766346535
0.00364260994089
0.00395931897638
0.00344131602065
0.00300263692827
0.00320941680511
0.00391356851966
0.00369401973367
0.00257399629708
0.00279150092032
0.00395402602643
0.00340892613455
0.00320050573368
0.00346279644388
0.00332990555813
0.00395554240753
0.00319443881844
0.00273837454401
0.00258539838777
0.00315455081776
0.00350472207879
0.00272535661952
0.00244545827388
0.00423267429384
0.00422194663926
0.00504390531467
0.00318510873166
0.00307662712157
0.00325474148057
0.00328825529349
0.00197022054322
0.00192327142466
0.00173008035268
0.0028270522373
0.00271027789875
0.0020015030156
0.00166509538989
0.00232685664271
0.00177414959619
0.00216192283373
0.00268758674267
0.0019178014228
0.00344178075715
0.00349787706657
0.00246471062833
0.00317663298044
0.0108677643377
0.0148646244919
0.0115048719886
0.0174060381751
0.0162668367714
0.00356915139432
0.0033487943336
0.00324267415594
0.00326281398879
0.00327348598157
0.00335744828802
0.00359730620706
0.00274968741637
0.00290554753866
0.00296454836023
0.00327887866348
0.00314804409842
0.00275403198464
0.00303092134065
0.0032291432046
0.00320789322226
0.00412882793013
0.00464282966477
0.00438985449826
0.00430599369512
0.00442292018643
0.0034679874118
0.00439850328446
0.00341734907324
0.00457990026237
0.00537196329302
0.00431098509209
0.00336700958933
0.00382686311005
0.0133734288494
0.0133739283607
0.0121126239275
0.017202790084
0.0142476446321
0.0131763795082
0.0125008429845
0.0167835158008
0.0166146741134
0.013232439981
0.00524222117191
0.00737460318346
0.00617190917981
0.00767324967379
0.00976332874488
0.00958781436963
0.00649628952334
0.0117790837491
0.0113946006093
0.0141748870263
0.0164475631763
0.0125522377264
0.0149415830709
0.00828517212562
0.00881595445751
0.0106008212344
0.00714260973084
0.0169802501451
0.014205008911
0.00674052279293
0.00914678254598
0.00965473774243
0.00681595200935
0.00601070642219
0.00697613434777
0.00977556357822
0.00630456489093
0.00932897996639
0.00555276309543
0.00495633503146
0.00634299555646
0.00565221787705
0.00519945039592
0.00486312375701
0.00515290568314
0.00328450775246
0.00321115077472
0.00266455182918
0.00382770620507
0.0028378246996
0.00350003850131
0.00294116130366
0.00367784749543
0.0042687350904
0.00442031229899
0.00375499750259
0.00326236049953
0.003884338576
0.00412532217138
0.00283455357094
0.00267815599952
0.00282300873995
0.00259625670701
0.00250035448773
0.0024718889392
0.00281873274747
0.00309967837108
0.00274911687421
0.00262999611469
0.00264046383263
0.00266950785501
0.00335478995431
0.00367307026043
0.00265648407602
0.00371719833533
0.00388858510917
0.00466881481288
0.00769209305135
0.00788446921487
0.0104090364903
0.0114206597324
0.0101895942228
0.00771451746533
0.00736161982898
0.0130866709211
0.0137517941215
0.00308677448622
0.0031649546303
0.00320226881535
0.00328042515765
0.00242871259197
0.00263395612286
0.00311960776556
0.00322053227037
0.00255148161436
0.00297941345334
0.0104894270421
0.0103919879276
0.00849191973355
0.00612519555624
0.00638254970872
0.00668537472824
0.00693268557605
0.00828714629623
0.00798601916546
0.00827281829581
0.00732034891765
0.0094570055357
0.01067237949
0.0117627562731
0.010731538274
0.0070102426897
0.00650409596312
0.00780355701832
0.00627467978428
0.00315061087368
0.00334825308533
0.00322482804099
0.00359633510382
0.0029247317672
0.00359485062298
0.00443213215782
0.00463380364152
0.00310415503781
0.00496365450676
0.006213022856
0.00401618653673
0.00441017286188
0.00306207902713
0.00383970712836
0.00399625949069
0.00472584377003
0.00526983078801
0.00596655621615
0.00708406920995
0.00826812372013
0.0057098018536
0.00509276185463
0.00697137327865
0.00326561474269
0.00680824631695
0.00743986871772
0.0063579560653
0.007727981072
0.00595895981641
0.00838652031778
0.00970828569454
0.00815142985143
0.00873246414027
0.00826819076262
0.00678679431093
0.00745364974124
0.00609432542412
0.00450824370769
0.00273935391337
0.00439810998516
0.00434981486474
0.0048333613974
0.00414513112783
0.00353527482073
0.00392526477631
0.00355901785802
0.0046485711188
0.00361831321191
0.00359591335044
0.00406914491496
0.00316235666988
0.00368344328146
0.00445960175414
0.00372394985655
0.00479712857415
0.00432058986257
0.00398932123454
0.00373293177714
0.00326908030346
0.00304451787634
0.00394797376478
0.00306268807361
0.00360049251569
0.00331836157334
0.00380884177996
0.00437078569351
0.00292307005652
0.00308634383662
0.00389203256556
0.00322720033853
0.00441982472604
0.0044350579546
0.00353113435317
0.00364263596313
0.00452314991757
0.0045782912857
0.00465933546079
0.00421527136199
0.00492135974887
0.00592214927672
0.00504806302269
0.0050086823897
0.00529731619017
0.00488647989316
0.00413299617067
0.00379277778751
0.00330619691562
0.00402428643944
0.0042135737114
0.00332380368865
0.00272493492495
0.00368082117925
0.0127248221807
0.0148783334217
0.00970607491361
0.0124651937936
0.009793515531
0.00998912271381
0.005349121509
0.00834215456127
0.00637097933007
0.00310317923306
0.00437757747846
0.00364439433283
0.0039326489772
0.00389895189257
0.00323315476984
0.00417516105094
0.00496655076456
0.00946472076449
0.00902701434706
0.00278032210189
0.0029335416772
0.00286216777309
0.00265048753998
0.00291465007948
0.00332030588484
0.00297274606124
0.00343937376869
0.00369958639221
0.00385995350399
0.00394891382375
0.00359873300138
0.0061525968921
0.0069803110398
0.00312560619556
0.00570197303768
0.00472778266835
0.00414448027477
0.00398916260636
0.0052441656302
0.00369155590935
0.00292163412922
0.00294633325492
0.00396296179972
0.00712491578179
0.00593046558977
0.00650579618645
0.00464984367272
0.00516366208083
0.00436983106818
0.00406267287128
0.00420149690127
0.0121743924608
0.0134259762636
0.00547183582136
0.00803192789462
0.00562446736965
0.00617363888382
0.00620694774004
0.00654465854064
0.00826387149926
0.00856107199282
0.0073214728773
0.00716345767094
0.00875135398951
0.00580908033266
0.00866907759708
0.00729362769722
0.00729283844634
0.00663905936335
0.00670057605092
0.00850540178068
0.00454991691257
0.0048039401686
0.0056133316279
0.00577872060096
0.00698839531059
0.0070237165878
0.00617129391981
0.00627918236615
0.00607198705756
0.00422096253632
0.00505744468097
0.00640585599697
0.00517310128791
0.00857052873642
0.00818326066325
0.00833162483652
0.0106892585989
0.0106932739948
0.00934745091691
0.0078246574113
0.00692600080795
0.0092200076469
0.00823029761001
0.0087566085066
0.00854659355442
0.00859788617216
0.00763030043513
0.00863371641606
0.00754402982279
0.00521034897067
0.00356954395532
0.00448645731457
0.00418442216695
0.00549446817144
0.00548169648447
0.0123694486321
0.0141017228669
0.0144338136134
0.00806355470606
0.00674090521528
0.00651609348463
0.00609848118442
0.0050878082782
0.00552283224367
0.0073299853357
0.00774429931041
0.00436855346397
0.00328110728537
0.00393030476684
0.00494864432733
0.00337252683997
0.00463285921462
0.00506543044155
0.00337308098572
0.00458459625592
0.00406678047619
0.00485337789649
0.00535444929639
0.00408811623978
0.00492220858209
0.00615075546387
0.00320461991783
0.00302669319293
0.00271365939718
0.00250308704456
0.00270759572353
0.00221993601836
0.0021923756036
0.00274452012963
0.00241715028347
0.00297063758413
0.00296073262826
0.00252149887687
0.00365796834487
0.00429421555506
0.00497474635884
0.00341187549286
0.0028032944842
0.00302209568741
0.00380926955742
0.00321743686897
0.00253763459679
0.00257783161897
0.00300285421546
0.00593897866453
0.00475052502917
0.00354007082119
0.00783033252168
0.00372954921906
0.00467320180025
0.00388158592738
0.00466183564103
0.00462524341254
0.0048147444266
0.00372431711087
0.00367879631821
0.00313901691398
0.00493454481102
0.00299611893194
0.00420008703492
0.00316189453894
0.00813816386178
0.00962984260329
0.013168423002
0.00778449053999
0.00580808607992
0.00687888950692
0.00498592326468
0.0045751876178
0.00510639320616
0.00455579466413
0.00807570518155
0.00673957010735
0.00898463075067
0.00861077713673
0.00781191351761
0.00602636214434
0.00648406026811
0.00663316045832
0.0127336548922
0.00963469063854
0.00964190812121
0.00360338909159
0.00295409384588
0.0158543208776
0.0136940845935
0.0124921671641
0.0102073525853
0.0102703348417
0.0125701994433
0.0101231728603
0.0175321627658
0.0162822336145
0.0201753644439
0.020286344308
0.0129632925276
0.0125417428253
0.0135495673177
0.0107327639799
0.00950048801623
0.0100497012366
0.0129863606884
0.0135824032472
0.0182675557729
0.0165226034926
0.0215311497671
0.0134136415613
0.0120806737499
0.00936897316912
0.0105574938546
0.0120933814175
0.0099707216939
0.013135085616
0.0159709897081
0.012309729092
0.0141143802008
0.0136786716391
0.0123733275664
0.0134425912979
0.015037286492
0.0100561726751
0.0103629178108
0.00972538930088
0.0112125649031
0.011945059952
0.0109163218685
0.0126229670428
0.014988288677
0.0101210649491
0.00871953777577
0.00508682320874
0.00413558866491
0.00413485441932
0.00467439439407
0.00256675732235
0.00441159801224
0.0137964611307
0.00406935621182
0.00312597854901
0.00552001671091
0.00531192827154
0.00751593355327
0.00579491429805
0.0059921451604
0.00487372807418
0.00467094054429
0.00534723194148
0.00525268040704
0.00391341163579
0.00410534541321
0.00439830482838
0.00436997335444
0.0039935672245
0.00403241540205
0.0103433886937
0.00413324245414
0.00532786509086
0.00446251823024
0.00416322127808
0.00820678975133
0.0102888519279
0.00790722830892
0.00807722664187
0.00926490431317
0.00944080095187
0.0117039298693
0.0117575107634
0.00494152254385
0.00595169164098
0.0135654519258
0.012437212084
0.00961999509419
0.0091789873567
0.0111511077235
0.010020351031
0.00841380436514
0.00812763832374
0.00637049908247
0.00400519455103
0.00363754722436
0.00321934500884
0.002786014754
0.00398516852416
0.00357383053587
0.00430766735738
0.00285326420387
0.00262407688232
0.0058765220571
0.00189997830411
0.00187558084266
0.00235916487193
0.00208724767212
0.00301590078664
0.00294361856511
0.00290062227793
0.00260151706607
0.0026709714378
0.00341034136554
0.00546638782969
0.00417942384375
0.00393142659732
0.00349531996874
0.00456229690551
0.00387551109051
0.00297873775878
0.00366652098476
0.00306985464966
0.00324898630716
0.0033002298327
0.00295799292259
0.00263642742227
0.00402302506333
0.00409689352407
0.00357511415462
0.00240947570267
0.00221308231579
0.00486529906559
0.00492259180579
0.00595788215535
0.00558639459849
0.00524391515629
0.00467747937573
0.00571722080335
0.00490419099955
0.00838324662477
0.00722269683813
0.00826219692913
0.00727126999665
0.0125954598464
0.011828547433
0.00456071328636
0.00536648093605
0.00422730205541
0.00644142882665
0.00552215646087
0.00791279085948
0.00893890755478
0.00635183769933
0.00595189316833
0.00501538786543
0.00446943453977
0.00543664944351
0.00509699888643
0.00719365362509
0.00811395397473
0.00868298837894
0.00911862842747
0.00412825931858
0.00396958524828
0.00673896097243
0.00661685202006
0.0118333480155
0.00492596658168
0.00583729843471
0.00395601187803
0.00389609525928
0.00379436492167
0.00477938051646
0.00390221045685
0.00317920107808
0.00453964691437
0.00335091203389
0.00576135526903
0.00435417016086
0.00312266535458
0.00341441030059
0.0025887830007
0.00236518345332
0.00242945112097
0.00275021785919
0.003025769685
0.00280042829277
0.00388999757301
0.00252346930702
0.00312164862196
0.00359148721607
0.00298117011077
0.0044288315806
0.0033206257058
0.00456465472343
0.00770453933334
0.00927334524882
0.00796639041597
0.00716528905555
0.00549958732901
0.0100440991386
0.0104641222894
0.0132485567229
0.00339844814413
0.00291256031806
0.00429345199788
0.0049224266705
0.00708978703285
0.00899088932524
0.00551020346162
0.00405985120821
0.00604792417723
0.00589592045219
0.00631023110931
0.00335238559243
0.00526223471335
0.00819421691495
0.00675980462154
0.00962035305198
0.00953005006726
0.00557006966029
0.00430704777463
0.00463817643067
0.0042142632301
0.00479800448757
0.00492610768191
0.00477097207772
0.00570465157928
0.00783784615985
0.0036326502871
0.00936274073171
0.00636689404425
0.00569674285104
0.00630996067725
0.00220925591497
0.00190947474906
0.00195140004553
0.00247891355894
0.00230243307175
0.00366755150856
0.00265951592693
0.00214885053461
0.00267267835969
0.0028081167547
0.00540593431238
0.0041932897566
0.00569303788426
0.00543463113469
0.00486154185272
0.00799708771816
0.00988901686293
0.00941734387453
0.00909123303883
0.00590305534727
0.0112501420468
0.00880166797259
0.0110060448585
0.0107448807195
0.0105424365981
0.00577270246517
0.00544631045764
0.00536346479135
0.00721828886374
0.00559884449227
0.00604698499414
0.00632144692667
0.00738718165291
0.00489959915562
0.00437856042648
0.00421344492223
0.00546936490811
0.0146093847911
0.011772278263
0.0083020860697
0.00575660730104
0.00609923465189
0.0077261725154
0.0042883342464
0.00394192905729
0.00275613908233
0.0133630930142
0.0144008255807
0.0102254821236
0.0117462405789
0.00986387503794
0.0113071793335
0.0104648295909
0.0139311024486
0.0143021435886
0.00286771971126
0.0123466693972
0.00864018946474
0.00967622836518
0.00962203554881
0.00373469416427
0.00322935635284
0.00340510585455
0.00253133906294
0.00280502785483
0.00310896621726
0.00367322606105
0.00337148820824
0.00635904450312
0.00556970442738
0.00646116432065
0.0111312448941
0.00687425666399
0.00904874948907
0.0070956581792
0.00869968620882
0.00631846912385
0.00539079070274
0.0044484675508
0.00648441939783
0.00554652012196
0.00545709056099
0.00669372830909
0.00546364897805
0.00547303901463
0.00487491100457
0.0049531598087
0.00570657424673
0.00697275178517
0.00747864666936
0.0109789086581
0.00975504239655
0.00668837524729
0.00498041969197
0.00580876588909
0.00648687489343
0.00718975524794
0.0075511045183
0.00624850590904
0.00793875589658
0.0066189103514
0.00763827398071
0.00829878450643
0.0110807696328
0.00713518705536
0.00483207397852
0.00287473168506
0.00207599106319
0.00198043194852
0.00257488509679
0.00198798097021
0.00168860136992
0.0018157866771
0.0024228988519
0.00304407658165
0.00187021675848
0.00164631512602
0.00259091526692
0.00667793928171
0.00765113822972
0.00674481472612
0.00724516461021
0.00542165126196
0.00601451094458
0.00645929804561
0.00745536290495
0.0116293739421
0.00810973819764
0.00980689470663
0.00588894600024
0.00644277873174
0.00675549902586
0.00842935503852
0.00712877563822
0.0051252785216
0.00388550831401
0.00448561853071
0.00437543492562
0.00855185446223
0.00767662374795
0.00734741817156
0.00390955552761
0.00474672543962
0.00509684465612
0.00365895289059
0.00359016346158
0.00377618311335
0.00463052468113
0.0034446708211
0.00668604946239
0.00301693600968
0.00297017040815
0.00286036284887
0.00316885344428
0.00272242307867
0.00279076377914
0.00316703247722
0.00304591613942
0.00410639785988
0.00366255265945
0.00355217788171
0.00685140534682
0.00973274291755
0.00886246083127
0.00730926248047
0.00368105817858
0.00311926004058
0.0028440131314
0.00170956008414
0.00167652179158
0.00227004486903
0.00208413009407
0.00194062961954
0.0024859302852
0.0021546025666
0.00224076682759
0.00216171047762
0.00296654107368
0.00222987175296
0.00234982937869
0.00166674479795
0.00184491038852
0.00409731878078
0.00304703653154
0.00344441107164
0.00478961470449
0.00382785550441
0.00315227871907
0.0043332424396
0.00299419611214
0.00632552308019
0.00554890165237
0.00436136027109
0.00452149109209
0.00472868255066
0.00423884043782
0.0106960929773
0.00941642437149
0.00284097926735
0.00304376912965
0.00288513399427
0.00416303688948
0.00631441424657
0.00843296020192
0.00559944001548
0.00574068274199
0.00611756498009
0.00837039212409
0.00761933160484
0.00476526187947
0.00371604921199
0.00368810305217
0.00395894763083
0.00483661067841
0.00389086867843
0.0068930931756
0.00671587284002
0.00344593374956
0.00187503138026
0.00191745611102
0.0031624063493
0.00400764493136
0.00527030144977
0.00743061944165
0.00494761915187
0.00884008586242
0.00700234979293
0.00527402813515
0.0045357255197
0.00370034535951
0.00365763483737
0.0061846285051
0.00810209595455
0.00513261116416
0.00449165743513
0.00424036968616
0.0049046103618
0.00777168448094
0.00948404381858
0.00519313357557
0.00561934424371
0.00362152814121
0.00331413033694
0.00356453758084
0.00439186682481
0.00363376954287
0.00338719027379
0.00534382068007
0.00288648215467
0.00492129412229
0.0034367189015
0.00348791613759
0.00466645987395
0.00395454336222
0.00354163867413
0.0033796929644
0.0032052835795
0.00441588307941
0.0034091591747
0.00417956603526
0.00578242896146
0.00540353664951
0.00332387625347
0.00390641323974
0.00492943618816
0.00452647600735
0.00655682060719
0.00506344683844
0.00510084461282
0.00551553627012
0.00541869300664
0.00445179885377
0.00375196360563
0.00669726293754
0.00582115133424
0.00400029041654
0.00327753505127
0.00403806385849
0.00973752724289
0.00783172020689
0.00910319688536
0.010457754656
0.00713610515159
0.00743196620852
0.00659410165357
0.00773938253318
0.00294999737469
0.00616239810291
0.00456434438937
0.00461671714304
0.00501192844887
0.00554082164653
0.00477509187786
0.00509523073154
0.00323170309035
0.00363837789743
0.00360104312671
0.00308871278166
0.00350044732997
0.00439963926765
0.00347849760969
0.00325024801358
0.00293187375832
0.00254331540646
0.00238939215273
0.00258448179476
0.00261901835069
0.00401563598388
0.00343338064763
0.00457835666996
0.00330084212457
0.00505052982024
0.00358321374375
0.00739472380556
0.00659775605724
0.00355269784893
0.00690066096687
0.00404398382598
0.00471958949035
0.00213589339085
0.00244346338448
0.00189261582788
0.00177675664508
0.0022078850056
0.00306862164061
0.0036596990142
0.00254419372497
0.00164734469406
0.00243002158194
0.00131511575413
0.00147133929019
0.0019605988744
0.00179663244564
0.00170455510263
0.00221362942547
0.00201412530822
0.00187398477671
0.0026094425836
0.00246751357412
0.00183447026931
0.00176210438998
0.00157097255426
0.00131439052527
0.00202656023845
0.00263679169716
0.00145729284785
0.00161811082457
0.00251381160662
0.00368671273789
0.00313232981649
0.00234948456547
0.00290794056967
0.00218524799211
0.00235907212116
0.00580239985747
0.00520821986612
0.00519307534631
0.00464389763363
0.00244480013639
0.00257845257795
0.0028777179931
0.00292628618936
0.00460214013705
0.00525686447706
0.00524706109739
0.00323391478523
0.0040023752406
0.0047306788857
0.00293794505424
0.00226401143888
0.00272366881428
0.00240524147519
0.00492293781098
0.00616075326931
0.0030417804901
0.00301491633153
0.00358934437954
0.00382553485465
0.00405278159232
0.0048225591387
0.00476711404961
0.00285047590311
0.00292607027362
0.0029840901238
0.00302084333398
0.00346918746923
0.00343198713801
0.00329299924025
0.00338943961585
0.00453162600304
0.0046087642227
0.00525368496274
0.00296052784708
0.0030693964761
0.00296795218346
0.00300235026056
0.00315105698295
0.00293836097782
0.00351702576533
0.00312942691589
0.00396659728181
0.0033647387099
0.00367507820509
0.00337188223529
0.00756972308986
0.00655085780995
0.0034820596143
0.00497969417892
0.00601479715349
0.00339799959826
0.0051692461237
0.00554881677173
0.00281432270823
0.00292235465647
0.0025112762435
0.00318372142914
0.00304882691705
0.00371443813656
0.00354092766096
0.00335698511495
0.00735658644427
0.00558365548118
0.00459349521051
0.00444334401012
0.00364878825316
0.00464170795526
0.00246319034343
0.00311462949951
0.00308026541755
0.00353584803508
0.00421186034268
0.00378015773426
0.00401603724489
0.00577104362499
0.00332594627148
0.00315682546761
0.00320498945337
0.00328013415952
0.00322567437916
0.00407578928469
0.00501073024748
0.00788132760137
0.00546873639483
0.00307919309994
0.00360859350787
0.00299847897908
0.00320710572518
0.00249991092346
0.00254117493009
0.00249423034211
0.0035210272688
0.00387158573862
0.0075167725434
0.00567490387635
0.00792320621635
0.0087565655271
0.00426502081432
0.00435761237389
0.00286694503439
0.00205677903495
0.00219014188574
0.00252655736246
0.00312080338547
0.00321724056132
0.00340431281186
0.00297116010325
0.0034962537466
0.00379051743433
0.00548934341205
0.00438873552305
0.00466924375751
0.00441924366153
0.00469544204302
0.00579959958496
0.00719207627512
0.00742547761666
0.00397741957481
0.00294345514671
0.00356113620587
0.00329020951812
0.00514321660829
0.00726333228912
0.00647175804046
0.00520893871093
0.0052581474435
0.00614377830187
0.00297804210631
0.00382445889494
0.00282628111837
0.00279856112048
0.00249086098319
0.00330765011072
0.00220005025811
0.00329523965201
0.00570679202693
0.00798682750239
0.00389197982614
0.00376286247123
0.00358614584831
0.00293426023395
0.00237787493802
0.00403090002231
0.00494148983358
0.00416808178793
0.00255368774971
0.00303403228934
0.00301446408837
0.00431269997906
0.00334149473442
0.00315907185517
0.00317682765088
0.00405531763756
0.00353251732932
0.00381394465644
0.00570002259115
0.00352152454201
0.00225678337539
0.002804916558
0.0031834303262
0.00297147470028
0.0035691287521
0.0039042367617
0.00559489526906
0.00369166875171
0.00788622254656
0.00573565658368
0.00404444919243
0.00446750948886
0.00645247894584
0.00689747159722
0.00297860733411
0.00367325853321
0.00507398939085
0.00367899442471
0.00382078841537
0.00317909987042
0.00348539887823
0.00427419097081
0.00280122351753
0.00306131961619
0.00286882047647
0.00238420595491
0.00249086483276
0.00226118495079
0.00222867563245
0.00275930957636
0.00311018599784
0.00305733089879
0.00349792399376
0.00384007173699
0.00365501476118
0.00402971967154
0.00272148080435
0.00254176496387
0.00255975815926
0.00289555515115
0.00569242019969
0.00837739634254
0.0049700776049
0.00732129052189
0.00618437956358
0.00445476660169
0.00277972894139
0.0025842170489
0.00259570224268
0.0022518935161
0.00251960406504
0.00178719802487
0.00171638469283
0.00219090925152
0.00158252260042
0.00828683421406
0.00571880570203
0.00286408462843
0.00309498945909
0.00267153551311
0.00160475851118
0.00683139776544
0.0064061154853
0.00254301989459
0.00266305382919
0.00195771168373
0.00182433114621
0.00280935493385
0.00285514766766
0.003233668618
0.00226023510878
0.00215825817752
0.0029971086995
0.00259161366331
0.00199250528439
0.00176661054889
0.001859856613
0.00234073194625
0.00496835099779
0.00509843849251
0.00202395025834
0.00130636454865
0.00203371470807
0.00147039795832
0.00200671793969
0.0023570605643
0.00165827845053
0.00174870267059
0.00191577955592
0.00219958629347
0.00220053397392
0.00188148346735
0.00342354826177
0.00444408755102
0.00439023736775
0.0032491204179
0.00427659852216
0.00288080004536
0.0021782260307
0.00245863310962
0.0018223743357
0.00285834505745
0.00297975767863
0.00182149669402
0.00336408793287
0.0037338633485
0.00289673610959
0.00396065680349
0.00336918057022
0.00359249751717
0.00292013327641
0.00344830203331
0.00376625553622
0.00410297111561
0.00446839382696
0.00370705328852
0.00298388623693
0.00343685903468
0.00364999475048
0.00492459673074
0.0043661647931
0.00481779330713
0.00387802489824
0.00205325076077
0.00208700215297
0.0026880203719
0.00191518788665
0.00881956693567
0.00860146887958
0.00260123299955
0.00194751986437
0.00183484308287
0.00177602397556
0.00227901559315
0.00228006897763
0.00230842593742
0.0020910169607
0.00244311662765
0.0018447325959
0.00421990911967
0.00453969113025
0.00473892409633
0.00475332489395
0.00371196717252
0.00290972522808
0.00347096135799
0.00350944622072
0.00496687303619
0.00418285103363
0.002360391671
0.00245694298783
0.00204472071939
0.00256058787484
0.00169697743832
0.00141695105201
0.00139107455966
0.00153901373934
0.00370323665896
0.00277605434346
0.00167456084329
0.00159412582666
0.0015162984285
0.00223281316809
0.00296804433178
0.00202342053683
0.00241391773388
0.00171859992922
0.00199183378895
0.00169210585162
0.00498769945277
0.00553337079142
0.00523260256642
0.00472211017419
0.00368969043803
0.00426109374779
0.00386546358712
0.0039367387607
0.0025002173733
0.00363843414887
0.00143466101458
0.00182124712625
0.00127525844961
0.00166175877085
0.00179247968415
0.00169876906174
0.00253601186515
0.00196678389851
0.00172348670797
0.00205566344489
0.00262170968402
0.00268631004477
0.00564280708283
0.00735753359314
0.00489550827543
0.00335965112832
0.00249677790787
0.0027481073797
0.00138607853708
0.00171526365235
0.00169615350167
0.00144201631223
0.00107082724074
0.00203928263396
0.00216794079488
0.00155590264975
0.00256477140212
0.00283363098859
0.00196897000695
0.0019763381322
0.00248005609871
0.0025514169488
0.00369413257042
0.00327816585436
0.00398558749137
0.00364825008822
0.00290757981759
0.00260600394433
0.00207227272097
0.00197585295086
0.00251661526353
0.00296723978302
0.00376094151971
0.00229080295312
0.00290654139882
0.0027383917685
0.00247511949433
0.00238899628344
0.0023133743067
0.00223661692442
0.0028453134219
0.00195416621909
0.0030669002337
0.00281585880944
0.00299022516255
0.00253207520612
0.00224662599562
0.00230457718046
0.00208895221943
0.00261046148059
0.00318265372924
0.00226009890174
0.00271469948109
0.00243746890472
0.002249417017
0.00192396854887
0.00200105395924
0.00184076020667
0.00164632948717
0.00217717725531
0.00171538802775
0.0034520430319
0.00365782024308
0.00304244704777
0.00263817429762
0.0026670133987
0.00311380730053
0.00499557119897
0.00491949110939
0.00385656545762
0.00433677213776
0.00529409318573
0.00475437694373
0.00286071914625
0.00187797300741
0.00190106066736
0.00252805795408
0.00280733712497
0.00205914742275
0.00239807642115
0.00201950721245
0.00230363912984
0.00183221829662
0.00181401883348
0.00213937694079
0.00309760542522
0.00348503974246
0.00672632290592
0.00826183857778
0.00662076389327
0.00739082487307
0.00659998713018
0.0077385949708
0.00223624856894
0.00183107805368
0.00200233024538
0.00204285973998
0.00363029420507
0.00551267061936
0.00188012081037
0.00166043641205
0.00196067715642
0.00180379393986
0.00275315737657
0.00264395411896
0.00203727215244
0.00303121698576
0.00440660428457
0.00415397875978
0.00551948388986
0.00581340128174
0.00618592403619
0.00421404687474
0.00342772400417
0.0032157776341
0.00367152608345
0.00445984774461
0.00396374862431
0.00400721406287
0.00478473709384
0.00393776623963
0.00473783443424
0.00582713932468
0.00170641353349
0.00194148245383
0.00260812892347
0.00185205959895
0.00379286386479
0.00332850722504
0.00348023293897
0.00369763914557
0.00277773001228
0.00284579295693
0.00291109782558
0.00361124826606
0.00387637643089
0.00379365476069
0.00653080281064
0.00365240754993
0.00382234420975
0.00453309195257
0.005922201408
0.00438700531424
0.00597654388868
0.00796927723448
0.00301421196756
0.00293495857587
0.00318574785657
0.00351299588339
0.00345998759485
0.00323533698532
0.00370899089697
0.00443911361637
0.0078717690983
0.00594382656548
0.00546611296089
0.00514217735463
0.00453054484326
0.00588404996062
0.0037474724665
0.00289932518606
0.00350792900441
0.00298468178644
0.0046537933022
0.00466945205917
0.00279709077392
0.00317477786769
0.0098079963788
0.00811933286834
0.00641184008639
0.00501083055556
0.00568846360758
0.00425851600244
0.00621872920901
0.00489263264536
0.00484469315059
0.00677643589258
0.00407996744102
0.00369725584373
0.00507479778065
0.00576182713692
0.00651353209722
0.00405847360181
0.00419749674172
0.00468247720033
0.00206346936719
0.00194898124235
0.002208891443
0.00248091499401
0.0022490164935
0.0018812200427
0.00192463595549
0.00284778396535
0.00330534643129
0.00254042773327
0.00303428744461
0.00269817194638
0.00516771589767
0.00210482887128
0.00203709858968
0.00277371933789
0.00269523854306
0.0135569617049
0.00704645244176
0.00933355286403
0.00415613357138
0.00379169217032
0.00295440754459
0.00458647824447
0.00588024391659
0.00481403453126
0.00232577176193
0.00246679622954
0.00146818737188
0.000912882661952
0.000951339153661
0.00100004327369
0.000819130664579
0.000812573001976
0.000900925642412
0.000972289828343
0.00181761312269
0.00161798485857
0.00186399162299
0.00202541145045
0.00245574915713
0.00151989917242
0.00213308664568
0.00350642257635
0.0012483358354
0.00193196842066
0.00183318185548
0.00234986991909
0.00180959855455
0.00214106343138
0.00867529369623
0.010531886583
0.00433767436141
0.00382012034684
0.00405002627123
0.00246390754247
0.0061209285739
0.00235892411098
0.00321655670348
0.00281235025452
0.00339549670957
0.0053767411969
0.00598318503437
0.00523026284494
0.00524129205823
0.0036734837145
0.00320752857988
0.00300363047412
0.00371207879558
0.00426537291807
0.00351143578106
0.00354659071001
0.00298808416402
0.00381142047651
0.00336711822114
0.00303790906774
0.00419812763358
0.00314962850604
0.00298518480811
0.00313182723553
0.00361131346991
0.00472516159995
0.00340527539868
0.003451556585
0.00420487912098
0.00457708237982
0.00373569786932
0.00329649593558
0.00574956226171
0.00338923792542
0.00488400378186
0.00403582716443
0.00646524149223
0.00382638817688
0.00479079151419
0.00481022604449
0.0042611166155
0.00401251373121
0.00341039133831
0.00376699932874
0.00467874810757
0.00478909806073
0.00651303658468
0.00413377478802
0.00483687634517
0.00436748202466
0.00690021901417
0.0085365090264
0.00662242053029
0.00513568817292
0.00621493470069
0.00458285990611
0.00418514425153
0.00324542032638
0.00439749567321
0.00355673256428
0.00350609512356
0.00248143709719
0.00269906479513
0.00330703888815
0.00432171665276
0.0052131728683
0.00501095567058
0.00506279824251
0.00499011115232
0.0044454270059
0.00715186147111
0.00771295704488
0.0119358821381
0.00813501050879
0.00571134433663
0.00544888816254
0.00363320030872
0.00385573533995
0.00436393715078
0.00383275511412
0.0019631905634
0.00274607179668
0.0024991994166
0.00296546455095
0.00144425998467
0.00139496886825
0.00109263253182
0.00116663253291
0.00106159113457
0.0011460581516
0.00128240286462
0.00145515773057
0.00214332768263
0.00268174996611
0.00211382336009
0.00265252501723
0.00268439173407
0.00276402240456
0.00243766528835
0.00325919205085
0.00284125019796
0.00475862666117
0.00567776071421
0.0047160486626
0.0040088890954
0.00383237588095
0.00404188847119
0.00335506168562
0.00316123106771
0.00279676882318
0.00335066461062
0.00243533467935
0.00292092557882
0.00178307623099
0.00186054924083
0.00361202153763
0.00392983542367
0.00336259658154
0.00307541146212
0.00433532911149
0.00667873092383
0.0063327548195
0.00504127469216
0.00498535299253
0.00473641562848
0.00385838987952
0.00293188112911
0.00435982404608
0.00408521697196
0.00212228033124
0.00228336577943
0.00202964643232
0.00179638919663
0.00176582258845
0.00217910628142
0.00286998474364
0.00322686064254
0.00266039745763
0.00317714491412
0.00199752648118
0.00140793608711
0.00173863503519
0.00151180937416
0.00413256680745
0.00432093050138
0.00274839561431
0.00270241141426
0.00267792348282
0.00270447384559
0.00427784451372
0.00549674639358
0.00335961765089
0.00327910816134
0.0029885488397
0.00529109258718
0.00469526331726
0.00470410647432
0.0128450696032
0.0105332613144
0.00416015859393
0.00347293572249
0.00371648923183
0.0034483544738
0.00487351219564
0.00439612872253
0.00604324430868
0.00404693487164
0.00239505331888
0.0022950422946
0.00318669335588
0.00195308512951
0.00428654684458
0.00496784842147
0.0123309486459
0.00723385706029
0.00329372632292
0.00452463340392
0.004495377032
0.00615021072714
0.00804100381859
0.00969065260429
0.00699514202682
0.00462017440315
0.00590690958492
0.00454640480071
0.00371115385141
0.00232404625033
0.00200740764513
0.00213351506353
0.00164364624837
0.00451796545458
0.00381442634934
0.00401815469955
0.0048849535453
0.00332832410565
0.00254778548091
0.00285122708887
0.00281769077836
0.00264510075055
0.0026836175435
0.00298546095528
0.00313418934788
0.00251343396248
0.00192635733262
0.00297048465863
0.00314230030131
0.00348281599415
0.00314912996401
0.00243475766689
0.00185897714195
0.00234826401191
0.0020343650437
0.00335017029905
0.00316405140575
0.00284777377715
0.0033439173511
0.00304517274469
0.0028910889577
0.00266646354445
0.00257108382435
0.00701687700333
0.0074982404645
0.00371270198938
0.00508234621602
0.00309807819488
0.00356233804906
0.0033339962434
0.00372749345416
0.00791875154825
0.00924333043043
0.00460056251024
0.00368166461425
0.00377594676082
0.00367747052531
0.0028632978492
0.00266127382096
0.00244556753292
0.00279504466386
0.00314377785526
0.00354966868619
0.00237903675632
0.00329673302082
0.002787060177
0.00300739177571
0.00272925930419
0.00417763129956
0.00467996935141
0.00361103456556
0.00259024405339
0.00321705941903
0.0027772382869
0.00244393010918
0.00292023200951
0.00279402553783
0.00295745186561
0.00293253506442
0.00575722010717
0.00677056874416
0.00355578433751
0.00259743727731
0.00466404715902
0.00628890592016
0.00547964459128
0.00358867080953
0.00331841750404
0.00387807849724
0.00456968813139
0.00507279855941
0.00487159961727
0.00276482989712
0.00173310375576
0.00188335684402
0.00146272790777
0.00179882062495
0.00184924219028
0.0018374556151
0.00160393285356
0.0019462617914
0.00140832689615
0.00270165245087
0.0025576858745
0.00167510451567
0.00282535067839
0.00285506533742
0.00190539424441
0.00161088173827
0.00203267914379
0.00194902045571
0.00492378324749
0.00479665662207
0.00345913305656
0.00345774097503
0.00102132524515
0.000826256416891
0.00112987818503
0.000929299098135
0.00156384035927
0.00181255877239
0.00166713268723
0.00152657197681
0.00177040670533
0.00161183665286
0.00637624069639
0.00789942793754
0.00258011876978
0.00374887554792
0.00510379886031
0.00324624319365
0.00265972629197
0.00347021569457
0.00237038878775
0.00132292654942
0.0068022344851
0.00522275522779
0.00247539681408
0.00226600178949
0.00268136302478
0.00234884962452
0.00414595955431
0.00416840405931
0.00376713367082
0.00336416452222
0.00244991478392
0.00223854322401
0.00269797280318
0.00228435074219
0.0047393443868
0.00483748448575
0.00285758650337
0.0050493443614
0.00353337047431
0.00358505553313
0.00446008351484
0.00297369464402
0.00321943793037
0.0024567922093
0.0016523783224
0.00132669607039
0.00124736696868
0.00142591529522
0.00207462029193
0.00200944085847
0.00553645045305
0.00498335768084
0.00272101294016
0.00278003041725
0.00309493556635
0.00266216220702
0.00326857435613
0.0027232009585
0.00224453499982
0.00265214129975
0.00265495799804
0.00263904872928
0.00291803419224
0.00286499030724
0.00222804733432
0.0024823419905
0.00232618091126
0.00267077877143
0.00241649078552
0.00281561917984
0.00266661411449
0.00310102081044
0.00276864022562
0.00286640263884
0.00305316020676
0.00251769233006
0.00273639732598
0.00306081805255
0.00283287941785
0.00232757997647
0.00278323617262
0.00261593186369
0.00277703951923
0.00255246167079
0.00294157495791
0.00257401563075
0.00447579628365
0.00431972505655
0.00255223929123
0.00260307638645
0.0031363539853
0.00259526028091
0.00573332993372
0.00352746591239
0.00412718532691
0.00343918580721
0.00395278757491
0.00361771606122
0.00569864336492
0.00508167730018
0.00350963856704
0.00379921217059
0.00362700389712
0.0040525370564
0.00241632512417
0.00404164357745
0.00315128157417
0.00427307487178
0.0022356487925
0.00191030415175
0.0019805922797
0.00233490825899
0.00418430528424
0.00380033375624
0.00571411830231
0.0064549763917
0.00404714238852
0.00407708211768
0.00791018473152
0.0072961276715
0.00282948835955
0.00209902450975
0.00224111161824
0.00239629635713
0.00131056528377
0.00106418756469
0.00108833236735
0.00132743482486
0.00144324609602
0.00168636311102
0.00247826872928
0.00216009911342
0.00260484839332
0.00251147840827
0.00213971600954
0.00226607811013
0.00303508770133
0.00510808441055
0.00269799563315
0.00340382845228
0.00161733431054
0.00133719203692
