0.0904031504796
0.105026376074
0.0395494201824
0.0682357896006
0.0549360854031
0.0643940202808
0.0293744068508
0.0343360836032
0.0432514860549
0.0370607963645
0.0354966231939
0.0482409561
0.0217827231846
0.0131529245517
0.0264225197516
0.0427603317667
0.0320780845615
0.0237482163255
0.0150798022032
0.0176693922554
0.0212786483436
0.0203226145909
0.0226560534615
0.0539148806954
0.0373320584828
0.0361078704951
0.0189770756959
0.0187000764099
0.0134321606799
0.0177653660355
0.0219550101469
0.0222595835302
0.0207885096992
0.020539083204
0.0318382911761
0.0192571894377
0.0194763112369
0.0160001866303
0.0251070550023
0.0141103530354
0.010199151514
0.00985358017222
0.00974879347218
0.00994413361075
0.00843842650863
0.0137571433492
0.0135518337385
0.00722117780738
0.00750840315171
0.0107837173832
0.00872673601291
0.0108747557898
0.00949471379565
0.0084408989148
0.00723819039336
0.00685076228922
0.0148138118865
0.0174404565152
0.0305235168411
0.00536206774716
0.00474604062114
0.00617764552254
0.00809117892811
0.0108170769545
0.012651555225
0.0114719320555
0.00879164700413
0.00648968400736
0.030695498483
0.0261341290376
0.0434015729672
0.0436941610211
0.0629284494918
0.0671529600422
0.0432614268528
0.0516433580093
0.0284802627531
0.0198493408919
0.0319608014673
0.0179512786688
0.0174811380724
0.0289799521212
0.024187877657
0.00851037260314
0.0257245747584
0.0268280693557
0.0133567570235
0.021544766884
0.0118251504557
0.00569196424657
0.00581937287877
0.00776455957694
0.00580578355056
0.00598269263646
0.00576135789266
0.00534811376612
0.00854098082801
0.00741971631084
0.00496611005878
0.00705783301367
0.00726335424183
0.015940722747
0.0159963748797
0.0231785505344
0.010676348438
0.00758429855021
0.00706219017306
0.00678413665783
0.00488212040971
0.00548024794214
0.00461333390072
0.00580775244151
0.00470398928761
0.00667900453575
0.00757604513302
0.00642127111963
0.0103117024568
0.00639503022013
0.00755210048488
0.007520492558
0.00754503369623
0.00647777238683
0.0117317084476
0.0120952468444
0.0114136221898
0.00795919078641
0.0119508069443
0.0136942832564
0.0120192189297
0.00788681969283
0.0118320599858
0.0106377180725
0.00927508092021
0.00919290366358
0.00874696415489
0.00858636195593
0.00885437827709
0.0101962266255
0.0119823763413
0.00742328362917
0.00863486189153
0.00769119692996
0.0330463442168
0.00793548306357
0.0121146566411
0.0123513681438
0.0126355531606
0.00908177944595
0.0168311304679
0.0168757326092
0.0229453116593
0.0581163964274
0.0675175281427
0.0247460131637
0.0281155652624
0.0351607249664
0.0302537749367
0.0263444183691
0.0306953375598
0.00872194742202
0.00741759410331
0.0105543458525
0.0207432356354
0.0128216971731
0.0120152116504
0.00900518994239
0.00915596691284
0.00945641796952
0.0110853883644
0.00825873373475
0.00713686629917
0.00972689988541
0.0212512043475
0.0122795827616
0.0154033428645
0.0151073293469
0.0125301218439
0.0249627083417
0.010585747186
0.00793076546982
0.0131609558431
0.0135853251944
0.0144200299968
0.0104006774814
0.00789260764695
0.00679579687164
0.00809790408965
0.00732567260132
0.00750069557462
0.00883329069235
0.00850093562679
0.00823695956951
0.0084395766113
0.00828797328221
0.00738732255067
0.011866283069
0.00777650995783
0.00851874590208
0.0134008848521
0.00766053912052
0.0129469031086
0.00614435534392
0.00780226326778
0.0107356328893
0.00580516852806
0.00554334368833
0.00555035996367
0.00727545658807
0.0106808815477
0.0104347622122
0.00668781234389
0.00619009500862
0.0121085519762
0.0105653941374
0.0108021307035
0.00719031713684
0.00851529932918
0.00539048128028
0.00949726698318
0.00708777462593
0.00763202839501
0.00693645844739
0.00780730444512
0.00961052342649
0.00961509559544
0.00720772776152
0.010236343879
0.00864271323049
0.00676544555613
0.00602852996966
0.00883081737568
0.0100004526685
0.00716197694312
0.00844185264336
0.00982500938777
0.0134151572988
0.00912532842795
0.00966742632418
0.00779035370353
0.0409051805532
0.0370920095289
0.0491067775726
0.0213173722219
0.0492441099064
0.0264916175024
0.0125029620503
0.00809163327634
0.00836636535295
0.00786982557525
0.00809372609026
0.00926909564074
0.0102647180175
0.016981685235
0.00923578980522
0.00810224729091
0.011414187723
0.0115210229784
0.0205217271054
0.0217601998225
0.0150000936813
0.0124747024616
0.0203318189109
0.0122225158353
0.0128431892842
0.0112519327636
0.0148242846894
0.0106152300895
0.0150384939018
0.00916451460912
0.013376848117
0.00975423032428
0.0101131572182
0.00740432668679
0.0100743131844
0.011504517729
0.0111259036505
0.00853138105661
0.0124653847692
0.0105714824596
0.0102109384247
0.0115922282492
0.00989397600467
0.00813066551153
0.00725527871818
0.00820695381763
0.00697144565022
0.00753273320867
0.010067685016
0.0093784419933
0.0106135453378
0.0183456589487
0.0158171831951
0.0199665570519
0.0226435977681
0.0102435537811
0.0128426328836
0.0217983827801
0.0238517804816
0.0134066564809
0.0097055898458
0.0115055641507
0.00917431005007
0.00845871083965
0.0076479237876
0.00725199471085
0.0078897748693
0.00976485083832
0.00686115906564
0.00634746273588
0.0107208713437
0.00969302123464
0.00965497428918
0.00842214463414
0.0136320371201
0.00392657835613
0.00379928815145
0.00837698989919
0.00715651855988
0.00787368060676
0.00763301600217
0.00903396354509
0.00697342990674
0.00795546964942
0.00799384039608
0.00478013808025
0.0039727616418
0.00518632126042
0.00428999650711
0.0042997117856
0.00356934376073
0.00427800902121
0.00416048224014
0.0050419108388
0.00602290635021
0.00713257064555
0.0133892847892
0.0194809588753
0.00910658347324
0.00754599104308
0.00731372212242
0.00512137073806
0.00337949895386
0.00277077284431
0.0034256284385
0.00291213220317
0.00389749547206
0.00355738947581
0.0215955704678
0.0247376871918
0.00733317254422
0.00809792882553
0.0099332793681
0.0107543697867
0.00352202962421
0.00329375054266
0.00389438171638
0.00359266516689
0.0295392407008
0.0293615631151
0.0169433081603
0.0148654016769
0.0151784619046
0.0164165083577
0.0267699071233
0.0271545135235
0.0244639730724
0.0196360505703
0.0183551571608
0.0167288424582
0.0354444997512
0.0368607856569
0.0208318057387
0.0227138545717
0.0172834363385
0.0188488095694
0.00537566922788
0.00387381773321
0.00618503984008
0.00624254190913
0.00773319103208
0.006172955695
0.00508847070606
0.00359220208102
0.00557287606269
0.00375272863087
0.00658668269603
0.00734101158413
0.00678881231247
0.00493508555958
0.00398310087589
0.0027457395906
0.00280674146848
0.00242191760072
0.00303899430669
0.00352719941462
0.00273729185739
0.00243254030719
0.00255400761333
0.00236391790297
0.00382283172976
0.003492867246
0.00387956441801
0.00387244949518
0.00486079847409
0.00420457489608
0.00435474786753
0.00510927931413
0.00815677955984
0.0296858497908
0.0331673800101
0.0495803285212
0.0324232754102
0.0366866357204
0.0431845394635
0.0394095341374
0.0390939879113
0.0349113000445
0.00516396894274
0.00740856454731
0.00716295468409
0.0075823468277
0.00775115822041
0.00972217825415
0.00846058681783
0.00892748416719
0.00953606723156
0.0235282464024
0.0196495082839
0.0217141256914
0.0296498833645
0.0324440403045
0.0267405145182
0.0222586523257
0.0298911185427
0.019883877229
0.0129545554231
0.0106458241071
0.0142768145569
0.0154810193949
0.0222187464797
0.0402241282662
0.0155362921534
0.0140235348604
0.0219155970511
0.0209832264955
0.0119826243943
0.00807756321545
0.00652038960693
0.0061733548814
0.00785597891899
0.00762207797401
0.00806608458187
0.0088894013746
0.0060359079414
0.00582958025472
0.00725390448279
0.0068292501123
0.0091116855672
0.00519206147269
0.00998714978176
0.0104199158993
0.00653498676285
0.00909930219523
0.00843725277531
0.0104324157564
0.00828316065799
0.00793124713167
0.00834601783054
0.00794277300496
0.00898805554073
0.00900460052183
0.00678403507467
0.00522282602522
0.00328259793443
0.00501686745816
0.00313879347279
0.0024543059369
0.00259028123515
0.00286106810715
0.0033736930801
0.00362436736625
0.00271862743041
0.00665495415739
0.00686200915372
0.00481729709339
0.0038099177554
0.00507990602156
0.00810944282371
0.00376783493111
0.00403717389065
0.00402261460286
0.00427868095678
0.0103616875246
0.00945347584255
0.00852410114944
0.00947458915254
0.0101717671953
0.00964842889725
0.01147000429
0.0085595218575
0.0120361916836
0.0165646888957
0.0179867001561
0.0150781716946
0.0105237387018
0.012183856309
0.0136049240773
0.0183476523904
0.00867526846398
0.00742590651546
0.00640415949319
0.00787487930591
0.0255790527074
0.0298103184505
0.00702019357095
0.00513938744113
0.00547738227611
0.00568250824482
0.0055255553535
0.00471897100563
0.00487908085339
0.00447535224488
0.0059198500569
0.00624185181379
0.00679970728277
0.0067410735173
0.00887337753012
0.00475865260148
0.00565879246158
0.00587415859064
0.00601098905939
0.00788632710715
0.00656523666139
0.00542156892876
0.00589091925134
0.00740686817709
0.00962572556399
0.0059543394818
0.00961966494938
0.0112545456661
0.00912459358931
0.00647262360491
0.00821225370281
0.0059366345681
0.00648381489282
0.00673527080433
0.00448788613287
0.0177373966384
0.0210185812132
0.0110958980084
0.0156260626369
0.011965080077
0.00912642627595
0.012444590449
0.0150486186339
0.00324150941261
0.00704583949583
0.00456830708073
0.00353534875906
0.00289991574891
0.00324353977458
0.0033692649477
0.00505288266867
0.0108403324239
0.00546360545633
0.010650182889
0.0109553857341
0.00630888697377
0.00541431284174
0.0103076731685
0.00819119075199
0.00873898907289
0.00674893532078
0.0270291496827
0.023597581971
0.022171873778
0.0185539881242
0.0167462468216
0.0155286029344
0.0138496463833
0.0130699358442
0.0163714156495
0.0143059278217
0.0155170568455
0.0161242742229
0.0171387563534
0.0164399311099
0.0156082183522
0.0190059833687
0.0219334110513
0.0244172455672
0.0245348674743
0.0224379082625
0.0207700967949
0.00886698215569
0.00937831246978
0.0101660838966
0.00871336008524
0.0101998214117
0.00880974305251
0.0122958902729
0.0229419149294
0.00836315650753
0.00644635868495
0.00618172118773
0.0047584169877
0.00690896032497
0.0129834747133
0.0100537819916
0.00937575734446
0.00643083795123
0.00928924499426
0.0063199791643
0.00859812697909
0.00912688100773
0.00771343476894
0.0111471229547
0.0109644110904
0.012059202454
0.0144172496454
0.0108873909856
0.021120697691
0.0319811516404
0.0217209741243
0.0131714454239
0.0135538193206
0.0175132489453
0.0114175398305
0.0125335795247
0.00650894006277
0.00894695327465
0.00517336547983
0.00666825653049
0.0099288556615
0.00674031788589
0.017925395309
0.0208543404542
0.0220023055667
0.0121340887083
0.0103082486649
0.0123747567723
0.0136877832396
0.0191949646444
0.0166385594929
0.0131575812932
0.0139997938826
0.0130930792431
0.0117337775064
0.0137265124681
0.0162355472202
0.00867615089732
0.00938159840156
0.0108881164084
0.0089123437931
0.00890585719218
0.010520971747
0.00922368676766
0.0100506754486
0.0119011790734
0.0114628937593
0.0109369265869
0.0105499827133
0.0133379355949
0.0298527803883
0.024871915842
0.0454621141182
0.0290495236145
0.01238101785
0.0121614319179
0.0144594852693
0.0137819486344
0.0163244410432
0.0143561434726
0.0188235585602
0.0142134901097
0.0198739194232
0.0221601144543
0.0284465947924
0.0221313630788
0.0171946333804
0.020953243526
0.038250447293
0.0434409555317
0.0116746247751
0.0114753986919
0.0116071904503
0.0146354306269
0.0107529500681
0.0112722040253
0.0258160141767
0.0137878781044
0.0122272047578
0.010811785529
0.0207359209539
0.0385913464494
0.0148703943028
0.0129029683799
0.00974241100114
0.0136817640427
0.00972864687259
0.0113230250483
0.0127771332455
0.011053164311
0.0129454010361
0.013926963976
0.0159022417115
0.0203327110633
0.0160773924841
0.018945486311
0.0137897740919
0.0122350357902
0.0122292637663
0.0151607736388
0.0280267397869
0.022062116959
0.0331860939246
0.042380048428
0.00572192410052
0.00445822697936
0.0051404411576
0.0052479923169
0.00578635195301
0.00616260231768
0.00584813952931
0.00925940063006
0.0241949940926
0.02335745144
0.0162054529849
0.0117534768678
0.00927852249647
0.0133126816896
0.016492859354
0.0158744920555
0.00744944087699
0.00557134345966
0.00605226039411
0.00696357113705
0.00686227855672
0.00700362159404
0.0103976024068
0.0160981001601
0.0100408275989
0.0120357852155
0.0135851125387
0.00624218565327
0.00721450644287
0.00653614612112
0.00991947049674
0.00587256157519
0.00685211720166
0.00909101016395
0.0102067775108
0.0154099267925
0.0208885851997
0.0150920605301
0.0139172372881
0.00590395772884
0.00395544945016
0.00461170135212
0.00494173992918
0.00700260402556
0.00666800776891
0.0323488320989
0.0217224203548
0.0109431127851
0.00786256101071
0.00913545702182
0.0112444795277
0.00854969768541
0.008362509204
0.0144080254184
0.00915590757309
0.00669255091446
0.00712080717796
0.00599268368504
0.00609440266059
0.00506801480186
0.00653561959757
0.00902392868079
0.0130908611033
0.0065628359936
0.00535671091976
0.0109540603792
0.0170958283186
0.00958037404373
0.00771437645467
0.00673718983511
0.00655099317284
0.00794300907226
0.00725763353952
0.0150624444377
0.0112310769681
0.017119349399
0.0152299897526
0.0153937130553
0.0177257756379
0.0272522579143
0.0222604220369
0.0147068919257
0.0127303720771
0.013936378203
0.0140743863968
0.013669132354
0.0119772721743
0.0138098397677
0.0128197368783
0.0251349332931
0.0233000735999
0.0272427209505
0.0279313299984
0.0301110620467
0.0317245077117
0.00214295883839
0.00203141076073
0.00238558232204
0.00250090112459
0.0110748456946
0.0108740969332
0.00911259414887
0.0137909826801
0.0054954904775
0.00541300577328
0.00852027113346
0.00921363480135
0.0217797106211
0.0346960457085
0.0112981427129
0.0110146034545
0.0126475498724
0.0137314209536
0.0191962018981
0.016947696554
0.0294024360948
0.0275782101882
0.00354380531881
0.00402084539963
0.00358728385061
0.00346907563251
0.0190438210697
0.0209185185461
0.00832599583382
0.0117092050224
0.00988890158642
0.0151003387077
0.0272164004564
0.0187960410146
0.00767670451184
0.00503214079423
0.0251122702808
0.025824361642
0.0256944224317
0.0244133013038
0.0271347077594
0.0289739601074
0.0282220477648
0.0320948587952
0.0680702584219
0.094357537608
0.00490387806339
0.00455477367857
0.00527469200578
0.00544781963053
0.0256611334669
0.031457312031
0.00909680885744
0.00841367576753
0.0179815272826
0.0171446303607
0.0175884019677
0.0182661423186
0.0257505457622
0.0339117999125
0.0214462409643
0.0201127303892
0.0173779997414
0.0179674445074
0.0227790277421
0.0216948289741
0.0146712006745
0.0151338555168
0.0153725764453
0.0153059110323
0.0234618117315
0.0222266645449
0.0045342887039
0.00385834581005
0.00427373151882
0.00440023284174
0.00582436184527
0.00677358949379
0.0068926441588
0.00647853007746
0.0061541719723
0.00635510850986
0.0134158569907
0.0126554974499
0.0145580571773
0.0144781797201
