0.478727069164
0.478727069164
0.478727069164
0.478727069164
0.478727069164
0.478727069164
0.478727069164
0.478727069164
0.478727069164
0.478727069164
0.139300145008
0.165396134562
0.139300145008
0.139300145008
0.263775270793
0.263775270793
0.263775270793
0.263775270793
0.263775270793
0.263775270793
0.139300145008
0.165396134562
0.139300145008
0.139300145008
0.263775270793
0.263775270793
0.155043214092
0.139300145008
0.139300145008
0.165396134562
0.139300145008
0.139300145008
0.263775270793
0.263775270793
0.263775270793
0.263775270793
0.139300145008
0.155043214092
