0.0826980672812
0.034825036252
0.034825036252
0.069650072504
0.0413490336405
0.0413490336403
0.0413490336405
0.0413490336408
0.0348250362519
0.034825036252
0.0348250362519
0.0348250362519
0.0348250362519
0.0348250362519
0.034825036252
0.0174125181259
0.0174125181259
0.017412518126
0.017412518126
0.017412518126
0.0174125181259
0.017412518126
0.0348250362521
0.0206745168202
0.017412518126
0.0174125181259
0.017412518126
0.017412518126
0.017412518126
0.034825036252
0.00870625906299
0.00870625906294
0.00870625906301
0.00870625906295
0.00870625906295
0.00870625906294
0.00870625906302
0.00870625906302
0.00870625906294
0.00870625906294
0.00870625906294
0.00870625906299
0.0696500725038
0.034825036252
0.034825036252
0.017412518126
0.017412518126
0.0174125181259
0.0174125181259
0.0174125181259
0.017412518126
0.00870625906301
0.00870625906295
0.00870625906295
0.00870625906294
0.00870625906302
0.00870625906302
0.008706259063
0.00870625906299
0.00870625906299
0.00870625906299
0.017412518126
0.008706259063
0.00870625906295
0.00870625906299
0.00870625906295
0.008706259063
0.008706259063
0.008706259063
0.00870625906303
0.00870625906303
0.00870625906297
0.0103372584101
0.0103372584101
0.0103372584101
0.0103372584101
0.01033725841
0.01033725841
0.01033725841
0.01033725841
0.0103372584101
0.0103372584101
0.0103372584101
0.0103372584101
0.0103372584101
0.0103372584101
0.0103372584101
0.0103372584101
0.00870625906303
0.00870625906303
0.017412518126
0.0174125181259
0.017412518126
0.017412518126
0.008706259063
0.008706259063
0.008706259063
0.008706259063
0.00870625906294
0.00870625906294
0.00870625906294
0.008706259063
0.0103372584101
0.0103372584102
0.0103372584102
0.0103372584102
0.0103372584102
0.0103372584102
0.0103372584101
0.0103372584102
0.008706259063
0.00870625906294
0.00870625906294
0.00870625906294
0.00870625906295
0.00870625906295
0.00870625906294
0.00870625906301
0.00870625906294
0.00870625906294
0.008706259063
0.00870625906294
0.0103372584102
0.0103372584101
0.00870625906296
0.00870625906302
0.00870625906302
0.00870625906302
0.00870625906302
0.00870625906302
0.00870625906302
0.00870625906302
0.00870625906302
0.00870625906302
0.00870625906302
0.00870625906302
0.00870625906302
0.0174125181259
0.0174125181259
0.017412518126
0.017412518126
0.017412518126
0.0174125181259
0.0174125181259
0.017412518126
0.0103372584102
0.0103372584102
0.0103372584101
0.0103372584102
0.00870625906295
0.00870625906295
0.00870625906301
0.00870625906294
0.008706259063
0.00870625906294
0.00870625906294
0.00870625906294
0.0413490336407
0.0413490336406
0.017412518126
0.017412518126
0.00870625906302
0.00870625906302
0.00870625906302
0.00870625906302
0.0174125181259
0.017412518126
0.017412518126
0.0174125181259
0.017412518126
0.017412518126
0.017412518126
0.0206745168203
0.0174125181259
0.017412518126
0.017412518126
0.017412518126
0.017412518126
0.017412518126
0.017412518126
0.0174125181259
0.0206745168204
0.0206745168204
0.017412518126
0.00870625906302
0.00870625906302
0.00870625906296
0.00870625906302
0.0103372584101
0.0103372584102
0.0103372584102
0.0103372584102
0.0103372584102
0.0103372584102
0.0103372584102
0.0103372584102
0.0103372584102
0.0103372584102
0.0103372584102
0.00870625906294
0.00870625906294
0.00870625906294
0.008706259063
0.00870625906294
0.00870625906302
0.00870625906302
0.00870625906301
0.00870625906299
0.00870625906299
0.008706259063
0.00870625906301
0.00870625906299
0.00870625906301
0.008706259063
0.00870625906302
0.00870625906302
0.00870625906302
0.00870625906302
0.00870625906296
0.00870625906302
0.00870625906302
0.00870625906296
0.0103372584101
0.0103372584102
0.0103372584102
0.0103372584102
0.0103372584102
0.0103372584102
0.0103372584102
0.0103372584102
0.0103372584102
0.0103372584102
0.0103372584102
0.0103372584101
0.0174125181259
0.00870625906294
0.00870625906294
0.0103372584101
0.0103372584101
0.0103372584101
0.0103372584101
0.0206745168201
0.0206745168201
0.0206745168202
0.0206745168202
0.0206745168202
0.017412518126
0.017412518126
0.017412518126
0.017412518126
0.00870625906303
0.00870625906297
0.00870625906299
0.00870625906299
0.00870625906301
0.0206745168202
0.0206745168204
0.0206745168204
0.0206745168204
0.0206745168204
0.0206745168202
0.0103372584102
0.0103372584102
0.0103372584102
0.0103372584102
0.0206745168202
0.0206745168202
0.0206745168201
0.0206745168201
0.0206745168202
0.0206745168202
0.0103372584101
0.0103372584101
0.0103372584101
0.0103372584101
0.008706259063
0.008706259063
0.008706259063
0.008706259063
0.008706259063
0.00870625906295
0.00870625906295
0.00870625906299
0.008706259063
0.00870625906299
0.00870625906299
0.00870625906299
0.00870625906303
0.00870625906303
0.008706259063
0.00870625906297
0.017412518126
0.017412518126
0.008706259063
0.008706259063
0.008706259063
0.008706259063
0.008706259063
0.00870625906306
0.00435312953144
0.00435312953144
0.00435312953152
0.00435312953144
0.00435312953152
0.00435312953146
0.00435312953146
0.00435312953144
0.0043531295315
0.0043531295315
0.0043531295315
0.00435312953144
0.0043531295315
0.00435312953151
0.00435312953151
0.00435312953151
0.00870625906299
0.00870625906299
0.0174125181259
0.017412518126
0.00870625906301
0.00870625906295
0.00870625906295
0.00870625906294
0.00870625906308
0.00870625906301
0.00435312953145
0.00435312953145
0.0043531295315
0.00435312953147
0.0043531295315
0.0043531295315
0.0043531295315
0.0043531295315
0.00435312953145
0.00435312953149
0.00435312953149
0.0043531295315
0.00435312953154
0.00435312953154
0.00435312953149
0.0043531295315
0.00217656476575
0.00217656476575
0.00217656476575
0.00217656476575
0.00217656476575
0.00217656476575
0.00217656476574
0.00217656476575
0.00217656476575
0.00217656476574
0.00217656476574
0.00217656476574
0.00217656476577
0.00217656476577
0.00217656476574
0.00217656476575
0.00870625906287
0.00870625906295
0.00870625906301
0.00870625906302
0.0043531295315
0.0043531295315
0.00435312953151
0.00435312953147
0.00435312953147
0.00435312953151
0.00435312953151
0.00435312953151
0.0043531295315
0.0043531295315
0.00516862920509
0.00516862920509
0.00516862920509
0.00516862920509
0.00516862920509
0.00516862920509
0.00516862920509
0.00516862920509
0.00516862920509
0.00516862920509
0.0174125181259
0.0174125181259
0.0043531295315
0.0043531295315
0.0043531295315
0.0043531295315
0.00435312953151
0.00435312953151
0.00435312953151
0.00435312953147
0.00435312953147
0.0043531295315
0.00435312953151
0.0043531295315
0.00217656476575
0.00217656476575
0.00217656476576
0.00217656476575
0.00217656476576
0.00217656476575
0.00217656476572
0.00217656476575
0.00217656476573
0.00217656476573
0.00217656476576
0.00217656476572
0.00435312953147
0.00435312953147
0.00435312953147
0.0043531295315
0.00435312953152
0.0043531295315
0.017412518126
0.017412518126
0.00870625906302
0.00870625906299
0.008706259063
0.008706259063
0.008706259063
0.008706259063
0.008706259063
0.008706259063
0.008706259063
0.00870625906299
0.00870625906302
0.008706259063
0.00870625906307
0.00435312953151
0.00435312953151
0.00435312953151
0.00435312953151
0.00435312953152
0.00435312953152
0.00435312953153
0.00435312953151
0.0043531295315
0.0043531295315
0.0043531295315
0.00435312953151
0.00435312953151
0.00435312953154
0.00435312953151
0.00435312953154
0.00435312953148
0.00435312953149
0.00435312953149
0.00435312953151
0.0043531295315
0.0043531295315
0.0043531295315
0.0043531295315
0.0043531295315
0.0043531295315
0.0043531295315
0.0043531295315
0.00435312953151
0.00435312953151
0.00435312953151
0.00435312953148
0.00870625906294
0.00870625906294
0.008706259063
0.00870625906294
0.0174125181259
0.017412518126
0.00870625906308
0.00870625906308
0.008706259063
0.017412518126
0.017412518126
0.008706259063
0.008706259063
0.008706259063
0.008706259063
0.00870625906299
0.00870625906299
0.00870625906299
0.008706259063
0.0174125181259
0.0174125181259
0.0043531295315
0.0043531295315
0.00435312953147
0.00435312953144
0.00516862920509
0.00516862920509
0.00516862920509
0.00516862920509
0.00516862920509
0.00516862920509
0.00516862920509
0.00516862920509
0.00516862920509
0.00516862920509
0.00516862920509
0.00516862920506
0.00516862920509
0.00516862920509
0.00516862920509
0.00516862920509
0.00516862920509
0.00516862920509
0.00516862920509
0.0043531295315
0.0043531295315
0.0043531295315
0.0043531295315
0.0043531295315
0.0043531295315
0.00435312953151
0.00435312953147
0.00435312953147
0.00435312953151
0.00435312953151
0.00435312953151
0.017412518126
0.00870625906302
0.00870625906302
0.00870625906302
0.00870625906296
0.00870625906296
0.00870625906302
0.0348250362521
0.0348250362521
0.034825036252
0.034825036252
0.0206745168204
0.0206745168204
0.0206745168204
0.0206745168203
0.0174125181259
0.017412518126
0.017412518126
0.017412518126
0.017412518126
0.017412518126
0.0348250362519
0.034825036252
0.0206745168202
0.0206745168202
0.008706259063
0.008706259063
0.008706259063
0.008706259063
0.00870625906299
0.00870625906295
0.00870625906295
0.008706259063
0.008706259063
0.00870625906299
0.00870625906299
0.00870625906299
0.0174125181259
0.0174125181259
0.017412518126
0.0174125181259
0.017412518126
0.017412518126
0.017412518126
0.017412518126
0.0103372584101
0.0103372584102
0.0103372584102
0.0103372584102
0.0206745168204
0.0206745168204
0.0206745168202
0.0206745168204
0.00870625906294
0.00870625906294
0.00870625906294
0.008706259063
0.017412518126
0.0174125181259
0.017412518126
0.017412518126
0.0206745168204
0.0206745168204
0.0103372584102
0.0103372584102
0.0103372584102
0.0103372584102
0.00870625906294
0.00870625906294
0.00870625906294
0.008706259063
0.00870625906294
0.00870625906302
0.00870625906302
0.00870625906301
0.00870625906294
0.00870625906295
0.00870625906301
0.00870625906295
0.00870625906299
0.00870625906299
0.008706259063
0.00870625906301
0.00870625906294
0.00870625906294
0.008706259063
0.00870625906294
0.00870625906301
0.00870625906302
0.00870625906302
0.00870625906294
0.00870625906299
0.00870625906299
0.00870625906301
0.008706259063
0.00870625906294
0.00870625906295
0.00870625906295
0.00870625906301
0.00870625906299
0.00870625906299
0.00870625906299
0.008706259063
0.00870625906295
0.00870625906295
0.00870625906299
0.008706259063
0.008706259063
0.008706259063
0.008706259063
0.008706259063
0.01033725841
0.01033725841
0.01033725841
0.01033725841
0.0103372584101
0.0103372584101
0.0103372584101
0.0103372584101
0.00870625906297
0.00870625906303
0.00870625906303
0.008706259063
0.00870625906299
0.00870625906295
0.008706259063
0.00870625906295
0.008706259063
0.008706259063
0.008706259063
0.008706259063
0.00870625906299
0.00870625906299
0.008706259063
0.00870625906299
0.00870625906302
0.00870625906302
0.00870625906302
0.00870625906302
0.017412518126
0.017412518126
0.00870625906294
0.00870625906294
0.008706259063
0.00870625906294
0.00870625906294
0.00870625906295
0.00870625906295
0.00870625906301
0.00870625906299
0.00870625906299
0.00870625906299
0.008706259063
0.008706259063
0.00870625906303
0.00870625906297
0.00870625906303
0.0103372584101
0.0103372584101
0.0103372584101
0.0103372584101
0.0103372584101
0.0103372584101
0.0103372584101
0.0103372584101
0.008706259063
0.008706259063
0.008706259063
0.008706259063
0.008706259063
0.00870625906295
0.00870625906295
0.00870625906299
0.008706259063
0.00870625906299
0.00870625906299
0.00870625906299
0.00870625906303
0.00870625906303
0.008706259063
0.00870625906297
0.008706259063
0.008706259063
0.008706259063
0.008706259063
0.00870625906299
0.00870625906299
0.008706259063
0.00870625906299
0.00870625906294
0.00870625906302
0.00870625906302
0.00870625906301
0.00870625906294
0.00870625906295
0.00870625906301
0.00870625906295
0.00870625906299
0.00870625906299
0.008706259063
0.00870625906301
0.00870625906299
0.00870625906299
0.00870625906301
0.008706259063
0.00870625906294
0.00870625906295
0.00870625906295
0.00870625906301
0.0174125181259
0.017412518126
0.00870625906299
0.00870625906299
0.00870625906299
0.008706259063
0.008706259063
0.008706259063
0.008706259063
0.008706259063
0.008706259063
0.00870625906299
0.00870625906299
0.00870625906299
0.00870625906301
0.00870625906295
0.00870625906294
0.00870625906295
0.017412518126
0.0174125181259
0.00870625906299
0.00870625906299
0.008706259063
0.00870625906299
0.00870625906297
0.00870625906297
0.00870625906294
0.00870625906301
0.008706259063
0.00870625906294
0.00870625906294
0.00870625906294
0.0174125181259
0.017412518126
0.017412518126
0.017412518126
0.017412518126
0.017412518126
0.00870625906294
0.00870625906295
0.00870625906301
0.00870625906301
0.00870625906301
0.00870625906304
0.017412518126
0.017412518126
0.008706259063
0.008706259063
0.008706259063
0.008706259063
0.00870625906296
0.00870625906302
0.00870625906302
0.00870625906302
0.00870625906302
0.00870625906302
0.00870625906302
0.00870625906302
0.00217656476575
0.00217656476575
0.00217656476575
0.00217656476575
0.00217656476576
0.00217656476576
0.00217656476575
0.00217656476576
0.00258431460254
0.00258431460254
0.00258431460254
0.00258431460254
0.00258431460254
0.00258431460254
0.00258431460254
0.00258431460256
0.00870625906302
0.00870625906302
0.00870625906302
0.00870625906302
0.00870625906302
0.00870625906302
0.00870625906302
0.00870625906302
0.00435312953151
0.0043531295315
0.0174125181259
0.0174125181259
0.0043531295315
0.0043531295315
0.0043531295315
0.0043531295315
0.00217656476575
0.00217656476575
0.00217656476575
0.00217656476575
0.00217656476576
0.00217656476576
0.00217656476576
0.00217656476575
0.00217656476575
0.00217656476575
0.00217656476575
0.00217656476575
0.00258431460256
0.00258431460254
0.00258431460254
0.00258431460254
0.00516862920509
0.00516862920509
0.0043531295315
0.00435312953151
0.034825036252
0.034825036252
0.0206745168204
0.0206745168204
0.0206745168203
0.0206745168204
0.0206745168203
0.0206745168203
0.0206745168203
0.0206745168203
0.017412518126
0.017412518126
0.0174125181259
0.017412518126
0.017412518126
0.0174125181259
0.0174125181259
0.017412518126
0.0206745168202
0.0206745168201
0.0206745168203
0.0206745168201
0.0206745168203
0.0206745168202
0.0206745168202
0.0206745168202
0.017412518126
0.017412518126
0.017412518126
0.017412518126
0.00870625906299
0.00870625906301
0.00870625906293
0.00870625906299
0.00435312953151
0.00435312953151
0.0043531295315
0.00435312953144
0.00435312953151
0.0043531295315
0.00217656476572
0.00217656476572
0.00217656476575
0.00217656476572
0.00217656476575
0.00217656476575
0.00217656476575
0.00217656476572
0.00217656476575
0.00217656476575
0.00217656476575
0.00217656476575
0.00217656476572
0.00217656476572
0.00217656476575
0.00217656476572
0.0103372584102
0.0103372584102
0.00516862920509
0.00516862920509
0.00516862920509
0.00516862920511
0.00516862920506
0.00516862920509
0.00516862920509
0.00516862920509
0.00516862920509
0.00516862920509
0.00516862920509
0.00516862920509
0.0043531295315
0.00435312953151
0.0043531295315
0.0043531295315
0.00217656476574
0.00217656476574
0.00217656476575
0.00217656476574
0.00217656476575
0.00217656476575
0.00217656476575
0.00217656476575
0.00217656476573
0.00217656476573
0.00217656476573
0.00217656476575
0.00217656476574
0.00217656476577
0.00217656476575
0.00217656476577
0.00217656476575
0.00217656476573
0.00217656476573
0.00217656476573
0.00217656476575
0.00217656476575
0.00217656476575
0.00217656476575
0.00217656476575
0.00217656476575
0.00217656476575
0.00217656476575
0.00217656476575
0.00217656476575
0.00217656476575
0.00217656476575
0.00217656476575
0.00217656476575
0.00217656476575
0.00217656476575
0.0043531295315
0.0043531295315
0.0043531295315
0.00435312953149
0.00435312953151
0.00435312953151
0.0043531295315
0.0043531295315
0.00258431460251
0.00258431460251
0.00258431460254
0.00258431460248
0.00258431460249
0.00258431460246
0.00258431460249
0.00258431460249
0.00258431460248
0.00258431460251
0.00258431460251
0.00258431460254
0.00258431460254
0.00258431460251
0.00258431460248
0.00258431460251
0.00516862920508
0.00516862920502
0.00516862920502
0.00516862920505
0.00516862920508
0.00516862920507
0.00516862920507
0.00516862920507
0.00870625906304
0.00870625906304
0.0043531295315
0.0043531295315
0.0043531295315
0.00435312953151
0.00870625906301
0.00870625906305
0.00435312953148
0.00435312953149
0.00435312953149
0.00435312953151
0.0043531295315
0.0043531295315
0.0043531295315
0.0043531295315
0.0043531295315
0.0043531295315
0.0043531295315
0.0043531295315
0.00435312953151
0.00435312953151
0.00435312953151
0.00435312953148
0.00435312953147
0.00435312953147
0.00435312953147
0.0043531295315
0.00435312953144
0.00435312953143
0.00435312953143
0.0043531295315
0.00435312953151
0.00435312953151
0.0043531295315
0.00435312953151
0.0043531295315
0.0043531295315
0.00435312953144
0.0043531295315
0.00435312953152
0.00435312953149
0.00217656476575
0.00217656476575
0.00217656476575
0.00217656476574
0.0043531295315
0.0043531295315
0.00435312953149
0.00435312953148
0.0043531295315
0.0043531295315
0.0043531295315
0.0043531295315
0.00435312953145
0.00435312953149
0.0043531295315
0.0043531295315
0.00217656476575
0.00217656476575
0.00217656476575
0.00217656476575
0.00217656476575
0.00217656476575
0.00217656476575
0.00217656476575
0.00217656476576
0.00217656476576
0.00217656476576
0.00217656476575
0.00217656476575
0.00217656476575
0.00217656476575
0.00217656476575
0.00258431460256
0.00258431460254
0.00258431460254
0.00258431460254
0.00258431460254
0.00258431460254
0.00258431460254
0.00258431460254
0.00258431460254
0.00258431460254
0.00258431460254
0.00258431460254
0.00258431460254
0.00258431460254
0.00258431460254
0.00258431460254
0.00258431460254
0.00258431460254
0.00258431460254
0.00258431460254
0.00258431460254
0.00258431460254
0.00258431460254
0.00258431460254
0.00258431460254
0.00258431460254
0.00258431460254
0.00258431460254
0.00258431460254
0.00258431460254
0.00258431460254
0.00258431460254
0.00258431460254
0.00258431460254
0.00258431460254
0.00258431460254
0.00258431460254
0.00258431460254
0.00258431460254
0.00258431460254
0.00516862920506
0.00516862920506
0.00258431460254
0.00258431460254
0.00258431460254
0.00258431460254
0.00516862920509
0.00516862920509
0.00516862920509
0.00516862920509
0.00870625906294
0.00870625906294
0.00870625906297
0.00870625906296
0.0043531295315
0.0043531295315
0.0043531295315
0.0043531295315
0.00870625906297
0.00870625906296
0.00870625906297
0.00870625906297
0.0043531295315
0.0043531295315
0.0043531295315
0.0043531295315
0.0043531295315
0.0043531295315
0.0043531295315
0.0043531295315
0.0043531295315
0.0043531295315
0.0043531295315
0.00435312953151
0.00435312953151
0.00435312953151
0.00435312953148
0.00435312953151
0.00435312953151
0.00435312953151
0.008706259063
0.00870625906307
0.00870625906299
0.00870625906307
0.008706259063
0.00870625906299
0.00870625906299
0.00870625906288
0.008706259063
0.00870625906303
0.00435312953144
0.00435312953144
0.0043531295315
0.00435312953144
0.00870625906296
0.008706259063
0.0103372584102
0.0103372584102
0.0103372584102
0.0103372584102
0.00516862920509
0.00516862920512
0.00516862920509
0.00516862920512
0.00516862920506
0.00516862920507
0.00516862920507
0.00516862920509
0.00516862920508
0.00516862920508
0.00516862920508
0.00516862920508
0.0103372584102
0.0103372584102
0.00516862920509
0.00516862920509
0.00516862920509
0.00516862920506
0.0103372584101
0.0103372584102
0.0103372584102
0.0103372584101
0.0043531295315
0.00435312953154
0.00435312953149
0.00435312953154
0.00870625906291
0.00870625906294
0.0103372584101
0.0103372584102
0.00516862920504
0.00516862920505
0.00516862920507
0.00516862920506
0.00516862920505
0.00516862920505
0.00516862920505
0.00516862920505
0.00516862920505
0.00516862920504
0.00516862920501
0.00516862920507
0.00870625906302
0.00870625906302
0.00516862920509
0.00516862920509
0.0103372584102
0.0103372584101
0.00516862920509
0.00516862920509
0.00516862920509
0.00516862920506
0.00870625906301
0.00870625906295
0.00870625906294
0.00870625906295
0.0043531295315
0.0043531295315
0.00435312953151
0.00435312953147
0.00435312953151
0.00435312953151
0.00435312953151
0.00435312953147
0.0043531295315
0.0043531295315
0.0043531295315
0.0043531295315
0.00435312953149
0.00435312953145
0.0043531295315
0.00435312953145
0.00435312953149
0.0043531295315
0.0043531295315
0.0043531295315
0.0043531295315
0.0043531295315
0.0043531295315
0.0043531295315
0.00217656476575
0.00217656476575
0.00217656476575
0.00217656476575
0.00516862920505
0.00516862920505
0.00516862920499
0.00516862920505
0.00516862920497
0.00516862920494
0.00516862920504
0.00516862920499
0.00258431460253
0.00258431460253
0.00258431460254
0.00258431460253
0.00258431460251
0.00258431460251
0.00258431460254
0.00258431460251
0.00258431460251
0.00258431460254
0.00258431460254
0.00258431460254
0.00516862920501
0.0051686292051
0.00435312953147
0.00435312953148
0.00217656476575
0.00217656476577
0.00217656476577
0.00217656476577
0.00217656476575
0.00217656476575
0.00217656476575
0.00217656476577
0.00217656476575
0.00217656476575
0.00217656476575
0.00217656476575
0.00435312953148
0.00435312953148
0.00435312953148
0.0043531295315
0.0043531295315
0.0043531295315
0.00435312953149
0.0043531295315
0.00870625906302
0.00870625906302
0.00435312953151
0.00435312953151
0.00435312953151
0.00435312953151
0.00435312953151
0.00435312953151
0.00217656476576
0.00217656476576
0.00217656476576
0.00217656476576
0.00217656476576
0.00217656476576
0.00217656476576
0.00217656476576
0.00435312953151
0.00435312953151
0.0103372584102
0.0103372584102
0.0103372584102
0.0103372584102
0.00870625906294
0.008706259063
0.0043531295315
0.0043531295315
0.0043531295315
0.00435312953144
0.00435312953144
0.0043531295315
0.0043531295315
0.00435312953151
0.00435312953152
0.00435312953152
0.0043531295315
0.00435312953151
0.0103372584101
0.0103372584101
0.0043531295315
0.0043531295315
0.00435312953149
0.0043531295315
0.00435312953148
0.00435312953148
0.00435312953148
0.0043531295315
0.00435312953151
0.0043531295315
0.0043531295315
0.0043531295315
0.00870625906302
0.00870625906297
0.00435312953147
0.00435312953151
0.00435312953151
0.00435312953151
0.0043531295315
0.0043531295315
0.0043531295315
0.0043531295315
0.0043531295315
0.0043531295315
0.00258431460253
0.00258431460254
0.00258431460251
0.00258431460254
0.00258431460254
0.00258431460251
0.00258431460251
0.00258431460251
0.00258431460254
0.00258431460254
0.00258431460251
0.00258431460254
0.00258431460251
0.00258431460251
0.00258431460254
0.00258431460253
0.0051686292051
0.00516862920505
0.0051686292051
0.00516862920507
0.00435312953148
0.00435312953149
0.00435312953149
0.00435312953151
0.00435312953149
0.00435312953149
0.0043531295315
0.00435312953149
0.00435312953151
0.00435312953152
0.00435312953152
0.00435312953151
0.00435312953151
0.00435312953154
0.00435312953151
0.00435312953154
0.00435312953154
0.00435312953153
0.0043531295315
0.00435312953147
0.00217656476575
0.00217656476575
0.00217656476575
0.00217656476575
0.00258431460254
0.00258431460254
0.00258431460254
0.00258431460254
0.00870625906302
0.00870625906302
0.00870625906302
0.00870625906302
0.00217656476576
0.00217656476575
0.00217656476576
0.00217656476576
0.00435312953161
0.00435312953152
0.0043531295315
0.0043531295315
0.0043531295315
0.0043531295315
0.00435312953148
0.00435312953148
0.00435312953147
0.00435312953151
0.00870625906297
0.00870625906291
0.0043531295315
0.00435312953151
0.00258431460254
0.00258431460254
0.00870625906302
0.00870625906302
0.00435312953151
0.00435312953151
0.00217656476576
0.00217656476576
0.00217656476576
0.00217656476576
0.00870625906302
0.00870625906302
0.00435312953151
0.00435312953151
0.00435312953151
0.00435312953151
