0.139300145008
0.165396134562
0.139300145008
0.263775270793
0.165396134562
0.139300145008
0.139300145008
0.165396134562
0.263775270793
0.263775270793
0.139300145008
0.165396134562
0.139300145008
0.139300145008
0.139300145008
0.165396134562
0.139300145008
0.165396134562
0.139300145008
0.139300145008
0.0718769946212
0.0711160394571
0.139300145008
0.155043214092
0.0711160394571
0.0816431562015
0.0693683880734
0.0783121273256
0.137167836572
0.165396134562
0.139300145008
0.139300145008
0.263775270793
0.263775270793
0.0711160394571
0.0718769946212
0.0718769946212
0.0711160394572
0.0711160394571
0.0816431562016
0.0693683880733
0.0783121273257
0.0693683880734
0.0816431562013
0.0783121273255
0.0711160394571
0.0816431562015
0.0693683880734
0.0783121273256
0.159303590694
0.137167836572
0.0718769946212
0.0711160394571
0.139300145008
0.263775270793
0.263775270793
0.0783121273255
0.0816431562015
0.0693683880733
0.0711160394572
0.137167836572
0.159303590694
0.0693683880733
0.0816431562015
0.0711160394572
0.0783121273255
0.0711160394571
0.071876994621
0.0711160394571
0.071876994621
0.0711160394572
0.0816431562015
0.0693683880733
0.0783121273255
0.159303590694
0.137167836572
0.071876994621
0.0711160394571
0.0791472460302
0.0783121273256
0.0718769946211
0.0711160394571
0.0711160394571
0.0816431562016
0.0693683880734
0.0783121273256
0.0813566637162
0.0783121273256
0.0711160394572
0.0718769946212
0.137167836572
0.159303590694
0.0783121273257
0.0816431562016
0.0693683880733
0.0711160394571
0.137167836572
0.159303590694
0.0711160394572
0.0816431562015
0.0693683880733
0.0783121273255
0.0360323044519
0.0373604992665
0.0783121273255
0.0791472460301
