0.00841976869995
0.00841976869997
0.00841976869998
0.00841976869994
0.00736127932661
0.00736127932661
0.00736127932661
0.00736127932661
0.00814747784516
0.00814747784516
0.00814747784516
0.00814747784516
0.0085781491214
0.0085781491214
0.0085781491214
0.0085781491214
0.00789998281484
0.00789998281484
0.00789998281484
0.00789998281484
0.00870179344913
0.00870179344913
0.00870179344913
0.00870179344913
0.00839344589493
0.00839344589493
0.00839344589493
0.00839344589493
0.00731497243961
0.00731497243961
0.00731497243961
0.00731497243961
0.00772796342644
0.00772796342644
0.00772796342645
0.00772796342642
0.00865972569108
0.00865972569108
0.00865972569108
0.00865972569108
0.0087192293249
0.0087192293249
0.0087192293249
0.0087192293249
0.0044404198905
0.0044404198905
0.0044404198905
0.0044404198905
0.00427691228869
0.00427691228869
0.00427691228869
0.00427691228869
0.00722155316784
0.00722155316784
0.00722155316784
0.00722155316784
0.00568524466486
0.00568524466487
0.00568524466488
0.00568524466484
0.00417238269248
0.00417238269248
0.00417238269248
0.00417238269248
0.00398470610056
0.00398470610055
0.00398470610058
0.00398470610058
0.00734156615697
0.00734156615697
0.00734156615697
0.00734156615697
0.00763537825262
0.00763537825264
0.00763537825267
0.00763537825261
0.00768722885169
0.00768722885169
0.00768722885169
0.00768722885169
0.0082763752635
0.0082763752635
0.0082763752635
0.0082763752635
0.0069396747779
0.00693967477786
0.00693967477786
0.00693967477783
0.00737208306149
0.00737208306153
0.00737208306153
0.00737208306156
0.00728632578486
0.00728632578486
0.00728632578483
0.00728632578489
0.00793401674105
0.00793401674105
0.00793401674105
0.00793401674105
0.0072539272289
0.0072539272289
0.0072539272289
0.0072539272289
0.00813799968567
0.00813799968567
0.00813799968567
0.00813799968567
0.0085762418688
0.0085762418688
0.0085762418688
0.0085762418688
0.00879782548186
0.00879782548186
0.00879782548186
0.00879782548186
0.00806648548449
0.00806648548449
0.00806648548449
0.00806648548449
0.00796961400739
0.00796961400739
0.00796961400739
0.00796961400739
0.00738271078387
0.00738271078387
0.00738271078387
0.00738271078387
0.00842539049148
0.00842539049148
0.00842539049148
0.00842539049148
0.00820477286439
0.00820477286439
0.00820477286439
0.00820477286439
0.00832386960302
0.00832386960302
0.00832386960302
0.00832386960302
0.00826524456165
0.00826524456165
0.00826524456165
0.00826524456165
0.0084330538734
0.0084330538734
0.0084330538734
0.0084330538734
0.00814576613698
0.00814576613698
0.00814576613698
0.00814576613698
0.00895091577515
0.00895091577515
0.00895091577515
0.00895091577515
0.00824935421919
0.00824935421919
0.00824935421916
0.00824935421921
0.00901288014627
0.00901288014627
0.00901288014624
0.00901288014629
0.00897812929214
0.00897812929214
0.00897812929214
0.00897812929214
0.00884586453919
0.00884586453919
0.00884586453919
0.00884586453919
0.00846414933515
0.00846414933512
0.00846414933513
0.00846414933511
0.00810022438451
0.00810022438448
0.00810022438449
0.00810022438446
0.00822183501798
0.00822183501798
0.00822183501798
0.00822183501798
0.00732646639074
0.00732646639074
0.00732646639074
0.00732646639074
0.00614699509897
0.00614699509897
0.00614699509897
0.00614699509897
0.00768830313725
0.00768830313725
0.00768830313723
0.00768830313727
0.00731890475064
0.00731890475064
0.00731890475064
0.00731890475064
0.00536006727573
0.00536006727573
0.00536006727573
0.00536006727573
0.00717085575553
0.00717085575556
0.00717085575559
0.00717085575554
0.00865645791341
0.00865645791348
0.00865645791348
0.00865645791348
0.00879449531507
0.00879449531505
0.00879449531505
0.00879449531504
0.00924100255766
0.00924100255765
0.00924100255765
0.00924100255763
0.00882348430455
0.00882348430455
0.00882348430455
0.00882348430455
0.00802016282526
0.00802016282529
0.00802016282528
0.00802016282531
0.00972276192578
0.00972276192578
0.00972276192578
0.00972276192578
0.00970874766978
0.00970874766978
0.00970874766978
0.00970874766978
0.00976466667627
0.00976466667627
0.00976466667627
0.00976466667627
0.00777327005855
0.00777327005855
0.00777327005855
0.00777327005855
0.00808275692068
0.00808275692069
0.0080827569207
0.00808275692069
0.00743608015257
0.00743608015257
0.00743608015257
0.00743608015257
0.00837220605131
0.00837220605131
0.00837220605131
0.00837220605131
0.00810683565236
0.00810683565236
0.00810683565236
0.00810683565236
0.00777681315605
0.00777681315605
0.00777681315612
0.00777681315605
0.00727508381291
0.00727508381295
0.00727508381294
0.00727508381296
0.00812215100416
0.00812215100423
0.00812215100422
0.00812215100424
0.00806486698424
0.00806486698424
0.00806486698424
0.00806486698424
0.00768176235172
0.00768176235175
0.00768176235175
0.00768176235178
0.00850241021617
0.00850241021617
0.00850241021613
0.00850241021622
0.00656767249375
0.00656767249375
0.00656767249372
0.00656767249378
0.00720839723484
0.00720839723484
0.00720839723484
0.00720839723484
0.00703817177355
0.00703817177355
0.00703817177358
0.00703817177353
0.00802439168831
0.00802439168831
0.00802439168833
0.00802439168828
0.00699513285285
0.00699513285282
0.00699513285282
0.00699513285278
0.00795209462712
0.00795209462712
0.00795209462718
0.00795209462706
0.0078898094615
0.00788980946148
0.00788980946148
0.00788980946148
0.00842052837926
0.00842052837929
0.00842052837931
0.00842052837929
0.00708922747827
0.00708922747821
0.00708922747821
0.00708922747821
0.0094279873388
0.0094279873388
0.0094279873388
0.0094279873388
0.00928940226082
0.00928940226081
0.0092894022608
0.00928940226081
0.00821416104875
0.00821416104875
0.00821416104875
0.00821416104875
0.00755782526193
0.00755782526193
0.00755782526193
0.00755782526193
0.0075571377689
0.0075571377689
0.0075571377689
0.0075571377689
0.00870508308834
0.00870508308834
0.00870508308834
0.00870508308834
0.00901373944826
0.00901373944826
0.00901373944826
0.00901373944826
0.00883642823486
0.00883642823486
0.00883642823489
0.00883642823482
0.00894769742134
0.00894769742137
0.00894769742137
0.00894769742139
0.00794975905712
0.00794975905714
0.00794975905714
0.00794975905717
0.00876252924779
0.00876252924779
0.00876252924779
0.00876252924779
0.00796411285009
0.00796411285006
0.00796411285006
0.00796411285004
0.0090423310939
0.0090423310939
0.0090423310939
0.00904233109383
0.00880147595721
0.00880147595723
0.00880147595726
0.00880147595723
0.00865496072772
0.00865496072772
0.00865496072772
0.00865496072772
0.0077804023409
0.0077804023409
0.0077804023409
0.0077804023409
0.00711383192565
0.00711383192565
0.00711383192565
0.00711383192565
0.00727348342422
0.00727348342422
0.00727348342422
0.00727348342422
0.00821256754414
0.00821256754414
0.00821256754407
0.00821256754414
0.00775146667139
0.00775146667139
0.00775146667139
0.00775146667146
0.00830315356393
0.00830315356393
0.00830315356393
0.00830315356393
0.00679769890917
0.00679769890916
0.00679769890913
0.00679769890914
0.00672186821787
0.00672186821787
0.00672186821787
0.00672186821787
0.00576928642516
0.00576928642516
0.00576928642516
0.00576928642516
0.00617881305999
0.00617881306
0.00617881306
0.00617881306001
0.00501279871748
0.00501279871753
0.00501279871753
0.00501279871753
0.00493279518387
0.00493279518387
0.00493279518387
0.00493279518387
0.00440558088024
0.00440558088024
0.00440558088024
0.00440558088024
0.00630498374224
0.00630498374222
0.00630498374226
0.0063049837422
0.00496935502574
0.00496935502574
0.00496935502574
0.00496935502574
0.00517420784832
0.00517420784832
0.00517420784832
0.00517420784832
0.00542588865573
0.00542588865573
0.00542588865573
0.00542588865573
0.0049596170432
0.0049596170432
0.0049596170432
0.00495961704324
0.00695800847056
0.00695800847056
0.00695800847056
0.00695800847056
0.00833055060244
0.00833055060244
0.00833055060244
0.00833055060244
0.00691780342842
0.00691780342843
0.00691780342846
0.00691780342845
0.00673960507454
0.00673960507454
0.00673960507454
0.00673960507454
0.00637637842341
0.00637637842341
0.00637637842341
0.00637637842341
0.00636577637327
0.00636577637327
0.00636577637327
0.00636577637327
0.00472366011923
0.00472366011923
0.00472366011923
0.00472366011923
0.00456750516105
0.00456750516105
0.00456750516105
0.00456750516105
0.00526769143094
0.00526769143094
0.00526769143094
0.00526769143094
0.00472819453202
0.00472819453202
0.00472819453202
0.00472819453202
0.00513465447649
0.00513465447649
0.00513465447649
0.00513465447649
0.00466196784413
0.00466196784413
0.00466196784413
0.00466196784413
0.00520032327352
0.00520032327352
0.00520032327352
0.00520032327352
0.00518258574358
0.00518258574358
0.00518258574358
0.00518258574358
0.00439443090919
0.00439443090919
0.00439443090919
0.00439443090919
0.00645990826286
0.00645990826286
0.00645990826286
0.00645990826286
0.00604199763409
0.00604199763409
0.00604199763409
0.00604199763404
0.00585302879526
0.00585302879525
0.00585302879522
0.00585302879523
0.00670571895517
0.00670571895517
0.00670571895517
0.00670571895517
0.00586366624626
0.00586366624621
0.00586366624621
0.00586366624621
0.00568291218611
0.00568291218611
0.00568291218611
0.00568291218611
0.00566053692384
0.00566053692384
0.00566053692384
0.00566053692384
0.00552788168139
0.00552788168139
0.00552788168136
0.00552788168141
0.00713058713271
0.00713058713271
0.00713058713271
0.00713058713271
0.00728708049515
0.00728708049515
0.00728708049515
0.00728708049515
0.00787751518278
0.00787751518275
0.00787751518278
0.00787751518272
0.00695621663795
0.00695621663794
0.00695621663788
0.00695621663793
0.00495808343023
0.00495808343023
0.00495808343023
0.00495808343023
0.00470791313316
0.00470791313316
0.00470791313316
0.00470791313316
0.00515167305076
0.00515167305076
0.00515167305076
0.00515167305076
0.00523253839276
0.00523253839275
0.00523253839275
0.00523253839274
0.0044203057966
0.0044203057966
0.0044203057966
0.0044203057966
0.0046666729054
0.0046666729054
0.00466667290536
0.0046666729054
0.00466628275437
0.00466628275435
0.00466628275437
0.00466628275435
0.00489932735382
0.0048993273538
0.00489932735378
0.0048993273538
0.00628623243191
0.00628623243191
0.00628623243191
0.00628623243191
0.00680759134072
0.00680759134072
0.00680759134072
0.00680759134072
0.00613399691494
0.00613399691494
0.00613399691494
0.00613399691494
0.00470990439914
0.00470990439914
0.00470990439914
0.00470990439914
0.00420574709146
0.00420574709146
0.00420574709146
0.00420574709146
0.00519046774312
0.00519046774312
0.00519046774312
0.00519046774312
0.00524262431422
0.00524262431422
0.00524262431422
0.00524262431418
0.00558165792374
0.00558165792375
0.00558165792376
0.00558165792378
0.0044208641442
0.0044208641442
0.0044208641442
0.0044208641442
0.00446753620819
0.00446753620819
0.00446753620819
0.00446753620819
0.0048094910853
0.0048094910853
0.0048094910853
0.0048094910853
0.00566823893107
0.00566823893108
0.00566823893108
0.00566823893108
0.0058282468029
0.0058282468029
0.0058282468029
0.0058282468029
0.00755863541075
0.00755863541075
0.00755863541078
0.00755863541071
0.00837657239939
0.00837657239939
0.00837657239939
0.0083765723994
0.0076461326415
0.0076461326415
0.0076461326415
0.00764613264151
0.00830375944223
0.00830375944223
0.00830375944222
0.00830375944222
0.00640611450224
0.00640611450226
0.00640611450229
0.00640611450227
0.00376666011068
0.00376666011068
0.00376666011068
0.00376666011068
0.00643023739484
0.00643023739484
0.00643023739484
0.00643023739484
0.00428145456094
0.00428145456094
0.00428145456094
0.00428145456094
0.00418411396934
0.00418411396934
0.00418411396934
0.00418411396934
0.00418685066436
0.00418685066436
0.00418685066436
0.00418685066436
0.00431851430603
0.00431851430603
0.00431851430603
0.00431851430603
0.00436106083928
0.00436106083928
0.00436106083928
0.00436106083928
0.00451891011671
0.00451891011671
0.00451891011671
0.00451891011671
0.00460862862499
0.00460862862499
0.00460862862499
0.00460862862499
0.00459378936904
0.00459378936904
0.00459378936904
0.00459378936904
0.0062567101618
0.0062567101618
0.0062567101618
0.0062567101618
0.00448010052261
0.00448010052261
0.00448010052261
0.00448010052261
0.00481751501597
0.00481751501597
0.00481751501597
0.00481751501597
0.00549957651488
0.00549957651488
0.00549957651488
0.00549957651488
0.0064125588445
0.0064125588445
0.00641255884452
0.00641255884447
0.00622547737788
0.00622547737788
0.00622547737788
0.00622547737788
0.00616647547444
0.00616647547444
0.00616647547444
0.00616647547444
0.00446898558738
0.00446898558738
0.00446898558738
0.00446898558738
0.00501485496966
0.00501485496966
0.00501485496966
0.00501485496966
0.00463383922614
0.00463383922614
0.00463383922614
0.00463383922614
0.00644965204642
0.00644965204642
0.00644965204642
0.00644965204642
0.00664725559939
0.00664725559939
0.00664725559939
0.00664725559939
0.00686513273181
0.00686513273187
0.00686513273187
0.00686513273187
0.00806564668747
0.00806564668747
0.00806564668747
0.00806564668747
0.00740561847362
0.00740561847362
0.00740561847362
0.00740561847362
0.00535758187451
0.00535758187451
0.00535758187451
0.00535758187451
0.00592071670804
0.00592071670804
0.00592071670804
0.00592071670804
0.00629157749818
0.0062915774982
0.00629157749821
0.00629157749823
0.00497163674634
0.00497163674634
0.00497163674634
0.00497163674634
0.0050057924523
0.0050057924523
0.0050057924523
0.0050057924523
0.00520774984305
0.00520774984305
0.00520774984305
0.00520774984305
0.00623792568907
0.00623792568907
0.00623792568907
0.00623792568907
0.00629292921678
0.0062929292168
0.00629292921681
0.00629292921683
0.00513110363778
0.00513110363781
0.00513110363781
0.00513110363778
0.0065811574451
0.0065811574451
0.0065811574451
0.0065811574451
0.00548030016646
0.00548030016644
0.00548030016643
0.00548030016647
0.00444725067384
0.00444725067389
0.00444725067389
0.00444725067389
0.00467949553085
0.00467949553085
0.00467949553087
0.00467949553091
0.00463747787598
0.00463747787598
0.00463747787598
0.00463747787598
0.00594152059994
0.00594152059994
0.00594152059994
0.00594152059994
0.0052460659862
0.0052460659862
0.0052460659862
0.0052460659862
0.00434140522448
0.00434140522448
0.00434140522448
0.00434140522448
0.00351575053604
0.00351575053604
0.00351575053604
0.00351575053604
0.00460841839259
0.00460841839259
0.00460841839259
0.00460841839259
0.00463121230665
0.00463121230665
0.00463121230665
0.00463121230665
0.00404098100925
0.00404098100925
0.00404098100925
0.00404098100925
0.00236505388945
0.00236505388945
0.00236505388945
0.00236505388945
0.00280330835501
0.00280330835501
0.00280330835501
0.00280330835501
0.00388501508693
0.00388501508693
0.00388501508693
0.00388501508693
0.00564056105121
0.00564056105121
0.00564056105121
0.00564056105121
0.00565999894737
0.00565999894737
0.00565999894737
0.00565999894737
0.0025155886025
0.0025155886025
0.0025155886025
0.0025155886025
0.00301786532632
0.00301786532632
0.00301786532632
0.00301786532632
0.0024440164528
0.0024440164528
0.0024440164528
0.0024440164528
0.00660959866618
0.00660959866618
0.00660959866618
0.00660959866618
0.00724568087185
0.00724568087185
0.00724568087185
0.00724568087185
0.00459342088245
0.00459342088245
0.00459342088245
0.00459342088245
0.00367061110873
0.00367061110873
0.00367061110873
0.00367061110873
0.00504475823902
0.00504475823902
0.00504475823902
0.00504475823902
0.00441090336832
0.00441090336832
0.00441090336832
0.00441090336832
0.00608697203931
0.00608697203931
0.00608697203931
0.00608697203931
0.00724119461743
0.00724119461743
0.00724119461743
0.00724119461743
0.00427251820369
0.00427251820369
0.00427251820369
0.00427251820369
0.00436573762076
0.00436573762077
0.00436573762074
0.00436573762079
0.00342167748695
0.00342167748695
0.00342167748695
0.00342167748695
0.00490266096976
0.0049026609697
0.0049026609697
0.0049026609697
0.0052991312952
0.0052991312952
0.0052991312952
0.0052991312952
0.00394692884613
0.00394692884613
0.00394692884613
0.00394692884613
0.00320993957568
0.00320993957567
0.00320993957568
0.00320993957567
0.0039763122508
0.0039763122508
0.0039763122508
0.0039763122508
0.00460223129619
0.00460223129619
0.00460223129619
0.00460223129619
0.00637172426283
0.00637172426283
0.00637172426283
0.00637172426283
0.00428515033465
0.00428515033465
0.00428515033465
0.00428515033465
0.00403349997498
0.00403349997498
0.00403349997498
0.00403349997498
0.00419713541187
0.00419713541187
0.00419713541187
0.00419713541187
0.00462921135002
0.00462921135002
0.00462921135002
0.00462921135002
0.00558329655355
0.00558329655355
0.00558329655355
0.00558329655355
0.00484003249892
0.00484003249892
0.00484003249892
0.00484003249892
0.00537213870318
0.00537213870318
0.00537213870318
0.00537213870318
0.00559858143666
0.00559858143666
0.00559858143666
0.00559858143666
0.00545912262717
0.00545912262717
0.00545912262717
0.00545912262717
0.00442892880995
0.00442892880995
0.00442892880995
0.00442892880995
0.00497567485219
0.00497567485219
0.00497567485219
0.00497567485219
0.00345274318878
0.00345274318878
0.00345274318878
0.00345274318878
0.00431396960396
0.00431396960395
0.00431396960393
0.00431396960398
0.00426466493863
0.00426466493863
0.00426466493863
0.00426466493863
0.00646313532107
0.00646313532107
0.00646313532107
0.00646313532107
0.00607047767633
0.00607047767633
0.00607047767633
0.00607047767633
0.00366015869025
0.00366015869025
0.00366015869025
0.00366015869025
0.00403134601333
0.00403134601333
0.00403134601333
0.00403134601333
0.00527316017964
0.00527316017964
0.00527316017964
0.00527316017964
0.00535110260036
0.00535110260037
0.00535110260035
0.00535110260038
0.00546800423242
0.0054680042324
0.0054680042324
0.0054680042324
0.00381997694663
0.00381997694663
0.00381997694663
0.00381997694663
0.00482227246027
0.00482227246027
0.00482227246027
0.00482227246027
0.00427737191551
0.00427737191551
0.00427737191551
0.00427737191551
0.00366288984118
0.00366288984118
0.00366288984118
0.00366288984118
0.00331085866114
0.00331085866114
0.00331085866114
0.00331085866114
0.00334132146404
0.00334132146404
0.00334132146404
0.00334132146404
0.00487509904648
0.00487509904648
0.00487509904648
0.00487509904646
0.00351039820795
0.00351039820795
0.00351039820795
0.00351039820795
0.0037720348802
0.00377203488018
0.00377203488016
0.00377203488017
0.003038951418
0.00303895141796
0.00303895141796
0.00303895141796
0.00284767343378
0.00284767343378
0.00284767343378
0.00284767343378
0.00271616426744
0.00271616426744
0.00271616426744
0.00271616426744
0.0029428303689
0.0029428303689
0.0029428303689
0.0029428303689
0.00315024300639
0.00315024300639
0.00315024300639
0.00315024300639
0.00289968887873
0.00289968887871
0.00289968887871
0.00289968887873
0.00302966241868
0.00302966241868
0.00302966241868
0.00302966241868
0.00315202074278
0.00315202074278
0.00315202074278
0.00315202074278
0.0029016038789
0.0029016038789
0.0029016038789
0.0029016038789
0.00281191405133
0.00281191405133
0.00281191405133
0.00281191405133
0.00324456683522
0.00324456683522
0.00324456683522
0.00324456683522
0.00392830395401
0.00392830395401
0.00392830395401
0.00392830395401
0.0039526918127
0.0039526918127
0.0039526918127
0.0039526918127
0.00534829153124
0.00534829153126
0.00534829153125
0.00534829153127
0.00528779833724
0.00528779833724
0.00528779833725
0.00528779833724
0.00393670586253
0.00393670586251
0.00393670586252
0.00393670586253
0.00415219234182
0.00415219234184
0.00415219234178
0.00415219234184
0.00442208276056
0.00442208276056
0.00442208276056
0.00442208276056
0.00517837777815
0.00517837777815
0.00517837777815
0.00517837777815
0.00448732676454
0.00448732676454
0.00448732676454
0.00448732676454
0.00325554632601
0.00325554632601
0.00325554632601
0.00325554632601
0.00361910239366
0.00361910239366
0.00361910239366
0.00361910239366
0.0032022113365
0.0032022113365
0.0032022113365
0.0032022113365
0.00301179050258
0.00301179050258
0.00301179050258
0.00301179050258
0.00516895719504
0.00516895719504
0.00516895719504
0.00516895719504
0.00510005268064
0.00510005268064
0.00510005268064
0.00510005268064
0.00359346175506
0.00359346175506
0.00359346175506
0.00359346175506
0.00407326091527
0.00407326091527
0.00407326091527
0.00407326091527
0.00362788196173
0.00362788196173
0.00362788196173
0.00362788196173
0.00392333450624
0.00392333450624
0.00392333450625
0.00392333450624
0.00390986077052
0.00390986077052
0.00390986077052
0.00390986077052
0.00528941717441
0.00528941717442
0.00528941717442
0.00528941717442
0.00414349872318
0.00414349872318
0.00414349872318
0.00414349872318
0.00375806471779
0.00375806471779
0.00375806471779
0.00375806471779
0.00405679276839
0.00405679276839
0.00405679276839
0.00405679276839
0.00522147331336
0.00522147331335
0.00522147331337
0.00522147331335
0.00384780118507
0.00384780118507
0.00384780118507
0.00384780118507
0.00435862007871
0.00435862007871
0.00435862007871
0.00435862007866
0.00435267579532
0.00435267579532
0.00435267579532
0.00435267579532
0.0053390970398
0.0053390970398
0.0053390970398
0.0053390970398
0.0034729566432
0.0034729566432
0.00347295664316
0.0034729566432
0.00425623053276
0.00425623053276
0.00425623053272
0.00425623053276
0.00339715593686
0.00339715593686
0.00339715593686
0.00339715593686
0.00474096877132
0.00474096877132
0.00474096877132
0.00474096877132
0.00403996950608
0.00403996950608
0.00403996950608
0.00403996950608
0.00389541846571
0.00389541846571
0.00389541846571
0.00389541846571
0.0022225913182
0.0022225913182
0.0022225913182
0.0022225913182
0.00234478328266
0.00234478328266
0.00234478328266
0.00234478328266
0.00256171173198
0.002561711732
0.002561711732
0.00256171173202
0.0027864968971
0.0027864968971
0.0027864968971
0.0027864968971
0.00365649181337
0.00365649181337
0.00365649181337
0.00365649181337
0.00427693700653
0.00427693700653
0.00427693700653
0.00427693700653
0.0035225946329
0.0035225946329
0.0035225946329
0.0035225946329
0.00292785749543
0.00292785749544
0.00292785749545
0.00292785749541
0.00368231259929
0.00368231259929
0.00368231259929
0.00368231259929
0.00577932661429
0.00577932661429
0.00577932661429
0.00577932661429
0.00284244959497
0.00284244959497
0.00284244959497
0.00284244959497
0.00275876978115
0.00275876978115
0.00275876978115
0.00275876978115
0.00285353695909
0.00285353695909
0.00285353695909
0.00285353695909
0.0025072351695
0.0025072351695
0.0025072351695
0.0025072351695
0.00306118559163
0.00306118559163
0.00306118559163
0.00306118559163
0.00416446875065
0.00416446875065
0.00416446875065
0.00416446875063
0.00402387620334
0.00402387620334
0.00402387620336
0.00402387620335
0.0025119953955
0.0025119953955
0.0025119953955
0.0025119953955
0.00250900864181
0.00250900864181
0.00250900864181
0.00250900864181
0.00335396977598
0.00335396977597
0.00335396977599
0.00335396977596
0.00213526015525
0.00213526015525
0.00213526015525
0.00213526015525
0.00242921895339
0.00242921895339
0.00242921895339
0.00242921895339
0.00249367511127
0.00249367511127
0.00249367511127
0.00249367511127
0.0030863616248
0.0030863616248
0.0030863616248
0.0030863616248
0.00351183716099
0.00351183716099
0.00351183716099
0.00351183716099
0.00291000017024
0.00291000017024
0.00291000017024
0.00291000017024
0.00257692877225
0.00257692877225
0.00257692877225
0.00257692877225
0.00270794596974
0.00270794596974
0.00270794596974
0.00270794596974
0.00312541218864
0.00312541218864
0.00312541218864
0.00312541218864
0.00277917526805
0.00277917526805
0.00277917526805
0.00277917526805
0.00236213785311
0.00236213785311
0.00236213785311
0.00236213785311
0.00260926481865
0.00260926481865
0.00260926481865
0.00260926481865
0.00258511800868
0.00258511800868
0.00258511800868
0.00258511800868
0.00334750070948
0.00334750070948
0.00334750070948
0.00334750070948
0.00297268996078
0.00297268996078
0.00297268996078
0.00297268996078
0.00289910628256
0.00289910628256
0.00289910628256
0.00289910628256
0.00339423214165
0.00339423214165
0.00339423214165
0.00339423214165
0.00328572941416
0.00328572941416
0.00328572941416
0.00328572941416
0.00263348020649
0.00263348020649
0.00263348020649
0.00263348020649
0.00332171605826
0.00332171605826
0.00332171605826
0.00332171605826
0.00279755853924
0.00279755853924
0.00279755853924
0.00279755853924
0.00516465312859
0.00516465312857
0.0051646531286
0.00516465312858
0.00471173056208
0.00471173056208
0.00471173056208
0.00471173056208
0.00482548177488
0.00482548177486
0.00482548177487
0.00482548177485
0.00482219297879
0.00482219297879
0.00482219297879
0.00482219297879
0.00300349170109
0.00300349170109
0.00300349170109
0.00300349170109
0.00240861193623
0.00240861193623
0.00240861193623
0.00240861193623
0.00310727067329
0.00310727067329
0.00310727067329
0.00310727067329
0.00299972954107
0.00299972954107
0.00299972954107
0.00299972954107
0.00426197455851
0.00426197455849
0.0042619745585
0.00426197455849
0.00462694516081
0.00462694516081
0.00462694516081
0.00462694516085
0.00459254000212
0.0045925400021
0.00459254000207
0.0045925400021
0.00481179296451
0.00481179296451
0.00481179296451
0.00481179296451
0.00497126956279
0.00497126956279
0.00497126956279
0.00497126956279
0.0044007541718
0.0044007541718
0.0044007541718
0.0044007541718
0.00481793060555
0.00481793060555
0.00481793060555
0.00481793060555
0.00302279531476
0.00302279531476
0.00302279531476
0.00302279531476
0.00246098198782
0.00246098198782
0.00246098198782
0.00246098198782
0.00303173054477
0.00303173054477
0.00303173054477
0.00303173054477
0.00260245406532
0.00260245406532
0.00260245406532
0.00260245406532
0.00311091161083
0.00311091161083
0.00311091161083
0.00311091161083
0.0026343035674
0.0026343035674
0.0026343035674
0.0026343035674
0.00314100528846
0.00314100528846
0.00314100528846
0.00314100528846
0.00317468094071
0.00317468094071
0.00317468094071
0.00317468094071
0.00449884796593
0.00449884796593
0.00449884796593
0.00449884796593
0.00448797885128
0.00448797885128
0.00448797885128
0.00448797885128
0.00433226241586
0.00433226241586
0.00433226241586
0.00433226241586
0.00476017480861
0.00476017480861
0.00476017480861
0.00476017480862
0.0047836079458
0.0047836079458
0.0047836079458
0.0047836079458
0.00516002090384
0.00516002090384
0.00516002090384
0.00516002090384
0.00509239438041
0.00509239438044
0.00509239438045
0.00509239438043
0.00485729493829
0.00485729493829
0.00485729493829
0.00485729493829
0.00484905625516
0.00484905625517
0.00484905625514
0.00484905625516
0.00468300919598
0.00468300919598
0.00468300919598
0.00468300919598
0.00433348382144
0.00433348382141
0.00433348382143
0.0043334838214
0.00498305747452
0.00498305747452
0.00498305747452
0.00498305747452
0.00321267757614
0.00321267757614
0.00321267757614
0.00321267757614
0.00265294687798
0.00265294687798
0.00265294687802
0.00265294687798
0.00326224065976
0.00326224065976
0.00326224065973
0.00326224065978
0.00298059103909
0.00298059103911
0.00298059103913
0.00298059103911
0.00309975728377
0.00309975728377
0.00309975728377
0.00309975728377
0.00256680016779
0.0025668001678
0.00256680016778
0.00256680016781
0.00281053692978
0.00281053692978
0.00281053692978
0.00281053692978
0.00300692321538
0.00300692321536
0.00300692321534
0.00300692321536
0.00330521925683
0.00330521925683
0.00330521925683
0.00330521925683
0.00580570775091
0.00580570775091
0.00580570775091
0.00580570775091
0.00432027596448
0.00432027596448
0.00432027596448
0.00432027596448
0.00458228829477
0.00458228829477
0.00458228829477
0.00458228829477
0.00304887116049
0.00304887116051
0.00304887116051
0.00304887116049
0.00242893723094
0.00242893723094
0.00242893723094
0.00242893723094
0.00279078505875
0.00279078505876
0.00279078505876
0.00279078505875
0.00294057533383
0.00294057533383
0.00294057533383
0.00294057533383
0.00250492202913
0.00250492202913
0.00250492202913
0.00250492202913
0.00219909353438
0.00219909353438
0.00219909353438
0.00219909353438
0.0022945992722
0.0022945992722
0.0022945992722
0.0022945992722
0.00268607580888
0.00268607580888
0.00268607580888
0.00268607580888
0.00405329456174
0.00405329456174
0.00405329456174
0.00405329456174
0.00557997964919
0.00557997964919
0.00557997964919
0.00557997964919
0.00507282591361
0.00507282591361
0.00507282591359
0.00507282591361
0.00460429747013
0.00460429747013
0.00460429747013
0.00460429747013
0.00364637845724
0.00364637845723
0.00364637845722
0.00364637845721
0.00335385706516
0.00335385706516
0.00335385706516
0.00335385706516
0.00292423068388
0.00292423068388
0.00292423068388
0.00292423068388
0.00299218898712
0.00299218898713
0.00299218898714
0.00299218898715
0.00412446337324
0.00412446337324
0.00412446337324
0.00412446337324
0.00319270745834
0.00319270745834
0.00319270745834
0.00319270745834
0.00323543122066
0.00323543122066
0.00323543122066
0.00323543122066
0.00397596993036
0.00397596993036
0.00397596993036
0.00397596993036
0.00427913168992
0.00427913168991
0.0042791316899
0.00427913168989
0.00426249319937
0.00426249319937
0.00426249319937
0.00426249319937
0.00396826792523
0.00396826792523
0.00396826792523
0.00396826792523
0.00325763824432
0.00325763824432
0.00325763824432
0.00325763824432
0.00225379806
0.00225379806
0.00225379806
0.00225379806
0.00162861478188
0.00162861478188
0.00162861478188
0.00162861478188
0.0019432073248
0.0019432073248
0.0019432073248
0.0019432073248
0.00188045663026
0.00188045663026
0.00188045663026
0.00188045663026
0.00222580136617
0.00222580136617
0.00222580136617
0.00222580136617
0.00233838444967
0.00233838444967
0.00233838444967
0.00233838444967
0.00479229153039
0.00479229153039
0.00479229153039
0.00479229153039
0.00443683645422
0.00443683645422
0.00443683645422
0.00443683645422
0.00288704721866
0.00288704721866
0.00288704721866
0.00288704721866
0.00261366976663
0.00261366976663
0.00261366976663
0.00261366976663
0.00311771040958
0.00311771040958
0.00311771040958
0.00311771040958
0.00310734650644
0.00310734650644
0.00310734650644
0.00310734650644
0.00296674165693
0.00296674165693
0.00296674165693
0.00296674165693
0.00278924873782
0.00278924873782
0.00278924873784
0.00278924873783
0.00306312201169
0.00306312201169
0.00306312201165
0.0030631220117
0.00289715151646
0.00289715151646
0.00289715151645
0.00289715151645
0.00285650422138
0.00285650422138
0.00285650422138
0.00285650422138
0.00275569731749
0.00275569731749
0.00275569731749
0.00275569731749
0.00303393674757
0.00303393674757
0.00303393674757
0.00303393674757
0.00305470300768
0.00305470300768
0.00305470300768
0.00305470300768
0.004668554574
0.004668554574
0.004668554574
0.004668554574
0.00399958663614
0.00399958663614
0.00399958663614
0.00399958663614
0.00212907813679
0.00212907813679
0.00212907813679
0.00212907813679
0.0022097947897
0.0022097947897
0.0022097947897
0.0022097947897
0.00228863023253
0.00228863023253
0.00228863023253
0.00228863023253
0.00258563950455
0.00258563950455
0.00258563950455
0.00258563950455
0.00173487446111
0.00173487446111
0.00173487446111
0.00173487446111
0.00152914152949
0.00152914152949
0.00152914152949
0.00152914152949
0.00151518219621
0.00151518219621
0.00151518219621
0.00151518219621
0.00152732151494
0.00152732151494
0.00152732151494
0.00152732151494
0.00235532668797
0.00235532668797
0.00235532668797
0.00235532668797
0.00233656871027
0.00233656871027
0.00233656871027
0.00233656871027
0.0029033989342
0.0029033989342
0.0029033989342
0.0029033989342
0.00222598085893
0.00222598085893
0.00222598085893
0.00222598085893
0.00230347680263
0.00230347680263
0.00230347680263
0.00230347680263
0.0021281979901
0.0021281979901
0.0021281979901
0.0021281979901
0.00345381813948
0.0034538181395
0.00345381813948
0.00345381813951
0.00311411390007
0.00311411390007
0.00311411390007
0.00311411390007
0.00436825167893
0.00436825167893
0.00436825167889
0.00436825167893
0.00503299923384
0.0050329992338
0.0050329992338
0.0050329992338
0.00503219568749
0.00503219568749
0.00503219568749
0.00503219568749
0.00434087021436
0.00434087021436
0.00434087021436
0.00434087021436
0.00246784783964
0.00246784783964
0.00246784783964
0.00246784783964
0.00221179456892
0.00221179456892
0.00221179456892
0.00221179456892
0.00260062990543
0.00260062990543
0.00260062990543
0.00260062990543
0.00268230788042
0.00268230788042
0.00268230788042
0.00268230788042
0.00281854278218
0.00281854278218
0.00281854278218
0.00281854278218
0.00210442513382
0.00210442513382
0.00210442513382
0.00210442513382
0.00251485370934
0.00251485370934
0.00251485370934
0.00251485370934
0.00219315530586
0.00219315530586
0.00219315530586
0.00219315530586
0.00238594600803
0.00238594600803
0.00238594600803
0.00238594600803
0.00207084724031
0.00207084724031
0.00207084724031
0.00207084724031
0.00244285585821
0.00244285585821
0.00244285585821
0.00244285585821
0.00284554917325
0.00284554917325
0.00284554917325
0.00284554917325
0.00492107893195
0.00492107893195
0.00492107893195
0.00492107893195
0.00464686881745
0.00464686881745
0.00464686881745
0.00464686881745
0.00566232589413
0.00566232589413
0.00566232589413
0.00566232589413
0.00553006347146
0.00553006347146
0.00553006347146
0.00553006347146
0.00482006927514
0.00482006927514
0.00482006927514
0.00482006927514
0.00450836639252
0.00450836639252
0.00450836639252
0.00450836639252
0.00437431118254
0.00437431118254
0.00437431118254
0.00437431118254
0.00405767629965
0.00405767629965
0.00405767629965
0.00405767629965
0.00433575300403
0.00433575300403
0.00433575300403
0.00433575300403
0.00489251640928
0.00489251640928
0.00489251640928
0.00489251640928
0.00439832087633
0.00439832087633
0.00439832087633
0.00439832087633
0.00222706634666
0.00222706634666
0.00222706634666
0.00222706634666
0.00219544260151
0.00219544260151
0.00219544260151
0.00219544260151
0.00251923049214
0.00251923049214
0.00251923049214
0.00251923049214
0.00280072811
0.00280072811
0.00280072811
0.00280072811
0.00238650533427
0.00238650533427
0.00238650533427
0.00238650533427
0.00204049118595
0.00204049118595
0.00204049118595
0.00204049118595
0.00248806032981
0.00248806032981
0.00248806032981
0.00248806032981
0.00218989295255
0.00218989295255
0.00218989295255
0.00218989295255
0.00443677343127
0.00443677343127
0.00443677343127
0.00443677343127
0.0045707490331
0.0045707490331
0.00457074903309
0.0045707490331
0.00441963206459
0.00441963206459
0.00441963206459
0.00441963206459
0.00218928085409
0.00218928085409
0.00218928085409
0.00218928085409
0.00199356196516
0.00199356196516
0.00199356196516
0.00199356196516
0.00237587693344
0.00237587693344
0.00237587693344
0.00237587693344
0.0024128749667
0.0024128749667
0.0024128749667
0.0024128749667
0.00342951718857
0.00342951718857
0.00342951718857
0.00342951718857
0.00304431751082
0.00304431751082
0.00304431751082
0.00304431751082
0.00330828616442
0.00330828616442
0.00330828616442
0.00330828616442
0.00225004334091
0.00225004334091
0.00225004334091
0.00225004334091
0.00228733583208
0.00228733583208
0.00228733583208
0.00228733583208
0.00261986798947
0.00261986798947
0.00261986798947
0.00261986798947
0.00291736678338
0.00291736678338
0.00291736678338
0.00291736678338
0.00273542643118
0.00273542643118
0.00273542643118
0.00273542643118
0.00220568990882
0.00220568990882
0.00220568990882
0.00220568990882
0.00259224278447
0.00259224278447
0.00259224278447
0.00259224278447
0.00251312762248
0.00251312762248
0.00251312762248
0.00251312762248
0.00466981090677
0.00466981090677
0.00466981090677
0.00466981090677
0.00497749554404
0.00497749554404
0.00497749554404
0.00497749554404
0.00404661450706
0.00404661450706
0.00404661450706
0.00404661450706
0.00436406444684
0.00436406444685
0.00436406444686
0.00436406444687
0.00259749543854
0.00259749543854
0.00259749543854
0.00259749543854
0.00216340750306
0.00216340750306
0.00216340750306
0.00216340750306
0.00230488543061
0.00230488543061
0.00230488543061
0.00230488543061
0.00272131890208
0.00272131890208
0.00272131890208
0.00272131890208
0.00375415314093
0.00375415314093
0.00375415314093
0.00375415314093
0.00390374568226
0.00390374568226
0.00390374568226
0.00390374568226
0.00318844022981
0.00318844022981
0.00318844022981
0.00318844022981
0.0026641010282
0.0026641010282
0.0026641010282
0.0026641010282
0.00273076469847
0.00273076469847
0.00273076469847
0.00273076469847
0.0027858700195
0.0027858700195
0.0027858700195
0.0027858700195
0.00187710246572
0.00187710246572
0.00187710246572
0.00187710246572
0.00186098442947
0.00186098442947
0.00186098442947
0.00186098442947
0.00235936393489
0.00235936393489
0.00235936393489
0.00235936393489
0.00238488371105
0.00238488371105
0.00238488371105
0.00238488371105
0.00546792264262
0.00546792264264
0.00546792264265
0.00546792264263
0.00417137704932
0.00417137704937
0.00417137704938
0.00417137704939
0.00424156211362
0.00424156211361
0.00424156211361
0.00424156211363
0.00343235996021
0.00343235996021
0.00343235996021
0.00343235996021
0.00340392441862
0.00340392441862
0.00340392441862
0.00340392441862
0.00314236700849
0.00314236700849
0.00314236700849
0.00314236700849
0.00361968921196
0.00361968921196
0.00361968921196
0.00361968921196
0.00367204617588
0.00367204617588
0.00367204617588
0.00367204617588
0.00355340581356
0.00355340581356
0.00355340581356
0.00355340581356
0.00337798908515
0.00337798908515
0.00337798908515
0.00337798908515
0.0036023247786
0.0036023247786
0.0036023247786
0.0036023247786
0.00372705525518
0.00372705525518
0.00372705525518
0.00372705525518
0.00395003686255
0.00395003686255
0.00395003686255
0.00395003686255
0.00397682314595
0.00397682314595
0.00397682314595
0.00397682314595
0.00334213657916
0.00334213657916
0.00334213657916
0.00334213657916
0.0017135356039
0.0017135356039
0.0017135356039
0.0017135356039
0.00179257902918
0.00179257902918
0.00179257902918
0.00179257902918
0.00152868892129
0.00152868892129
0.00152868892129
0.00152868892129
0.00312337849121
0.00312337849121
0.00312337849121
0.00312337849121
0.00304957047571
0.00304957047571
0.00304957047571
0.00304957047571
0.0022521281439
0.0022521281439
0.0022521281439
0.0022521281439
0.00168017483689
0.00168017483689
0.00168017483689
0.00168017483689
0.00230278070759
0.00230278070759
0.00230278070759
0.00230278070759
0.00535610170911
0.00535610170911
0.00535610170911
0.00535610170911
0.00309764623582
0.00309764623582
0.00309764623582
0.00309764623582
0.00287901969168
0.00287901969168
0.00287901969168
0.00287901969167
0.00249098415587
0.00249098415587
0.00249098415587
0.00249098415587
0.00220693498471
0.00220693498471
0.00220693498471
0.00220693498471
0.00261753653571
0.00261753653571
0.00261753653571
0.00261753653571
0.00245117421685
0.00245117421685
0.00245117421685
0.00245117421685
0.00277697342194
0.00277697342194
0.00277697342194
0.00277697342194
0.00274144623926
0.00274144623926
0.00274144623926
0.00274144623926
0.00246003592666
0.00246003592666
0.00246003592666
0.00246003592666
0.00537716106427
0.00537716106427
0.00537716106428
0.00537716106429
0.00300523868892
0.00300523868892
0.00300523868892
0.00300523868892
0.0028527715187
0.0028527715187
0.0028527715187
0.0028527715187
0.003477334279
0.003477334279
0.003477334279
0.003477334279
0.00259643088484
0.00259643088484
0.00259643088484
0.00259643088484
0.00260336842752
0.00260336842752
0.00260336842752
0.00260336842752
0.00289660523221
0.00289660523221
0.00289660523221
0.00289660523225
0.00328760429923
0.0032876042992
0.00328760429919
0.0032876042992
0.0023060406306
0.0023060406306
0.0023060406306
0.0023060406306
0.0026492694934
0.0026492694934
0.0026492694934
0.0026492694934
0.0026292411814
0.0026292411814
0.0026292411814
0.0026292411814
0.00211097105393
0.00211097105393
0.00211097105393
0.00211097105393
0.00215347618084
0.00215347618084
0.00215347618084
0.00215347618084
0.00230997066767
0.00230997066767
0.00230997066767
0.00230997066767
0.00412941434386
0.00412941434386
0.00412941434386
0.00412941434386
0.00397526342198
0.00397526342198
0.00397526342198
0.00397526342198
0.002196896761
0.002196896761
0.002196896761
0.002196896761
0.0018597489529
0.0018597489529
0.0018597489529
0.0018597489529
0.0020322739808
0.0020322739808
0.0020322739808
0.0020322739808
0.00210846532246
0.00210846532246
0.00210846532246
0.00210846532246
0.00441416895253
0.00441416895252
0.00441416895253
0.00441416895251
0.00489068457062
0.00489068457062
0.00489068457062
0.0048906845706
0.00260895466073
0.00260895466073
0.00260895466073
0.00260895466073
0.00220669126646
0.00220669126646
0.00220669126646
0.00220669126646
0.0024144252687
0.0024144252687
0.0024144252687
0.0024144252687
0.00222478339607
0.00222478339607
0.00222478339607
0.00222478339607
0.00415642401492
0.00415642401492
0.00415642401492
0.00415642401492
0.0035954574472
0.0035954574472
0.0035954574472
0.0035954574472
0.00296739759111
0.00296739759112
0.00296739759107
0.00296739759112
0.00317755391985
0.00317755391981
0.00317755391981
0.00317755391981
0.00221462773573
0.00221462773573
0.00221462773573
0.00221462773573
0.00223486299728
0.00223486299728
0.00223486299728
0.00223486299728
0.00147494231998
0.00147494231998
0.00147494231998
0.00147494231995
0.00143773165303
0.00143773165301
0.00143773165301
0.001437731653
0.00160253126038
0.00160253126038
0.00160253126038
0.00160253126038
0.00148727887075
0.00148727887075
0.00148727887075
0.00148727887075
0.00211012625851
0.00211012625851
0.00211012625851
0.00211012625851
0.00187710564191
0.00187710564191
0.00187710564191
0.00187710564191
0.00198360405749
0.0019836040575
0.0019836040575
0.00198360405753
0.00218307107973
0.00218307107973
0.00218307107973
0.00218307107973
0.00199371229505
0.00199371229505
0.00199371229505
0.00199371229505
0.00191062759929
0.00191062759929
0.00191062759929
0.00191062759929
0.00211098937353
0.00211098937353
0.00211098937353
0.00211098937353
0.00219973021902
0.00219973021902
0.00219973021902
0.00219973021902
0.00445900328587
0.00445900328587
0.00445900328587
0.00445900328587
0.00454434891953
0.00454434891953
0.00454434891953
0.00454434891953
0.00421792659126
0.00421792659126
0.00421792659126
0.00421792659126
0.00410164438839
0.00410164438839
0.00410164438839
0.00410164438839
0.0041263374541
0.0041263374541
0.0041263374541
0.0041263374541
0.00421973008197
0.00421973008197
0.00421973008197
0.00421973008197
0.00290452318403
0.00290452318403
0.00290452318403
0.00290452318403
0.00270559832279
0.00270559832279
0.00270559832279
0.00270559832279
0.00293286105608
0.00293286105608
0.00293286105608
0.00293286105608
0.00299134310912
0.00299134310912
0.00299134310912
0.00299134310912
0.0024089090718
0.0024089090718
0.0024089090718
0.0024089090718
0.00240178106826
0.00240178106826
0.00240178106826
0.00240178106826
0.00281556319348
0.00281556319348
0.00281556319348
0.00281556319348
0.00278443039623
0.00278443039623
0.00278443039623
0.00278443039623
0.0026099701248
0.0026099701248
0.0026099701248
0.0026099701248
0.00229595058215
0.00229595058215
0.00229595058215
0.00229595058215
0.00254828203561
0.00254828203561
0.00254828203561
0.00254828203561
0.00244928835493
0.00244928835493
0.00244928835493
0.00244928835493
0.00406562948555
0.00406562948555
0.00406562948555
0.00406562948555
0.00354091938846
0.00354091938846
0.00354091938846
0.00354091938846
0.00195554300721
0.00195554300721
0.00195554300721
0.00195554300721
0.00191141411063
0.00191141411063
0.00191141411063
0.00191141411063
0.00221518338771
0.00221518338771
0.00221518338771
0.00221518338771
0.00189553180102
0.00189553180102
0.00189553180102
0.00189553180102
0.00305200670218
0.00305200670218
0.00305200670218
0.00305200670218
0.00267398240932
0.00267398240932
0.00267398240932
0.00267398240932
0.00433358639083
0.00433358639083
0.00433358639083
0.00433358639083
0.00422825043802
0.00422825043802
0.00422825043802
0.00422825043802
0.00529817511399
0.00529817511396
0.00529817511399
0.00529817511395
0.00512888259427
0.00512888259427
0.00512888259427
0.00512888259426
0.00230496640122
0.00230496640122
0.00230496640122
0.00230496640122
0.00243740486066
0.00243740486066
0.00243740486066
0.00243740486066
0.00270350267588
0.00270350267588
0.00270350267588
0.00270350267588
0.00254767836429
0.00254767836429
0.00254767836429
0.00254767836429
0.00490676317278
0.00490676317278
0.00490676317278
0.00490676317278
0.00488413497957
0.00488413497957
0.00488413497957
0.00488413497957
0.00189564543266
0.00189564543266
0.00189564543266
0.00189564543266
0.00181902107175
0.00181902107175
0.00181902107175
0.00181902107175
0.0019215720137
0.0019215720137
0.0019215720137
0.0019215720137
0.00202182200458
0.00202182200458
0.00202182200458
0.00202182200458
0.00502391191551
0.00502391191551
0.00502391191551
0.00502391191551
0.00502173908766
0.00502173908764
0.00502173908765
0.00502173908763
0.00476714055722
0.00476714055722
0.00476714055722
0.00476714055722
0.00437291700063
0.00437291700063
0.00437291700063
0.00437291700063
0.00261944030281
0.00261944030281
0.00261944030281
0.00261944030281
0.00265000620784
0.00265000620784
0.00265000620784
0.00265000620784
0.00264263524019
0.00264263524019
0.00264263524019
0.00264263524019
0.00286322060063
0.00286322060063
0.00286322060063
0.00286322060063
0.0031371284864
0.0031371284864
0.0031371284864
0.0031371284864
0.00286230365541
0.00286230365541
0.00286230365541
0.00286230365541
0.0035925264494
0.0035925264494
0.0035925264494
0.0035925264494
0.00365701274741
0.00365701274741
0.00365701274741
0.00365701274741
0.0048540851124
0.0048540851124
0.0048540851124
0.0048540851124
0.00489259263682
0.00489259263682
0.00489259263682
0.00489259263682
0.0020184378203
0.0020184378203
0.0020184378203
0.0020184378203
0.00177563450947
0.00177563450947
0.00177563450947
0.00177563450947
0.0019364431648
0.0019364431648
0.0019364431648
0.0019364431648
0.00196372589617
0.00196372589617
0.00196372589617
0.00196372589617
0.00358876941133
0.00358876941133
0.00358876941133
0.00358876941133
0.00340645539097
0.00340645539097
0.00340645539097
0.00340645539097
0.00297373674254
0.00297373674254
0.00297373674254
0.00297373674254
0.00321161516797
0.00321161516797
0.00321161516797
0.00321161516797
0.00283132633436
0.00283132633436
0.00283132633436
0.00283132633436
0.00283972057862
0.00283972057862
0.00283972057862
0.00283972057862
0.00337491728012
0.00337491728012
0.00337491728012
0.00337491728012
0.00346399860498
0.00346399860498
0.00346399860498
0.00346399860498
0.00199478990481
0.00199478990481
0.00199478990481
0.00199478990481
0.00179190280173
0.00179190280173
0.00179190280173
0.00179190280173
0.00256833891433
0.00256833891433
0.00256833891433
0.00256833891433
0.00267420064633
0.00267420064633
0.00267420064633
0.00267420064633
0.00274487637298
0.00274487637298
0.00274487637298
0.00274487637298
0.00257603474312
0.00257603474312
0.00257603474312
0.00257603474312
0.00215946342352
0.00215946342352
0.00215946342352
0.00215946342352
0.00236429871686
0.00236429871686
0.00236429871686
0.00236429871686
0.00316715423256
0.00316715423256
0.00316715423256
0.00316715423256
0.00283692701821
0.00283692701821
0.00283692701821
0.00283692701821
0.00253581034233
0.00253581034233
0.00253581034233
0.00253581034233
0.0026280863335
0.0026280863335
0.0026280863335
0.0026280863335
0.00242581882101
0.00242581882101
0.00242581882101
0.00242581882101
0.00239628035391
0.00239628035391
0.00239628035391
0.00239628035391
0.00246419301631
0.00246419301631
0.00246419301631
0.00246419301631
0.00262652756637
0.00262652756637
0.00262652756637
0.00262652756637
0.00206322097331
0.00206322097331
0.00206322097331
0.00206322097331
0.00186636451212
0.00186636451212
0.00186636451212
0.00186636451212
0.0018776126384
0.0018776126384
0.0018776126384
0.0018776126384
0.00224013470373
0.00224013470373
0.00224013470373
0.00224013470373
0.00216536622126
0.00216536622126
0.00216536622126
0.00216536622126
0.00176749935311
0.00176749935311
0.00176749935311
0.00176749935311
0.00172459619719
0.00172459619719
0.00172459619719
0.00172459619719
0.0020769601794
0.0020769601794
0.0020769601794
0.0020769601794
0.0023943387737
0.0023943387737
0.0023943387737
0.0023943387737
0.00202561471872
0.00202561471871
0.00202561471874
0.00202561471871
0.00199095412616
0.00199095412616
0.00199095412616
0.00199095412616
0.00236292406043
0.00236292406043
0.00236292406043
0.00236292406043
0.00320875476649
0.00320875476649
0.00320875476649
0.00320875476649
0.00318502987953
0.00318502987953
0.00318502987953
0.00318502987953
0.00303632828827
0.00303632828827
0.00303632828827
0.00303632828827
0.0026156867533
0.0026156867533
0.0026156867533
0.0026156867533
0.00232066705968
0.00232066705968
0.00232066705968
0.00232066705968
0.0026372041294
0.0026372041294
0.0026372041294
0.0026372041294
0.00247396956069
0.00247396956069
0.00247396956069
0.00247396956069
0.00249346308019
0.00249346308019
0.00249346308019
0.00249346308019
0.00198881370172
0.00198881370172
0.00198881370172
0.00198881370172
0.00223972466074
0.00223972466074
0.00223972466074
0.00223972466074
0.00265256549921
0.00265256549921
0.00265256549921
0.00265256549924
0.00300849369908
0.00300849369904
0.00300849369904
0.00300849369904
0.00106870236257
0.00106870236257
0.00106870236257
0.00106870236257
0.00123682529926
0.00123682529926
0.00123682529926
0.00123682529926
0.00129345112867
0.00129345112867
0.00129345112867
0.00129345112867
0.0012686489886
0.0012686489886
0.0012686489886
0.0012686489886
0.00117486985905
0.00117486985905
0.00117486985905
0.00117486985905
0.00142215665835
0.00142215665835
0.00142215665835
0.00142215665835
