0.0102468090273
0.0102468090273
0.0102468090273
0.0102468090273
0.010294943437
0.010294943437
0.010294943437
0.010294943437
0.0117584773778
0.0117584773778
0.0117584773778
0.0117584773778
0.0106964031075
0.0106964031075
0.0106964031075
0.0106964031075
0.0099295746295
0.0099295746295
0.0099295746295
0.0099295746295
0.0117109648758
0.0117109648758
0.0117109648758
0.0117109648758
0.0109561406779
0.0109561406779
0.0109561406779
0.0109561406779
0.0102026457497
0.0102026457497
0.0102026457497
0.0102026457497
0.00982293652011
0.00982293652011
0.00982293652011
0.00982293652011
0.00905103138688
0.00905103138688
0.00905103138688
0.00905103138688
0.00934584859856
0.00934584859856
0.00934584859856
0.00934584859856
0.0173946446278
0.0173946446278
0.0173946446278
0.0173946446278
0.008803183642
0.00880318364203
0.00880318364203
0.00880318364207
0.0102731079383
0.0102731079383
0.0102731079383
0.0102731079383
0.010336688015
0.010336688015
0.010336688015
0.010336688015
0.00972209924225
0.00972209924225
0.00972209924225
0.00972209924225
0.0171405582738
0.0171405582738
0.0171405582738
0.0171405582737
0.0183825030465
0.0183825030465
0.0183825030465
0.0183825030465
0.0173927338538
0.0173927338538
0.0173927338538
0.0173927338538
0.010873476571
0.010873476571
0.010873476571
0.010873476571
0.0106550957479
0.0106550957479
0.0106550957479
0.0106550957479
0.00879982252102
0.00879982252102
0.00879982252102
0.00879982252102
0.00966497162906
0.00966497162906
0.00966497162906
0.00966497162906
0.00971628252536
0.00971628252536
0.00971628252536
0.00971628252536
0.00934690297015
0.00934690297015
0.00934690297015
0.00934690297015
0.00862903335679
0.00862903335679
0.00862903335679
0.00862903335679
0.00820144317911
0.00820144317911
0.00820144317911
0.00820144317911
0.00941964956143
0.00941964956143
0.00941964956143
0.00941964956143
0.00837787188493
0.00837787188493
0.00837787188493
0.00837787188494
0.00900690770473
0.00900690770473
0.00900690770473
0.00900690770473
0.0090695352997
0.0090695352997
0.0090695352997
0.0090695352997
0.00943844040293
0.00943844040293
0.0094384404029
0.00943844040297
0.00965190415636
0.00965190415636
0.00965190415636
0.00965190415636
0.00999210366013
0.00999210366013
0.00999210366014
0.00999210366012
0.0174669073208
0.0174669073208
0.0174669073208
0.0174669073207
0.0180968384311
0.0180968384311
0.0180968384311
0.0180968384312
0.00925327492153
0.00925327492153
0.00925327492153
0.00925327492153
0.00870340792614
0.00870340792614
0.00870340792614
0.00870340792614
0.00788631762668
0.00788631762668
0.00788631762668
0.00788631762668
0.00782630050772
0.00782630050772
0.00782630050772
0.00782630050772
0.0048889559279
0.0048889559279
0.0048889559279
0.0048889559279
0.00410730240448
0.00410730240448
0.00410730240448
0.00410730240448
0.00487782581027
0.00487782581027
0.00487782581027
0.00487782581027
0.00486058189493
0.00486058189493
0.00486058189493
0.00486058189493
0.00788661977526
0.00788661977526
0.00788661977526
0.00788661977526
0.00786386836882
0.00786386836882
0.00786386836882
0.00786386836882
0.0075883652938
0.0075883652938
0.0075883652938
0.0075883652938
0.00758006321362
0.00758006321362
0.00758006321362
0.00758006321362
0.00625709152987
0.00625709152987
0.00625709152987
0.00625709152991
0.00628657650447
0.00628657650442
0.00628657650442
0.00628657650439
0.00455173163125
0.00455173163125
0.00455173163125
0.00455173163125
0.00390694414694
0.00390694414694
0.00390694414694
0.00390694414694
0.00478101905894
0.00478101905894
0.00478101905892
0.00478101905896
0.00457031908515
0.00457031908515
0.00457031908511
0.00457031908515
0.00756402062324
0.00756402062324
0.00756402062324
0.00756402062324
0.00723188044082
0.00723188044085
0.00723188044084
0.00723188044086
0.00724300126778
0.00724300126775
0.00724300126776
0.00724300126773
0.00757489991559
0.00757489991557
0.00757489991554
0.00757489991552
0.00881145253749
0.00881145253749
0.00881145253749
0.00881145253749
0.00844522346641
0.00844522346644
0.00844522346646
0.00844522346644
0.00775782398181
0.00775782398181
0.00775782398181
0.00775782398181
0.00973757754999
0.00973757755001
0.00973757755003
0.00973757754997
0.00849623091494
0.00849623091494
0.00849623091494
0.00849623091494
0.00917725961214
0.00917725961214
0.00917725961214
0.00917725961214
0.00846028410398
0.00846028410401
0.00846028410401
0.00846028410405
0.00815483223904
0.0081548322391
0.0081548322391
0.0081548322391
0.00894897899162
0.00894897899162
0.00894897899159
0.00894897899165
0.00813154684611
0.00813154684611
0.00813154684611
0.00813154684611
0.00821838439574
0.00821838439574
0.00821838439574
0.00821838439574
0.00925009696159
0.00925009696162
0.00925009696164
0.0092500969616
0.00869116283349
0.00869116283352
0.0086911628335
0.00869116283354
0.00855752684771
0.00855752684768
0.00855752684766
0.00855752684769
0.00834200171995
0.00834200171995
0.00834200171995
0.00834200171995
0.00928341360094
0.00928341360094
0.00928341360094
0.00928341360094
0.00837492644169
0.00837492644169
0.00837492644169
0.00837492644169
0.00924822570796
0.00924822570796
0.00924822570796
0.00924822570796
0.00881150364694
0.00881150364694
0.00881150364694
0.00881150364694
0.00913317877716
0.00913317877716
0.00913317877716
0.00913317877716
0.00915390353367
0.00915390353367
0.00915390353367
0.00915390353367
0.00896193737551
0.00896193737551
0.00896193737551
0.00896193737551
0.00884754802284
0.00884754802284
0.00884754802284
0.00884754802284
0.00843740485448
0.00843740485448
0.00843740485448
0.00843740485448
0.00908927552302
0.00908927552302
0.00908927552302
0.00908927552302
0.00891127269432
0.00891127269432
0.00891127269432
0.00891127269432
0.00844147626531
0.00844147626531
0.00844147626531
0.00844147626531
0.00861547877641
0.00861547877641
0.00861547877641
0.00861547877641
0.00887482418824
0.00887482418824
0.00887482418824
0.00887482418824
0.0095005592242
0.0095005592242
0.0095005592242
0.0095005592242
0.00868907427703
0.00868907427703
0.00868907427703
0.00868907427703
0.0085031075604
0.0085031075604
0.00850310756041
0.00850310756038
0.00933862505918
0.00933862505918
0.00933862505919
0.00933862505916
0.00927168464666
0.00927168464666
0.00927168464666
0.00927168464666
0.00864502542939
0.00864502542939
0.00864502542939
0.00864502542939
0.00831476267672
0.00831476267669
0.00831476267669
0.00831476267669
0.00941465140732
0.00941465140732
0.00941465140732
0.00941465140732
0.00920016709392
0.00920016709388
0.00920016709385
0.00920016709389
0.00905059496743
0.00905059496743
0.00905059496743
0.00905059496743
0.00894991540507
0.00894991540508
0.00894991540508
0.00894991540508
0.00745914621256
0.00745914621258
0.00745914621255
0.00745914621259
0.00890470669414
0.00890470669414
0.00890470669414
0.00890470669414
0.00897437450855
0.00897437450853
0.00897437450853
0.0089743745085
0.0103601522634
0.0103601522634
0.0103601522633
0.0103601522633
0.00915680159837
0.00915680159834
0.00915680159837
0.00915680159834
0.00914844620147
0.00914844620147
0.00914844620147
0.00914844620147
0.00833795745555
0.00833795745555
0.00833795745555
0.00833795745555
0.00763985799487
0.00763985799487
0.00763985799487
0.00763985799487
0.00829416332938
0.00829416332938
0.00829416332938
0.00829416332938
0.0100661846736
0.0100661846736
0.0100661846736
0.0100661846736
0.0107014271253
0.0107014271253
0.0107014271253
0.0107014271253
0.00995145047823
0.00995145047823
0.00995145047823
0.00995145047823
0.0112612686416
0.0112612686416
0.0112612686416
0.0112612686416
0.00689262054576
0.00689262054576
0.00689262054576
0.00689262054576
0.00813015693507
0.00813015693507
0.00813015693507
0.00813015693513
0.00923713362124
0.00923713362124
0.00923713362124
0.00923713362124
0.010149608017
0.010149608017
0.010149608017
0.010149608017
0.00880943636894
0.00880943636897
0.00880943636894
0.00880943636901
0.00928793915437
0.00928793915437
0.00928793915437
0.00928793915437
0.0088965900195
0.0088965900195
0.0088965900195
0.0088965900195
0.0103126232874
0.0103126232874
0.0103126232874
0.0103126232874
0.00905968495092
0.00905968495093
0.00905968495095
0.0090596849509
0.00936205376644
0.00936205376637
0.00936205376637
0.00936205376637
0.00938564337484
0.00938564337484
0.00938564337484
0.00938564337484
0.00942917291559
0.0094291729156
0.0094291729156
0.0094291729156
0.00905687964305
0.00905687964305
0.00905687964305
0.00905687964305
0.0109927342474
0.0109927342474
0.0109927342474
0.0109927342474
0.00995016399647
0.00995016399647
0.00995016399647
0.00995016399647
0.00993715502167
0.00993715502167
0.00993715502167
0.00993715502167
0.00994566927747
0.00994566927747
0.00994566927747
0.00994566927747
0.00818374081484
0.00818374081484
0.00818374081483
0.00818374081477
0.00872131684207
0.00872131684201
0.00872131684201
0.00872131684201
0.00867289321068
0.00867289321069
0.0086728932107
0.00867289321066
0.0089017190185
0.0089017190185
0.0089017190185
0.0089017190185
0.00899303344515
0.00899303344517
0.0089930334452
0.00899303344517
0.00882524712934
0.00882524712934
0.00882524712934
0.00882524712934
0.00883343424659
0.00883343424662
0.00883343424664
0.00883343424662
0.00820040348748
0.00820040348748
0.00820040348748
0.00820040348748
0.0090134717694
0.0090134717694
0.0090134717694
0.0090134717694
0.00833936431631
0.00833936431631
0.00833936431631
0.00833936431631
0.00852297372951
0.00852297372951
0.00852297372951
0.00852297372951
0.00816272727793
0.00816272727793
0.00816272727792
0.00816272727795
0.00799888676593
0.00799888676593
0.00799888676593
0.00799888676593
0.00822466391931
0.00822466391931
0.00822466391931
0.00822466391931
0.00895707394704
0.00895707394704
0.00895707394703
0.00895707394706
0.00826476104068
0.00826476104068
0.00826476104068
0.00826476104068
0.00798417742324
0.00798417742324
0.00798417742324
0.00798417742324
0.00792485144808
0.00792485144808
0.00792485144808
0.00792485144808
0.00895349659838
0.00895349659838
0.00895349659837
0.00895349659839
0.0080025998749
0.0080025998749
0.00800259987489
0.00800259987491
0.00900814948719
0.00900814948719
0.00900814948719
0.00900814948719
0.00805953992426
0.00805953992426
0.00805953992433
0.00805953992426
0.00812053406391
0.00812053406394
0.00812053406392
0.00812053406395
0.0080336018632
0.00803360186326
0.00803360186328
0.00803360186325
0.00953994924685
0.00953994924681
0.00953994924678
0.00953994924682
0.00929257856004
0.00929257856004
0.00929257856004
0.00929257856004
0.00932962489021
0.00932962489021
0.00932962489021
0.00932962489021
0.00921415143284
0.00921415143284
0.00921415143284
0.00921415143284
0.00923438480456
0.00923438480456
0.00923438480456
0.00923438480456
0.00850691965943
0.00850691965943
0.00850691965943
0.00850691965943
0.00919271660056
0.00919271660056
0.00919271660056
0.00919271660056
0.00855142004682
0.00855142004682
0.00855142004682
0.00855142004682
0.00864673708196
0.00864673708194
0.00864673708192
0.00864673708194
0.00929980419819
0.00929980419819
0.00929980419819
0.00929980419819
0.0102274967367
0.0102274967367
0.0102274967367
0.0102274967367
0.00876498693995
0.00876498693999
0.00876498694002
0.00876498694002
0.00846818230164
0.00846818230164
0.00846818230164
0.00846818230164
0.00957773460764
0.00957773460764
0.00957773460764
0.00957773460764
0.00936569703821
0.00936569703821
0.00936569703821
0.00936569703821
0.00991539953202
0.00991539953202
0.00991539953202
0.00991539953202
0.00920335584143
0.00920335584139
0.00920335584135
0.00920335584142
0.00864617597246
0.00864617597246
0.0086461759724
0.00864617597246
0.00781262569379
0.00781262569379
0.00781262569379
0.00781262569379
0.00781986240954
0.00781986240954
0.00781986240954
0.00781986240954
0.00930152231345
0.00930152231347
0.00930152231347
0.0093015223135
0.0092232509934
0.0092232509934
0.0092232509934
0.0092232509934
0.00927850242447
0.00927850242445
0.00927850242442
0.00927850242444
0.0090380111352
0.0090380111352
0.0090380111352
0.0090380111352
0.00909580367358
0.00909580367358
0.00909580367357
0.00909580367357
0.00911217640374
0.00911217640373
0.00911217640373
0.00911217640371
0.00934355062883
0.00934355062881
0.00934355062881
0.0093435506288
0.00901147235935
0.00901147235935
0.00901147235935
0.00901147235935
0.00912192608471
0.00912192608472
0.00912192608472
0.00912192608474
0.00928686690665
0.00928686690662
0.00928686690658
0.00928686690662
0.00905157173751
0.0090515717375
0.00905157173748
0.0090515717375
0.00899510257711
0.00899510257711
0.00899510257711
0.00899510257711
0.00902281438193
0.00902281438195
0.00902281438195
0.00902281438196
0.00835378918347
0.00835378918347
0.00835378918347
0.00835378918347
0.0085479072349
0.0085479072349
0.0085479072349
0.0085479072349
0.0081243692786
0.00812436927862
0.00812436927862
0.00812436927864
0.00851759316323
0.00851759316325
0.00851759316321
0.00851759316326
0.00836770806061
0.00836770806064
0.00836770806068
0.00836770806064
0.00894533669146
0.00894533669146
0.00894533669146
0.00894533669146
0.00834632582117
0.00834632582117
0.00834632582124
0.00834632582117
0.00871756865971
0.00871756865971
0.00871756865972
0.00871756865971
0.00845437581337
0.00845437581337
0.00845437581337
0.00845437581337
0.00882713916368
0.0088271391637
0.0088271391637
0.0088271391637
0.00879626087215
0.00879626087215
0.00879626087215
0.00879626087208
0.00861132738726
0.00861132738727
0.00861132738727
0.00861132738727
0.00891339582084
0.00891339582084
0.00891339582084
0.00891339582084
0.00835679595708
0.00835679595708
0.00835679595708
0.00835679595708
0.00911465993077
0.00911465993078
0.00911465993079
0.00911465993079
0.0169918123663
0.0169918123664
0.0169918123664
0.0169918123664
0.0170838566634
0.0170838566634
0.0170838566634
0.0170838566635
0.00890845211493
0.00890845211493
0.008908452115
0.00890845211493
0.00759885072754
0.00759885072754
0.00759885072754
0.00759885072754
0.00756725997157
0.00756725997155
0.00756725997154
0.00756725997153
0.00748796344659
0.00748796344659
0.00748796344659
0.00748796344659
0.0095140810567
0.0095140810567
0.0095140810567
0.0095140810567
0.0104645852788
0.0104645852788
0.0104645852788
0.0104645852788
0.0102653293303
0.0102653293303
0.0102653293303
0.0102653293303
0.0109371573722
0.0109371573722
0.0109371573722
0.0109371573722
0.00870576005709
0.00870576005709
0.00870576005709
0.00870576005709
0.00979046179388
0.00979046179388
0.00979046179388
0.00979046179388
0.00720603061931
0.00720603061931
0.00720603061931
0.00720603061931
0.00575152412007
0.00575152412002
0.00575152412002
0.00575152412002
0.00520182051653
0.00520182051653
0.00520182051653
0.00520182051653
0.00528892837197
0.00528892837197
0.00528892837197
0.00528892837197
0.0055578690582
0.0055578690582
0.0055578690582
0.0055578690582
0.00690623130929
0.00690623130929
0.00690623130929
0.00690623130929
0.00667160490449
0.00667160490449
0.00667160490449
0.00667160490449
0.00582083093381
0.00582083093381
0.00582083093381
0.00582083093381
0.00514646270208
0.00514646270208
0.00514646270208
0.00514646270208
0.00525694423426
0.00525694423426
0.00525694423426
0.00525694423426
0.00567711401966
0.00567711401966
0.00567711401966
0.00567711401966
0.00886628657755
0.00886628657755
0.00886628657755
0.00886628657755
0.00889632555369
0.00889632555369
0.00889632555369
0.00889632555369
0.0103438727728
0.0103438727728
0.0103438727728
0.0103438727728
0.0106894822783
0.0106894822783
0.0106894822783
0.0106894822783
0.00926096053606
0.00926096053606
0.00926096053606
0.00926096053606
0.00830155818969
0.00830155818966
0.00830155818966
0.00830155818963
0.00834284214123
0.00834284214123
0.00834284214123
0.00834284214123
0.00613685621378
0.00613685621378
0.00613685621378
0.00613685621378
0.00613712169329
0.00613712169329
0.00613712169329
0.00613712169329
0.00412454433364
0.00412454433364
0.00412454433364
0.00412454433364
0.00406740073281
0.00406740073281
0.00406740073281
0.00406740073281
0.00463938058731
0.00463938058731
0.00463938058731
0.00463938058731
0.00412526027257
0.00412526027257
0.00412526027257
0.00412526027257
0.00573993067502
0.00573993067502
0.00573993067502
0.00573993067502
0.00483304560083
0.00483304560083
0.00483304560083
0.00483304560083
0.00499468952684
0.00499468952684
0.00499468952684
0.00499468952684
0.00543439593435
0.00543439593435
0.00543439593435
0.00543439593435
0.00499427563612
0.00499427563612
0.00499427563612
0.00499427563612
0.00485104557283
0.00485104557283
0.00485104557283
0.00485104557283
0.00573596063583
0.00573596063583
0.00573596063583
0.00573596063583
0.00541575523244
0.00541575523244
0.00541575523244
0.0054157552324
0.00925383399191
0.00925383399188
0.00925383399189
0.00925383399186
0.00644592605753
0.00644592605753
0.00644592605753
0.00644592605753
0.00648786237859
0.0064878623786
0.00648786237856
0.00648786237862
0.00624531695869
0.00624531695869
0.00624531695869
0.00624531695869
0.00626394834446
0.00626394834446
0.00626394834446
0.00626394834446
0.00604020927651
0.00604020927651
0.00604020927651
0.00604020927651
0.00539486291667
0.00539486291667
0.00539486291667
0.00539486291667
0.00536197507927
0.00536197507927
0.00536197507927
0.00536197507927
0.00599316955463
0.00599316955462
0.00599316955465
0.0059931695546
0.00804254811249
0.00804254811251
0.00804254811248
0.00804254811253
0.0080347996699
0.0080347996699
0.0080347996699
0.00803479966997
0.00771445527646
0.00771445527646
0.00771445527646
0.00771445527646
0.00831832761628
0.00831832761629
0.00831832761623
0.00831832761632
0.0078884386031
0.00788843860312
0.00788843860319
0.00788843860314
0.00751763448668
0.00751763448664
0.00751763448661
0.00751763448664
0.00791089556476
0.00791089556476
0.00791089556476
0.00791089556476
0.00872028362402
0.00872028362398
0.00872028362398
0.00872028362395
0.00530098636427
0.00530098636427
0.00530098636427
0.00530098636427
0.00519582345459
0.00519582345459
0.00519582345459
0.00519582345459
0.00521165601622
0.00521165601622
0.00521165601622
0.00521165601622
0.00563570072066
0.00563570072066
0.00563570072066
0.00563570072066
0.00440171208214
0.00440171208214
0.00440171208214
0.00440171208214
0.0041350162573
0.00413501625731
0.00413501625731
0.00413501625735
0.00456325127791
0.00456325127793
0.00456325127791
0.00456325127793
0.00421316902443
0.00421316902438
0.00421316902438
0.00421316902439
0.00663295811237
0.00663295811238
0.00663295811238
0.00663295811236
0.00682390243849
0.00682390243849
0.00682390243849
0.00682390243849
0.00964540918694
0.00964540918694
0.00964540918694
0.00964540918694
0.00747086841928
0.00747086841928
0.00747086841928
0.00747086841928
0.00938702858668
0.00938702858668
0.00938702858668
0.00938702858668
0.00980938566815
0.00980938566818
0.00980938566819
0.00980938566814
0.0103738642137
0.0103738642136
0.0103738642136
0.0103738642136
0.00900169402636
0.00900169402639
0.00900169402641
0.00900169402639
0.00910175279413
0.00910175279413
0.00910175279413
0.00910175279413
0.00701447404794
0.00701447404794
0.00701447404794
0.00701447404794
0.0061632580647
0.0061632580647
0.0061632580647
0.0061632580647
0.00421777875653
0.00421777875653
0.00421777875653
0.00421777875653
0.00433939346206
0.00433939346206
0.00433939346206
0.00433939346206
0.00530647902797
0.00530647902797
0.00530647902797
0.00530647902797
0.00512743171299
0.00512743171299
0.00512743171299
0.00512743171299
0.00513582989129
0.00513582989129
0.00513582989129
0.00513582989129
0.00436419654137
0.00436419654137
0.00436419654137
0.00436419654137
0.00533517809212
0.00533517809212
0.00533517809212
0.00533517809212
0.00527986857165
0.00527986857165
0.00527986857165
0.00527986857165
0.00688998077189
0.00688998077189
0.00688998077188
0.00688998077189
0.00633072470958
0.00633072470958
0.00633072470958
0.00633072470958
0.00582112979293
0.00582112979293
0.00582112979293
0.00582112979293
0.00826367508448
0.00826367508447
0.00826367508444
0.00826367508451
0.00849237881462
0.0084923788146
0.0084923788146
0.00849237881458
0.00846458595249
0.00846458595247
0.00846458595247
0.00846458595245
0.00838729922884
0.00838729922884
0.00838729922884
0.00838729922884
0.00612003114112
0.00612003114112
0.00612003114112
0.00612003114112
0.00587310152151
0.00587310152151
0.00587310152151
0.00587310152151
0.00586546495241
0.00586546495241
0.00586546495241
0.00586546495241
0.00609591002984
0.00609591002984
0.00609591002984
0.00609591002984
0.00501856677388
0.00501856677388
0.00501856677388
0.00501856677388
0.0041657691431
0.0041657691431
0.0041657691431
0.0041657691431
0.00644117890102
0.00644117890102
0.00644117890102
0.00644117890102
0.00668760080866
0.00668760080862
0.00668760080864
0.00668760080864
0.00388357101875
0.00388357101875
0.00388357101875
0.00388357101875
0.0038677505453
0.0038677505453
0.0038677505453
0.0038677505453
0.00401931076808
0.00401931076808
0.00401931076808
0.00401931076808
0.0042354412499
0.0042354412499
0.0042354412499
0.0042354412499
0.00492752583788
0.00492752583788
0.00492752583788
0.00492752583788
0.00466162640967
0.00466162640967
0.00466162640967
0.00466162640967
0.00525982695789
0.00525982695789
0.00525982695789
0.00525982695789
0.00544516094831
0.00544516094828
0.00544516094829
0.00544516094827
0.0078454078428
0.0078454078428
0.0078454078428
0.0078454078428
0.00498201804519
0.00498201804519
0.00498201804519
0.00498201804519
0.00474546973393
0.00474546973393
0.00474546973393
0.00474546973393
0.00536092854141
0.00536092854141
0.00536092854141
0.00536092854141
0.0054539667527
0.0054539667527
0.0054539667527
0.0054539667527
0.00671143949826
0.00671143949826
0.00671143949826
0.00671143949826
0.00644710735834
0.00644710735834
0.00644710735834
0.00644710735834
0.00536542438187
0.00536542438189
0.00536542438192
0.0053654243819
0.0046252990107
0.0046252990107
0.0046252990107
0.0046252990107
0.00507543279869
0.00507543279869
0.00507543279869
0.00507543279869
0.0045220345935
0.0045220345935
0.0045220345935
0.0045220345935
0.00598078775963
0.00598078775963
0.00598078775963
0.00598078775963
0.00645398130684
0.00645398130684
0.00645398130684
0.00645398130684
0.00805580166426
0.00805580166426
0.00805580166421
0.00805580166428
0.00832073205631
0.00832073205631
0.00832073205631
0.00832073205631
0.00816902635467
0.00816902635465
0.00816902635464
0.00816902635462
0.00547262243317
0.00547262243317
0.00547262243317
0.00547262243321
0.0060237791001
0.00602377910013
0.00602377910012
0.00602377910015
0.00545134726193
0.00545134726192
0.00545134726191
0.00545134726189
0.00488055746233
0.00488055746233
0.00488055746233
0.00488055746233
0.00515136663917
0.00515136663917
0.00515136663917
0.00515136663917
0.00474345493076
0.00474345493076
0.00474345493076
0.00474345493076
0.00854765414307
0.00854765414307
0.00854765414307
0.00854765414306
0.00665251617942
0.0066525161794
0.00665251617942
0.00665251617939
0.00642001866837
0.00642001866837
0.00642001866837
0.00642001866837
0.00630462355732
0.00630462355732
0.00630462355732
0.00630462355732
0.00659661040147
0.00659661040147
0.00659661040147
0.00659661040147
0.00584915780564
0.00584915780567
0.00584915780567
0.00584915780564
0.00791019244376
0.00791019244376
0.00791019244376
0.00791019244376
0.00526861215163
0.00526861215161
0.0052686121516
0.00526861215164
0.00456692738962
0.00456692738966
0.00456692738966
0.00456692738966
0.00471195382076
0.00471195382076
0.00471195382078
0.00471195382081
0.00505719694644
0.00505719694644
0.00505719694644
0.00505719694644
0.00579612106337
0.00579612106337
0.00579612106337
0.00579612106337
0.00614488117802
0.00614488117802
0.00614488117802
0.00614488117802
0.00625329679106
0.00625329679106
0.00625329679106
0.00625329679106
0.00568589757625
0.00568589757625
0.00568589757625
0.00568589757625
0.00578076890859
0.00578076890859
0.00578076890859
0.00578076890859
0.00609226088572
0.00609226088572
0.00609226088572
0.00609226088567
0.00428824907143
0.00428824907143
0.00428824907143
0.00428824907143
0.00416298889555
0.00416298889555
0.00416298889555
0.00416298889555
0.00472125794973
0.00472125794973
0.00472125794973
0.00472125794973
0.00470872840579
0.00470872840578
0.00470872840581
0.00470872840576
0.00404470814991
0.00404470814991
0.00404470814991
0.00404470814991
0.00355881860483
0.00355881860483
0.00355881860483
0.00355881860483
0.00274760768878
0.00274760768878
0.00274760768878
0.00274760768878
0.0105834232316
0.0105834232316
0.0105834232316
0.0105834232316
0.00279935201332
0.00279935201332
0.00279935201332
0.00279935201332
0.00332693870343
0.00332693870343
0.00332693870343
0.00332693870343
0.00355342226457
0.00355342226457
0.00355342226457
0.00355342226457
0.0034910328108
0.0034910328108
0.0034910328108
0.0034910328108
0.00572415472373
0.00572415472373
0.00572415472373
0.00572415472373
0.00559793506511
0.00559793506511
0.00559793506511
0.00559793506511
0.00926874669988
0.00926874669988
0.00926874669988
0.00926874669988
0.0120974514251
0.0120974514251
0.0120974514251
0.0120974514251
0.0104888011572
0.0104888011572
0.0104888011572
0.0104888011572
0.0146258023605
0.0146258023604
0.0146258023604
0.0146258023604
0.00624861152947
0.00624861152947
0.00624861152947
0.00624861152947
0.00601697753054
0.00601697753054
0.00601697753054
0.00601697753054
0.00348926050273
0.00348926050273
0.00348926050273
0.00348926050273
0.00338178487104
0.00338178487104
0.00338178487104
0.00338178487104
0.0036683195388
0.0036683195388
0.0036683195388
0.0036683195388
0.00283811877893
0.00283811877893
0.00283811877893
0.00283811877893
0.00292002039123
0.00292002039123
0.00292002039123
0.00292002039123
0.00938040545451
0.00938040545451
0.00938040545451
0.00938040545451
0.00748542740157
0.00748542740157
0.00748542740157
0.00748542740157
0.00837886754265
0.00837886754265
0.00837886754265
0.00837886754265
0.00452318089943
0.00452318089943
0.00452318089943
0.00452318089943
0.00413190271788
0.00413190271788
0.00413190271788
0.00413190271788
0.00444255116444
0.00444255116444
0.00444255116444
0.00444255116444
0.00424853407582
0.00424853407582
0.00424853407582
0.00424853407582
0.00552974330661
0.00552974330661
0.00552974330661
0.00552974330661
0.00572181860618
0.00572181860618
0.00572181860618
0.00572181860618
0.00391221373661
0.00391221373661
0.00391221373661
0.00391221373661
0.00414886016722
0.00414886016722
0.00414886016722
0.00414886016722
0.00424621178189
0.00424621178189
0.00424621178189
0.00424621178189
0.00452288597318
0.00452288597315
0.00452288597318
0.00452288597315
0.0056610842846
0.00566108428455
0.00566108428455
0.00566108428455
0.00578440775705
0.00578440775705
0.00578440775705
0.00578440775705
0.0042900710228
0.0042900710228
0.0042900710228
0.0042900710228
0.0036550915979
0.0036550915979
0.0036550915979
0.0036550915979
0.00379856446668
0.00379856446668
0.00379856446668
0.00379856446668
0.00327700297705
0.00327700297705
0.00327700297705
0.00327700297705
0.00503360332937
0.00503360332934
0.00503360332934
0.00503360332937
0.00763702498321
0.00763702498322
0.00763702498319
0.00763702498319
0.00473374100856
0.00473374100856
0.00473374100856
0.00473374100851
0.00426779139875
0.00426779139875
0.00426779139879
0.00426779139874
0.00432390297361
0.00432390297365
0.00432390297365
0.00432390297365
0.00448962298165
0.00448962298165
0.00448962298165
0.00448962298165
0.00515620911168
0.00515620911173
0.00515620911173
0.00515620911173
0.00506664497094
0.00506664497094
0.00506664497094
0.00506664497094
0.00486270799455
0.00486270799455
0.00486270799455
0.00486270799455
0.00503221242121
0.00503221242121
0.00503221242121
0.00503221242121
0.00501051144665
0.00501051144665
0.00501051144665
0.00501051144665
0.00490037141736
0.00490037141736
0.00490037141736
0.00490037141736
