0.0305063968304
0.0305063968304
0.0305063968304
0.0305063968303
0.0303929863922
0.0303929863922
0.0303929863922
0.0303929863921
0.0318610027148
0.0318610027148
0.0318610027148
0.0318610027148
0.0319004966926
0.0319004966926
0.0319004966926
0.0319004966926
0.0319421596575
0.0319421596575
0.0319421596576
0.0319421596576
0.0303494448421
0.0303494448421
0.0303494448421
0.0303494448421
0.03088345069
0.03088345069
0.03088345069
0.03088345069
0.0319060682476
0.0319060682476
0.0319060682476
0.0319060682476
0.0172825299599
0.0172825299599
0.0172825299599
0.0172825299599
0.0173153095669
0.0173153095669
0.017315309567
0.017315309567
0.0186029455723
0.0186029455723
0.0186029455723
0.0186029455724
0.0113636320015
0.0113636320015
0.0113636320015
0.0113636320015
0.0113968184342
0.0113968184342
0.0113968184342
0.0113968184342
0.0119556881932
0.0119556881932
0.0119556881932
0.0119556881932
0.0126290453103
0.0126290453103
0.0126290453103
0.0126290453103
0.0186518727458
0.0186518727458
0.0186518727458
0.0186518727458
0.020853626367
0.020853626367
0.020853626367
0.0208536263669
0.0208970468089
0.0208970468089
0.0208970468089
0.0208970468089
0.0131458660673
0.0131458660673
0.0131458660673
0.0131458660673
0.0114091521599
0.0114091521599
0.0114091521599
0.0114091521599
0.0114197590326
0.0114197590326
0.0114197590326
0.0114197590326
0.0131821151022
0.0131821151022
0.0131821151022
0.0131821151022
0.017864344261
0.017864344261
0.017864344261
0.017864344261
0.0197823522032
0.0197823522032
0.0197823522032
0.0197823522032
0.0201464847718
0.0201464847718
0.0201464847718
0.0201464847718
0.0181307331732
0.0181307331732
0.0181307331732
0.0181307331732
0.0206257872493
0.0206257872494
0.0206257872494
0.0206257872494
0.0127375882156
0.0127375882157
0.0127375882157
0.0127375882157
0.0113548867551
0.0113548867551
0.0113548867551
0.0113548867551
0.0111768477535
0.0111768477535
0.0111768477535
0.0111768477535
0.0115667614209
0.0115667614209
0.0115667614209
0.0115667614209
0.0182910167454
0.0182910167454
0.0182910167454
0.0182910167454
0.0201107576135
0.0201107576135
0.0201107576136
0.0201107576135
0.0174477367103
0.0174477367103
0.0174477367103
0.0174477367103
0.0184599635593
0.0184599635593
0.0184599635593
0.0184599635592
0.018236042876
0.018236042876
0.018236042876
0.018236042876
0.0112360923169
0.0112360923169
0.0112360923169
0.0112360923169
0.0112287877951
0.0112287877951
0.0112287877951
0.0112287877951
0.0111566891351
0.0111566891351
0.0111566891351
0.0111566891351
0.0110222064444
0.0110222064444
0.0110222064444
0.0110222064444
0.0183682002595
0.0183682002595
0.0183682002595
0.0183682002595
0.0174494917909
0.0174494917909
0.0174494917909
0.0174494917909
0.0181562514744
0.0181562514745
0.0181562514745
0.0181562514744
0.0181481644294
0.0181481644294
0.0181481644293
0.0181481644294
0.0109787981885
0.0109787981885
0.0109787981885
0.0109787981885
0.011147903302
0.011147903302
0.011147903302
0.011147903302
0.0115470596003
0.0115470596003
0.0115470596003
0.0115470596003
0.0109385514907
0.0109385514907
0.0109385514907
0.0109385514908
0.0175336244038
0.0175336244038
0.0175336244038
0.0175336244038
0.0179158863448
0.0179158863448
0.0179158863448
0.0179158863448
0.0188042306255
0.0188042306255
0.0188042306255
0.0188042306256
0.0112371978168
0.0112371978168
0.0112371978168
0.0112371978168
0.0112191523307
0.0112191523307
0.0112191523307
0.0112191523307
0.0110109388781
0.0110109388781
0.0110109388781
0.0110109388781
0.0116654812059
0.0116654812059
0.0116654812059
0.0116654812059
0.0182049392865
0.0182049392865
0.0182049392865
0.0182049392865
0.0184639244706
0.0184639244706
0.0184639244706
0.0184639244706
0.0178974642249
0.0178974642249
0.0178974642249
0.0178974642249
0.0200990247045
0.0200990247045
0.0200990247045
0.0200990247046
0.0183161408437
0.0183161408437
0.0183161408437
0.0183161408437
0.0127015678259
0.0127015678259
0.0127015678259
0.0127015678259
0.0113491346169
0.0113491346169
0.0113491346169
0.0113491346169
0.0118503763282
0.0118503763282
0.0118503763282
0.0118503763282
0.0112125495355
0.0112125495355
0.0112125495355
0.0112125495355
0.0204584256695
0.0204584256696
0.0204584256696
0.0204584256696
0.0175361295246
0.0175361295246
0.0175361295246
0.0175361295246
0.0197091798987
0.0197091798987
0.0197091798987
0.0197091798987
0.0181713169905
0.0181713169905
0.0181713169905
0.0181713169905
0.0121450337313
0.0121450337313
0.0121450337313
0.0121450337313
0.0111308955103
0.0111308955103
0.0111308955103
0.0111308955103
0.0108149438625
0.0108149438625
0.0108149438625
0.0108149438625
0.0108663178051
0.0108663178051
0.0108663178051
0.0108663178051
0.0181867449157
0.0181867449157
0.0181867449157
0.0181867449158
0.0197817389573
0.0197817389572
0.0197817389572
0.0197817389572
0.017508296536
0.017508296536
0.0175082965361
0.017508296536
0.017398896414
0.0173988964139
0.0173988964139
0.0173988964139
0.0179653730531
0.017965373053
0.017965373053
0.0179653730531
0.0180777820304
0.0180777820304
0.0180777820304
0.0180777820303
0.0106678266327
0.0106678266326
0.0106678266326
0.0106678266326
0.01086678014
0.01086678014
0.01086678014
0.01086678014
0.0109392541433
0.0109392541433
0.0109392541433
0.0109392541433
0.0107231929177
0.0107231929177
0.0107231929177
0.0107231929177
0.0183842424601
0.0183842424601
0.0183842424601
0.0183842424601
0.0173287248576
0.0173287248576
0.0173287248576
0.0173287248576
0.00920512908193
0.00920512908193
0.00920512908193
0.00920512908193
0.00836918164058
0.00836918164057
0.00836918164057
0.00836918164058
0.00901766368153
0.00901766368153
0.00901766368152
0.00901766368153
0.00869076814009
0.00869076814009
0.00869076814008
0.00869076814009
0.0108285993641
0.0108285993641
0.0108285993641
0.0108285993641
0.0105541245112
0.0105541245112
0.0105541245112
0.0105541245112
0.0107618176691
0.0107618176691
0.0107618176691
0.0107618176691
0.0107952162986
0.0107952162986
0.0107952162986
0.0107952162986
0.017670291887
0.017670291887
0.017670291887
0.0176702918869
0.0175981648777
0.0175981648777
0.0175981648777
0.0175981648778
0.0198437281226
0.0198437281226
0.0198437281225
0.0198437281226
0.0182702846079
0.0182702846078
0.0182702846078
0.0182702846078
0.011911947532
0.011911947532
0.011911947532
0.011911947532
0.0108704450478
0.0108704450478
0.0108704450478
0.0108704450478
0.0107720397572
0.0107720397572
0.0107720397572
0.0107720397572
0.0106420596532
0.0106420596532
0.0106420596532
0.0106420596532
0.0181993908596
0.0181993908596
0.0181993908596
0.0181993908596
0.0195609653838
0.0195609653838
0.0195609653838
0.0195609653838
0.017311407275
0.017311407275
0.017311407275
0.0173114072751
0.0175351359414
0.0175351359415
0.0175351359414
0.0175351359415
0.00966576911474
0.00966576911474
0.00966576911474
0.00966576911474
0.0100528018399
0.0100528018399
0.0100528018399
0.0100528018399
0.00774247284239
0.00774247284239
0.00774247284239
0.00774247284239
0.00770186756654
0.00770186756654
0.00770186756654
0.00770186756654
0.00390683017632
0.00390683017632
0.00390683017632
0.00390683017632
0.00334639132034
0.00334639132034
0.00334639132034
0.00334639132034
0.00386892111705
0.00386892111705
0.00386892111705
0.00386892111705
0.00390769996971
0.00390769996971
0.00390769996971
0.00390769996971
0.0076928746161
0.0076928746161
0.0076928746161
0.0076928746161
0.00773754764225
0.00773754764225
0.00773754764225
0.00773754764225
0.00718175925369
0.00718175925369
0.00718175925369
0.00718175925369
0.00709934484767
0.00709934484767
0.00709934484767
0.00709934484767
0.00690575877292
0.00690575877291
0.00690575877291
0.0069057587729
0.00690464854112
0.00690464854112
0.00690464854112
0.00690464854112
0.00383552641775
0.00383552641775
0.00383552641775
0.00383552641775
0.0033261168215
0.0033261168215
0.0033261168215
0.0033261168215
0.00396821131
0.00396821131
0.00396821130998
0.00396821130998
0.00383827352694
0.00383827352694
0.00383827352694
0.00383827352694
0.00741801329088
0.00741801329088
0.00741801329095
0.00741801329088
0.00718010327642
0.00718010327644
0.00718010327644
0.00718010327641
0.00723562531534
0.00723562531533
0.00723562531534
0.00723562531533
0.00745302390768
0.00745302390767
0.00745302390768
0.00745302390767
0.0111638215785
0.0111638215785
0.0111638215785
0.0111638215785
0.00988406103477
0.00988406103477
0.00988406103477
0.00988406103477
0.00878618098409
0.0087861809841
0.00878618098413
0.00878618098417
0.00838889168211
0.00838889168211
0.00838889168208
0.00838889168215
0.00928227551183
0.00928227551183
0.00928227551183
0.00928227551176
0.00878579942524
0.00878579942524
0.00878579942524
0.00878579942524
0.00857514310582
0.00857514310582
0.00857514310582
0.00857514310582
0.00823497315296
0.00823497315296
0.00823497315296
0.00823497315296
0.00859650882715
0.00859650882712
0.0085965088271
0.00859650882713
0.00827371337485
0.00827371337485
0.00827371337485
0.00827371337486
0.00825474986915
0.00825474986915
0.00825474986915
0.00825474986915
0.00846335688079
0.00846335688076
0.00846335688076
0.00846335688073
0.00873892427932
0.00873892427929
0.0087389242793
0.00873892427927
0.00855149837083
0.00855149837087
0.00855149837089
0.00855149837085
0.00866135890271
0.00866135890271
0.00866135890271
0.00866135890271
0.00857333838725
0.00857333838725
0.00857333838725
0.00857333838725
0.00886577071818
0.00886577071818
0.00886577071818
0.00886577071818
0.00834813660227
0.00834813660227
0.00834813660227
0.00834813660227
0.00892566150614
0.00892566150614
0.00892566150614
0.00892566150614
0.00889804994031
0.00889804994031
0.00889804994031
0.00889804994031
0.00893491578254
0.00893491578254
0.00893491578254
0.00893491578254
0.0089356385803
0.0089356385803
0.0089356385803
0.0089356385803
0.00836740099603
0.00836740099603
0.00836740099603
0.00836740099603
0.00838494613817
0.00838494613817
0.00838494613817
0.00838494613817
0.00875531085721
0.00875531085722
0.00875531085718
0.00875531085724
0.00862506346289
0.00862506346289
0.00862506346289
0.00862506346289
0.00837172238143
0.00837172238143
0.00837172238143
0.00837172238143
0.00817359968314
0.00817359968314
0.00817359968314
0.00817359968314
0.00836207541518
0.00836207541518
0.00836207541518
0.00836207541518
0.00913701051549
0.00913701051549
0.00913701051549
0.00913701051549
0.00894086854305
0.00894086854305
0.00894086854305
0.00894086854305
0.00887177594124
0.00887177594124
0.00887177594124
0.00887177594124
0.0087519449065
0.0087519449065
0.00875194490652
0.00875194490649
0.00927773956903
0.00927773956903
0.00927773956904
0.00927773956901
0.00926677729044
0.00926677729044
0.00926677729044
0.00926677729044
0.00884795757538
0.00884795757538
0.00884795757538
0.00884795757538
0.0087292108595
0.0087292108595
0.0087292108595
0.00872921085949
0.00893308593646
0.00893308593646
0.00893308593646
0.00893308593646
0.0098319055264
0.00983190552644
0.00983190552647
0.00983190552642
0.00920362505464
0.00920362505464
0.00920362505464
0.00920362505464
0.00946416188627
0.00946416188627
0.00946416188627
0.00946416188627
0.0102094757867
0.0102094757867
0.0102094757867
0.0102094757867
0.0102219230453
0.0102219230453
0.0102219230453
0.0102219230453
0.0094325230553
0.0094325230553
0.0094325230553
0.00943252305531
0.0101061389419
0.0101061389419
0.0101061389418
0.0101061389419
0.00933228651744
0.00933228651747
0.0093322865175
0.00933228651746
0.00934058774233
0.00934058774233
0.00934058774233
0.00934058774233
0.00917383036988
0.00917383036993
0.00917383036995
0.00917383036993
0.0114574065451
0.0114574065451
0.0114574065451
0.0114574065451
0.00988672383647
0.00988672383647
0.00988672383647
0.00988672383647
0.0101193497749
0.0101193497749
0.0101193497749
0.0101193497749
0.0114172986954
0.0114172986955
0.0114172986955
0.0114172986955
0.00985226982842
0.00985226982842
0.00985226982842
0.00985226982842
0.0113397179882
0.0113397179882
0.0113397179882
0.0113397179882
0.0104946745647
0.0104946745647
0.0104946745647
0.0104946745647
0.00963792405097
0.00963792405097
0.00963792405097
0.00963792405097
0.00934549347454
0.00934549347454
0.00934549347454
0.00934549347454
0.0102225474384
0.0102225474384
0.0102225474384
0.0102225474384
0.0105005316447
0.0105005316447
0.0105005316447
0.0105005316447
0.0100698641346
0.0100698641346
0.0100698641346
0.0100698641346
0.0101995239795
0.0101995239795
0.0101995239795
0.0101995239795
0.011217363834
0.011217363834
0.011217363834
0.0112173638341
0.0100993878352
0.0100993878352
0.0100993878352
0.0100993878352
0.0105274091121
0.0105274091121
0.0105274091121
0.0105274091121
0.0109419830892
0.0109419830892
0.0109419830892
0.0109419830891
0.0099213848955
0.0099213848955
0.00992138489557
0.00992138489545
0.00910870278827
0.00910870278827
0.00910870278826
0.00910870278826
0.00930239986602
0.00930239986603
0.00930239986603
0.00930239986604
0.00931251818182
0.00931251818183
0.00931251818183
0.00931251818184
0.00939010198244
0.00939010198244
0.00939010198244
0.00939010198244
0.00985122906732
0.00985122906732
0.00985122906732
0.00985122906732
0.0100464385417
0.0100464385417
0.0100464385417
0.0100464385417
0.0100046747542
0.0100046747542
0.0100046747542
0.0100046747542
0.0100517712802
0.0100517712802
0.0100517712802
0.0100517712802
0.00819171164508
0.00819171164508
0.00819171164508
0.00819171164508
0.00827652939926
0.00827652939926
0.00827652939926
0.00827652939926
0.00800078854841
0.00800078854845
0.00800078854849
0.00800078854841
0.00825232876204
0.00825232876204
0.00825232876204
0.00825232876204
0.00842415287296
0.00842415287297
0.00842415287298
0.00842415287297
0.00844159425117
0.00844159425117
0.00844159425117
0.00844159425117
0.00819280031776
0.00819280031777
0.00819280031777
0.00819280031777
0.00830023397833
0.00830023397833
0.00830023397833
0.00830023397833
0.00824825850706
0.00824825850706
0.00824825850706
0.00824825850706
0.00826406947644
0.00826406947644
0.00826406947644
0.00826406947644
0.00860802916288
0.00860802916286
0.00860802916284
0.00860802916287
0.00817335210993
0.00817335210993
0.00817335210993
0.00817335210994
0.00806912706918
0.00806912706918
0.00806912706918
0.00806912706918
0.00842489278348
0.00842489278348
0.00842489278342
0.00842489278348
0.00839466723959
0.00839466723956
0.00839466723956
0.00839466723954
0.00829728462339
0.00829728462339
0.00829728462336
0.00829728462343
0.00825496834611
0.00825496834611
0.00825496834611
0.00825496834611
0.00837982420195
0.00837982420195
0.00837982420195
0.00837982420195
0.00837422676795
0.00837422676795
0.00837422676795
0.00837422676795
0.00810542613943
0.00810542613943
0.00810542613943
0.00810542613943
0.0084488943283
0.0084488943283
0.0084488943283
0.0084488943283
0.00846200319408
0.00846200319408
0.00846200319408
0.00846200319408
0.00831633598947
0.00831633598947
0.00831633598947
0.00831633598947
0.00821417579851
0.00821417579851
0.00821417579851
0.00821417579851
0.0103207946918
0.0103207946918
0.0103207946918
0.0103207946918
0.00974827283136
0.00974827283136
0.00974827283136
0.00974827283136
0.00981405737693
0.00981405737693
0.00981405737693
0.00981405737693
0.00964453763492
0.00964453763492
0.00964453763492
0.00964453763492
0.00963404616262
0.00963404616262
0.00963404616262
0.00963404616262
0.00968740353864
0.00968740353864
0.00968740353864
0.00968740353864
0.00964478970413
0.00964478970413
0.00964478970413
0.00964478970413
0.00974994102358
0.00974994102358
0.00974994102358
0.00974994102358
0.0102625277719
0.0102625277719
0.0102625277719
0.0102625277719
0.0111329070413
0.0111329070413
0.0111329070413
0.0111329070413
0.0100445641377
0.0100445641377
0.0100445641377
0.0100445641378
0.0104243926932
0.0104243926932
0.0104243926932
0.0104243926932
0.00961422343077
0.00961422343078
0.00961422343078
0.00961422343078
0.0101473828168
0.0101473828168
0.0101473828168
0.0101473828168
0.0101483884654
0.0101483884654
0.0101483884654
0.0101483884654
0.00960845659265
0.00960845659265
0.00960845659265
0.00960845659265
0.0106461636471
0.0106461636471
0.0106461636471
0.0106461636471
0.00980528497387
0.00980528497387
0.00980528497387
0.00980528497387
0.00893836907207
0.00893836907206
0.00893836907206
0.00893836907209
0.00954369375753
0.00954369375753
0.00954369375753
0.00954369375753
0.00904366747896
0.00904366747896
0.00904366747896
0.00904366747896
0.00970925099577
0.00970925099574
0.00970925099571
0.00970925099574
0.00966552404509
0.00966552404508
0.00966552404506
0.00966552404505
0.00903573744807
0.00903573744807
0.00903573744807
0.00903573744807
0.00880266031535
0.00880266031536
0.00880266031536
0.00880266031536
0.00911432212335
0.00911432212332
0.00911432212327
0.00911432212332
0.00910211650978
0.00910211650977
0.00910211650976
0.00910211650977
0.00942747720665
0.00942747720665
0.00942747720665
0.00942747720665
0.00876286886367
0.00876286886367
0.00876286886367
0.00876286886367
0.00903777630838
0.00903777630837
0.00903777630837
0.00903777630835
0.00909268333202
0.009092683332
0.00909268333201
0.00909268333199
0.0093951545403
0.0093951545403
0.0093951545403
0.0093951545403
0.00880882924051
0.00880882924051
0.00880882924051
0.00880882924051
0.00912668467948
0.00912668467947
0.00912668467948
0.00912668467947
0.00909673217762
0.00909673217762
0.00909673217762
0.00909673217762
0.00944975409027
0.00944975409027
0.00944975409027
0.00944975409027
