0.0336790747998
0.0294451173064
0.0325899113806
0.0343125964856
0.0315999312594
0.0348071737965
0.0335737835797
0.0292598897585
0.0309118537057
0.0346389027643
0.0348769172996
0.017761679562
0.0171076491548
0.0288862126714
0.0227409786594
0.0166895307699
0.0159388244023
0.0293662646279
0.0305415130105
0.0307489154068
0.033105501054
0.0277586991115
0.0294883322461
0.0291453031394
0.0317360669642
0.0290157089156
0.0325519987427
0.0343049674752
0.0351913019275
0.032265941938
0.0318784560295
0.0295308431355
0.0337015619659
0.0328190914576
0.0332954784121
0.0330609782466
0.0337322154936
0.0325830645479
0.0358036631006
0.0329974168767
0.0360515205851
0.0359125171686
0.0353834581567
0.0338565973406
0.032400897538
0.0328873400719
0.0293058655629
0.0245879803959
0.030753212549
0.0292756190026
0.0214402691029
0.0286834230222
0.0346258316538
0.0351779812602
0.0369640102306
0.0352939372182
0.0320806513011
0.0388910477031
0.0388349906791
0.0390586667051
0.0310930802342
0.0323310276828
0.0297443206103
0.0334888242052
0.0324273426094
0.0311072526244
0.0291003352517
0.0324886040168
0.032259467937
0.030727049407
0.0340096408647
0.026270689975
0.0288335889394
0.0281526870942
0.0320975667532
0.0279805314113
0.0318083785085
0.031559237846
0.0336821135171
0.028356909913
0.0377119493552
0.0371576090432
0.032856644195
0.0302313010477
0.0302285510756
0.0348203323534
0.036054957793
0.0353457129394
0.0357907896855
0.0317990362286
0.0350501169912
0.0318564514003
0.0361693243755
0.0352059038289
0.0346198429109
0.0311216093636
0.0284553277026
0.0290939336969
0.0328502701764
0.0310058666857
0.0332126142557
0.0271907956366
0.0268874728715
0.0230771457006
0.02471525224
0.02005119487
0.0197311807355
0.017622323521
0.025219934969
0.019877420103
0.0206968313933
0.0217035546229
0.0198384681729
0.0278320338822
0.0333222024098
0.0276712137138
0.0269584202981
0.0255055136936
0.0254631054931
0.0188946404769
0.0182700206442
0.0210707657238
0.0189127781281
0.020538617906
0.0186478713765
0.0208012930941
0.0207303429743
0.0175777236367
0.0258396330514
0.0241679905363
0.0234121151809
0.0268228758207
0.0234546649849
0.0227316487444
0.0226421476954
0.0221115267255
0.0285223485309
0.0291483219806
0.0315100607311
0.0278248665516
0.0198323337209
0.0188316525326
0.020606692203
0.020930153571
0.0176812231864
0.0186666916215
0.0186651310175
0.0195973094152
0.0251449297276
0.0272303653629
0.0245359876597
0.0188396175966
0.0168229883658
0.0207618709725
0.0209704972568
0.0223266316951
0.0176834565768
0.0178701448328
0.0192379643412
0.0226729557243
0.0233129872116
0.030234541643
0.0335062895976
0.030584530566
0.0332150377689
0.0256244580091
0.0150666404427
0.0257209495794
0.0171258182438
0.0167364558774
0.0167474026574
0.0172740572241
0.0174442433571
0.0180756404668
0.0184345144999
0.0183751574761
0.0250268406472
0.0179204020904
0.0192700600639
0.0219983060595
0.025650235378
0.0249019095115
0.0246659018978
0.0178759423495
0.0200594198786
0.0185353569046
0.0257986081857
0.0265890223976
0.0274605309274
0.0322625867499
0.0296224738945
0.0214303274981
0.0236828668321
0.0251663099928
0.0198865469854
0.0200231698092
0.0208309993722
0.0249517027563
0.0251717168672
0.0205244145511
0.0263246297804
0.0219212006658
0.0177890026955
0.0187179821235
0.0185499115039
0.0237660823998
0.0209842639448
0.0173656208979
0.0140630021442
0.0184336735704
0.0185248492266
0.016163924037
0.00946021555779
0.01121323342
0.0155400603477
0.0225622442048
0.0226399957895
0.01006235441
0.0120714613053
0.00977606581122
0.0264383946647
0.0289827234874
0.0183736835298
0.0146824444349
0.0201790329561
0.0176436134733
0.0243478881573
0.0289647784697
0.0170900728148
0.017462950483
0.0136867099478
0.0196106438789
0.0211965251808
0.0157877153845
0.0128397583027
0.0159052490032
0.0184089251847
0.0254868970513
0.0171406013386
0.0161339998999
0.0167885416475
0.0185168454001
0.0223331862142
0.0193601299957
0.0214885548127
0.0223943257466
0.0218364905087
0.0177157152398
0.0199026994087
0.0138109727551
0.0172558784159
0.0170586597545
0.0258525412843
0.0242819107053
0.014640634761
0.0161253840533
0.0210926407186
0.0214044104014
0.0218720169296
0.0152799077865
0.0192890898411
0.017109487662
0.0146515593647
0.0132434346445
0.0133652858562
0.0195003961859
0.0140415928318
0.0150881395207
0.0121558056719
0.0113906937351
0.0108646570698
0.0117713214756
0.0126009720256
0.0115987555149
0.0121186496747
0.0126080829711
0.0116064155156
0.0112476562053
0.0129782673409
0.015713215816
0.0158107672508
0.021393166125
0.021151193349
0.0157468234501
0.0166087693672
0.0176883310422
0.0207135111126
0.0179493070582
0.013022185304
0.0144764095747
0.012808845346
0.0120471620103
0.0206758287801
0.0204002107226
0.0143738470202
0.0162930436611
0.0145115278469
0.015693338025
0.0156394430821
0.0211576686977
0.0165739948927
0.0150322588712
0.0162271710736
0.0208858932534
0.0153912047403
0.0174344803147
0.0174107031813
0.0213563881592
0.0138918265727
0.017024922131
0.0135886237475
0.0189638750853
0.0161598780243
0.0155816738628
0.00889036527278
0.00937913313062
0.010246846928
0.0111459875884
0.0146259672535
0.0171077480261
0.0140903785316
0.0117114299817
0.0147292503972
0.0231173064571
0.0113697983799
0.0110350791246
0.0114141478364
0.010028940678
0.0122447423665
0.0166578750026
0.0160955048134
0.010047981582
0.0100360345672
0.0134158791039
0.008541040621
0.00971687581355
0.00997470044509
0.0123454464992
0.014047348644
0.0116400006809
0.010307715089
0.010831783879
0.0125016487546
0.0111167010722
0.00944855141245
0.0104370592746
0.0103404720347
0.0133900028379
0.0118907598431
0.0115964251303
0.0135769285666
0.0131429176566
0.010533920826
0.013286864233
0.011190234157
0.0206586125144
0.0188469222483
0.0193019270995
0.0192887719151
0.0120139668044
0.00963444774491
0.0124290826932
0.0119989181643
0.017047898234
0.0185077806433
0.0183701600084
0.019247171858
0.0198850782512
0.0176030166872
0.0192717224222
0.012091181259
0.00984392795129
0.0121269221791
0.0104098162613
0.0124436464433
0.0105372142696
0.0125640211538
0.0126987237628
0.0179953918637
0.0179519154051
0.0173290496634
0.0190406992345
0.0191344317832
0.0206400836154
0.0203695775217
0.0194291797531
0.0193962250206
0.0187320367839
0.0173339352857
0.0199322298981
0.0128507103046
0.010611787512
0.013048962639
0.0119223641564
0.0123990291351
0.0102672006712
0.0112421477191
0.0120276928614
0.0132208770273
0.0232228310036
0.0172811038579
0.0183291531791
0.012195484642
0.00971574892376
0.011163140235
0.0117623013353
0.0100196881165
0.00879637413751
0.00917839708881
0.0107443032355
0.016213178247
0.0223199185968
0.0202913036544
0.0184171898805
0.0145855138289
0.0134154282606
0.0116969227355
0.0119687559485
0.016497853493
0.0127708298333
0.0129417248827
0.0159038797215
0.0171165267596
0.0170499727975
0.0158730717009
0.0130305529773
0.00901519224001
0.0065144591275
0.00777282929919
0.00752182652102
0.00890320546468
0.00935353779869
0.0191691661216
0.0177473458169
0.0115481888746
0.0104546790665
0.0124708416383
0.0124293860258
0.0118669666277
0.0111569949513
0.0122524880467
0.0115886060658
0.0114260168855
0.0110227892699
0.0121357469903
0.0122188120307
0.018674218296
0.0159983465446
0.00851631254717
0.0088391791588
0.00915452093012
0.0103425580182
0.00693949784444
0.00611656611798
0.00606072878485
0.00610928605975
0.00942130675186
0.00934627484107
0.0116135957368
0.00890392343571
0.00921390721053
0.00851279196039
0.0138152725579
0.0124564556003
0.0174730067156
0.0201319969353
0.0201287827499
0.0173634808574
0.00987139135856
0.00884717827567
0.0104025196217
0.0107292315217
0.0112741711287
0.00841770053528
0.0100594148374
0.00877262122342
0.00954378403212
0.00828338896124
0.00977142343286
0.011382196693
0.0196843157278
0.0185874752698
0.0226493035765
0.0221202538858
0.0192802771006
0.0180334655701
0.0174972447302
0.0162307051986
0.0173430120161
0.0195700656371
0.0175932835053
0.00890826538662
0.00878177040604
0.0100769219686
0.01120291244
0.00954602133706
0.00816196474378
0.00995224131924
0.0087595718102
0.0177470937251
0.0182829961324
0.0176785282584
0.00875712341634
0.00797424786064
0.00950350773374
0.0096514998668
0.0137180687543
0.0121772700433
0.0132331446577
0.00900017336365
0.0091493433283
0.0104794719579
0.0116694671335
0.0109417057247
0.00882275963529
0.0103689711379
0.0100525104899
0.0186792436271
0.0199099821762
0.0161864580282
0.0174562577874
0.0103899817542
0.00865363001222
0.00921954172244
0.0108852756083
0.0150166125637
0.015614982729
0.0127537609192
0.0106564041128
0.0109230587939
0.011143480078
0.00750840986288
0.00744393771789
0.00943745573955
0.00953953484421
0.0218716905705
0.0166855081975
0.0169662484545
0.0137294398408
0.0136156976745
0.012569468034
0.0144787568479
0.0146881847035
0.0142136232542
0.0135119563406
0.0144092991144
0.0149082210207
0.0158001474502
0.0159072925838
0.0133685463166
0.00685414241559
0.0071703161167
0.00611475568514
0.0124935139648
0.0121982819028
0.00900851257559
0.00672069934754
0.00921112283037
0.0214244068364
0.0123905849433
0.0115160787667
0.0099639366235
0.00882773993885
0.0104701461428
0.0098046968674
0.0111078936878
0.010965784957
0.00984014370663
0.0215086442571
0.0120209547557
0.0114110860748
0.013909337116
0.0103857235394
0.0104134737101
0.0115864209289
0.0131504171968
0.00922416252242
0.0105970779736
0.0105169647256
0.0084438842157
0.00861390472337
0.00923988267067
0.0165176573754
0.0159010536879
0.00878758704401
0.0074389958116
0.00812909592321
0.00843386128984
0.0176566758101
0.0195627382824
0.0104358186429
0.00882676506583
0.00965770107481
0.00889913358427
0.0166256960597
0.0143818297888
0.0118695903644
0.0127102156793
0.00885851094291
0.00893945198913
0.00589976927986
0.00575092661205
0.00641012504151
0.00594911548302
0.00844050503403
0.00750842256765
0.00793441623005
0.0087322843189
0.00797484918021
0.00764251039717
0.00844395749411
0.0087989208761
0.0178360131435
0.0181773956781
0.016871706365
0.0164065775535
0.0165053498164
0.0168789203279
0.0116180927361
0.0108223932912
0.0117314442243
0.0119653724365
0.00963563628719
0.00960712427305
0.0112622527739
0.0111377215849
0.0104398804992
0.00918380232859
0.0101931281424
0.0097971534197
0.0162625179422
0.0141636775538
0.00782217202885
0.00764565644251
0.00886073355083
0.00758212720409
0.0122080268087
0.0106959296373
0.0173343455633
0.0169130017521
0.0211927004559
0.0205155303771
0.00921986560488
0.00974961944263
0.0108140107035
0.0101907134572
0.0196270526911
0.0195365399183
0.00758258173064
0.00727608428702
0.00768628805479
0.0080872880183
0.020095647662
0.0200869563506
0.0190685622289
0.0174916680025
0.0104777612112
0.0106000248313
0.0105705409608
0.0114528824025
0.0125485139456
0.0114492146217
0.0143701057976
0.0146280509896
0.0194163404496
0.0195703705473
0.00807375128122
0.00710253803788
0.00774577265919
0.00785490358469
0.0143550776453
0.0136258215639
0.0118949469701
0.0128464606719
0.0113253053374
0.0113588823145
0.0134996691205
0.0138559944199
0.00797915961924
0.00716761120691
0.0102733556573
0.0106968025853
0.0109795054919
0.0103041389725
0.00863785369407
0.00945719486744
0.0126686169302
0.0113477080728
0.0101432413693
0.010512345334
0.00970327528405
0.00958512141565
0.00985677206523
0.0105061102655
0.00825288389323
0.00746545804847
0.0075104505536
0.00896053881494
0.00866146488503
0.00706999741245
0.00689838478874
0.00830784071761
0.00957735509478
0.00810245887492
0.00796381650462
0.00945169624173
0.012835019066
0.0127401195181
0.0121453131531
0.0104627470132
0.00928266823874
0.0105488165176
0.00989587824274
0.00997385232078
0.0079552548069
0.00895889864295
0.0106102619969
0.0120339747962
0.00427480945029
0.00494730119706
0.00517380451469
0.00507459595439
0.00469947943621
0.0056886266334
