0.0397449154486
0.0387937537716
0.0399155053503
0.0393057194743
0.035140437032
0.0334359039148
0.0332849511942
0.0317442700191
0.0356128195869
0.0358843338596
0.0308188168496
0.0357325181448
0.0362225542386
0.0348759305501
0.0318074468856
0.0358945507972
0.0332378862979
0.0350135992741
0.0352709968649
0.0362719505573
0.03130091377
0.0311373074051
0.0204434985547
0.0172867924681
0.0203086940046
0.0203300226491
0.0312188161358
0.0312343423913
0.0305363355445
0.030442447993
0.0245946929377
0.0246518794198
0.0185225456484
0.0160048117394
0.0197210124776
0.0185608647977
0.0299926681528
0.0283557805189
0.0283647873898
0.0300103710705
0.0341838675175
0.0320502164883
0.0322654401774
0.0372244058981
0.0327906943387
0.0342444102629
0.0324524136876
0.0318366380621
0.0351672190438
0.0327443725483
0.0352754654874
0.0343460524869
0.0373660029184
0.0354653984184
0.0366452935643
0.0365452253818
0.0341484687376
0.0345556976992
0.0366213072868
0.0361497181186
0.0346184952799
0.035121461802
0.0345580402384
0.0347487346526
0.0355023271113
0.0340670065875
0.0369300506535
0.0366553951327
0.0352661836052
0.033869848085
0.0345285586022
0.0347154043012
0.0363534912086
0.0348283593268
0.0349707494054
0.0357757974041
0.0357197393471
0.0297790016897
0.0321517687506
0.0401588111175
0.0418858875814
0.0397605677069
0.0434065311335
0.0259914933993
0.0312129229097
0.0368233789447
0.0321360688969
0.0329931474769
0.0251925938858
0.0322760341742
0.0376093183975
0.0373977315732
0.037775650373
0.0359395751164
0.0369752554548
0.0395449740103
0.0394754716922
0.0394311634928
0.0342248235333
0.0351044276106
0.0343470292292
0.0344444785682
0.0345121153081
0.0356323788393
0.0352833982318
0.0335438364626
0.0317866271145
0.0328209650574
0.0322249921792
0.0329697069343
0.0358272411937
0.0304948441559
0.029410206237
0.0313582255751
0.0362129148156
0.0321639515515
0.0345432236959
0.0312039771044
0.0319664705402
0.0365706270314
0.0359954028093
0.036251191221
0.0364349151304
0.0336267589763
0.0329075199481
0.0346838484552
0.0403296508835
0.0342401312909
0.0310959991556
0.0382364595318
0.0371852506821
0.0335705360575
0.0306232941558
0.0305553349507
0.03773535534
0.0367099750859
0.0370495836744
0.0358203856107
0.0361591601342
0.0362364559408
0.034942137195
0.0356178988187
0.0364917172466
0.0368008341668
0.0358922826599
0.0353501712823
0.0363411137661
0.0330580528318
0.0342857888081
0.0320009304411
0.0338163982256
0.0328493580784
0.0353897811733
0.0305341208186
0.0305963342097
0.0287187972903
0.029290264946
0.0291854336293
0.0377400172594
0.038058999396
0.0392292860196
0.0297830888146
0.0217447092958
0.0210251272035
0.0215099107703
0.0207755674671
0.0262931691156
0.0218151219368
0.0206263307256
0.0216552574208
0.0215635259002
0.0320118841598
0.0343877484009
0.0328919119877
0.0397883786531
0.035273029805
0.0305163178836
0.0297408701516
0.0251276124101
0.0251238807406
0.017979376522
0.0176425084126
0.0204965628469
0.0179866526228
0.0229248443974
0.0190155403126
0.0203792583285
0.0203658495206
0.0190547624335
0.0229007230802
0.0265758660104
0.0250448107692
0.0244020270076
0.0263551738344
0.0244167744293
0.0222182107769
0.0220786867783
0.0242277920559
0.032483038367
0.032618666727
0.0316364487161
0.0342841094666
0.0315570959718
0.0290995203761
0.0312370460207
0.0343695627803
0.0216401135433
0.0210453511225
0.0209991812818
0.0222386854632
0.0183102628886
0.0178552145204
0.0195855780071
0.0187088722164
0.0271568178543
0.0278934801415
0.0365772723633
0.0320449771061
0.0373012972473
0.0407793415461
0.0332190594179
0.0343591273681
0.0293716686829
0.0247696102185
0.018439552959
0.01689526739
0.0214041602854
0.020866514514
0.0218504429614
0.0175547520971
0.0186081210752
0.0198852869302
0.023822823064
0.0236996242035
0.033763852789
0.0349944207967
0.0343858332094
0.0333921247109
0.025580457412
0.0238747072729
0.0157001802255
0.0252510211493
0.017502233632
0.0268068462798
0.0273232408437
0.0177702327781
0.0165874153341
0.0182704156136
0.0184763379471
0.0193320369276
0.0183578405335
0.0216769630282
0.0233214472246
0.0277776500633
0.018735684168
0.0188646939679
0.0219610765884
0.0238260189596
0.0259611170184
0.0229458918505
0.018005357053
0.0203449344101
0.0182594875363
0.0252212070285
0.0271042500296
0.0298261888236
0.0328141074615
0.0305893016754
0.0215135810386
0.023855276288
0.0236623415109
0.0198398256066
0.0204162835198
0.0201277836558
0.0257574384729
0.0256595414292
0.0238790795258
0.0296388029773
0.0217911670706
0.0177927069971
0.0187551980985
0.0194634427616
0.0242716495285
0.0246040625296
0.0261113041593
0.0230226036063
0.0239061696143
0.0258410180004
0.0157459623673
0.0148645443738
0.0200261982775
0.0197431075082
0.0202767267141
0.0163832963821
0.00990581933571
0.0117794599349
0.0149699896372
0.0230321525408
0.022999253516
0.0231831469255
0.0119802419134
0.0145904900594
0.0100000141232
0.0277557302361
0.030643178297
0.0194289158389
0.015347480582
0.0195603826828
0.0189229016521
0.0240333504764
0.026885586401
0.016612418539
0.0172406402568
0.0144799458868
0.0195454467247
0.0222639610981
0.0249782477386
0.0209125103972
0.0158290745706
0.0124838594842
0.0148763147839
0.0211809446541
0.0286167122032
0.0183176762462
0.0163305716857
0.0170680325951
0.0183334808216
0.0227520931631
0.021721648089
0.0207119010615
0.0223649090256
0.021623727463
0.0184258945174
0.0190670214717
0.0149238063927
0.0165297218218
0.0198663840382
0.0241561095411
0.0229294991571
0.0125259634428
0.016901596224
0.0197962286466
0.0201559496047
0.0210131754404
0.0167834222673
0.0185949898422
0.0155745897504
0.0125074813287
0.0152048578525
0.0159924427471
0.0186767184711
0.0208770553592
0.0222743292364
0.0122765031097
0.0132748375405
0.010937680677
0.0109506709002
0.0102847281274
0.010951184203
0.0115369785255
0.0111296323002
0.0109917537961
0.0115990548244
0.0112792380042
0.0109590841188
0.0166463016999
0.0169540395788
0.0163132222716
0.0204797412233
0.0202349436425
0.0165597425389
0.0170370107993
0.0206202014268
0.0197269219416
0.0172968809674
0.0115904720027
0.0121909527623
0.0111781315413
0.0105774872607
0.0192449399254
0.0193763097287
0.0170439105572
0.018692123309
0.0125479951964
0.0166812689112
0.0160943504213
0.0199608713341
0.0167382510612
0.0159980574702
0.0200744963295
0.0198517352993
0.014331087549
0.0159942684854
0.0179866427174
0.0227734740235
0.0138594140566
0.0170011897524
0.0133328953274
0.016637646865
0.0169464782024
0.0167109787967
0.00787582736064
0.00793901397206
0.00828833886183
0.0114776530984
0.0131584089728
0.0152058681737
0.0114694303284
0.0102747406128
0.0164547884083
0.0256711280156
0.0117257490824
0.0116533066416
0.0116518168543
0.0111560313948
0.0152604175768
0.0149991612966
0.0154979411299
0.0109108590295
0.00805885351097
0.0157020983456
0.00991211021492
0.0100285926243
0.00860067363652
0.00861750103606
0.0152744747181
0.0239217918273
0.0245457348959
0.0119709106797
0.0108617699333
0.0116125578628
0.0123465915744
0.0111018500168
0.0096329866939
0.0100797332613
0.0103597227256
0.0130222525744
0.0116376631573
0.0120978901633
0.0124403228088
0.0118199519783
0.0102937244306
0.0115776192409
0.010935759266
0.0190578213478
0.0186740250669
0.0181976119824
0.0182240297971
0.0172519787529
0.017248034514
0.0106116963619
0.00943032848464
0.0106614857816
0.010611125187
0.0179052218999
0.0177071541352
0.0185367338615
0.0185583219375
0.0181715633341
0.0182955129506
0.0185897369485
0.0186074376789
0.016046936853
0.0152036367968
0.0102643154538
0.0088879748256
0.010204020197
0.00938182545322
0.0111652134462
0.0101734464985
0.0111161429835
0.0111484368878
0.0177184827057
0.0177302842601
0.0162997745984
0.0169288938658
0.0181435306894
0.0186535435811
0.0182356571136
0.0179807329774
0.0180074515604
0.0181881957701
0.0178142817093
0.0181314819992
0.0111075277165
0.00991062616115
0.0108399574778
0.0107370558636
0.010922386147
0.00974047699571
0.0105459587276
0.0106556873757
0.0178890736136
0.0178785290669
0.0214885947765
0.0200548401399
0.0212868945149
0.021884894115
0.0187522663749
0.0196205082908
0.0108415340807
0.00974658650817
0.00979781899355
0.0108118517302
0.0101976785361
0.0088323802461
0.00933735566498
0.0101012960675
0.0152564612545
0.0161144416917
0.0214978428385
0.0214924052149
0.0188715810788
0.0195230659064
0.0187754146065
0.0178452171865
0.0129781466967
0.0120629700686
0.0119986555675
0.0128163703256
0.0150982815527
0.0153701127098
0.0118972999903
0.0127995872985
0.0147017388783
0.0151457381534
0.0151316719265
0.0147000170453
0.0151347883379
0.0137043945091
0.00589903835576
0.00480244023554
0.00568895738197
0.00562354671477
0.00829954872151
0.00844413989826
0.0170232285698
0.0165920706076
