0.122025587321
0.121571945569
0.127444010859
0.127601986771
0.12776863863
0.121397779368
0.12353380276
0.12762427299
0.0691301198395
0.069261238268
0.0744117822893
0.045454528006
0.0455872737366
0.0478227527727
0.0505161812413
0.0746074909833
0.0834145054678
0.0835881872356
0.0525834642691
0.0456366086397
0.0456790361305
0.0527284604088
0.071457377044
0.0791294088129
0.0805859390871
0.0725229326928
0.0825031489976
0.0509503528626
0.0454195470204
0.0447073910142
0.0462670456837
0.0731640669817
0.0804430304542
0.0697909468413
0.073839854237
0.0729441715041
0.0449443692674
0.0449151511804
0.0446267565404
0.0440888257775
0.0734728010381
0.0697979671638
0.0726250058977
0.0725926577175
0.0439151927539
0.0445916132079
0.0461882384014
0.043754205963
0.0701344976153
0.0716635453793
0.0752169225022
0.0449487912672
0.0448766093229
0.0440437555126
0.0466619248234
0.0728197571459
0.0738556978824
0.0715898568996
0.0803960988182
0.0732645633748
0.0508062713037
0.0453965384674
0.0474015053127
0.0448501981421
0.0818337026783
0.0701445180985
0.0788367195948
0.0726852679621
0.0485801349253
0.0445235820412
0.0432597754498
0.0434652712204
0.072746979663
0.0791269558289
0.0700331861442
0.0695955856557
0.0718614922121
0.0723111281215
0.0426713065305
0.0434671205601
0.0437570165732
0.0428927716708
0.0735369698403
0.0693148994304
0.0368205163277
0.0334767265623
0.0360706547261
0.0347630725603
0.0433143974564
0.0422164980448
0.0430472706763
0.0431808651945
0.0706811675478
0.0703926595111
0.0793749124902
0.0730811384315
0.047647790128
0.0434817801914
0.0430881590287
0.0425682386126
0.0727975634383
0.0782438615351
0.0692456291
0.0701405437657
0.038663076459
0.0402112073598
0.0309698913696
0.0308074702662
0.0156273207053
0.0133855652814
0.0154756844682
0.0156307998788
0.0307714984644
0.030950190569
0.0287270370147
0.0283973793907
0.0276230350916
0.0276185941645
0.015342105671
0.013304467286
0.0158728452399
0.0153530941078
0.0296720531637
0.0287204131057
0.0289425012614
0.0298120956307
0.0446552863138
0.0395362441391
0.0351447239366
0.0335555667285
0.0371291020472
0.035143197701
0.0343005724233
0.0329398926118
0.0343860353085
0.0330948534994
0.0330189994766
0.033853427523
0.0349556971172
0.0342059934834
0.0346454356109
0.034293353549
0.0354630828727
0.0333925464091
0.0357026460246
0.0355921997612
0.0357396631301
0.0357425543212
0.0334696039841
0.0335397845527
0.0350212434288
0.0345002538515
0.0334868895257
0.0326943987326
0.0334483016607
0.036548042062
0.0357634741722
0.035487103765
0.035007779626
0.0371109582761
0.0370671091618
0.0353918303015
0.034916843438
0.0357323437459
0.0393276221057
0.0368145002186
0.0378566475451
0.0408379031468
0.0408876921812
0.0377300922212
0.0404245557675
0.0373291460698
0.0373623509693
0.0366953214797
0.0458296261806
0.0395468953459
0.0404773990996
0.0456691947819
0.0394090793137
0.0453588719528
0.0419786982587
0.0385516962039
0.0373819738982
0.0408901897537
0.0420021265789
0.0402794565386
0.0407980959178
0.0448694553362
0.0403975513408
0.0421096364483
0.0437679323565
0.039685539582
0.0364348111531
0.0372095994641
0.0372500727273
0.0375604079297
0.0394049162693
0.0401857541668
0.0400186990166
0.0402070851209
0.0327668465803
0.033106117597
0.0320031541937
0.0330093150482
0.0336966114919
0.0337663770047
0.0327712012711
0.0332009359133
0.0329930340283
0.0330562779057
0.0344321166515
0.0326934084397
0.0322765082767
0.0336995711338
0.0335786689583
0.0331891384936
0.0330198733844
0.0335192968078
0.0334969070718
0.0324217045577
0.0337955773132
0.0338480127763
0.0332653439579
0.032856703194
0.0412831787672
0.0389930913254
0.0392562295077
0.0385781505397
0.0385361846505
0.0387496141546
0.0385791588165
0.0389997640943
0.0410501110876
0.044531628165
0.0401782565509
0.0416975707727
0.0384568937231
0.0405895312671
0.0405935538618
0.0384338263706
0.0425846545885
0.0392211398955
0.0357534762883
0.0381747750301
0.0361746699158
0.038837003983
0.0386620961802
0.0361429497923
0.0352106412614
0.0364572884932
0.0364084660391
0.0377099088266
0.0350514754547
0.0361511052334
0.036370733328
0.0375806181612
0.035235316962
0.0365067387179
0.0363869287105
0.0377990163611
