0.00714990009159
0.00714990009159
0.00714990009159
0.00714990009159
0.00789386415729
0.00789386415729
0.00789386415729
0.00789386415729
0.00786164533259
0.00786164533259
0.00786164533259
0.00786164533259
0.00744923589347
0.00744923589347
0.00744923589347
0.00744923589347
0.00826806160123
0.00826806160123
0.00826806160123
0.00826806160123
0.00762260860328
0.00762260860328
0.00762260860329
0.00762260860328
0.00643535803684
0.00643535803684
0.00643535803684
0.00643535803684
0.00864521397681
0.00864521397681
0.00864521397681
0.00864521397681
0.00869565230275
0.00869565230275
0.00869565230275
0.00869565230275
0.00365564507533
0.00365564507533
0.00365564507533
0.00365564507533
0.00376173854658
0.00376173854658
0.00376173854658
0.00376173854658
0.00353787638863
0.00353787638863
0.00353787638863
0.00353787638867
0.00660408169838
0.00660408169838
0.00660408169838
0.00660408169838
0.00659793966804
0.00659793966804
0.00659793966804
0.00659793966804
0.00758413925318
0.00758413925318
0.00758413925318
0.00758413925318
0.00736295430707
0.00736295430707
0.00736295430707
0.00736295430707
0.00747201972359
0.00747201972359
0.00747201972359
0.00747201972359
0.0072905609282
0.0072905609282
0.0072905609282
0.0072905609282
0.0064685138525
0.0064685138525
0.0064685138525
0.0064685138525
0.00734079086995
0.00734079086995
0.00734079086995
0.00734079086995
0.00784783872303
0.00784783872303
0.00784783872303
0.00784783872303
0.0080631391681
0.0080631391681
0.0080631391681
0.0080631391681
0.00806829150901
0.00806829150901
0.00806829150901
0.00806829150901
0.00832577949056
0.00832577949056
0.00832577949056
0.00832577949056
0.0080031249022
0.0080031249022
0.0080031249022
0.0080031249022
0.00894895063288
0.00894895063288
0.00894895063288
0.00894895063288
0.00813591930738
0.00813591930738
0.00813591930739
0.00813591930737
0.00887906170605
0.00887906170605
0.00887906170606
0.00887906170604
0.00887468362081
0.00887468362081
0.00887468362081
0.00887468362081
0.00881996895433
0.00881996895433
0.00881996895433
0.00881996895433
0.00841964543435
0.00841964543435
0.00841964543433
0.00841964543437
0.00795072539572
0.00795072539572
0.00795072539572
0.00795072539572
0.00727618700057
0.00727618700057
0.00727618700057
0.00727618700057
0.00606185100276
0.00606185100276
0.00606185100276
0.00606185100276
0.00756508837868
0.00756508837868
0.0075650883787
0.00756508837867
0.00676281906808
0.00676281906808
0.00676281906808
0.00676281906808
0.00521689333581
0.00521689333581
0.00521689333581
0.00521689333581
0.0061969958227
0.00619699582273
0.00619699582271
0.00619699582275
0.00768987825249
0.00768987825249
0.00768987825249
0.00768987825249
0.00962889951596
0.00962889951596
0.00962889951596
0.00962889951596
0.00961625468616
0.00961625468616
0.00961625468616
0.00961625468616
0.00972345485822
0.00972345485822
0.00972345485822
0.00972345485822
0.00674325271905
0.00674325271905
0.00674325271905
0.00674325271905
0.00781672744223
0.00781672744223
0.00781672744223
0.00781672744223
0.00758239325503
0.00758239325503
0.00758239325503
0.00758239325503
0.00694077039673
0.00694077039672
0.00694077039671
0.00694077039672
0.00792063796013
0.00792063796016
0.00792063796017
0.00792063796015
0.00801558267461
0.00801558267461
0.00801558267461
0.00801558267461
0.00741723967263
0.00741723967263
0.00741723967263
0.00741723967263
0.0077929371367
0.00779293713667
0.00779293713668
0.00779293713666
0.00633667602287
0.00633667602287
0.00633667602287
0.00633667602287
0.00679580778826
0.00679580778826
0.00679580778826
0.00679580778826
0.00639964790419
0.00639964790419
0.00639964790418
0.00639964790419
0.00799482663472
0.00799482663472
0.00799482663472
0.00799482663473
0.00675008865005
0.00675008865005
0.00675008864999
0.00675008865005
0.00792714402014
0.0079271440201
0.00792714402007
0.00792714402014
0.00835151727948
0.0083515172795
0.00835151727945
0.0083515172795
0.00688342537485
0.00688342537491
0.00688342537491
0.00688342537491
0.00901534359406
0.00901534359406
0.00901534359406
0.00901534359406
0.00761786098188
0.00761786098188
0.00761786098182
0.00761786098188
0.00750065234865
0.00750065234865
0.00750065234865
0.00750065234865
0.00752262567226
0.00752262567226
0.00752262567226
0.00752262567226
0.00820831521708
0.00820831521708
0.00820831521711
0.00820831521704
0.00883995114584
0.00883995114583
0.00883995114583
0.00883995114582
0.00769360322402
0.00769360322401
0.00769360322401
0.007693603224
0.00867303835924
0.00867303835924
0.00867303835924
0.00867303835924
0.00766492156409
0.0076649215641
0.0076649215641
0.00766492156411
0.00894129097518
0.00894129097518
0.00894129097518
0.00894129097518
0.00867376056053
0.00867376056052
0.00867376056052
0.00867376056052
0.00853924270307
0.00853924270307
0.00853924270307
0.00853924270307
0.00644869234277
0.00644869234277
0.00644869234277
0.00644869234277
0.00640022575309
0.00640022575309
0.00640022575309
0.00640022575309
0.00806097262018
0.00806097262016
0.0080609726202
0.00806097262015
0.00746897762098
0.00746897762095
0.00746897762091
0.00746897762095
0.00799278961161
0.00799278961161
0.00799278961161
0.00799278961161
0.00650296549556
0.00650296549556
0.0065029654955
0.00650296549556
0.0064617805524
0.0064617805524
0.0064617805524
0.0064617805524
0.00540538684701
0.00540538684701
0.00540538684701
0.00540538684701
0.00490026590063
0.00490026590068
0.00490026590068
0.00490026590068
0.00481646596386
0.00481646596386
0.00481646596386
0.00481646596386
0.0042419489722
0.0042419489722
0.0042419489722
0.0042419489722
0.00617910252847
0.00617910252849
0.00617910252852
0.00617910252851
0.00485535177634
0.00485535177634
0.00485535177634
0.00485535177634
0.00518682184236
0.00518682184236
0.00518682184236
0.00518682184236
0.00538597527621
0.00538597527621
0.00538597527616
0.00538597527621
0.00485292598556
0.00485292598556
0.00485292598556
0.00485292598552
0.00659384329372
0.00659384329372
0.00659384329372
0.00659384329372
0.00818397596574
0.00818397596574
0.00818397596574
0.00818397596574
0.00612049731685
0.00612049731685
0.00612049731691
0.00612049731685
0.00650662475308
0.00650662475308
0.00650662475308
0.00650662475308
0.00640904570532
0.00640904570532
0.00640904570532
0.00640904570532
0.00639736988129
0.00639736988129
0.00639736988129
0.00639736988129
0.00479598754768
0.00479598754768
0.00479598754768
0.00479598754768
0.00462735718171
0.00462735718171
0.00462735718171
0.00462735718171
0.00498053476882
0.00498053476882
0.00498053476882
0.00498053476882
0.0048066390611
0.0048066390611
0.0048066390611
0.0048066390611
0.00438319218539
0.00438319218539
0.00438319218539
0.00438319218539
0.00522156934152
0.00522156934152
0.00522156934152
0.00522156934152
0.00519717056561
0.00519717056561
0.00519717056561
0.00519717056561
0.00419769794819
0.00419769794819
0.00419769794819
0.00419769794819
0.00635538944795
0.00635538944795
0.00635538944795
0.00635538944795
0.00598795459589
0.00598795459587
0.00598795459594
0.00598795459587
0.00580205677537
0.00580205677538
0.00580205677542
0.00580205677541
0.00669950535094
0.00669950535093
0.00669950535099
0.00669950535093
0.00568984051688
0.00568984051688
0.00568984051688
0.00568984051688
0.00568241202723
0.00568241202723
0.00568241202723
0.00568241202723
0.0056974945308
0.0056974945308
0.0056974945308
0.0056974945308
0.00534720546005
0.00534720546005
0.00534720546007
0.00534720546002
0.00686944398722
0.00686944398722
0.00686944398722
0.00686944398722
0.00694840287174
0.00694840287174
0.00694840287174
0.00694840287174
0.00755201708719
0.00755201708719
0.00755201708719
0.00755201708719
0.00673942119975
0.00673942119975
0.00673942119975
0.00673942119975
0.00448937404229
0.00448937404229
0.00448937404229
0.00448937404229
0.00444001461337
0.00444001461337
0.00444001461337
0.00444001461337
0.00456499880256
0.00456499880256
0.00456499880256
0.00456499880256
0.00434959350827
0.00434959350827
0.00434959350827
0.00434959350827
0.00462157439979
0.00462157439979
0.00462157439984
0.00462157439979
0.00456555682623
0.00456555682625
0.00456555682623
0.00456555682625
0.00456969604008
0.00456969604013
0.00456969604013
0.00456969604012
0.00664906088268
0.00664906088268
0.00664906088268
0.00664906088268
0.00610135936949
0.00610135936949
0.00610135936949
0.00610135936949
0.00471205284721
0.00471205284721
0.00471205284721
0.00471205284721
0.00420014541299
0.00420014541299
0.00420014541299
0.00420014541299
0.00515701122933
0.00515701122933
0.00515701122933
0.00515701122933
0.00523852795671
0.00523852795671
0.00523852795671
0.00523852795671
0.00558211030449
0.00558211030449
0.00558211030449
0.00558211030449
0.00443747646405
0.00443747646405
0.00443747646405
0.00443747646405
0.0044249753735
0.0044249753735
0.0044249753735
0.0044249753735
0.00475103187238
0.00475103187238
0.00475103187238
0.00475103187238
0.00567221453325
0.00567221453325
0.00567221453325
0.00567221453325
0.005413773976
0.005413773976
0.005413773976
0.005413773976
0.00734396700017
0.00734396700017
0.00734396700017
0.00734396700017
0.00744970927324
0.00744970927325
0.00744970927325
0.00744970927327
0.00718806724166
0.00718806724168
0.00718806724167
0.00718806724169
0.00829410436857
0.00829410436857
0.00829410436857
0.00829410436857
0.00637347200361
0.00637347200361
0.00637347200361
0.00637347200361
0.00370211763673
0.00370211763673
0.00370211763673
0.00370211763673
0.00644372785962
0.00644372785962
0.00644372785962
0.00644372785962
0.00423935519513
0.00423935519513
0.00423935519513
0.00423935519513
0.00412538999376
0.00412538999376
0.00412538999376
0.00412538999376
0.00416796592505
0.00416796592505
0.00416796592505
0.00416796592505
0.00405850171372
0.00405850171372
0.00405850171372
0.00405850171372
0.00427549334486
0.00427549334486
0.00427549334486
0.00427549334486
0.00418225468316
0.00418225468316
0.00418225468316
0.00418225468316
0.00419223475622
0.00419223475622
0.00419223475622
0.00419223475622
0.00404247875483
0.00404247875483
0.00404247875483
0.00404247875483
0.00525158561455
0.00525158561455
0.00525158561455
0.00525158561455
0.00608087696035
0.00608087696035
0.00608087696035
0.00608087696035
0.00480402039061
0.00480402039061
0.00480402039061
0.00480402039061
0.00642247816035
0.00642247816035
0.00642247816035
0.00642247816035
0.0064605237405
0.0064605237405
0.0064605237405
0.0064605237405
0.00760091461974
0.00760091461974
0.00760091461974
0.00760091461974
0.00595532520179
0.00595532520183
0.00595532520181
0.00595532520184
0.00600676750276
0.00600676750274
0.00600676750274
0.00600676750272
0.00498229126191
0.00498229126191
0.00498229126191
0.00498229126191
0.00497060533442
0.00497060533442
0.00497060533442
0.00497060533442
0.00513234419656
0.00513234419656
0.00513234419656
0.00513234419656
0.00561875998854
0.00561875998854
0.00561875998854
0.00561875998854
0.00619093990121
0.00619093990123
0.00619093990124
0.00619093990126
0.00490968042393
0.00490968042393
0.00490968042393
0.00490968042393
0.00635093606279
0.0063509360628
0.00635093606277
0.00635093606277
0.00547397503676
0.00547397503676
0.00547397503676
0.00547397503676
0.00445778865672
0.00445778865672
0.00445778865672
0.00445778865672
0.00467943920581
0.00467943920581
0.00467943920581
0.00467943920581
0.00458501333028
0.00458501333028
0.00458501333028
0.00458501333028
0.00589295101131
0.00589295101131
0.00589295101131
0.00589295101131
0.00462340118553
0.00462340118553
0.00462340118553
0.00462340118553
0.00446317549771
0.00446317549771
0.00446317549771
0.00446317549771
0.00349870291006
0.00349870291006
0.00349870291006
0.00349870291006
0.00436181006429
0.00436181006429
0.00436181006429
0.00436181006429
0.00445984851564
0.00445984851565
0.00445984851563
0.00445984851567
0.00390357727365
0.00390357727365
0.00390357727365
0.00390357727365
0.00237629697197
0.00237629697197
0.00237629697197
0.00237629697197
0.00279911796918
0.00279911796918
0.00279911796914
0.00279911796918
0.00395206493687
0.00395206493687
0.00395206493687
0.00395206493683
0.00559681428355
0.00559681428355
0.00559681428355
0.00559681428355
0.00561229542417
0.00561229542414
0.00561229542414
0.00561229542416
0.00248804485457
0.00248804485457
0.00248804485457
0.00248804485457
0.002886898686
0.002886898686
0.002886898686
0.002886898686
0.00246292266344
0.00246292266344
0.00246292266344
0.00246292266344
0.00587384057336
0.00587384057336
0.00587384057336
0.00587384057336
0.00684529306619
0.00684529306619
0.00684529306619
0.00684529306619
0.00437871096679
0.00437871096679
0.00437871096679
0.00437871096679
0.00367336623104
0.00367336623104
0.00367336623104
0.00367336623104
0.00366878562789
0.00366878562789
0.00366878562789
0.00366878562789
0.00432983669527
0.00432983669527
0.00432983669527
0.00432983669527
0.00611595085737
0.00611595085737
0.00611595085737
0.00611595085737
0.00698586978241
0.00698586978241
0.00698586978241
0.00698586978241
0.00404779056952
0.00404779056952
0.00404779056952
0.00404779056952
0.00307707379752
0.00307707379752
0.00307707379752
0.00307707379752
0.00520926902231
0.00520926902231
0.00520926902231
0.00520926902231
0.00398394795327
0.00398394795327
0.00398394795327
0.00398394795327
0.00325259129154
0.00325259129152
0.00325259129154
0.00325259129153
0.0040567613334
0.0040567613334
0.0040567613334
0.0040567613334
0.0044128955468
0.0044128955468
0.0044128955468
0.0044128955468
0.00614594866244
0.00614594866244
0.00614594866246
0.00614594866246
0.00422669240048
0.00422669240048
0.00422669240048
0.00422669240048
0.00403774542916
0.00403774542916
0.00403774542916
0.00403774542916
0.00415688733405
0.00415688733405
0.00415688733405
0.00415688733405
0.00464989495332
0.00464989495332
0.00464989495332
0.00464989495332
0.00450865577661
0.00450865577661
0.00450865577661
0.00450865577661
0.00506142027169
0.00506142027169
0.0050614202717
0.0050614202717
0.00340507340668
0.00340507340668
0.00340507340668
0.00340507340668
0.00439143526894
0.00439143526894
0.00439143526894
0.00439143526894
0.00409944987131
0.00409944987131
0.00409944987131
0.00409944987131
0.00657060124803
0.00657060124803
0.00657060124803
0.00657060124803
0.00613691647696
0.00613691647696
0.00613691647696
0.00613691647696
0.00377752867852
0.00377752867852
0.00377752867852
0.00377752867852
0.00396512662976
0.00396512662976
0.00396512662976
0.00396512662976
0.00535458451392
0.00535458451392
0.00535458451392
0.00535458451392
0.0054434742614
0.0054434742614
0.00544347426139
0.0054434742614
0.00554186224778
0.00554186224777
0.00554186224777
0.00554186224777
0.00373943226978
0.00373943226978
0.00373943226978
0.00373943226978
0.00488589588717
0.00488589588717
0.00488589588717
0.00488589588717
0.00410081384825
0.00410081384825
0.00410081384825
0.00410081384825
0.00357425812552
0.00357425812552
0.00357425812552
0.00357425812552
0.0031569344646
0.0031569344646
0.0031569344646
0.0031569344646
0.00310925617868
0.00310925617868
0.00310925617868
0.00310925617868
0.00493943563355
0.00493943563355
0.00493943563355
0.00493943563354
0.00367458324172
0.00367458324172
0.00367458324172
0.00367458324172
0.003906687729
0.003906687729
0.003906687729
0.003906687729
0.00315537015683
0.00315537015683
0.00315537015683
0.00315537015683
0.00289340677751
0.00289340677751
0.00289340677751
0.00289340677751
0.00277729326214
0.00277729326212
0.00277729326212
0.00277729326214
0.00302731265349
0.00302731265349
0.00302731265349
0.00302731265349
0.00325503615187
0.00325503615187
0.00325503615187
0.00325503615187
0.00295362548748
0.00295362548749
0.0029536254875
0.00295362548748
0.00311871114128
0.00311871114128
0.00311871114128
0.00311871114125
0.00320063135621
0.00320063135617
0.00320063135617
0.00320063135617
0.00290970889005
0.00290970889005
0.00290970889005
0.00290970889005
0.00284880086548
0.00284880086547
0.00284880086545
0.00284880086546
0.00335287714169
0.00335287714169
0.00335287714169
0.00335287714169
0.00384631333099
0.00384631333099
0.00384631333099
0.00384631333099
0.00389394513035
0.00389394513035
0.00389394513035
0.00389394513035
0.00541240696651
0.00541240696652
0.00541240696651
0.00541240696652
0.00537155650421
0.00537155650421
0.00537155650421
0.00537155650421
0.00390929329688
0.00390929329688
0.00390929329688
0.00390929329688
0.00411605930947
0.00411605930947
0.00411605930947
0.00411605930947
0.00421214896696
0.00421214896696
0.00421214896696
0.00421214896696
0.00521356724614
0.00521356724614
0.00521356724614
0.00521356724614
0.0045485561966
0.0045485561966
0.00454855619659
0.00454855619659
0.00332661255421
0.00332661255419
0.00332661255421
0.00332661255419
0.00377757511658
0.00377757511658
0.00377757511658
0.00377757511654
0.003281178129
0.003281178129
0.003281178129
0.003281178129
0.00313238733442
0.00313238733442
0.00313238733446
0.00313238733443
0.00528189401108
0.00528189401108
0.00528189401108
0.00528189401108
0.00514786411047
0.00514786411049
0.0051478641105
0.00514786411051
0.0035306085115
0.0035306085115
0.0035306085115
0.0035306085115
0.00391498064109
0.00391498064109
0.00391498064109
0.00391498064109
0.0037273536349
0.0037273536349
0.0037273536349
0.0037273536349
0.00383657464815
0.00383657464815
0.00383657464815
0.00383657464815
0.00386500855817
0.00386500855817
0.00386500855817
0.00386500855817
0.00538565973772
0.00538565973772
0.00538565973773
0.00538565973772
0.00410592089502
0.00410592089502
0.00410592089502
0.00410592089502
0.0037073730556
0.0037073730556
0.0037073730556
0.0037073730556
0.00379001279085
0.00379001279085
0.00379001279085
0.00379001279085
0.00530640002964
0.00530640002963
0.00530640002964
0.00530640002963
0.00398136389789
0.00398136389789
0.00398136389789
0.00398136389789
0.00443515844756
0.00443515844756
0.00443515844756
0.00443515844756
0.00431785137108
0.00431785137108
0.00431785137108
0.00431785137108
0.00521463773294
0.00521463773294
0.00521463773294
0.00521463773294
0.00349645222513
0.00349645222513
0.00349645222517
0.00349645222513
0.00426335679887
0.00426335679891
0.00426335679891
0.00426335679891
0.00344427347308
0.00344427347308
0.00344427347308
0.00344427347308
0.00487718152036
0.00487718152036
0.00487718152036
0.00487718152036
0.00365833220461
0.00365833220461
0.00365833220461
0.00365833220461
0.00336887685662
0.00336887685662
0.00336887685662
0.00336887685662
0.00231893460886
0.00231893460886
0.00231893460886
0.00231893460886
0.0024708646221
0.0024708646221
0.0024708646221
0.0024708646221
0.00267650552099
0.00267650552097
0.00267650552097
0.00267650552095
0.00277418693229
0.00277418693229
0.00277418693229
0.00277418693229
0.00375779519354
0.00375779519354
0.00375779519354
0.00375779519354
0.0044397584754
0.0044397584754
0.0044397584754
0.0044397584754
0.00371091354793
0.00371091354793
0.00371091354793
0.00371091354793
0.00304078213763
0.00304078213763
0.00304078213763
0.00304078213768
0.00362978615229
0.00362978615229
0.00362978615229
0.00362978615229
0.00566748503958
0.00566748503958
0.00566748503958
0.00566748503958
0.00285445612138
0.00285445612138
0.00285445612138
0.00285445612138
0.00273484455625
0.00273484455625
0.00273484455625
0.00273484455625
0.00281088747934
0.00281088747934
0.00281088747934
0.00281088747934
0.00244205171611
0.00244205171611
0.00244205171611
0.00244205171611
0.00290769464391
0.00290769464391
0.00290769464391
0.00290769464391
0.00429094612684
0.00429094612684
0.00429094612684
0.00429094612684
0.00409500510288
0.00409500510289
0.00409500510289
0.00409500510289
0.00249126625947
0.00249126625947
0.00249126625947
0.00249126625947
0.00261186497745
0.00261186497745
0.00261186497745
0.00261186497745
0.00324436959604
0.00324436959605
0.00324436959603
0.00324436959606
0.00221864784787
0.00221864784787
0.00221864784787
0.00221864784787
0.00247587389982
0.00247587389982
0.00247587389982
0.00247587389982
0.00257646316745
0.00257646316745
0.00257646316745
0.00257646316745
0.00297200921301
0.00297200921301
0.00297200921301
0.00297200921301
0.002924192866
0.002924192866
0.002924192866
0.002924192866
0.00255767132325
0.00255767132325
0.00255767132325
0.00255767132325
0.00263277319519
0.00263277319519
0.00263277319519
0.00263277319519
0.00286977413957
0.00286977413957
0.00286977413957
0.00286977413957
0.00280811606958
0.00280811606958
0.00280811606958
0.00280811606958
0.00237911718302
0.00237911718302
0.00237911718302
0.00237911718302
0.00266227284203
0.00266227284203
0.00266227284203
0.00266227284203
0.00257462655126
0.00257462655126
0.00257462655126
0.00257462655126
0.00300758501695
0.00300758501695
0.00300758501695
0.00300758501695
0.00300888098713
0.00300888098713
0.00300888098713
0.00300888098713
0.0028502303119
0.0028502303119
0.0028502303119
0.0028502303119
0.00347051454299
0.00347051454299
0.00347051454299
0.00347051454299
0.0032481275802
0.0032481275802
0.0032481275802
0.0032481275802
0.00270300814
0.00270300814
0.00270300814
0.00270300814
0.00346807532887
0.00346807532887
0.00346807532887
0.00346807532887
0.00280816848288
0.00280816848288
0.00280816848288
0.00280816848288
0.00522214271057
0.00522214271059
0.00522214271056
0.00522214271058
0.00457944521026
0.00457944521026
0.00457944521026
0.00457944521026
0.00415677100709
0.00415677100709
0.00415677100709
0.00415677100709
0.00463379535671
0.00463379535671
0.00463379535671
0.00463379535671
0.00318304607341
0.00318304607341
0.00318304607341
0.00318304607341
0.00259286265559
0.00259286265559
0.00259286265559
0.00259286265559
0.00303981859709
0.00303981859709
0.00303981859709
0.00303981859709
0.00322987553103
0.00322987553103
0.00322987553103
0.00322987553103
0.0039260122927
0.00392601229269
0.00392601229272
0.00392601229269
0.00445944840663
0.00445944840663
0.00445944840661
0.00445944840665
0.00441193703374
0.00441193703371
0.00441193703369
0.00441193703371
0.00485075426545
0.00485075426545
0.00485075426545
0.00485075426545
0.00506311215603
0.00506311215603
0.00506311215603
0.00506311215603
0.00448926095313
0.00448926095313
0.00448926095307
0.00448926095313
0.00485201434641
0.00485201434638
0.00485201434636
0.00485201434639
0.00316760244314
0.00316760244314
0.00316760244314
0.00316760244314
0.0026202815589
0.0026202815589
0.0026202815589
0.0026202815589
0.0034040819247
0.00340408192471
0.00340408192471
0.00340408192474
0.00256404766105
0.00256404766105
0.00256404766105
0.00256404766105
0.0031958431622
0.0031958431622
0.0031958431622
0.0031958431622
0.00267266071607
0.00267266071607
0.00267266071607
0.00267266071607
0.00324900796821
0.00324900796821
0.00324900796821
0.00324900796821
0.00329792937575
0.00329792937575
0.00329792937575
0.00329792937575
0.00444143289161
0.00444143289161
0.00444143289161
0.00444143289161
0.00443174292548
0.00443174292548
0.00443174292548
0.00443174292548
0.00433096115893
0.00433096115893
0.00433096115893
0.00433096115893
0.00484920282284
0.00484920282284
0.00484920282284
0.00484920282284
0.00481982898908
0.00481982898908
0.00481982898908
0.00481982898908
0.00528720969124
0.00528720969124
0.00528720969124
0.00528720969124
0.00468041143178
0.00468041143178
0.00468041143178
0.00468041143178
0.00492371782899
0.00492371782898
0.00492371782901
0.00492371782899
0.00477587299433
0.00477587299433
0.00477587299433
0.00477587299433
0.00431730432387
0.00431730432384
0.00431730432386
0.00431730432383
0.00508816593121
0.00508816593121
0.00508816593121
0.00508816593121
0.00332087247981
0.00332087247981
0.00332087247981
0.00332087247981
0.00274180922368
0.00274180922368
0.00274180922366
0.0027418092237
0.00330575963661
0.00330575963661
0.00330575963661
0.00330575963661
0.00305502798331
0.00305502798329
0.00305502798327
0.00305502798329
0.00319862225985
0.00319862225985
0.00319862225985
0.00319862225985
0.00265736399974
0.00265736399974
0.00265736399974
0.00265736399974
0.00292717156438
0.00292717156438
0.00292717156438
0.00292717156438
0.00320379624575
0.00320379624577
0.00320379624575
0.00320379624577
0.0033819497873
0.00338194978729
0.00338194978728
0.00338194978727
0.00587339247166
0.00587339247166
0.00587339247166
0.00587339247166
0.00420145426936
0.00420145426937
0.00420145426937
0.00420145426937
0.00440905035124
0.00440905035124
0.00440905035124
0.00440905035124
0.00314499019862
0.00314499019864
0.00314499019864
0.00314499019863
0.0024494005865
0.0024494005865
0.0024494005865
0.0024494005865
0.00292900129503
0.00292900129503
0.00292900129503
0.00292900129503
0.00302213412646
0.00302213412645
0.00302213412644
0.00302213412646
0.00252787980082
0.00252787980082
0.00252787980082
0.00252787980082
0.00220384708388
0.00220384708388
0.00220384708388
0.00220384708388
0.00224746247296
0.00224746247296
0.00224746247296
0.00224746247296
0.00275236406633
0.00275236406633
0.00275236406633
0.00275236406633
0.00557817696255
0.00557817696255
0.00557817696255
0.00557817696255
0.00456863703966
0.00456863703966
0.00456863703966
0.00456863703966
0.00370158978312
0.00370158978312
0.00370158978312
0.00370158978312
0.00312994447243
0.00312994447243
0.00312994447243
0.00312994447243
0.00280094786223
0.00280094786223
0.00280094786223
0.00280094786223
0.00294341406711
0.0029434140671
0.0029434140671
0.00294341406709
0.00398128951461
0.00398128951461
0.00398128951461
0.00398128951461
0.00324584143228
0.00324584143228
0.00324584143228
0.00324584143228
0.00324113524954
0.00324113524954
0.00324113524954
0.00324113524954
0.0039819982665
0.0039819982665
0.0039819982665
0.0039819982665
0.00398956607073
0.00398956607073
0.00398956607073
0.00398956607073
0.00400983162898
0.00400983162898
0.00400983162898
0.00400983162898
0.00310889782927
0.00310889782927
0.00310889782927
0.00310889782927
0.00252492454864
0.00252492454864
0.00252492454864
0.00252492454864
0.00178927403287
0.00178927403287
0.00178927403287
0.00178927403287
0.00209290687654
0.00209290687654
0.00209290687654
0.00209290687654
0.00201292140564
0.00201292140564
0.00201292140564
0.00201292140564
0.00224408769426
0.00224408769426
0.00224408769426
0.00224408769426
0.00238794467117
0.00238794467117
0.00238794467117
0.00238794467117
0.00488771427436
0.00488771427436
0.00488771427436
0.00488771427436
0.00444247902372
0.00444247902372
0.00444247902372
0.00444247902372
0.00309456187378
0.00309456187376
0.00309456187374
0.00309456187376
0.00277713899284
0.00277713899284
0.00277713899284
0.00277713899284
0.00332653398836
0.00332653398836
0.00332653398836
0.00332653398836
0.00311124645956
0.00311124645956
0.00311124645956
0.00311124645956
0.00311518598706
0.00311518598706
0.00311518598706
0.00311518598706
0.00288412300579
0.00288412300579
0.00288412300579
0.00288412300579
0.00317382027164
0.00317382027164
0.00317382027164
0.00317382027164
0.0029859765484
0.0029859765484
0.0029859765484
0.0029859765484
0.00296327741928
0.00296327741928
0.00296327741928
0.00296327741928
0.0028733711749
0.0028733711749
0.0028733711749
0.0028733711749
0.00319331585392
0.00319331585392
0.0031933158539
0.00319331585394
0.00324172504517
0.00324172504517
0.00324172504517
0.00324172504517
0.00475334704844
0.00475334704844
0.00475334704844
0.00475334704844
0.00402677163735
0.00402677163735
0.00402677163735
0.00402677163735
0.00219128746726
0.00219128746726
0.00219128746726
0.00219128746726
0.00214789298696
0.00214789298696
0.00214789298696
0.00214789298696
0.00233219156888
0.00233219156888
0.00233219156888
0.00233219156888
0.00248492807825
0.00248492807825
0.00248492807825
0.00248492807825
0.00191483287133
0.00191483287133
0.00191483287133
0.00191483287133
0.0016118203473
0.0016118203473
0.0016118203473
0.0016118203473
0.00162835413573
0.00162835413573
0.00162835413573
0.00162835413573
0.0016110265566
0.0016110265566
0.0016110265566
0.0016110265566
0.00224322312635
0.00224322312635
0.00224322312635
0.00224322312635
0.00233331275543
0.00233331275543
0.00233331275543
0.00233331275543
0.00309055836927
0.00309055836927
0.00309055836927
0.00309055836927
0.00221876939862
0.00221876939862
0.00221876939862
0.00221876939862
0.00238884352811
0.00238884352811
0.00238884352811
0.00238884352811
0.00221768482743
0.00221768482743
0.00221768482743
0.00221768482743
0.00299541508209
0.00299541508209
0.00299541508209
0.00299541508209
0.0027563062186
0.00275630621861
0.00275630621861
0.00275630621863
0.00413720848358
0.00413720848358
0.00413720848358
0.00413720848354
0.0027302005118
0.0027302005118
0.0027302005118
0.0027302005118
0.00255419129702
0.00255419129702
0.00255419129702
0.00255419129702
0.0022456167068
0.00224561670679
0.00224561670681
0.00224561670678
0.00253049052162
0.00253049052162
0.00253049052162
0.00253049052162
0.00294125918815
0.00294125918816
0.00294125918817
0.00294125918814
0.0028522803154
0.0028522803154
0.0028522803154
0.0028522803154
0.00213163711152
0.00213163711152
0.00213163711152
0.00213163711152
0.00266849079816
0.00266849079816
0.00266849079816
0.00266849079816
0.00219259178884
0.00219259178884
0.00219259178884
0.00219259178884
0.00227725387442
0.00227725387442
0.00227725387442
0.00227725387442
0.00195583851051
0.00195583851051
0.00195583851051
0.00195583851051
0.00248292646079
0.00248292646079
0.00248292646079
0.00248292646079
0.00271672301341
0.00271672301341
0.00271672301341
0.00271672301341
0.00513704466617
0.00513704466617
0.00513704466617
0.00513704466617
0.00477749835327
0.00477749835327
0.00477749835327
0.00477749835333
0.0057228286254
0.0057228286254
0.0057228286254
0.0057228286254
0.00565164549879
0.00565164549879
0.00565164549879
0.00565164549879
0.00504484179653
0.00504484179653
0.00504484179653
0.00504484179653
0.00464841366609
0.00464841366609
0.00464841366609
0.00464841366603
0.00403376172599
0.00403376172596
0.00403376172596
0.00403376172598
0.0041945878561
0.0041945878561
0.0041945878561
0.0041945878561
0.00447965936805
0.00447965936805
0.00447965936805
0.00447965936805
0.00498102552804
0.00498102552804
0.00498102552804
0.00498102552804
0.00440372559779
0.00440372559779
0.00440372559779
0.00440372559779
0.00225537513989
0.00225537513989
0.00225537513989
0.00225537513989
0.00219684081114
0.00219684081114
0.00219684081114
0.00219684081114
0.00259444519011
0.00259444519011
0.00259444519011
0.00259444519011
0.00296907870292
0.00296907870292
0.00296907870292
0.00296907870292
0.00227654951344
0.00227654951344
0.00227654951344
0.00227654951344
0.00195236279321
0.00195236279321
0.00195236279321
0.00195236279321
0.0025094071815
0.0025094071815
0.00250940718154
0.0025094071815
0.00220681994864
0.00220681994864
0.00220681994864
0.00220681994864
0.00463779395713
0.00463779395714
0.00463779395713
0.00463779395715
0.00430728663951
0.00430728663949
0.00430728663949
0.00430728663949
0.0022865172625
0.0022865172625
0.0022865172625
0.0022865172625
0.00207021773506
0.00207021773506
0.00207021773506
0.00207021773506
0.002548230861
0.002548230861
0.002548230861
0.002548230861
0.00257298694664
0.00257298694664
0.00257298694664
0.00257298694664
0.00357497956143
0.00357497956143
0.00357497956143
0.00357497956143
0.00309368482179
0.00309368482179
0.00309368482179
0.00309368482179
0.00320184671296
0.00320184671296
0.00320184671296
0.00320184671296
0.00214800909011
0.00214800909011
0.00214800909011
0.00214800909011
0.00220252645479
0.00220252645479
0.00220252645479
0.00220252645479
0.00267112897688
0.00267112897688
0.00267112897688
0.00267112897688
0.00306072291083
0.00306072291083
0.00306072291083
0.00306072291083
0.00284304949354
0.00284304949354
0.00284304949354
0.00284304949354
0.0022352195429
0.0022352195429
0.0022352195429
0.0022352195429
0.00266520316522
0.00266520316522
0.00266520316522
0.00266520316522
0.00262002575264
0.00262002575264
0.00262002575264
0.00262002575264
0.00429379887479
0.00429379887479
0.00429379887479
0.00429379887479
0.00407852237658
0.00407852237658
0.00407852237658
0.00407852237658
0.00452352326842
0.00452352326842
0.00452352326842
0.00452352326842
0.00269578378053
0.00269578378053
0.00269578378053
0.00269578378053
0.00218584750959
0.00218584750959
0.00218584750959
0.00218584750959
0.00227952392164
0.00227952392164
0.00227952392164
0.00227952392164
0.0030283305599
0.0030283305599
0.0030283305599
0.0030283305599
0.0038501536983
0.0038501536983
0.0038501536983
0.0038501536983
0.00393258942058
0.00393258942058
0.00393258942058
0.00393258942058
0.00257953299108
0.00257953299108
0.00257953299108
0.00257953299108
0.0027491034399
0.0027491034399
0.0027491034399
0.0027491034399
0.00188695244054
0.00188695244054
0.00188695244054
0.00188695244054
0.0018436042614
0.0018436042614
0.0018436042614
0.0018436042614
0.00236844347465
0.00236844347465
0.00236844347465
0.00236844347465
0.00549388838141
0.00549388838141
0.00549388838141
0.00549388838141
0.00408589811303
0.00408589811303
0.00408589811303
0.00408589811303
0.00421060785218
0.00421060785218
0.00421060785218
0.00421060785218
0.00355131897155
0.00355131897155
0.00355131897155
0.00355131897155
0.00345350694556
0.00345350694556
0.00345350694556
0.00345350694556
0.00311745423329
0.00311745423329
0.00311745423329
0.00311745423329
0.00367222192911
0.00367222192911
0.00367222192911
0.00367222192911
0.003740791153
0.003740791153
0.003740791153
0.003740791153
0.003513941399
0.003513941399
0.003513941399
0.003513941399
0.0034474491998
0.0034474491998
0.0034474491998
0.0034474491998
0.00374501139153
0.00374501139153
0.00374501139153
0.00374501139153
0.00375204791513
0.00375204791513
0.00375204791513
0.00375204791513
0.00324553767178
0.00324553767178
0.00324553767178
0.00324553767178
0.00163693133196
0.00163693133196
0.00163693133196
0.00163693133196
0.00188319090847
0.00188319090847
0.00188319090847
0.00188319090847
0.00155409599031
0.00155409599031
0.00155409599031
0.00155409599031
0.00325513600207
0.00325513600207
0.00325513600207
0.00325513600207
0.0030904803609
0.0030904803609
0.0030904803609
0.0030904803609
0.00180755918301
0.00180755918301
0.00180755918301
0.00180755918301
0.00186120453715
0.00186120453715
0.00186120453715
0.00186120453715
0.00235000360513
0.00235000360513
0.00235000360513
0.00235000360513
0.00291950959244
0.00291950959244
0.00291950959244
0.00291950959244
0.00279688556575
0.00279688556576
0.00279688556576
0.00279688556577
0.00255275631266
0.00255275631266
0.00255275631266
0.00255275631266
0.00239985815235
0.00239985815235
0.00239985815235
0.00239985815235
0.00281654748797
0.00281654748797
0.00281654748797
0.00281654748797
0.0025287327203
0.0025287327203
0.0025287327203
0.0025287327203
0.00295785717844
0.00295785717844
0.00295785717844
0.00295785717848
0.00289965244488
0.00289965244488
0.00289965244488
0.00289965244488
0.00254622915244
0.00254622915244
0.00254622915244
0.00254622915244
0.00529102598777
0.00529102598777
0.00529102598776
0.00529102598776
0.00305683769011
0.00305683769011
0.00305683769008
0.00305683769013
0.00274947051292
0.00274947051292
0.00274947051292
0.00274947051292
0.00362614740979
0.00362614740979
0.00362614740979
0.00362614740979
0.002805428098
0.00280542809801
0.00280542809801
0.00280542809803
0.00269204248461
0.00269204248461
0.00269204248461
0.00269204248461
0.00286057052839
0.0028605705284
0.00286057052843
0.0028605705284
0.00232526799246
0.00232526799246
0.00232526799246
0.00232526799246
0.0027137003128
0.0027137003128
0.0027137003128
0.0027137003128
0.00279894249639
0.00279894249639
0.00279894249639
0.00279894249639
0.00216270484876
0.00216270484876
0.00216270484876
0.00216270484876
0.0022153995657
0.0022153995657
0.0022153995657
0.0022153995657
0.00242604836259
0.00242604836259
0.00242604836259
0.00242604836259
0.0037753815104
0.0037753815104
0.0037753815104
0.0037753815104
0.00398522123516
0.00398522123516
0.00398522123516
0.00398522123516
0.00229796114449
0.00229796114449
0.00229796114449
0.00229796114449
0.00179250210423
0.00179250210423
0.00179250210423
0.00179250210423
0.00208796964036
0.00208796964036
0.00208796964036
0.00208796964036
0.00216781300147
0.00216781300147
0.00216781300147
0.00216781300147
0.00413972779158
0.00413972779158
0.00413972779158
0.00413972779158
0.0024855989956
0.0024855989956
0.0024855989956
0.0024855989956
0.00206433536975
0.00206433536975
0.00206433536975
0.00206433536975
0.00252112338937
0.00252112338937
0.00252112338937
0.00252112338937
0.00220611220621
0.00220611220621
0.00220611220621
0.00220611220621
0.00335521923228
0.00335521923228
0.00335521923228
0.00335521923228
0.00295796997891
0.00295796997891
0.00295796997891
0.00295796997888
0.00304638054484
0.00304638054484
0.00304638054488
0.00304638054483
0.00232360092472
0.00232360092472
0.00232360092472
0.00232360092472
0.00234744824392
0.00234744824392
0.00234744824392
0.00234744824392
0.00163971812987
0.00163971812987
0.00163971812988
0.00163971812985
0.00157180157325
0.00157180157323
0.00157180157323
0.00157180157322
0.00186559194518
0.00186559194518
0.00186559194518
0.00186559194518
0.00165248028855
0.00165248028855
0.00165248028855
0.00165248028855
0.00223398582415
0.00223398582415
0.00223398582415
0.00223398582415
0.00182930683815
0.00182930683815
0.00182930683815
0.00182930683815
0.0019970119877
0.0019970119877
0.0019970119877
0.0019970119877
0.0021326867064
0.0021326867064
0.0021326867064
0.0021326867064
0.00201253891735
0.00201253891735
0.00201253891735
0.00201253891735
0.00186822421858
0.00186822421861
0.00186822421861
0.0018682242186
0.00223026011828
0.00223026011828
0.00223026011828
0.00223026011831
0.0021499030911
0.00214990309109
0.00214990309109
0.0021499030911
0.00441201304519
0.00441201304519
0.00441201304519
0.00441201304519
0.00399859786111
0.00399859786112
0.00399859786112
0.00399859786114
0.00403292495573
0.00403292495574
0.00403292495574
0.00403292495572
0.00407589492701
0.00407589492701
0.00407589492701
0.00407589492701
0.00401072739874
0.00401072739874
0.00401072739874
0.00401072739874
0.00272105239577
0.00272105239577
0.00272105239577
0.00272105239577
0.00262260016239
0.00262260016239
0.00262260016239
0.00262260016239
0.00320718833375
0.00320718833375
0.00320718833375
0.00320718833375
0.00326812181367
0.00326812181367
0.00326812181367
0.00326812181367
0.00231995996359
0.00231995996359
0.00231995996359
0.00231995996359
0.00229198528959
0.00229198528959
0.00229198528959
0.00229198528959
0.00298157843971
0.00298157843971
0.00298157843971
0.00298157843971
0.0029144625986
0.0029144625986
0.0029144625986
0.0029144625986
0.00263176236409
0.00263176236409
0.00263176236409
0.00263176236409
0.00229129487706
0.00229129487706
0.00229129487706
0.00229129487706
0.00270442099098
0.00270442099098
0.00270442099098
0.00270442099098
0.00256603763941
0.00256603763941
0.00256603763941
0.00256603763941
0.00338982027806
0.00338982027806
0.00338982027806
0.00338982027806
0.00193802793098
0.00193802793098
0.00193802793098
0.00193802793098
0.00184810942755
0.00184810942755
0.00184810942755
0.00184810942755
0.00221095375666
0.00221095375666
0.00221095375666
0.00221095375666
0.00187860873382
0.00187860873382
0.00187860873382
0.00187860873382
0.00322948993543
0.00322948993543
0.00322948993543
0.00322948993543
0.0027299550494
0.0027299550494
0.0027299550494
0.0027299550494
0.00448663984242
0.00448663984242
0.00448663984242
0.00448663984242
0.00419512891544
0.00419512891544
0.00419512891544
0.00419512891544
0.00320397983159
0.00320397983159
0.00320397983159
0.00320397983159
0.00235578566849
0.00235578566849
0.00235578566849
0.00235578566849
0.0025488293021
0.0025488293021
0.0025488293021
0.0025488293021
0.00276031075934
0.00276031075934
0.00276031075934
0.00276031075934
0.00261314151522
0.00261314151522
0.00261314151522
0.00261314151522
0.00210774174143
0.00210774174143
0.00210774174143
0.00210774174143
0.00196305827635
0.00196305827635
0.00196305827635
0.00196305827635
0.00203996487087
0.00203996487087
0.00203996487087
0.00203996487087
0.00207149586853
0.00207149586853
0.00207149586853
0.00207149586853
0.00503968443638
0.00503968443638
0.00503968443638
0.00503968443638
0.00525820016047
0.00525820016047
0.00525820016047
0.00525820016047
0.00253892701959
0.00253892701959
0.00253892701959
0.00253892701959
0.00288546755934
0.00288546755934
0.00288546755934
0.00288546755934
0.00305706372459
0.00305706372459
0.00305706372459
0.00305706372459
0.00287310912526
0.00287310912526
0.00287310912526
0.00287310912526
0.00367950814859
0.00367950814859
0.00367950814859
0.00367950814859
0.00378530673067
0.00378530673067
0.00378530673067
0.00378530673067
0.0049799454625
0.0049799454625
0.0049799454625
0.0049799454625
0.00503737017521
0.00503737017521
0.00503737017521
0.00503737017521
0.00212680661577
0.00212680661577
0.00212680661577
0.00212680661577
0.00170939171734
0.00170939171734
0.00170939171734
0.00170939171734
0.00196240348693
0.00196240348693
0.00196240348693
0.00196240348693
0.0020151053032
0.0020151053032
0.0020151053032
0.0020151053032
0.00350095427313
0.00350095427313
0.00350095427313
0.00350095427313
0.00326995075358
0.00326995075358
0.00326995075358
0.00326995075358
0.00270632247592
0.00270632247592
0.00270632247592
0.00270632247592
0.00309782789897
0.00309782789897
0.00309782789897
0.00309782789897
0.0029078488092
0.0029078488092
0.0029078488092
0.0029078488092
0.00294341953162
0.00294341953162
0.00294341953162
0.00294341953162
0.00348515121721
0.00348515121721
0.00348515121721
0.00348515121721
0.00361186194174
0.00361186194174
0.00361186194174
0.00361186194174
0.00211621382936
0.00211621382936
0.00211621382936
0.00211621382936
0.00218438243854
0.00218438243854
0.00218438243854
0.00218438243854
0.00273545087663
0.00273545087663
0.00273545087663
0.00273545087663
0.00292033503659
0.00292033503659
0.00292033503659
0.00292033503659
0.00275800126054
0.00275800126054
0.00275800126054
0.00275800126054
0.0027153314358
0.0027153314358
0.0027153314358
0.0027153314358
0.00230481541064
0.00230481541064
0.00230481541064
0.00230481541064
0.00239559290897
0.00239559290897
0.00239559290897
0.00239559290897
0.00338930978098
0.00338930978098
0.00338930978098
0.00338930978098
0.00275571656705
0.00275571656705
0.00275571656705
0.00275571656705
0.00263422961713
0.00263422961713
0.00263422961713
0.00263422961713
0.00277222710737
0.00277222710737
0.00277222710737
0.00277222710737
0.00259681831795
0.00259681831795
0.00259681831795
0.00259681831795
0.00257324637068
0.00257324637068
0.00257324637068
0.00257324637068
0.00237909665221
0.00237909665221
0.00237909665221
0.00237909665221
0.00254754460573
0.00254754460573
0.00254754460573
0.00254754460573
0.00212683897279
0.00212683897279
0.00212683897279
0.00212683897279
0.00186608502606
0.00186608502606
0.00186608502606
0.00186608502606
0.00190437740196
0.00190437740196
0.00190437740196
0.00190437740196
0.00239467204961
0.00239467204961
0.00239467204961
0.00239467204961
0.00211407015347
0.00211407015347
0.00211407015347
0.00211407015347
0.00183798447627
0.00183798447627
0.00183798447627
0.00183798447627
0.00180442622168
0.00180442622168
0.00180442622168
0.00180442622168
0.00224869293558
0.00224869293558
0.00224869293558
0.00224869293558
0.0023776424943
0.0023776424943
0.0023776424943
0.0023776424943
0.00201861285638
0.00201861285638
0.00201861285638
0.00201861285638
0.00198093210103
0.00198093210103
0.00198093210103
0.00198093210103
0.00233797045931
0.00233797045931
0.00233797045931
0.00233797045931
0.00349965583938
0.00349965583938
0.00349965583938
0.00349965583938
0.00314298982411
0.00314298982411
0.00314298982411
0.00314298982411
0.00332509156432
0.00332509156432
0.00332509156432
0.00332509156432
0.00266821163189
0.00266821163189
0.00266821163189
0.00266821163189
0.00229665736931
0.00229665736931
0.00229665736931
0.00229665736931
0.0027400698213
0.00274006982135
0.00274006982133
0.00274006982135
0.00238072144506
0.00238072144506
0.00238072144506
0.00238072144506
0.00253982442954
0.00253982442952
0.00253982442951
0.00253982442952
0.00207448690708
0.00207448690708
0.00207448690708
0.00207448690708
0.00229500974876
0.00229500974876
0.00229500974876
0.00229500974876
0.00268993482395
0.00268993482395
0.00268993482395
0.00268993482395
0.00321647492042
0.00321647492042
0.00321647492042
0.00321647492042
0.00114581979303
0.00114581979303
0.00114581979303
0.00114581979303
0.00148280134835
0.00148280134835
0.00148280134835
0.00148280134835
0.00146219653746
0.00146219653746
0.00146219653746
0.00146219653746
0.0013614512815
0.0013614512815
0.0013614512815
0.0013614512815
0.00121870222106
0.00121870222106
0.00121870222106
0.00121870222106
0.00164549989468
0.00164549989468
0.00164549989468
0.00164549989468
0.00250893429536
0.00250893429537
0.00250893429537
0.0025089342954
0.00238701911162
0.00238701911163
0.00238701911163
0.00238701911164
0.0024161491254
0.00241614912539
0.00241614912539
0.00241614912539
0.00248849140249
0.00248849140249
0.00248849140249
0.00248849140249
0.00404877362628
0.00404877362628
0.00404877362628
0.00404877362628
0.00399893686563
0.00399893686563
0.00399893686563
0.00399893686563
0.00189891342687
0.00189891342687
0.00189891342687
0.00189891342687
0.00233103992205
0.00233103992205
0.00233103992205
0.00233103992205
0.00202290266974
0.00202290266974
0.00202290266974
0.00202290266974
0.00189042244127
0.00189042244127
0.00189042244127
0.00189042244127
0.00194772648265
0.00194772648265
0.00194772648265
0.00194772648265
0.00195621354896
0.00195621354896
0.00195621354896
0.00195621354896
0.00290985124844
0.00290985124844
0.00290985124844
0.00290985124844
0.00292639630286
0.00292639630286
0.00292639630283
0.00292639630284
0.00407646759861
0.00407646759861
0.00407646759861
0.00407646759861
0.00369739965997
0.00369739965999
0.00369739965999
0.00369739966
0.00404773459157
0.00404773459157
0.00404773459157
0.00404773459157
0.00386707489374
0.00386707489374
0.00386707489374
0.00386707489374
0.00222734137008
0.00222734137008
0.00222734137008
0.00222734137008
0.0021178498131
0.0021178498131
0.0021178498131
0.0021178498131
0.00216190622265
0.00216190622265
0.00216190622265
0.00216190622265
0.00219230532215
0.00219230532215
0.00219230532215
0.00219230532215
0.00336421899487
0.00336421899487
0.00336421899487
0.0033642189949
0.00327399197064
0.00327399197064
0.0032739919706
0.00327399197064
0.00381129897705
0.00381129897705
0.00381129897705
0.00381129897705
0.00374255465868
0.00374255465868
0.00374255465867
0.00374255465869
0.00373669429702
0.00373669429702
0.00373669429702
0.00373669429702
0.00401717718718
0.00401717718718
0.00401717718718
0.00401717718718
0.00233448749451
0.00233448749451
0.00233448749451
0.00233448749451
0.00227877504477
0.00227877504477
0.00227877504477
0.00227877504477
0.00252361643366
0.00252361643366
0.00252361643366
0.00252361643366
0.00250496962405
0.00250496962405
0.00250496962405
0.00250496962405
0.00483104969171
0.00483104969171
0.00483104969171
0.00483104969171
0.00490139159201
0.00490139159201
0.00490139159201
0.00490139159201
0.00197837706976
0.00197837706976
0.00197837706976
0.00197837706976
0.00197295057253
0.00197295057253
0.00197295057253
0.00197295057253
0.00221625316961
0.00221625316961
0.00221625316961
0.00221625316961
0.00221359670762
0.00221359670762
0.00221359670762
0.00221359670762
0.00218044621362
0.00218044621362
0.00218044621362
0.00218044621362
0.0020980695555
0.0020980695555
0.0020980695555
0.0020980695555
0.00242302553497
0.00242302553497
0.00242302553497
0.00242302553497
0.00218822863434
0.00218822863434
0.00218822863434
0.00218822863434
0.00246008628175
0.00246008628176
0.00246008628176
0.00246008628175
0.00212648518019
0.00212648518019
0.00212648518022
0.00212648518019
0.00230284207168
0.00230284207168
0.00230284207168
0.00230284207171
0.00225778997344
0.00225778997344
0.00225778997344
0.00225778997344
0.0023603311244
0.0023603311244
0.0023603311244
0.0023603311244
0.00235486198885
0.00235486198885
0.00235486198885
0.00235486198885
0.00254371957528
0.00254371957528
0.00254371957528
0.00254371957528
0.00242462177432
0.00242462177432
0.00242462177432
0.00242462177432
0.00255054749795
0.00255054749795
0.00255054749795
0.00255054749795
0.00228754774458
0.00228754774458
0.00228754774458
0.00228754774458
0.00242727979318
0.00242727979318
0.00242727979318
0.00242727979318
0.00252799063322
0.00252799063322
0.0025279906332
0.0025279906332
0.00227520183991
0.00227520183991
0.00227520183991
0.00227520183991
0.00186479255275
0.00186479255275
0.00186479255275
0.00186479255275
0.00193310554161
0.00193310554161
0.00193310554161
0.00193310554161
0.00196768126297
0.00196768126297
0.00196768126297
0.00196768126297
0.00243283794707
0.00243283794707
0.00243283794707
0.00243283794707
0.00212027407552
0.00212027407552
0.00212027407552
0.00212027407555
0.00242544108492
0.00242544108494
0.00242544108493
0.00242544108495
0.00213009596102
0.00213009596099
0.00213009596099
0.00213009596099
0.00441984921052
0.00441984921052
0.00441984921052
0.00441984921052
0.00459434670035
0.00459434670035
0.00459434670035
0.00459434670035
0.00433041582078
0.0043304158208
0.00433041582082
0.00433041582079
0.00444502921185
0.00444502921183
0.00444502921183
0.00444502921181
0.00512319799958
0.00512319799958
0.00512319799957
0.00512319799958
0.00515379170646
0.00515379170645
0.00515379170645
0.00515379170647
0.00242207031605
0.00242207031605
0.00242207031605
0.00242207031605
0.00240867230721
0.00240867230721
0.00240867230721
0.00240867230721
0.00225340910949
0.0022534091095
0.00225340910949
0.0022534091095
0.00256147596097
0.00256147596097
0.00256147596097
0.00256147596097
0.00250836513826
0.00250836513826
0.00250836513826
0.00250836513826
0.0023236112967
0.0023236112967
0.0023236112967
0.0023236112967
0.00251153768327
0.00251153768327
0.00251153768327
0.00251153768327
0.00239852752913
0.00239852752913
0.00239852752913
0.00239852752913
0.00369707153926
0.00369707153925
0.00369707153925
0.00369707153924
0.00414455695586
0.00414455695586
0.00414455695586
0.00414455695586
0.00176099734994
0.00176099734994
0.00176099734994
0.00176099734994
0.00167487174592
0.00167487174594
0.00167487174594
0.00167487174594
0.00170320067128
0.0017032006713
0.00170320067131
0.0017032006713
0.00184529306747
0.00184529306746
0.00184529306747
0.00184529306748
0.00273068072168
0.00273068072168
0.00273068072168
0.00273068072168
0.00271704832099
0.00271704832099
0.00271704832099
0.00271704832099
0.00285539405537
0.00285539405537
0.00285539405537
0.00285539405537
0.00271137033811
0.00271137033811
0.00271137033811
0.00271137033811
0.00296608703097
0.00296608703097
0.00296608703098
0.00296608703097
0.00335115200919
0.00335115200918
0.00335115200921
0.0033511520092
0.00276545085548
0.00276545085548
0.00276545085548
0.00276545085548
0.0026588247066
0.0026588247066
0.0026588247066
0.0026588247066
0.00175428060035
0.00175428060035
0.00175428060035
0.00175428060035
0.00154834753162
0.00154834753164
0.00154834753164
0.00154834753165
0.00180788399587
0.00180788399587
0.00180788399587
0.00180788399589
0.00175828534305
0.00175828534304
0.00175828534303
0.00175828534304
0.00293977783762
0.00293977783762
0.00293977783762
0.00293977783762
0.00273433731521
0.00273433731521
0.00273433731521
0.00273433731521
0.00152529815954
0.00152529815954
0.00152529815954
0.00152529815954
0.00157011989701
0.00157011989701
0.00157011989701
0.00157011989701
0.00190667738157
0.00190667738157
0.00190667738157
0.00190667738157
0.00185834016212
0.00185834016212
0.00185834016212
0.00185834016212
0.00175462205911
0.00175462205911
0.00175462205911
0.00175462205911
0.0016796167111
0.00167961671111
0.00167961671112
0.00167961671109
0.00190236309015
0.00190236309015
0.00190236309015
0.00190236309015
0.00154521328415
0.00154521328415
0.00154521328418
0.00154521328416
0.00138870356967
0.00138870356967
0.00138870356967
0.00138870356967
0.00257145233272
0.00257145233272
0.00257145233272
0.00257145233272
0.00259503454177
0.00259503454177
0.00259503454177
0.00259503454177
0.00306500318002
0.00306500318002
0.00306500318002
0.00306500318002
0.00373532790607
0.00373532790607
0.00373532790607
0.00373532790607
0.0037138885655
0.00371388856551
0.00371388856552
0.00371388856553
0.00214831864021
0.0021483186402
0.00214831864019
0.00214831864018
0.00198639476223
0.00198639476223
0.00198639476223
0.00198639476223
0.00184973435701
0.00184973435701
0.00184973435701
0.00184973435701
0.00208168547659
0.00208168547659
0.00208168547659
0.00208168547659
0.00309535896309
0.00309535896305
0.00309535896305
0.00309535896305
0.00289168486102
0.00289168486102
0.00289168486102
0.00289168486102
0.00216924030629
0.00216924030629
0.00216924030629
0.00216924030629
0.00268969038153
0.00268969038153
0.00268969038153
0.00268969038153
0.00151385948222
0.00151385948222
0.00151385948222
0.00151385948222
0.00125977294532
0.00125977294532
0.00125977294532
0.00125977294532
0.00128962812634
0.00128962812634
0.00128962812634
0.00128962812634
0.00155656643585
0.00155656643585
0.00155656643585
0.00155656643585
0.00291516123138
0.00291516123138
0.00291516123138
0.00291516123138
0.00291048922635
0.00291048922635
0.00291048922636
0.00291048922637
0.00249163419811
0.00249163419811
0.00249163419811
0.00249163419811
0.00416063543872
0.00416063543872
0.00416063543872
0.00416063543872
0.00285492226562
0.00285492226562
0.00285492226562
0.00285492226562
0.00258412094995
0.00258412094997
0.00258412094997
0.00258412094995
0.00175256660556
0.00175256660556
0.00175256660556
0.00175256660556
0.00140882538496
0.00140882538496
0.00140882538496
0.00140882538496
0.00153074418707
0.00153074418707
0.00153074418707
0.00153074418707
0.0017996923453
0.0017996923453
0.0017996923453
0.0017996923453
0.00262535303077
0.00262535303077
0.00262535303077
0.00262535303077
0.00215421510336
0.00215421510336
0.00215421510336
0.00215421510336
0.00172450079118
0.00172450079118
0.00172450079118
0.00172450079118
0.00177854132784
0.00177854132784
0.00177854132784
0.00177854132784
0.00291215230096
0.00291215230096
0.00291215230096
0.00291215230096
0.00256873829542
0.00256873829542
0.00256873829542
0.00256873829542
0.00235528877264
0.00235528877264
0.00235528877264
0.00235528877264
0.002268907397
0.00226890739699
0.00226890739699
0.002268907397
0.00148366587647
0.00148366587647
0.00148366587647
0.00148366587647
0.00126877689004
0.00126877689004
0.00126877689004
0.00126877689004
0.0015791478867
0.0015791478867
0.0015791478867
0.0015791478867
0.00132872781631
0.00132872781631
0.00132872781631
0.00132872781631
0.00240217101769
0.00240217101769
0.00240217101769
0.00240217101769
0.00231731824953
0.00231731824953
0.00231731824953
0.00231731824953
0.00256075523677
0.00256075523677
0.00256075523677
0.00256075523677
0.00263138207502
0.00263138207501
0.00263138207501
0.002631382075
0.00438982497015
0.00438982497015
0.00438982497015
0.00438982497015
0.00257410551385
0.00257410551385
0.00257410551385
0.00257410551385
0.00233036708198
0.00233036708198
0.00233036708198
0.00233036708198
0.00219841208871
0.00219841208871
0.00219841208871
0.00219841208871
0.00281489601981
0.00281489601981
0.00281489601981
0.00281489601981
0.00301919926957
0.00301919926957
0.00301919926957
0.00301919926957
0.00107918905951
0.00107918905951
0.00107918905951
0.00107918905951
0.000909603798957
0.000909603798957
0.000909603798957
0.000909603798957
0.00096430482204
0.00096430482204
0.00096430482204
0.00096430482204
0.00104463130119
0.00104463130119
0.00104463130119
0.00104463130119
0.00150891356434
0.00150891356434
0.00150891356434
0.00150891356434
0.00149226806297
0.00149226806297
0.00149226806297
0.00149226806297
0.00154581229121
0.00154581229121
0.00154581229121
0.00154581229121
0.00139790506374
0.00139790506374
0.00139790506374
0.00139790506374
0.00222924991849
0.00222924991849
0.00222924991849
0.00222924991849
0.00214671113533
0.00214671113534
0.00214671113533
0.00214671113533
0.00216760119631
0.00216760119631
0.00216760119631
0.00216760119631
0.00221788973244
0.00221788973244
0.00221788973244
0.00221788973244
0.00170054909012
0.00170054909012
0.00170054909012
0.00170054909012
0.00125152398331
0.00125152398331
0.00125152398331
0.00125152398331
0.00152457225284
0.00152457225284
0.00152457225284
0.00152457225284
0.00140491559745
0.00140491559745
0.00140491559745
0.00140491559745
0.00166836144755
0.00166836144754
0.00166836144754
0.00166836144753
0.00200119932869
0.00200119932869
0.00200119932869
0.00200119932869
0.00242405177107
0.00242405177107
0.00242405177107
0.00242405177107
0.00269026191357
0.00269026191357
0.00269026191357
0.00269026191357
0.00216503925873
0.00216503925873
0.00216503925873
0.00216503925873
0.00220060854053
0.00220060854053
0.00220060854053
0.00220060854053
0.00248142635225
0.00248142635225
0.00248142635225
0.00248142635225
0.00256228038709
0.00256228038709
0.00256228038709
0.00256228038709
0.00230350022374
0.00230350022374
0.00230350022374
0.00230350022374
0.00211364339233
0.00211364339233
0.00211364339233
0.00211364339233
0.00513019733008
0.00513019733006
0.00513019733006
0.00513019733004
0.00278269959479
0.00278269959479
0.00278269959479
0.00278269959479
0.00253709200165
0.00253709200165
0.00253709200165
0.00253709200165
0.00269958756954
0.00269958756954
0.00269958756954
0.00269958756954
0.00242009250388
0.00242009250388
0.00242009250388
0.00242009250388
0.00252992273658
0.00252992273658
0.00252992273658
0.00252992273658
0.00127389574465
0.00127389574465
0.00127389574465
0.00127389574465
0.00120626896881
0.00120626896881
0.00120626896881
0.00120626896881
0.0012858364817
0.0012858364817
0.0012858364817
0.0012858364817
0.00136784866283
0.00136784866283
0.00136784866283
0.00136784866283
0.00117535311715
0.00117535311715
0.00117535311715
0.00117535311715
0.00119489388371
0.00119489388371
0.00119489388371
0.00119489388371
0.00133737650423
0.00133737650423
0.00133737650423
0.00133737650423
0.0013132979414
0.0013132979414
0.0013132979414
0.0013132979414
0.00154361349991
0.00154361349991
0.00154361349991
0.00154361349991
0.00151457605881
0.00151457605881
0.00151457605881
0.00151457605881
0.00186950407983
0.00186950407983
0.00186950407983
0.00186950407983
0.00148707350263
0.00148707350263
0.00148707350263
0.00148707350263
