0.0152898819732
0.0116365751648
0.012733859249
0.0117609727172
0.0219928394305
0.0101405093813
0.0219011782402
0.0202973863945
0.0214108855872
0.0228903071746
0.0221025471109
0.0196474910989
0.0249253698748
0.0217132616687
0.0277110354366
0.0267399633944
0.0240023702768
0.0168606194865
0.013920853294
0.0137657654231
0.011691181424
0.0212879620275
0.0137524746977
0.0177842568548
0.0175401253623
0.0167124885811
0.0145749955823
0.0167754862889
0.0145528596592
0.0138723895653
0.0197331455708
0.0205025625458
0.0198219155541
0.025683857154
0.0263848675369
0.0253249013153
0.0150324782466
0.0164550387497
0.0151219437717
0.016677002906
0.0135037358419
0.01437784204
0.0143647729823
0.0140986081573
0.0167790124834
0.0101792212405
0.0156865303862
0.0209792588513
0.0181910371118
0.0277728020162
0.0233986313761
0.0239620602433
0.0301321651899
0.017664682978
0.0137539137925
0.0162008180164
0.0160451770586
0.016349624724
0.0150948041832
0.0160768853472
0.0154086674964
0.01543136472
0.0128748920485
0.0175045597599
0.0134240771589
0.0156168717133
0.0190707349131
0.0189773472128
0.017782454475
0.0174560397265
0.0155746795213
0.0172430534318
0.017632498098
0.0193301236415
0.0164898757372
0.0129561777987
0.0145589991611
0.0158394504275
0.0147594365476
0.00989760058496
0.0114471389633
0.0166359749811
0.019594696883
0.0210390461671
0.0101367972954
0.0106155296006
0.0100966964003
0.0146966007707
0.0172317369889
0.0132801196902
0.0161554960818
0.0108217420663
0.0139133148254
0.0180495604814
0.0141001619896
0.0169050833087
0.015531622175
0.0150700358503
0.0161798133269
0.0186714006228
0.0119237550679
0.0180711660655
0.0204069216423
0.0131686147765
0.0153461887227
0.0130166097046
0.0113839662286
0.0113257198681
0.0201707948787
0.0145411010794
0.0161450173851
0.0131674646308
0.0123113803807
0.0115257100952
0.0128349164603
0.0137103348863
0.0127667642452
0.0130343782644
0.0126518458351
0.0112802879251
0.0113672371759
0.0136719990544
0.0146662937463
0.0150533640125
0.0218223881106
0.0218772292078
0.015511792626
0.0157529248592
0.0129719821034
0.0150159631285
0.0137972748136
0.00928934858794
0.0141188768578
0.0144771306891
0.0120581958079
0.0132726069723
0.0221987133868
0.0135208485397
0.0147398158017
0.0127664202537
0.0220071071372
0.0145293699214
0.0181150689459
0.0149920584498
0.0144514776459
0.0170102759295
0.0141189840032
0.0190721014857
0.0120749710441
0.00979445774091
0.0100752696702
0.010753626336
0.0114305939932
0.0112269379762
0.0155623552794
0.0191422781035
0.0157384003017
0.0129205343597
0.0147451055354
0.0206182690079
0.0117490583912
0.0105869985032
0.0106620186974
0.00959963729545
0.0110396928951
0.0181679382014
0.0170489789315
0.0101217761714
0.0110850912703
0.0126892912626
0.00920718360515
0.0101717775722
0.0108389165745
0.0118420477924
0.0100665434971
0.0101229576505
0.0102256062797
0.0114815713671
0.00972316686689
0.0108120871242
0.0103850543462
0.0102850411383
0.0122218485701
0.0110832017818
0.0136515621801
0.0119875650662
0.0108210874887
0.0139403875526
0.0104181645875
0.0154025920505
0.0104778028362
0.0108565578933
0.0122519311119
0.0121789679995
0.0118691008416
0.0167325812488
0.0141581397137
0.0159974120493
0.0160970802402
0.0132115287041
0.0115584881963
0.0160431288898
0.0106314084703
0.0104897842401
0.014330813693
0.0107300905714
0.0155220205596
0.0171177543423
0.0155556383292
0.0185993284184
0.00996848424157
0.0122739540211
0.0101303740003
0.0100295889668
0.0118845197996
0.00992604987623
0.0137939772025
0.0138472722973
0.0149700415391
0.0130163727899
0.00995635206957
0.0130325756315
0.0123157337439
0.0101741594711
0.00879019610959
0.00894800615375
0.0097144362304
0.0163509852909
0.0146264589157
0.0116275577535
0.0104088524978
0.0111793726496
0.0145031687561
0.0130445739009
0.0127862212128
0.0153584251265
0.0139449909242
0.0103964738688
0.011049625449
0.00805971694391
0.00910284584253
0.00813189143
0.00836343140982
0.00988147792419
0.00956234948199
0.0102757367376
0.0134879962521
0.0122469147513
0.0128326344476
0.0127274686301
0.0127910808711
0.0124527035894
0.0121082841929
0.00944537308317
0.00835697589611
0.00933118502357
0.00929039614112
0.00902537201715
0.00706414889868
0.00724151173554
0.00693085373092
0.00834723558078
0.00933526551073
0.0140081180969
0.00909945273081
0.00976918304859
0.00974003204953
0.00998397683378
0.00946832279317
0.0104962198444
0.0106309752688
0.00932657274693
0.00988543243022
0.012583647373
0.0095100871853
0.00833419136767
0.00923563603051
0.00894036758239
0.00747481037874
0.0102048267126
0.00952860062989
0.0174865668889
0.0149926867636
0.0176280390195
0.0187755765951
0.0190429472844
0.00945138303979
0.0090512384886
0.0103357081497
0.0133200250261
0.00946294757935
0.00860944946743
0.00841761453112
0.00966364839636
0.0163052604502
0.0101194167827
0.00888800761533
0.0103299530007
0.0124511093305
0.0121032494754
0.00954005271018
0.00942911574209
0.0112173372582
0.0115578795926
0.0116716600345
0.00886285482626
0.00958681277492
0.00932505579521
0.0161972070001
0.0167798306074
0.0187147103442
0.011222329023
0.0089115824169
0.0103550659005
0.0114409877389
0.00796467277305
0.00758731841213
0.00945943207924
0.0205948660035
0.0155545746875
0.0164671902684
0.0107571065999
0.0124442962602
0.0143712167769
0.0148901334352
0.0141007700144
0.0138424913098
0.015606059409
0.0137843440428
0.0113861688247
0.00651550688331
0.00825439329388
0.00656723550322
0.0116563129503
0.0119089286813
0.00714247611628
0.00858144073046
0.00928223989868
0.0112841860676
0.0105452918789
0.0103625834215
0.0106204170819
0.0117737725957
0.0101663534317
0.0103561889139
0.0111985649553
0.0103627562082
0.0164260493467
0.0122058651713
0.0110248478076
0.0117182972919
0.0127595397909
0.0116596725172
0.011321751861
0.00933917047251
0.0110258619945
0.0115066345165
0.00917063472522
0.00906737975716
0.0100171906046
0.0123748672404
0.00954251835318
0.00720150527025
0.00961426758111
0.00888850967602
0.0104184353981
0.00896835558144
0.00909138588222
0.00964926429578
0.0119687887298
0.0118118447785
0.0112861989282
0.00891800441074
0.00893882087691
0.00738330572725
0.00698314008118
0.00895099708432
0.00734022497919
0.00947402647617
0.0070618008817
0.00777370807367
0.00813090782029
0.00773487775235
0.00717210897002
0.00961381691717
0.00838111965534
0.0165925333017
0.0148236817094
0.0157212541691
0.0142358680124
0.0106851297838
0.0114945585803
0.0137852207071
0.013323183251
0.00909994647416
0.00870360202796
0.0115627037869
0.0109269883913
0.00915640855218
0.0117243872038
0.0105167687529
0.012834749202
0.00759393482584
0.00701164689015
0.00878498455648
0.00754864156228
0.0132770304535
0.0113844669352
0.0156103429371
0.0159536349653
0.00768333323258
0.0100262114258
0.0106568720569
0.0111466162101
0.00999960818835
0.00945942985435
0.00896956854182
0.00883014822315
0.00835290175387
0.0172980793288
0.00973708555012
0.0122534446329
0.0114874968098
0.0150942680092
0.0157846178505
0.00826066323534
0.00724220838978
0.0080117401302
0.00950902256487
0.0125207124563
0.0115284937422
0.00940206895294
0.0100073493282
0.0114877221175
0.0121687357372
0.0109768035265
0.0132442930356
0.00945922316891
0.00915424161336
0.0117153260152
0.0101248064791
0.0100967692793
0.0108806257342
0.0104367067084
0.010044138987
0.0126484796083
0.0102264885819
0.0108496462764
0.00982110378335
0.0120262594235
0.00909963532952
0.00989801150623
0.00840521420156
0.00727879415686
0.00793370729716
0.00880835985287
0.00878773701693
0.00820435900791
0.007876904535
0.0101285767197
0.00849516749279
0.00768282857827
0.00771068614214
0.00912964114352
0.0099516742391
0.0125134098101
0.0107523276722
0.00912386631787
0.00772868827722
0.00903854806609
0.0103546135721
0.00914332630076
0.00950095783762
0.0109815543411
0.013588711252
0.00520522121474
0.00737992251122
0.00737212705411
0.00631669697966
0.00529573947085
0.00810497312577
0.0104365458881
0.00794896305009
0.0133913564879
0.00844569595362
0.00981300355295
0.00863881970641
0.00755689687253
0.00861210057642
0.008472452267
0.00954645443104
0.0123448779797
0.0117585960666
0.0153431761374
0.00971383939314
0.00857126578733
0.00917900211406
0.00937859911167
0.0121979231638
0.0153521434343
0.0151014437937
0.00918459523151
0.0161897594033
0.00752905592931
0.00740591000227
0.00936178377328
0.00955211917378
0.00887566525956
0.00820549694906
0.0111201765943
0.00940401300026
0.00938280858113
0.00831116470848
0.0102441794304
0.0093041552867
0.00990332134349
0.00941282332
0.00961475616015
0.00945067244339
0.00965710592468
0.00943551669924
0.00967845639542
0.0120780024238
0.00953718689554
0.00731240997482
0.00803843706457
0.00808524366315
0.00988184440288
0.00834955229677
0.00837751840375
0.00924965003585
0.0162062367681
0.00836588505802
0.00803134402695
0.00945944326458
0.00949069276798
0.00960485178279
0.00975070598871
0.010819546809
0.0136210176579
0.00794256116249
0.00760458599685
0.00770775391719
0.00905886568352
0.01187564547
0.0123024633512
0.0113975161294
0.0127952923981
0.012477819675
0.00852832385411
0.00653783276223
0.00820115223044
0.00891569841487
0.0146166001411
0.0131139556784
0.00860330280422
0.00667418976384
0.00966779164536
0.00941532932829
0.0052913450229
0.00742447153491
0.00909676169455
0.00695738769431
0.00655763420809
0.0100928876956
0.0155487625521
0.0154958927604
0.00457519565526
0.00928660826841
0.00902040385941
0.0128290469187
0.00805721390072
0.00590713263571
0.00597903226337
0.00890992266095
0.0119011068824
0.0120589162728
0.00939852861445
0.00767647358998
0.00957489503069
0.00633934738006
0.00767625351632
0.00722814997709
0.0124482334113
0.00876381266236
0.00718472272979
0.00722517099414
0.0103536283615
0.0110829303937
0.0107640092741
0.00743416668178
0.00534680058659
0.0085670703805
0.00580170091467
0.0115593693744
0.0102579586486
0.0095780569231
0.00881372020983
0.00939148642297
0.0080833600474
0.0126803534992
0.014546531624
0.00687366034831
0.00484873666289
0.00523577046709
0.00593566125022
0.00711137126811
0.00677599794165
0.00795412716167
0.00678213201509
0.00917671454279
0.00953541526035
0.0088924993273
0.0052725785773
0.00726426745647
0.00676689284492
0.00721311479629
0.0105079687432
0.0098516917569
0.00817583778208
0.00891031282987
0.00940098189197
0.0106617606346
0.0109468344867
0.0106630531215
0.00905992078653
0.00891895359038
0.0112326270465
0.0100578834323
0.00930463952035
0.00977396777199
0.00515063937441
0.00458522011409
0.00568712493307
0.00614500086963
0.0054857353318
0.00488975018632
0.00525678437544
0.00652091639122
0.00667456946579
0.00669285569522
0.00774698983467
0.0068512729121
0.00855330380715
0.00780757077551
0.0102899141178
0.00946151014686
0.00869683068941
0.00712090425775
0.00889253517039
0.0109311049799
0.0121706609419
0.0116383727949
0.0189389688335
0.0187405277958
0.010774689274
0.00871700633655
0.0120151873787
0.0104829068312
0.0164007803275
0.0126273453461
0.00967653409712
0.00704476511789
0.00723084398086
0.00717251566798
0.00848817201277
0.00758978277628
0.00809426436727
0.00685122004528
0.0104337073057
0.0087801451607
0.0103993596385
0.00852030493398
0.0171073380514
0.0130593774082
0.0108880789201
0.0112316061725
0.0102329290545
0.00912140546432
0.0156841520146
0.0111806698814
0.00818686417031
0.0100035513038
0.00883813858184
0.0117026127504
0.0132248871845
0.00794967531755
0.00703071546483
0.00725330351777
0.00630643134337
0.0116128210041
0.00950520824568
0.00993845940586
0.0127926854713
0.0137513653511
0.0136076265496
0.0113663624789
0.0114379091948
0.00691287499331
0.00484689842159
0.0051903091484
0.00693354980463
0.0113684785835
0.0109374863128
0.0111513343701
0.0111353611497
0.00822449418297
0.00636308682753
0.0072547424513
0.00674651032931
0.00808124746989
0.00947145987673
0.00755501668238
0.00375730085747
0.0042551911657
0.00432111799192
0.00910287742873
0.00805654873585
0.0129548810644
0.00510023009542
0.00645133705613
0.00659140711181
0.00775514227634
0.0091335387232
0.01039577691
0.00663775118218
0.0071521262297
0.00763370057834
0.008527966199
0.0089980819897
0.00917242297055
0.00702274470827
0.00564112094979
0.00537113081774
0.00742606562458
0.00467701994588
0.0111371468892
0.0109942240104
0.00961244703568
0.00684380930114
0.00596181134143
0.0069647303363
0.00625151215452
0.00937551062312
0.00784682413976
0.00841362881339
0.0104537174265
0.00856629099862
0.00882205466588
0.0133694070697
0.0138604349967
0.00773888610394
0.00889867643318
0.00604463168282
0.00595972167562
0.00501207105565
0.00469160934299
0.00686082629465
0.00516613938678
0.00651682898896
0.00457859412249
0.00517062402966
0.00565788520173
0.00902743474229
0.00976794840329
0.00570369327699
0.00414315481297
0.0049065948337
0.00522823871971
0.00725582491112
0.00791716294818
0.011967110961
0.0101183128506
0.00821205285802
0.00577217094398
0.0062798329339
0.00827207462192
0.00878731727384
0.00944257604913
0.00714259631098
0.00658571220608
0.00822509242321
0.00951512462749
0.0066228921491
0.00458090585125
0.00546677741116
0.00523103608658
0.009130688477
0.00796442990849
0.0121735760228
0.0135159997836
0.00825006847892
0.00663654985839
0.0126625859935
0.00588318866028
0.00773833524686
0.00717379235351
0.00960528696707
0.00502049486371
0.00570480901306
0.00408842809132
0.00393895408334
0.00422014470915
0.004949586806
0.00647295331352
0.00545828156077
0.00495858471762
0.00450048470517
0.00792681960975
0.00737025161309
0.0100927737089
0.00885418306619
0.00901727669832
0.00930800212921
0.00908913962262
0.0120120319758
0.00575733087134
0.00578387380628
0.00643687528164
0.00806893767602
0.00777951332669
0.00802946609566
0.0105847022437
0.00885784992883
0.00525252854013
0.00331143954096
0.0033675227566
0.00348121018329
0.00459344766067
0.00345807094174
0.0106759210173
0.00832320171155
0.00415203658849
0.00607290488432
0.00584520636768
0.00399597437743
0.00351524229632
0.00660576525697
0.00682852378465
0.00617526857689
0.0102636921402
0.0147663676002
0.0154065561269
0.00741820576382
0.00697390778964
0.00758942316504
0.00756831361979
0.00636599610695
0.00549733408632
0.00642583321649
0.00567870615958
0.0101077322622
0.0107786697774
0.0067824158236
0.00629027690862
0.00700854732448
0.00700670364757
0.00780924976616
0.0098151542014
0.00685644536772
0.00665467385798
0.00831203305827
0.00687652216997
0.0153031286741
0.00713391029491
0.00742264611657
0.00736144122727
0.00845431068358
0.00925690660027
0.00880974151407
0.00834224931881
0.0104914816875
0.00810755557544
0.00757620137829
0.00664276577465
0.00738966652918
0.00773544033484
0.00730336394386
0.00742319133315
0.00766736842462
0.00658739286338
0.0071256619829
0.0084078484081
0.0124790386614
0.0121374745089
0.0069169423544
0.00526369530416
0.00634235297429
0.00593437112159
0.0124465661485
0.0110244207874
0.00635321973493
0.00589413536199
0.00748192245527
0.00676170976288
0.0129302319961
0.00951433642133
0.0122852668602
0.0112747883129
0.00766906137777
0.00545949606453
0.0048251792417
0.00781347258205
0.013190147928
0.0133111758678
0.00973775895314
0.010672055864
0.0122695992258
0.0107348259648
0.00686226543116
0.0055990980913
0.00771791088479
0.00705710417177
0.00664197749578
0.00584386405047
0.00649460747193
0.00683965024472
0.00804178740842
0.00906734535134
0.00945268713876
0.00864494540877
0.0047537282713
0.00463700808015
0.00499022216003
0.00605803261169
0.00752342281159
0.00658178011593
0.00482171338738
0.00510244351192
0.00569141873858
0.00538481003845
0.00882132238875
0.00649955536427
0.00572327711669
0.00543752199047
0.00593100167801
0.00721866894376
0.00677103433824
0.00841825580312
0.00944730613033
0.00765919019387
0.00836376145508
0.00679796147196
0.00488038855311
0.00589037368137
0.00518103134877
0.0112978749705
0.00950552501782
0.00908229140014
0.00859279823673
0.00824805415952
0.00938419565041
0.00764859754553
0.00734059069696
0.00894094125522
0.00788144042358
0.00805105520061
0.00793421362431
0.00470799265521
0.00385442241534
0.00385590817322
0.00440234862067
0.00653534412058
0.00682253633074
0.00468097901859
0.00467733728272
0.00808751830889
0.00817655248267
0.00828168930273
0.00800355764723
0.00708161108181
0.00508530832925
0.00449959766932
0.0036001927949
0.00473159249194
0.00373241271801
0.00845679368684
0.00926827444467
0.0096699077482
0.00775834008725
0.0101835050792
0.00996516964443
0.00541192474154
0.00764878513533
0.0109398840524
0.0105663254556
0.0105294438686
0.00837711289563
0.00627721329342
0.0114605859665
0.0070810468846
0.00935684772531
0.00782258868419
0.00852777147583
0.0095720877717
0.00800491923137
0.00492014019614
0.00431761150304
0.00847189971807
0.00768624046552
0.0121766796172
0.0121724857361
0.00610164580017
0.00669415451017
0.00563431803169
0.00485997300251
0.00413804437254
0.00460939960479
0.00794333322768
0.0076901621042
0.00973717483396
0.00598345311023
0.0070507879783
0.00734587263141
0.0067905794881
0.00679429644024
0.0079725247059
0.00669596346691
0.00636818175071
0.00622468971504
0.00579285237014
0.00592936679632
0.0118754721255
0.00695963144726
0.00790924047539
0.0073239086647
0.008434422179
0.00806102613012
0.00809057844592
0.00814614256679
0.00842158293362
0.00723763456633
0.00882783317256
0.00842988873876
0.00662186452764
0.00733052363703
0.0045410498733
0.0136988559958
0.00758918335068
0.00691461618979
0.00712746460669
0.00793559768086
0.013612550673
0.0113396940479
0.00899975951163
0.00899847158322
0.00950996874121
0.00944624869521
0.0088082427392
0.00802742351076
0.00811857006279
0.00865207473526
0.00884441063584
0.00771913039132
0.00819685130676
0.00756457356507
0.0148481469297
0.0145419890405
0.00555188573342
0.00567433008999
0.00615787612555
0.00594548318333
0.0074310849704
0.00638498802013
0.00648781054414
0.00801408708458
0.00617442832193
0.00589965750029
0.00621943590709
0.00708864512694
0.00782988802648
0.00748429928284
0.00834700079456
0.00808316115978
0.00903661393537
0.00844999339052
0.00910874856165
0.00861050228673
0.0167796999844
0.0165554714291
0.0072676530374
0.00625485866214
0.00690880377475
0.00650343790081
0.012495571754
0.0119997527544
0.0115201086661
0.0121590189862
0.0120406040264
0.0117368770115
0.00773471567213
0.00784240801929
0.00510019780284
0.00422855979888
0.00460828872357
0.00500432723057
0.010474007835
0.0092859992375
0.00669268026563
0.00632513278404
0.006995550707
0.00675566009813
0.0100859856922
0.0163813833587
0.00436067631485
0.00531237255577
0.0054742954429
0.00440954282632
0.00589287606598
0.00844314361153
0.00539416912948
0.00575897630161
0.00562630703367
0.00610590785076
0.00885870416183
0.00775838251335
0.00786182045775
0.00786615294995
0.00394900118207
0.00376901367159
0.00441118069131
0.00414304238343
0.00512896559646
0.00518360648416
0.00549981366569
0.00554210556467
0.0129858434006
0.0131646372111
0.00973332282497
0.00950286297899
0.0071080559643
0.0068093833849
0.0093967759956
0.00977666756571
0.00956616108446
0.00904678189439
0.0046596054392
0.00390192811937
0.00463295870156
0.00461676107197
0.0102526277751
0.0102100109901
0.00929626975489
0.00961608328456
0.00858859765367
0.00871880134893
0.00880080351289
0.00961702787534
0.00563909173513
0.00552711587834
0.00394141294551
0.00373816438488
0.00427075886652
0.0045802802986
0.00677369112329
0.00638301099702
0.00722564519368
0.00754590581812
0.00652653850993
0.00752516433494
0.00623830947443
0.0053065088936
0.00550888670852
0.0061788340941
0.00452340469903
0.00390163289542
0.00445620538287
0.00474063614326
0.0058597395377
0.00594321989098
0.00569319882227
0.00536426565331
0.00394126520339
0.00439494721676
0.00483678981448
0.00448713933475
0.0126857106897
0.021202930113
0.00449131013603
0.00470218589964
0.00628699508669
0.00638027923885
0.0109830043424
0.0101562915258
0.00562706770892
0.00643682290662
0.00842568227261
0.00550572926742
0.00842309647676
0.00880437264266
0.00549460177451
0.00418018868258
0.00494083115647
0.00459801709138
0.00554976517948
0.00555097434408
0.00430864764734
0.0041667042028
0.00369943518704
0.00477383569098
0.011164594327
0.01390482159
0.0123369485182
0.0109394887274
0.0101362853927
0.0145227206828
0.00876897953803
0.00847793048864
0.00553789047272
0.00611180681421
0.00842888332722
0.00912170837459
0.0122568644376
0.00705231575304
0.00728075203556
0.00643643328618
0.00527565292274
0.0053418615732
0.00734394621779
0.00645753295403
0.00621233397641
0.00564081522083
0.00806927803121
0.0086859600067
0.00890201950743
0.00872268263211
0.00554856448566
0.00540753381963
0.00516111822829
0.00615111244992
0.00498520636621
0.00560248453861
0.00547527551554
0.00595586996602
0.00535974552713
0.00639498849748
0.00503000444184
0.00520075528468
0.00843355799701
0.00662211879011
0.00887383854116
0.00775221767615
0.00866365157915
0.00847277929813
0.00383893748396
0.00288370758942
0.00278170999902
0.00271622457042
0.00414203112687
0.00404942453201
0.00512684980046
0.00486253011442
0.00447784118438
0.00566286964381
0.004113806098
0.00489221559089
0.00475044027371
0.00563642616692
0.00339835395459
0.00354773980834
0.00365419024198
0.00274718013142
0.00446025196881
0.0050056714983
0.00539274745636
0.00474381926882
0.00695364448963
0.00750581698267
0.0062590883489
0.00621267659402
0.00499706842822
0.00408163684397
0.00426480727106
0.00452558397909
0.00801489056892
0.00570082096874
0.00543691895119
0.00580882302055
0.00563666267683
0.00612719767559
0.00440183644477
0.00393086078834
0.00405825505203
0.00454765941362
