0.00849890149591
0.00979457052812
0.0107474117011
0.00959486827632
0.0107422636836
0.00835624322484
0.00840376958231
0.00561248060179
0.0116609113771
0.0100646168464
0.0126331990629
0.0104351891278
0.00895339771019
0.00986382383543
0.00639604296811
0.00676531430331
0.00980960212096
0.00938827968675
0.00954376025307
0.00839936019997
0.010307580177
0.0100961640484
0.0114783954829
0.0094271854774
0.0115471167312
0.0096757256814
0.00765471556732
0.00701137810134
0.00924651916188
0.0113118361538
0.0105276929222
0.00831233244245
0.00887019772614
0.0102678966421
0.00618288569593
0.0102090443035
0.0103691827871
0.0103884036733
0.00915752073134
0.0083336498066
0.00690345113585
0.00988605420399
0.00888574604701
0.0089945112603
0.0096097016909
0.0090620212015
0.00967501483915
0.00790017177782
0.00984859758132
0.011958512129
0.0104291196043
0.0130028646522
0.010060597734
0.00845019202037
0.00757331401461
0.00812606321202
0.00842384328558
0.00739187615472
0.00936547385158
0.00604399697719
0.00774446895712
0.00605776836285
0.00811284631229
0.00653229913212
0.00710267928001
0.0069084519911
0.0132257463593
0.00740528879802
0.00679996006527
0.00878685079552
0.00709226119137
0.00668142612373
0.00561583870246
0.007102175047
0.0103529047009
0.00991570258296
0.00826771828047
0.00887005605544
0.00923627600513
0.00931698762437
0.00729359734019
0.00633324390364
0.00705502499455
0.00804277563362
0.00956817140795
0.00821506287152
0.00645913178177
0.00711604019507
0.00738786772226
0.00872907386288
0.00850915035877
0.00943298848614
0.00804524246141
0.00769109834605
0.0084252521822
0.011376559483
0.0082751538307
0.00770318041967
0.00833242966423
0.00914165923223
0.00882894468698
0.00766071417011
0.0100299143828
0.0110128471032
0.00955555083292
0.00862201586386
0.0120453265756
0.0095146075713
0.00622621587861
0.00616081724205
0.00711805745325
0.00791726133205
0.00701497513136
0.00920588553947
0.0114624229676
0.00655653241675
0.00806704216371
0.00662228382632
0.00989524914405
0.0109464210901
0.00686741302952
0.0081272145624
0.0071606108409
0.00992953026662
0.00896447978085
0.00894870320738
0.00876765450769
0.0090902204118
0.00959135894927
0.00980797282818
0.00678221898082
0.0109661818006
0.0089151983284
0.0106443920143
0.00745180712962
0.00878278612602
0.00948802163539
0.00772524900767
0.00908507465997
0.00715375630117
0.00598680252482
0.0095173294011
0.00721522749213
0.010048418395
0.0104945240667
0.00837847554774
0.00699149582189
0.00709101632758
0.00716852239834
0.00710053977336
0.00665244542674
0.00624826767893
0.0062191368274
0.00668660687193
0.0058425004049
0.0063266440154
0.00885407245289
0.0117866120003
0.0105997286178
0.0105935390771
0.00567993930071
0.00673534259281
0.00604640718925
0.00579855927295
0.0110583012474
0.0101221769133
0.00740893465116
0.0101866274596
0.00912479154442
0.00830617154455
0.00953761908126
0.00814148963326
0.00870212084194
0.00839882422405
0.00839978228304
0.00978288214083
0.00913940438437
0.00603759083073
0.00577668234469
0.0102557483099
0.00919146873764
0.0089484537208
0.00903873963865
0.00847394250741
0.0120795962676
0.00993545162992
0.00841526529063
0.00762905011961
0.0079073332068
0.00648413680935
0.00674941964362
0.00609982910854
0.00533969897872
0.00735640119212
0.006496476307
0.00803018804139
0.0113927651675
0.00900931865818
0.00729799229844
0.00814813471421
0.00976166288681
0.00929175080602
0.00552052426921
0.00797523604747
0.00843408331011
0.00714012712628
0.00562558168615
0.00868233276214
0.00623602693444
0.00735205834786
0.00864030085108
0.00885762320382
0.00969927227424
0.00780182104336
0.00839026209039
0.00722768883449
0.00768973640685
0.0072968464118
0.00760842936903
0.00928506985779
0.00735898170317
0.00776335464701
0.00983018830272
0.00950807961408
0.0073286019237
0.00677379204846
0.00884685494871
0.00996947272811
0.00921359847008
0.00951727957561
0.00884951047404
0.00879169743149
0.00921126978032
0.00952568066872
0.0101862510257
0.00552886133804
0.0071282108706
0.00671048051543
0.00715879946746
0.00735895366894
0.00849613516906
0.00961085271196
0.00824610491432
0.00810001641052
0.0067722604179
0.00940213322183
0.00899778222647
0.00436443659989
0.00764841482202
0.00611535734576
0.00800911513369
0.00588658200182
0.00731037619489
0.00769305251708
0.00732689363522
0.00698080081211
0.00714465497057
0.00455879494672
0.00565144999139
0.00574238943647
0.00865232475572
0.00905565332029
0.00713145733975
0.00757395399894
0.00518973781651
0.00765261045087
0.00573315612655
0.00741395276346
0.00695800960755
0.0069336909619
0.0101170424432
0.00940521576565
0.00667234852852
0.00534416638271
0.0101209501173
0.00833937478168
0.00771104158884
0.00680763489208
0.00779096317929
0.00668469021338
0.00519532064691
0.00511524147355
0.00657174217453
0.00595843425088
0.00720415810382
0.00630669790745
0.00729793956798
0.00584562335051
0.0069761491956
0.00756432445765
0.0100792536284
0.00789188065963
0.00801748836761
0.00790809833133
0.00774669937687
0.0097904159005
0.00970351671728
0.00768015482
0.00933677787814
0.0052700313396
0.00475978609053
0.00628598503509
0.00570391581906
0.00630149796288
0.00491377910537
0.00543634419419
0.00639651913575
0.00670244959934
0.00663021995738
0.00556298715682
0.00727664460922
0.00813203771434
0.00447537638821
0.00655782184829
0.00716506073269
0.00964257762396
0.00735280295967
0.00683354296239
0.00743120148839
0.00712018215999
0.00879366105354
0.00769245734149
0.00802153659351
0.00678029986972
0.0080178383262
0.00648717920042
0.0104961388491
0.011381539784
0.00984769528004
0.00876529866369
0.00915560015234
0.00692945789949
0.00945425987965
0.00802001439648
0.00630143859058
0.00578067143611
0.00633707318239
0.00631694393606
0.00913925212223
0.0071805953243
0.00550805320314
0.0056499626667
0.00809977187233
0.00930231974432
0.00604353664609
0.00594376491236
0.00712800315582
0.0072640768913
0.00602732246138
0.00415777111138
0.00495952657649
0.00501038798165
0.00586440619772
0.00561598687073
0.00493821084462
0.00665059603438
0.00655379230109
0.00656906041977
0.00720118929618
0.00430772702617
0.00433188219733
0.00542655708661
0.0066901933066
0.00590550986786
0.00908705711675
0.00604779653828
0.00620564133479
0.00756177913963
0.00867640271606
0.00795314597614
0.00852699148619
0.00570144826111
0.00548868580182
0.00465238613327
0.0048985851167
0.00612278698356
0.00488921602364
0.00512058209661
0.00543422687086
0.00613438204493
0.00690881150696
0.00649009646865
0.00473426479395
0.00571333202127
0.0055396690808
0.00866717928384
0.00805129397797
0.00700279968696
0.0056664048687
0.00587112474524
0.00590186281127
0.00870789500297
0.00880262258745
0.00496851327879
0.00806308908877
0.00691913849251
0.00611865049705
0.00439449199075
0.00361883710902
0.00688739093365
0.0101921261258
0.00793777958425
0.00673345376101
0.0059785435078
0.00499308414696
0.00646262763531
0.00751107598748
0.00543792725674
0.00476690604559
0.00364491966577
0.00425640964841
0.00457259169341
0.00524434952046
0.00633556854796
0.00500196403134
0.00473839957744
0.0048888249708
0.00654760734717
0.00769532784809
0.00848383161218
0.0086850655982
0.00893766131932
0.00886851880926
0.00519000356144
0.00505957647167
0.00657144223128
0.00728386068089
0.00775261402957
0.00574059308421
0.00413471014224
0.00426396607061
0.00364973262407
0.00386854586656
0.00448636258854
0.00616521083682
0.00626067054533
0.00451092104035
0.00460563509274
0.00434732881388
0.0073820364589
0.00656560985599
0.009288823107
0.00855412909419
0.00637562674177
0.00673541499887
0.00702050631811
0.00657778703741
0.00645890485445
0.00573023438626
0.00663586140474
0.00614072433482
0.00681710576384
0.00610792828406
0.0058315818509
0.00662675720136
0.00646380933439
0.00728962506243
0.00518000198496
0.00556487336141
0.00515991835154
0.00730302630446
0.00766837346644
0.00776490809303
0.00834009597167
0.00790156808467
0.00906708335969
0.00687323368047
0.00657015203719
0.00762773551592
0.00714576206452
0.00757263780426
0.00695689594815
0.00566938876664
0.0046559061811
0.00616574813677
0.00709657981537
0.00570640603579
0.00692276010564
0.00630246937326
0.00886930615604
0.00747179575255
0.00652400571965
0.00815581600955
0.00670409559215
0.00551705875173
0.00399665244621
0.00705691685625
0.00970073658579
0.00557892570059
0.00732579358432
0.00793093770424
0.00846538958748
0.00609431229275
0.00571426857925
0.00522305467513
0.0075353695624
0.00643914565697
0.00505156034442
0.0060305482603
0.00607400371923
0.00666392011102
0.00639537264487
0.00720275273287
0.00688485126779
0.00593729593061
0.00608189945084
0.00741828436974
0.00600226876351
0.00778466066727
0.00807386689792
0.00641925889141
0.00523921478126
0.00543947012097
0.00564964877958
0.00476277188092
0.00850371097135
0.00809603451965
0.00836860256174
0.00639443655557
0.0069475082082
0.00567939570005
0.00403803437285
0.00399977074311
0.00574999681586
0.00517709032456
0.00650591515185
0.00458381520557
0.00671894253827
0.00736722871987
0.00835632935117
0.00789654194975
0.00715419042756
0.00637075295321
0.0043439656327
0.00456455885529
0.00544777968693
0.00850697459418
0.00658384549044
0.00527284745699
0.0069228215153
0.00592646672077
0.00744490450176
0.00425910323467
0.00623896577025
0.0094738854466
0.00609590695187
0.00550127919762
0.00809256399745
0.00821402338514
0.0089758039286
0.00836584898299
0.00511341462601
0.00549456113311
0.00782122666062
0.00716711974108
0.00540047598097
0.00372354431692
0.00512959439002
0.00649402400589
0.00936884732755
0.00493670421715
0.00761584215507
0.00764993516911
0.00732146370222
0.00729993603466
0.00525443216151
0.00684954160383
0.007392878115
0.00452031774766
0.0104100766874
0.00711483598314
0.00769376814329
0.00663996661092
0.00798856183323
0.00671004029941
0.0085311572466
0.0086862228504
0.00805211275712
0.00718157611734
0.00763451920426
0.00708076245697
0.00569532885283
0.00562163431981
0.00558731753284
0.00570951597514
0.00520974075372
0.00748199612326
0.0062983501472
0.00662992726549
0.00748836969397
0.00575324958627
0.00625045630027
0.00807246796597
0.00688622390104
0.00587373244445
0.0060688774504
0.00782427697552
0.00655412191205
0.00751036822439
0.00575098703929
0.00552907225687
0.00740225827422
0.00678818168737
0.00640321668139
0.00635211655564
0.007468179717
0.0086650136468
0.00668313663682
0.00652415134302
0.00725215961335
0.00742802726866
0.00885983697775
0.00619363669372
0.00798387599179
0.00728283201819
0.0050392542739
0.00523532055506
0.00478373113839
0.0060845763242
0.00483342711325
0.0051596618227
0.00665139043874
0.00534458844903
0.00569168244082
0.00743606948526
0.00802350201167
0.00583791979392
0.00626818564862
0.00896902312621
0.00569589963352
0.00649973131891
0.00601527573041
0.00643564133197
0.00895529437994
0.00739916607621
0.00424697714697
0.0044878762788
0.00293472334454
0.00464802681395
0.00561280477586
0.00587294269403
0.00518884195837
0.00665485814186
0.00828268494167
0.00742227148887
0.00668925120297
0.00784039936172
0.00530128145376
0.00417789049333
0.00544722142477
0.00588553285642
0.0115232253578
0.0107369274502
0.0085549065546
0.0084298973494
0.00813074701329
0.00782140089865
0.00778919577607
0.00838758077095
0.00426865383512
0.00410104261643
0.00414906264449
0.00470243211805
0.00451356949109
0.00733688882021
0.00569585698958
0.00644301761308
0.00705231859701
0.00609228714318
0.00583563249007
0.00638315972369
0.00614225591013
0.00560802938278
0.00437033764462
0.00529212586103
0.00595708781672
0.00664104093351
0.00627580434343
0.00687148076634
0.0055856283202
0.00425608841443
0.0046303075626
0.00470877941322
0.00539043808118
0.00518532557245
0.00552943438565
0.00761525421105
0.00871672411521
0.00532360567801
0.00639344557088
0.0044700290717
0.00553434872878
0.00496613503318
0.00430707405635
0.00563600292968
0.00507317085876
0.00411168706293
0.0094255288478
0.00742611764804
0.00529229419481
0.00611807398203
0.00774964160531
0.00517316282097
0.00649798615818
0.00453994799949
0.00645503356888
0.00577630895631
0.0062094073056
0.00718589084466
0.00848595831188
0.00792723416737
0.00335946642803
0.0055636722887
0.00593141712905
0.00744699245406
0.00564335356137
0.00639813568275
0.00578236356288
0.00780428138956
0.00640269146031
0.00661241317196
0.00644867164474
0.0056169214288
0.00574978790972
0.00787143705509
0.00738921177471
0.00736273097751
0.00800997985516
0.00494146921661
0.00356997971471
0.0037367772217
0.00336021830012
0.00449895607398
0.00434814215516
0.00458901823353
0.00474919225373
0.00394049823269
0.00687991393539
0.0041306959924
0.00478367049071
0.0054877822466
0.00664150998639
0.00418567616744
0.00386848681683
0.00389804780453
0.00326081868312
0.00463878278737
0.0054599210108
0.00637509566858
0.00549876691996
0.00666624643502
0.00792677091111
0.00502252353991
0.00703229965084
0.0059103008964
0.00547423421385
0.00550906416532
0.00531881603805
0.00624751891393
0.00535914939517
0.00633975687541
0.00674478864951
0.00362517237361
0.00331913405196
0.00519422170984
0.0035881963466
0.00379616618583
0.00439829564719
0.00407647706482
0.00594061272235
0.00482234334799
0.00447460919635
0.00549672371996
0.00562258639292
0.00447706436713
0.00645906466372
0.00427869309415
0.00828314188794
0.007676102681
0.00865014134747
0.00714595862858
0.00715706218365
0.00760933191618
0.0075196725765
0.00554327702823
0.00855528718765
0.00491864542705
0.00569201754905
0.00479704205902
0.00529431108376
0.00736785534805
0.00564553639923
0.00686741242776
0.00525144048927
0.00491874831085
0.00591467191556
0.00528745569272
0.00484156683565
0.00582690552803
0.00704429656957
0.00453867059761
0.00462850607744
0.00507998022913
0.00315822616232
0.00616659248845
0.00438359164326
0.00384676896523
0.00526856949645
0.00428337970527
0.00695915267877
0.00456100044316
0.00694648673945
0.00652650242663
0.00507955997767
0.00474636116852
0.00596362629605
0.00499654907728
0.00457741609654
0.00659219103828
0.00248621010217
0.00351265120796
0.00354023950313
0.00559866991992
0.00623794336832
0.00387240877929
0.00569535247863
0.00647005442855
0.0071410745481
0.00806657144609
0.00605129977733
0.00579779353239
0.00800297510799
0.00928313325442
0.00380591005221
0.00364148595885
0.00419740775507
0.00562437183226
0.00589310182444
0.00548760404215
0.00610319449287
0.0068246673568
0.00476406884655
0.00485618444455
0.00357792992309
0.00274597351528
0.00282925203533
0.00286140069526
0.00482882459323
0.00572884224217
0.0062549292349
0.00510613332003
0.00410316982335
0.00438848249296
0.00801440775107
0.00801641560324
0.00711481692133
0.0076394390633
0.00487605499242
0.00485749286093
0.00530015557492
0.00557194467374
0.00521232464849
0.00585106863448
0.00600553960157
0.0046656560124
0.00475808397427
0.00343047487482
0.00357153360823
0.00536380357187
0.00462349423572
0.00523261543078
0.00639778326553
0.00640488907765
0.00387490914953
0.00462123103374
0.00559369013814
0.00398834307381
0.00352440774632
0.00408560068027
0.00512421179808
0.00623605724173
0.00498370593262
0.00487461413881
0.00699038245501
0.00540905313138
0.0048131915075
0.00575918799737
0.00657164951571
0.00573683927963
0.00491401236188
0.00567866457011
0.00579121118094
0.00639292293859
0.00516424639215
0.00555300316542
0.00433509252167
0.00378432628955
0.0049801833378
0.00381616794928
0.00386575462896
0.00559962015479
0.00507149261607
0.00362314281917
0.00387619205221
0.00399608990272
0.00509566704709
0.00460736775361
0.00919966399722
0.0036051109576
0.00364449146377
0.00384949603272
0.00415650682046
0.00440203351672
0.00325872783737
0.00365514753396
0.00491716427317
0.00343519602747
0.00414517575739
0.00418188981369
0.00539748229166
0.00562212564264
0.00640374097294
0.00515668562428
0.00584926305964
0.00559830757402
0.0058173094729
0.00591574548764
0.00562514584267
0.00531065538847
0.00573425208278
0.00457305973798
0.00415873111304
0.00409129771991
0.00363306356272
0.0064460267242
0.00648652425216
0.0053997731536
0.00419103794309
0.00560556098849
0.00745611881104
0.00409183058444
0.00484495353921
0.00426029603871
0.00718956501527
0.00344864211455
0.00340440796334
0.00754708994459
0.00515513050766
0.00534239162351
0.00408687338689
0.00417193255325
0.00575352638254
0.00403615325846
0.00594783341529
0.00634740966008
0.00611430607284
0.00669104799701
0.00530765124412
0.00693175080156
0.0044192189639
0.00322993856208
0.00512863229254
0.005686386335
0.0059570845776
0.00487704159247
0.00568449448015
0.00675908171563
0.0028656350862
0.00323017342882
0.00245349519776
0.00278096219433
0.00329166966816
0.00283221651208
0.00430037543695
0.0050348978006
0.00434386275305
0.00371909610277
0.00413861260848
0.00354575776428
0.00496656421978
0.00577615358893
0.00426150465124
0.00425998881099
0.0032943844601
0.0031471295784
0.00279120659426
0.00304567902073
0.00517391774576
0.00700247360775
0.00486887858571
0.00458642890728
0.004494217732
0.00447805675393
0.00525023025654
0.00551626826825
0.00579688663867
0.00489005716631
0.00502275196166
0.00382661953658
0.00538122578378
0.00400149639627
0.00556611208664
0.00414683550345
0.00619376739538
0.00497941272958
0.00669039752551
0.0064879252344
0.00462024181733
0.00288576054564
0.00383642949227
0.00314669718607
0.00376226650223
0.00516549401437
0.00493595659374
0.00411801219025
0.00661152406586
0.00525281012607
0.00502408806867
0.00476900092569
0.00616446583146
0.00440547851407
0.00471414641929
0.00446364041958
0.00549431249574
0.00441226696192
0.00818446355821
0.00843498573059
0.0077786740854
0.00615054744058
0.00480118925157
0.00526277209666
0.00698948835308
0.00641922851075
0.00681064131957
0.00687802336986
0.00744475159144
0.00559268245278
0.00473679074274
0.00485649066505
0.008598791557
0.00491102064885
0.00468486407674
0.00520069377686
0.00622482596747
0.00575961472477
0.00666759463565
0.00620352732696
0.00606793654286
0.00403545394738
0.00362230638556
0.00454749107038
0.00491040677885
0.00359621119585
0.00429684910187
0.00436829545205
0.00486969038589
0.00619367524501
0.00464319144916
0.0038839540136
0.00373199370375
0.00387154385311
0.00375510023443
0.00639831098419
0.00746301337862
0.00492712904869
0.00374921582301
0.00437996351931
0.00416655038314
0.00687797974247
0.00741039135348
0.00554473214819
0.00723862136096
0.00682310148116
0.00495133051356
0.00552196728591
0.00430669142082
0.00496043835243
0.00631345556351
0.0052876224869
0.00503940003124
0.00530019473403
0.00511826407189
0.00605773073317
0.00437444351301
0.00528857673432
0.00487963696743
0.00480876118911
0.00581377742416
0.00808021087663
0.00507984246439
0.00482446584132
0.0053307354846
0.00405506816992
0.0055326135187
0.0050398798529
0.00566665432751
0.00609866021687
0.00500122364588
0.00436514014637
0.00528755192147
0.0033881516174
0.00410129039224
0.0040871485197
0.00581147096947
0.0059423188619
0.00581548543508
0.00493740301832
0.00510697847793
0.00636509568003
0.00712128701716
0.00721593812517
0.00520407596477
0.00413785728647
0.00419635636746
0.00589071068872
0.00486343621824
0.00386096109533
0.00517023930094
0.00423165412634
0.00571717256066
0.00530702738557
0.00452688064611
0.00460487219448
0.00375505880031
0.00505501556231
0.00498137941017
0.00435380515777
0.00389188824616
0.00424413097998
0.0031487253252
0.00386807262825
0.00360755050431
0.00596468792566
0.00708077478342
0.0043541181649
0.00435335605602
0.00448431266107
0.00524682128717
0.00695785468339
0.0070194386409
0.00505316919198
0.00385492627179
0.00503117206292
0.00428517415134
0.00353968648281
0.0026611373309
0.00382303801066
0.00330396455217
0.00417695310274
0.00572049614455
0.00533919025359
0.00379930592793
0.00339158559985
0.00482473023637
0.00484396366478
0.00497494812788
0.00562576314251
0.00699396667818
0.00309397649621
0.00548913946528
0.00766263674602
0.00653590448692
0.00581807167552
0.00602554979213
0.0061245835399
0.00615245972003
0.00610539217435
0.00566712313624
0.00384842737379
0.00420470981631
0.00356408169295
0.00292628349875
0.00268612701033
0.00522975894885
0.0055015695139
0.00520490629522
0.00459915946888
0.00409571429418
0.00509368542631
0.00554229722006
0.00602723927477
0.0050689248722
0.00440485451639
0.00502116273723
0.00360734211536
0.00321431647688
0.00450642278384
0.00409802956667
0.00359736906773
0.0040751859585
0.00397257839654
0.0057036907968
0.00534793938148
0.00545636118936
0.00416391405492
0.00440722407541
0.00480890455588
0.00583694018409
0.00551476638307
0.00611590172988
0.00373923118429
0.00420236637862
0.00447342693344
0.00321620661571
0.00469600805834
0.00425201528467
0.00604089066116
0.0058137153093
0.00466007145285
0.00619429446373
0.00404579851477
0.00405103040363
0.00315880874241
0.00306319272462
0.00302651801876
0.00401873804528
0.00369555447098
0.00442916536564
0.00549260679605
0.00487376577128
0.00409172323606
0.0043112654278
0.00268941610152
0.00480428378896
0.0042758461184
0.00462407585379
0.00462955003209
0.00685153838409
0.00555696657227
0.00479177953951
0.00592678290846
0.00545794835915
0.00305677145833
0.00546256302092
0.00373521904982
0.00354219038647
0.00258490244959
0.00296302935223
0.00305620840776
0.00292519361635
0.0032317010461
0.00528692930718
0.0027295352694
0.00346054010919
0.00336921289729
0.0045580753058
0.00366968530128
0.00337902382144
0.00248111061474
0.00249085432403
0.00245841187337
0.00284222063917
0.00307576216766
0.00442200064474
0.005639396926
0.00435240521359
0.00374094712993
0.00420376448178
0.00437384070673
0.00304567101421
0.00354710596563
0.00344331711306
0.0042544287156
0.00438847878441
0.00505654602984
0.00594076268861
0.0031472979668
0.00391936638563
0.00321255414932
0.00258135990574
0.00303253836303
0.00335726502037
0.00381392105923
0.00246751176135
0.00245765878742
0.00237732602188
0.00257669418771
0.00223562562701
0.00336439167358
0.00321566823467
0.00238480298478
0.00290603893402
0.00335781405899
0.00408745176605
0.00364764443796
0.00445010174548
0.00448529703516
0.00455636135416
0.00426577619669
0.00529895638327
0.00448685700177
0.00508848915206
0.0044943365859
0.00377724083373
0.00474774928622
0.00396447907362
0.00387003574891
0.00490785755796
0.00363322913192
0.00332130441022
0.00447888017421
0.00426325257432
0.00404197875989
0.00404708221774
0.00490676371738
0.00749017017761
0.00708154603585
0.00578128830107
0.00538778351915
0.00618800352519
0.00667442901274
0.00761829574772
0.00806292074774
0.00490684112951
0.00384830766547
0.00550512807617
0.00322755979997
0.00367283239065
0.00409931168025
0.00346843744385
0.0032425085028
0.00330623314494
0.00405160407389
0.00394042807133
0.00319347932788
0.00347708964752
0.00366906942988
0.00435119299928
0.00431362389044
0.00422973410884
0.00486250247867
0.00611557551112
0.00705404892035
0.00449385931806
0.0039327826615
0.00346847131753
0.00411368914805
0.0042298769113
0.00384781138442
0.00455126036484
0.00503105569149
0.00352090467384
0.00353451840959
0.00430370924264
0.00345849524171
0.00373707471463
0.00573665457443
0.00681508246431
0.0066591620887
0.00526371698683
0.00526968333985
0.00842647743038
0.00395250602077
0.00443558859046
0.00376254911431
0.00389467449092
0.00347689415838
0.00326658395388
0.00416058901877
0.00354200830473
0.00535728251255
0.00319004508329
0.00232799816638
0.00332222448123
0.0024863818524
0.00311138485235
0.00317664593834
0.00407288275243
0.00512615072191
0.00664323363195
0.0048052025351
0.00683822342329
0.00521197721465
0.00430766000028
0.00339160525913
0.00350711811096
0.00394558221883
0.00700170670483
0.00715661339819
0.00572780179937
0.00397724782813
0.00306593496405
0.00375065280931
0.00432576846731
0.00587340234026
0.00616972783608
0.00490803082622
0.00468056629451
0.00550645786825
0.00511450669192
0.00555077454311
0.00552461882622
0.00400926426906
0.00333844767367
0.00419934456833
0.00676410988565
0.00471221501458
0.00411098129855
0.00367894597814
0.00375399106017
0.00510666814781
0.00563780538976
0.00710280500712
0.00359614051677
0.00496039244906
0.0042731928436
0.00442324688052
0.00511452001677
0.00574806434949
0.00379559069754
0.00271461724164
0.00317339257256
0.00363442434561
0.00525086819087
0.00337713331175
0.00396437832969
0.00377082488787
0.0049772424061
0.0053719834823
0.00479971974751
0.00485573225264
0.00479394352934
0.0045664920365
0.00493721934807
0.00590259214738
0.00503690725394
0.00412605357431
0.00499045887426
0.00410950722818
0.00336700754922
0.00372208293152
0.00298227428431
0.00467759192547
0.00448869046189
0.0045660452375
0.00578114356258
0.00399357354236
0.0031874092374
0.00350066656726
0.00354173340153
0.00445909914419
0.00381951633104
0.00476462124719
0.00471350723692
0.00480815967369
0.00524201072258
0.0065238582832
0.0051644305559
0.00321878282348
0.00312025902392
0.00353594839206
0.00359675992542
0.00407726563874
0.00402360812975
0.00440672535105
0.00355198046114
0.00433438312355
0.00369761380912
0.00397282332135
0.00378990910229
0.00392979775538
0.00396200109321
0.00404586365362
0.00377041408417
0.00328432022117
0.00296078016497
0.00301966680595
0.00345165395303
0.00373428285265
0.00362291982225
0.00462176713455
0.00483649020118
0.00423978839992
0.00567755704399
0.00266044407868
0.00261752265878
0.00194335485995
0.00186150579279
0.00204974365495
0.00185388399731
0.00261733532103
0.00321489945221
0.00269904395007
0.00402240751215
0.00417923888987
0.0032812115577
0.00351975511584
0.00315271579103
0.00274203813073
0.00312378887982
0.00362044547856
0.00379272634888
0.0035124414286
0.00365442662185
0.00299371092442
0.00307069920717
0.00246717288576
0.00355195351913
0.00387266116867
0.00417777484673
0.00445804858993
0.00400408355554
0.0050258841169
0.00486555825901
0.00291098002945
0.00436712630871
0.00478701304378
0.00485587196026
0.0034381555626
0.00426872947783
0.00389245964429
0.00395532874537
0.00447941914138
0.00329961392407
0.00512653242559
0.00428524187523
0.0040374886979
0.00516743772596
0.00407007373836
0.00400899263426
0.00461486805598
0.00417224768797
0.00453562576698
0.00358084875312
0.00381009307084
0.00339577357261
0.0036791230314
0.00442780205077
0.00280493220983
0.00190133662133
0.00234561956569
0.00157980723747
0.00279023355078
0.00351620227235
0.00328187424725
0.00260668777048
0.00248817790227
0.00375361379779
0.00344959472469
0.0028623289393
0.00245597797383
0.00220572090368
0.00149839963412
0.00198456630569
0.00136973333003
0.00197426645217
0.00191936862704
0.00178657759826
0.0031222047749
0.0044812447807
0.00251327515397
0.00309636181775
0.00257496465286
0.00399463401821
0.00190184692388
0.00171820146395
0.00153052396502
0.002214195678
0.00179941183533
0.00218814854455
0.00244191185345
0.00316940216543
0.00302227536683
0.00334306425136
0.00334498867846
0.00288522668622
0.00290011155
0.00391272078593
0.00434893442803
0.00345228171273
0.00383492900439
0.00428079308988
0.00363982385595
0.00354101662075
0.0049979198949
0.00414302050319
0.00476671303576
0.00426229100256
0.00476652338895
0.00449009810137
0.00734449925291
0.00326494125419
0.00421739034979
0.00780436872649
0.00887858316796
0.00564111122625
0.00393832376229
0.00464361980035
0.0036764638878
0.00455659798739
0.00364756954864
0.00581551666912
0.00374810975349
0.00390725782533
0.00378484460843
0.00548480050559
0.00454296355115
0.00361577911423
0.00363535637689
0.00351029625231
0.00397983301013
0.00347749158505
0.00363178249094
0.00327687398646
0.00828341938447
0.00722589906001
0.00691543986722
0.0049051538866
0.00399731441193
0.00512568026842
0.0046210494882
0.00572529577514
0.00403934634907
0.00292339339134
0.00484964533863
0.00441623615878
0.00474631747823
0.00469568528941
0.00614388541562
0.00383026848091
0.00331040595256
0.00388295954142
0.00385084051047
0.0041093089182
0.00369506527541
0.00385784857424
0.00466129641353
0.0055238625262
0.00291885837573
0.00292080987179
0.00306480097261
0.00344631693415
0.00403184363356
0.00339208632233
0.00383429805136
0.00356302629847
0.0032469235266
0.00285635366435
0.00286663794221
0.00289612599536
0.00311029431265
0.00408838760912
0.00562751421379
0.00259372847217
0.00567554444437
0.00614631024967
0.00326353888662
0.00296943970768
0.00374703130377
0.0034099775327
0.00505891975974
0.00487627496447
0.00690240878855
0.00645387559662
0.00417738958321
0.00420636244772
0.00270541565468
0.00243140180486
0.00326769984304
0.00283608040619
0.00344233141519
0.00256161634081
0.00281762568555
0.00300222342586
0.00543784395247
0.00592916415248
0.00531628008738
0.00555731227547
0.00364521780584
0.00295698617566
0.00339533934926
0.00378483651643
0.006318704751
0.00599739497702
0.00540196510411
0.00470509779835
0.00427357361534
0.00350546023134
0.00236064295122
0.00244526840455
0.00287438004788
0.00346071125693
0.00438452674636
0.00339954722225
0.00349060368795
0.0038098816386
0.0049535464885
0.00465030201653
0.0045620556635
0.00435616621781
0.00485633041771
0.00524376418172
0.00511146923398
0.00491838916783
0.00421318569094
0.00315688233206
0.0037547509029
0.0038586037086
0.00556932399818
0.00482161490821
0.00585673055718
0.0054433978864
0.00212590251211
0.00198361329929
0.00252543004201
0.00236959476765
0.00308867416281
0.0024813624363
0.00295975361834
0.00312092379483
0.00352288061001
0.00328404207748
0.00376217767262
0.00478884864164
0.00300681085762
0.00249074979922
0.00264728723707
0.00331764041254
0.0053996673785
0.00511460119381
0.00493776952609
0.00462501556045
0.00462761785558
0.00444374763384
0.0029411318639
0.00271302825566
0.00330891353284
0.003749685344
0.00534669777897
0.00450191022545
0.0072671047963
0.00713445859922
0.00559831449971
0.00674683814386
0.00610089399797
0.00552141523643
0.00510327727502
0.00493269688685
0.0032904342768
0.00331545366469
0.00406746908271
0.00394413286962
0.00735564333598
0.00562689226783
0.00368916181866
0.00336826539391
0.00277877811655
0.00242285007591
0.0028745034754
0.00261967591762
0.00833235439025
0.00280095880423
0.00238380917307
0.00243290305551
0.003033075214
0.00375489419133
0.00354843157501
0.00269295532578
0.00198801773275
0.00250790151169
0.00252142062904
0.00310830204843
0.00246608394827
0.00278890825049
0.00289679666286
0.00384412202457
0.00467909804702
0.00329497384617
0.00238265736871
0.00308717245013
0.0031342332592
0.00703218453598
0.00458717063157
0.00446162206737
0.00356674304934
0.00313491523161
0.00627942863997
0.00720015571369
0.00290317210873
0.0026057579653
0.00320865238513
0.0029428733388
0.0032763783034
0.00380006130614
0.00230571257827
0.00276357064352
0.00271251167004
0.00280404950969
0.00631917824512
0.00541025710996
0.00319179674282
0.0026189882585
0.00253792122053
0.00208066329421
0.00188294440637
0.00301241933504
0.00222043370656
0.00188326692659
0.00232725436305
0.00261024671386
0.00488334602917
0.00306488605722
0.00402160432132
0.00391777667688
0.00429039501579
0.00685038633782
0.00645141762206
0.00317919882456
0.00278676638604
0.00268142100142
0.0035718828503
0.00369870281385
0.00268770242688
0.00259387253803
0.00270288972574
0.00672832667327
0.00696662878003
0.00635252409375
0.00682132750426
0.00622553591937
0.00459298543118
0.00391646318695
0.0029594052953
0.00235446510091
0.00281395067718
0.00289170776101
0.00432559048163
0.00454606833094
0.0049907710352
0.00386781380076
0.00319026672266
0.00226727776682
0.00225931089559
0.0021669118491
0.002358024387
0.00275090146371
0.00231472916666
0.00307605165815
0.0030131334691
0.00452754756115
0.00462593096883
0.00459360522005
0.0055903372545
0.00544388332551
0.00227736820099
0.0020067283072
0.00243175890943
0.0025061412572
0.00317198761923
0.00336222278016
0.00353963762902
0.004253122801
0.00439873858512
0.00463133423712
0.00142953346071
0.0028977965795
0.00364300433142
0.00394047490981
0.00441549380418
0.00516327869654
0.00372846058562
0.00366117181955
0.00518679709163
0.00457401259213
0.00484430836132
0.00492727013131
0.00433803964612
0.00469617766516
0.00479181757929
0.00582127754618
0.00402292598389
0.00462869218267
0.00575635589672
0.00670286741701
0.00395355051846
0.0036239466361
0.00338111966939
0.002969788528
0.00356520800188
0.00329739796763
0.00275464146019
0.00456673885764
0.00319717656499
0.00369281032594
0.00279155062719
0.00357548520175
0.00405003463277
0.0035128558395
0.00371690979297
0.00308463752266
0.00295091132465
0.0045431926779
0.00365430751488
0.00341986525745
0.00345861051293
0.00402872933992
0.00461534399959
0.00372238701848
0.00420573405958
0.00436792078894
0.00385757436733
0.00389087610948
0.00366545822288
0.00441664848305
0.00360332509819
0.00362637049205
0.00484397991833
0.00522050301076
0.00416856511228
0.0037147865183
0.00426773277854
0.0037677086473
0.00257892899929
0.00214055696019
0.00221678565763
0.0026730995685
0.00372741201514
0.00352097385156
0.0042052196698
0.00414377265118
0.00624187418943
0.00387379753423
0.00468908509465
0.00591399124533
0.00590425210849
0.00499425890655
0.00446730115649
0.00383074859163
0.003965735503
0.00394870902812
0.00367944299927
0.00419148479546
0.00366202180204
0.00366297511379
0.00204391797722
0.00162610632745
0.00164690451299
0.001818784445
0.00276726318174
0.00242892332561
0.00248268567574
0.00208709450295
0.00242265604387
0.00265970416616
0.00308033535597
0.00258543331732
0.0028804338747
0.00315966042877
0.00279839431942
0.00296696596743
0.00287178384167
0.00276727405976
0.00194136431438
0.00218942083429
0.00213725766578
0.00274682175241
0.00291554320858
0.00331828103625
0.00367734284716
0.00436317092185
0.00384319533546
0.00396728268978
0.00350166444579
0.00362577564734
0.00311043376789
0.00324877472363
0.00370194949456
0.00375330008579
0.00273004225501
0.00367909718519
0.00207867702421
0.00177865526348
0.00178832018041
0.00220561881211
0.00249915601549
0.0019576320027
0.00231832930759
0.0021835475458
0.0045689314199
0.00340813689013
0.00395657135411
0.00402494840167
0.00584004347633
0.00628410832895
0.0032517734578
0.00288107110558
0.00362613460785
0.00301171147161
0.00265520747995
0.00241613202252
0.00281079579435
0.00288452154599
0.0053034013568
0.00492521375307
0.00552701209784
0.0060907006047
0.00289559334677
0.00273415330522
0.0031499505054
0.00321777492702
0.00629431284077
0.00625939712805
0.00342194874187
0.00548128913732
0.00262244729759
0.00256091811695
0.00239749207692
0.00309911793528
0.00545772781203
0.00586519884824
0.00650371795784
0.00589881519942
0.00561718666425
0.00542195154099
0.00327928398075
0.00275569990886
0.00330355205071
0.00312793285564
0.00334632022359
0.00522202770685
0.00307461199259
0.00261440330116
0.00252244380282
0.00241865051619
0.00496140839317
0.00504679042469
0.00314880359427
0.00278973856908
0.00303724062327
0.00354624936459
0.00260009812964
0.00214930605424
0.00256265949294
0.00216127635665
0.00676931504673
0.00400499656255
0.00293203865012
0.00300531116786
0.00371812113279
0.00306447542239
0.0074395434474
0.00697996422056
0.00387506333092
0.00330625742596
0.00402785709733
0.00368338125594
0.00696592468686
0.00759598930474
0.00431469772931
0.00510271934891
0.00499916252448
0.00449213596883
0.00296528504257
0.00217990031695
0.00237774945675
0.00232425001055
0.00351905307997
0.00354986855445
0.00381497646698
0.0030502490107
0.00318820053746
0.0030315920344
0.00459833374549
0.00523719258781
0.00506400165901
0.00627152994842
0.00851413205093
0.00807812008129
0.00611394841245
0.00613359025313
0.00416674870561
0.0035662872445
0.0041168555514
0.0043410689765
0.0048708780394
0.00498502651297
0.00221121429166
0.00211501707755
0.00215217148446
0.00268010093173
0.00306575538816
0.00233152337013
0.00272978147128
0.00244920998249
0.00530473803108
0.00539866689706
0.00270765469219
0.0024829496853
0.00279057992087
0.00217151994357
0.00205420374312
0.00429317458614
0.00520944972796
0.00491884279202
0.00335411557958
0.0030614088157
0.00350042140212
0.00337809776504
0.00437738292824
0.00441521325955
0.00309464261051
0.00273951070544
0.00347011415137
0.00306657647215
0.00562334908583
0.0063455609931
0.00550473361876
0.00583243411324
0.00306668310323
0.00235868722192
0.00232347177213
0.00269550952608
0.00334251713523
0.00276709432375
0.00297876664114
0.00290704769469
0.00431895780519
0.00486521818032
0.00220941031563
0.00234617662124
0.001842979701
0.00267876101554
0.00256319712088
0.00253931703844
0.0030805499642
0.00191855208741
0.00470605079777
0.00656843826883
0.00448174604905
0.00380808395531
0.00269253348969
0.00238584314217
0.00310696062595
0.00291429242863
0.00497964715076
0.00553453724924
0.00469717723392
0.00432974267085
0.0033228524987
0.0030326887245
0.00358347109564
0.00372131762247
0.00600102608071
0.00581810447039
0.00418413584249
0.00433585768567
0.00291183941043
0.00318317204199
0.00314443433673
0.00514747759667
0.00240877549116
0.00197077438243
0.0023336263069
0.00223999569819
0.0022642749711
0.00204947823052
0.00298530701001
0.00130476946553
0.0058888337839
0.00659358511094
0.00548049642152
0.00550062958783
0.00554863521777
0.00648222083746
0.00344527454548
0.00296462249826
0.00327544802178
0.00384376096107
0.00600910498557
0.00485441427988
0.00433796074759
0.00505288691611
0.00139597866299
0.00183144431607
0.00203995881856
0.00206649420822
0.00261188221173
0.0023271116854
0.00284893484705
0.0027300254335
0.00372856739955
0.00378438274426
0.0046411824317
0.00418972582109
0.00412770151073
0.0038836592445
0.0037726946159
0.0037264389002
0.00319616499442
0.00298107790532
0.00165172919093
0.00212668356869
0.00300589296121
0.00244035839221
0.00420762664762
0.00472010404795
0.00439180223093
0.00426848310645
0.00464542619771
0.00455199907515
0.0046790225734
0.00603216917873
0.00269389055756
0.00236831778561
0.00256474600396
0.00223010863878
0.00371092354986
0.00379470658415
0.00459891272652
0.0049100557483
0.00409141307764
0.00498656519275
0.0021841172596
0.00200702965953
0.00194781011401
0.0014712821978
0.00257460435416
0.002176360209
0.00281135129457
0.00238931204432
0.00170776856576
0.00229386368079
0.00242982790627
0.00233424036135
0.00529648878415
0.00493720463863
0.00163124590948
0.00414133435683
0.00232446831705
0.00233688089423
0.00198478373355
0.00239852441233
0.00558879432329
0.00755313329781
0.00309003051199
0.0047327406081
0.00297234003029
0.00377490513435
0.00237724542858
0.00216338471948
0.00219245589898
0.00228269508832
0.00283563504218
0.00386628121592
0.00438405864871
0.00429734322041
0.00432663022423
0.00423862748386
0.00268976835163
0.00236579463529
0.0028398376145
0.00264559365461
0.0029065739923
0.00345284506158
0.00198503347487
0.0018760696706
0.0023751893924
0.00226509023401
0.00341179081021
0.00409903446476
0.0020137388255
0.00215143338047
0.00244950307454
0.00226204823914
0.00366213816601
0.00358687243783
0.00387828107965
0.00363246020495
0.00248062656348
0.00228513031997
0.00244467087087
0.00274591058451
0.00532972988668
0.00449221886175
0.0037397638564
0.00376536363235
0.00209196183886
0.0022400775968
0.00176897912566
0.00265831595286
0.00513642059426
0.00316674355105
0.00261728757152
0.00313783851432
0.00454089187156
0.00923832426935
0.00277939904383
0.00224625333225
0.00219726210203
0.00209606151444
0.00270001354745
0.00205183444709
0.00223862690683
0.00208036843758
0.00305498621821
0.00288985175749
0.0026233138131
0.00239064965338
0.00202783532297
0.00233045962722
0.00274435837195
0.00400936457157
0.00452102037035
0.00493336060259
0.00572725236976
0.00566251134209
0.0038542202887
0.00341334328671
0.0029505983971
0.0024514687492
0.00287045496164
0.00224979032106
0.00542026203651
0.00634808662593
0.00474121791847
0.00574180797873
0.00218878659549
0.00228140357589
0.00289611121687
0.00354237106611
0.00215103214425
0.00171915104879
0.00164476036613
0.00168531432766
0.00275957861219
0.00294385282337
0.00228745359613
0.00193346352195
0.00243469026286
0.00203354479448
0.00221617338934
0.00224233824558
0.00449238158996
0.0038989991708
0.00287170755664
0.00279667443529
0.00335257435417
0.00415547082443
0.00239258982992
0.00216904298427
0.00365252961556
0.00327655545831
0.00518029600481
0.00497995093938
0.00441943704839
0.00466981019954
0.00353964627504
0.00352373008884
0.00232045218091
0.00207340394463
0.00194479562732
0.00163895811125
0.00177187255333
0.00197927967491
0.00352910379627
0.00357997430137
0.00432921303382
0.00466405407754
0.00237454196188
0.00251511098241
0.00336402845212
0.00353563271046
0.00189678978616
0.00188775895246
0.00212212219578
0.00210040874223
0.00381067722953
0.00356889960372
0.00365980809661
0.00370641182387
0.00223078653187
0.00174863231978
0.00225833787848
0.00239790698784
0.00224255870391
0.00246943051288
0.00194342111064
0.00161773478097
0.00175310377831
0.00193690839518
0.00272428071889
0.00276900612297
0.00248132432044
0.00275579925583
0.00397592899751
0.00447052052624
0.00259413802933
0.00201493641787
0.00225367717252
0.00235254622069
0.00298875117004
0.00238774824076
0.00223637736504
0.00236648666426
0.00174381125578
0.00182893228356
0.00169303606908
0.00222242863717
0.0023288393559
0.00197502965645
0.0017705240971
0.00221890924498
0.00297008096488
0.00300730192694
0.00284778803629
0.00326990976658
0.00366132474108
0.00394603945044
0.00262220532565
0.00216842435909
0.002314922807
0.00270311233718
0.00457285042775
0.00382041359643
0.00290798688731
0.00342113866074
0.0021951856864
0.0021904468251
0.00218202865644
0.00243166913879
0.00384611261027
0.00653559649272
0.00263204324084
0.00295551666527
0.0019712457189
0.00168337193996
0.00191147705213
0.0020042310949
0.00269257715941
0.00278326427633
0.00331799080844
0.00331129936599
0.00233896440052
0.00201015498383
0.00383255578616
0.00378586292052
0.00214939834255
0.00213214741874
0.002025371497
0.00249044635476
0.00197953592713
0.00207783771526
0.00161285850092
0.00164453844488
0.00203744345561
0.00169226314439
0.00169236338053
0.00162741643194
0.00397940667319
0.00292508303755
0.00472485667571
0.00442440562965
0.00313012955204
0.003614796959
0.00330546217511
0.00318505905304
0.00333478099236
0.00267311876593
0.00254179158122
0.00211884013454
0.00213713920734
0.0027393089711
0.00451377927811
0.00242660149957
0.00468827666865
0.00448262013421
0.00328216462255
0.00292492366187
0.00178472307665
0.0020139983048
0.00168193159118
0.0014551118248
0.00126179643671
0.00161268415362
0.00151390582231
0.00264285328759
0.00354998345266
0.00176950682857
0.0033056208969
0.0038396444941
0.00171438294408
0.00154097737018
0.00170618396133
0.0024110508294
0.00253185756917
0.0024243233912
0.00313043004144
0.00384961424785
0.00412160256139
0.00246885140801
0.003484405761
0.00298160962724
0.00325050946672
0.00312888589196
0.00362069463985
0.00689125215587
0.00158459955274
0.00277677972649
0.00132240670079
0.00101058786554
0.00110027235833
0.00129038196012
0.00175828611172
0.00174853412838
0.00132672888561
0.00183209346134
0.00219685171394
0.00271385415584
0.00208607569795
0.00210107118395
0.00226019517891
0.00235232225161
