0.00655897260352
0.00731771858225
0.00791165762525
0.00703021208652
0.00705710622504
0.00904803782966
0.00798701817228
0.0065876731156
0.00975146651278
0.00709187245014
0.00598265925275
0.00526812993263
0.00483703427728
0.00861531941354
0.0082310737358
0.00655642243415
0.00832668887091
0.00630702183848
0.0062733555496
0.00671471776907
0.00528693454922
0.00580936558585
0.00647249094013
0.0062009244486
0.00894175464582
0.00660546236941
0.00646848604919
0.00685936064264
0.00665802679607
0.00484062519368
0.00479519459775
0.00911996817552
0.00730890244122
0.00637272697189
0.00562078866558
0.00671285011631
0.00666629922888
0.00640429715469
0.00645012871056
0.00698617211576
0.00762064819807
0.00713259028879
0.00724559836834
0.00811799339898
0.00593181309882
0.00714435002429
0.00788669097173
0.00795370315105
0.00681222587589
0.00873830348071
0.005866475718
0.00609413291983
0.00623409259866
0.0066325089374
0.00634335213343
0.00569364193198
0.00701215494176
0.00379733131507
0.00546809197344
0.00685997659104
0.00697353055192
0.00672904377204
0.0072548434889
0.00888485798353
0.00569103947711
0.00727535309333
0.00705286036415
0.00766894507922
0.00650086676196
0.00508510153498
0.0081406274306
0.00639044696384
0.00839774607302
0.00918127915843
0.00817369961078
0.00687713073979
0.0070065898535
0.00686682523138
0.00691387143006
0.00630643005654
0.00608647861239
0.00599003999607
0.00627228127155
0.00525621900511
0.00565645427622
0.00472144591814
0.00604047290728
0.00545541768547
0.00528533218087
0.00719602441
0.00793639147469
0.00690789159152
0.00754844122663
0.00636223519519
0.00473589833122
0.00670346429567
0.00681999674107
0.00599581073404
0.00579858593034
0.00566113575004
0.00494291036403
0.00704668928198
0.00624581916114
0.00712204307808
0.007806674458
0.00524276832736
0.00486123068338
0.00703986680661
0.00749906497869
0.00763253625365
0.00950856973476
0.00764904396482
0.0083611021595
0.00693047459455
0.00746618246753
0.00706360200132
0.00733081688184
0.0089161932125
0.00974325623422
0.00881970468876
0.00929180191603
0.00854041271913
0.00795983866734
0.00653722995444
0.00871086622785
0.00781184794563
0.00459677283193
0.00489542332865
0.00699977823568
0.00703069811172
0.00776098987533
0.00772018141923
0.00413098126119
0.00690708431155
0.00430434282383
0.00581112122129
0.00707825484233
0.00642650539364
0.00714926760826
0.0068314240724
0.00471329954436
0.00400963433441
0.00542380467899
0.00885664674725
0.0069043641508
0.00724480315937
0.00676632596493
0.00597228354053
0.00458178010554
0.00678505309847
0.00763097948757
0.00639650303673
0.00766381240556
0.00656163926142
0.00514311349124
0.0050155935566
0.00645160408464
0.00566859176653
0.0061511920977
0.00552895513933
0.0099093879943
0.00673410646442
0.00704583308407
0.00894715679386
0.00615312368363
0.00520781434883
0.004464845594
0.00440494773082
0.00423742277724
0.00529764906874
0.00545491606465
0.00568271641592
0.00575476267549
0.00390375689763
0.00611498611589
0.0064261009573
0.00801720882037
0.00580558760357
0.00676402116125
0.00629609289714
0.00746794264073
0.00642651421227
0.00370627300716
0.00556262756278
0.00471882373942
0.00718585654693
0.00558856704958
0.00558541051105
0.00850765550167
0.00661418502729
0.00665917801593
0.00557762035967
0.00407500755491
0.00468711772283
0.00503301451575
0.00540048631511
0.00558823528972
0.00407590657853
0.00412569833006
0.00529739609261
0.00565094696133
0.00740942345972
0.00550242699919
0.00624774000879
0.00467644699926
0.00437372852865
0.00395611499747
0.0040056569477
0.00606694891033
0.0049273287274
0.00501178792072
0.00482738416624
0.00596339229176
0.00574517569569
0.00508790266187
0.00685781268526
0.00533627212338
0.00512633079245
0.00543680220894
0.00416286397816
0.00553955604181
0.00341679468893
0.00757863404644
0.00650525894957
0.00548141793456
0.00474186474284
0.00520667482917
0.00663860135775
0.00502950984202
0.00421887677861
0.00363279015011
0.00375908660708
0.00423847341355
0.00484786145633
0.00383024349929
0.00443183915472
0.00638883751269
0.00713641269224
0.00717673176315
0.00789929360448
0.00426521137147
0.00637239514047
0.00699204215186
0.00578035786563
0.00418146703515
0.00429613780447
0.00357632115933
0.00404058145825
0.00456830519577
0.00615925952814
0.00613095710479
0.00447999510734
0.00468332154228
0.00406536693065
0.00600495273818
0.00782555372
0.00616286861806
0.00592983746877
0.00576934725746
0.00634196761734
0.00611196696861
0.0057207261287
0.00650098417627
0.00602156305015
0.00612525910588
0.00590722417146
0.00569934442752
0.006306062107
0.00654442973364
0.00640703778841
0.0051056603275
0.00562428374359
0.00499401297576
0.00640561619699
0.00688612106724
0.00751411176809
0.00810844558166
0.00779666650061
0.00872436457647
0.00605685052368
0.00654099608305
0.00744836194517
0.00666076249234
0.00742893604374
0.0066840026471
0.00474457010103
0.00456991343732
0.00599115095867
0.00672448632229
0.00571091755629
0.00691362697726
0.00617726000338
0.00815626477292
0.00637833991583
0.00596918736943
0.00790498015675
0.00531013318907
0.00464509980316
0.0037455251517
0.00449161032676
0.00770425239979
0.0062140792294
0.00574356120548
0.00519015787108
0.00773091959331
0.0062215047864
0.00488921725208
0.00467251507798
0.00708533993689
0.00657601744674
0.00508698143627
0.00573406389781
0.00590573197471
0.0066937236787
0.00603681647273
0.00502355719674
0.00477536447691
0.00559878037022
0.00425311554272
0.00775409488463
0.00812483019887
0.00553061091771
0.00667423816692
0.00330391916048
0.0039274370871
0.00386532805563
0.00512037384266
0.0042974510344
0.00631403086344
0.00453709260054
0.00642536865619
0.00598197118707
0.00665266676049
0.00617863157187
0.00544618909626
0.00647960850217
0.00440512411273
0.00437530945166
0.00548569423094
0.00702154551123
0.00648237531669
0.00461021361516
0.00545443886577
0.00500381801839
0.00414614529519
0.00571646752433
0.00449102945005
0.0068892487587
0.00733193709233
0.0078553041323
0.00431947931601
0.00254471284411
0.00769031050234
0.00654407812087
0.00541629401302
0.00353045140984
0.00454116279138
0.00461402875832
0.00731812298404
0.00718303011137
0.00480233999734
0.00449125856141
0.00558328515808
0.00637674198199
0.00838303867464
0.00847121484815
0.00798489151744
0.00689972537022
0.00754702270337
0.00682681432141
0.00561294193476
0.00544295688286
0.00437537622935
0.00458585303903
0.00465131422893
0.00644180247594
0.00516265020945
0.00595617859981
0.00780964470531
0.00639019327135
0.00569358160406
0.0055795682934
0.00543109373651
0.00651722289699
0.00640705823657
0.00631138395195
0.00626634685426
0.00729619326627
0.00733802225055
0.00617582175927
0.00505070733683
0.00721735229422
0.00676237509796
0.00765158540437
0.00552410033738
0.00472169479689
0.00492815200464
0.00403820246982
0.00538294544651
0.00473227091471
0.00492154992986
0.00565315841344
0.00479432687251
0.00570629555858
0.00687039612157
0.00728131061732
0.00580807776717
0.00610285600355
0.00779271000885
0.00519493782555
0.00558440839776
0.00579380142383
0.0057307316067
0.00416308345839
0.00458794349304
0.00285913623478
0.00418369355542
0.00483485414395
0.00545255130592
0.00506311419824
0.00587233580421
0.00556400097642
0.0066998155291
0.00597944546859
0.00492138450855
0.00426152766904
0.00528673780721
0.00555353220591
0.00841763031958
0.00811776145564
0.00800105601319
0.00768801656239
0.00709233205724
0.00808594920921
0.00404490826256
0.00393983023599
0.0039969085119
0.0047232130123
0.00429488810103
0.00719054709235
0.00538506927211
0.00638060146843
0.00590283806465
0.0053512751331
0.00593641231899
0.00531690908607
0.00494762556373
0.00678226975985
0.00628349861602
0.00696148439671
0.0054740647741
0.00432879114416
0.00464971473889
0.00408746827605
0.00463240045822
0.00467315446189
0.00703973389528
0.00842873079885
0.00523763671085
0.00443058665762
0.00429401987654
0.0048209515593
0.00381902931432
0.00369419040057
0.00521860057913
0.00416137076488
0.00790400834965
0.00723984089592
0.00732767970714
0.00494200588288
0.0061416234971
0.00527633144755
0.00518941790591
0.00682768239459
0.00835822463498
0.00763344979169
0.00407817646774
0.00466964161689
0.00507374611619
0.00634718668138
0.00564266428115
0.00584461630382
0.00768734040365
0.00728882399994
0.00729138101318
0.00784824349582
0.00429910401292
0.00330765892009
0.00380656619348
0.0043853860236
0.00451496688922
0.0043894085073
0.0037104304828
0.00364319618125
0.00424881572648
0.00523231951598
0.00420123053962
0.00379756439803
0.00385484317767
0.00340796238354
0.00457304278947
0.00540072577882
0.00631313726876
0.00562428723636
0.00513726945325
0.00631766167047
0.0053867937586
0.00532195766351
0.005145339304
0.00638481894255
0.00670411907557
0.00324995400791
0.00306438955999
0.00444382723489
0.00379774564188
0.00393428001508
0.00414114553283
0.00417511383334
0.00550448065705
0.00492727597796
0.00551840466234
0.00454834884433
0.0066545505764
0.00445899111017
0.00614966828499
0.00708051245935
0.00723400535096
0.00771346092752
0.00731570830233
0.00390729197713
0.00814844645706
0.00493600893943
0.00555899855505
0.00480068581762
0.00538308574807
0.00628685413891
0.00595817338715
0.00511859310383
0.00471029810109
0.00565119310826
0.00494419924068
0.00486354993871
0.00595172188838
0.00613957981684
0.00355108899128
0.00446633011168
0.00326866207149
0.00438232259696
0.00391094041664
0.00493369383159
0.0043207048632
0.00432379900592
0.00538201210706
0.00464822001254
0.00463871114428
0.00497725295225
0.00430135704394
0.00586721761082
0.00356198006405
0.0058013275125
0.00543479350672
0.00572108114278
0.00354480898321
0.00354223178748
0.00400462313391
0.00556358043386
0.00327711414676
0.00467351612367
0.00480359110837
0.00354291830448
0.00273824035542
0.00286192042884
0.00284375455582
0.00390633852874
0.00555525472177
0.00524747792204
0.00526430120879
0.00395097853468
0.00412667575176
0.00772225879563
0.00752721313016
0.00673987269875
0.00703180969174
0.0047863103635
0.00502544735452
0.00522321270606
0.00551038377551
0.0046696803404
0.00570087742173
0.00569406411817
0.00425118229961
0.00464498324196
0.00309118010623
0.0048865149255
0.00534550605167
0.00333324798641
0.0042816902028
0.00434921456424
0.00366743021118
0.00357169722471
0.00386943310112
0.00537452405335
0.00485906794206
0.00712252292198
0.00533510375684
0.0049475587514
0.00564586813965
0.00597458743229
0.00575373999846
0.00483397081032
0.00555336328655
0.00565736592913
0.00377097265868
0.00527771276458
0.00448881849346
0.00409272424658
0.00484030616979
0.00361210983617
0.0037477900433
0.00587195272983
0.00495231838602
0.00358670071268
0.0040724203616
0.00321558090234
0.00378600619192
0.00373883217834
0.00354440252834
0.00401162475328
0.00416729849625
0.00445492649361
0.0033644160032
0.00390815247603
0.00509375656386
0.00363180518994
0.00437855180355
0.00429027090007
0.00477580480338
0.00614070686066
0.00475298495584
0.00560626902566
0.00554941985325
0.00567269215478
0.00572473633343
0.0053728057059
0.00512464284526
0.00577790431421
0.00421672924127
0.00410642189408
0.00359834270796
0.00634305485201
0.00646110661384
0.00484125284184
0.00414676845312
0.00470240775042
0.0036358446531
0.00428378365137
0.00555506735685
0.00349308997088
0.00342604179234
0.00673564421129
0.00412830668126
0.0043617171776
0.00529216841737
0.00431602690048
0.00616979109091
0.00604735362332
0.00643644708572
0.00503138516273
0.00591326823063
0.00285005367216
0.00326648510224
0.00510550677416
0.00582420307641
0.00465426005788
0.00499208087262
0.00681285063658
0.00296646126493
0.0032999672031
0.0025895839754
0.00295314448055
0.00357882188947
0.00299762835237
0.0043162454041
0.00455028077874
0.00439749819364
0.00395722648472
0.00427743166726
0.0036480073474
0.0049562280173
0.00557147583612
0.00423722235646
0.0042977026335
0.00339515675604
0.00334672928326
0.00283887228028
0.00271621759591
0.00514914911012
0.00639713047992
0.00476274235224
0.00454153924156
0.00457344724102
0.0039143160147
0.00525888567477
0.005756271976
0.00481094090813
0.00378947168426
0.00481782283558
0.00387165355925
0.00333779365413
0.00591453685089
0.00598784129506
0.00429108238961
0.00304539330202
0.00374321445941
0.00335314167319
0.00362914894248
0.00507429062041
0.0046127485275
0.00586068684471
0.00526133553753
0.00525675202307
0.00453265444327
0.00563903508431
0.00443856544489
0.00475433856749
0.00453886440447
0.00545686157546
0.00467990561762
0.00671098352585
0.00458312916416
0.00511189993425
0.00627871205922
0.00574360905928
0.00653668303715
0.00562197362193
0.00717372836123
0.00567850518497
0.00454723441825
0.00493883671633
0.00769147818459
0.00499533783684
0.0048428055457
0.00480992713314
0.00612199018048
0.00467196812987
0.00315409404691
0.00406978699825
0.00370590862956
0.00395493757023
0.0041887300403
0.0040220410101
0.0031326838583
0.00344652008729
0.00354959838013
0.00379994136796
0.00455684579071
0.00456116681468
0.00504669383975
0.00366037365439
0.00422510611095
0.00304253945019
0.00521682974536
0.00610863452263
0.00614938935692
0.00498037599317
0.00558681226498
0.00407857618494
0.00469689946681
0.00586325148872
0.00517327180017
0.00512222041211
0.00556257856833
0.00544657617025
0.00605875975623
0.00444755347963
0.00516282938432
0.00476588714387
0.0046675454425
0.00544614700588
0.00514345952567
0.00491920563192
0.00520176478723
0.00394198591565
0.00482662698852
0.00488085044699
0.00512873016412
0.00601377984672
0.00502670910411
0.00434075888245
0.00506120185092
0.00288918163079
0.00401488189236
0.0043152929461
0.00517107811671
0.00598796772834
0.00557294538067
0.00449977115773
0.00480414767115
0.00624753998555
0.00643855363896
0.00668462558778
0.00459926628616
0.00383774880909
0.00365289638551
0.00517401996443
0.00533187079155
0.00423100827151
0.00559062552179
0.00433654180865
0.00538257724441
0.00451903151741
0.00399629590975
0.00384131411259
0.00525944934827
0.00457855658991
0.00435391116132
0.003821298634
0.00412920366955
0.0029476413994
0.00340396975994
0.00330979864913
0.00620252457689
0.00439156904915
0.00456068580816
0.00466048897087
0.00527410711374
0.00738426021748
0.00505546893837
0.00395968080403
0.00521474291316
0.00456181559453
0.00340995847536
0.00273208884001
0.00395136334761
0.00304911204211
0.00320011611791
0.00514547050767
0.00384002037866
0.00357767612415
0.00464857933985
0.00467296533726
0.00517635706901
0.00289011904865
0.00508398636803
0.00726104050772
0.00619642298964
0.00494745302102
0.00535879297669
0.00416026523053
0.00599371830956
0.00547837236112
0.00389353746541
0.0043772774872
0.00394915529476
0.00306611106706
0.00279307218028
0.00510194064282
0.00549457731588
0.00523175473341
0.00455604034658
0.00397322644573
0.00516185696623
0.00480255081444
0.00454411058849
0.00514479618636
0.00367378680845
0.00330602241263
0.00452632719548
0.00328223984787
0.00418819617066
0.00566901884625
0.00536854772266
0.00376762214725
0.00440976518168
0.00358156580361
0.0052461430357
0.00546733466236
0.00584129741384
0.00363488560249
0.00416264890878
0.00429104192131
0.00320744377872
0.00454684743785
0.00399237245839
0.00460461366541
0.0055517010926
0.00422299427553
0.00412142791825
0.00337703892466
0.0031321127886
0.00290580817521
0.00411860650264
0.00366650733515
0.00437263500906
0.00523161434694
0.00488651370134
0.0040836381513
0.00444055625428
0.00276560616828
0.00476594768795
0.00405801260683
0.00456272239551
0.00454611187491
0.00516440534941
0.00502036686464
0.00543510474087
0.00308253697051
0.00561927197677
0.00409545533681
0.00400814726289
0.00279063637555
0.00320383913474
0.00287472940159
0.00315815318347
0.00284637791504
0.00350162145553
0.00357156493527
0.00405671219844
0.00332770308568
0.00324626679083
0.00250873680067
0.00269208339896
0.00257810651243
0.00274430007415
0.00268240247335
0.00395371027358
0.0033905909039
0.00435087501982
0.00447679967498
0.00287206860095
0.00340230399739
0.0034581823103
0.00400364297747
0.00498712954926
0.00636780933538
0.00302536703853
0.00355947087053
0.00311299330011
0.0025274946059
0.00317558634932
0.00327129579887
0.00414928382211
0.00291677225198
0.00267537133594
0.0025737467405
0.00241152829033
0.00237058359895
0.00226182840741
0.00290962920294
0.00209923213585
0.00306714957639
0.00344920380673
0.00384978670761
0.00360929675599
0.00450918996123
0.00438983364665
0.00445940686008
0.00365672277978
0.00402366886257
0.00428365378842
0.00337721420492
0.00486530048985
0.00368172375566
0.00317809493923
0.00395217452885
0.00325676534942
0.00320858632147
0.00409106386425
0.00332043691681
0.00414857847631
0.00670909810088
0.00599461821108
0.00542962576115
0.00565250128786
0.0070270799873
0.0071881324968
0.00764709187796
0.004305582421
0.00388232396312
0.00564019424684
0.00325428374015
0.00353213917157
0.00422470719691
0.00352402926544
0.00313336747192
0.00324173233725
0.00395243143091
0.00403210039601
0.00308454180503
0.003415222114
0.00369694448484
0.00487322086032
0.00463675420367
0.00443597969377
0.00518066582909
0.00618813560987
0.0066703719219
0.00462145445781
0.0040906323021
0.00348769596761
0.0044711789552
0.00423787539821
0.00391075006969
0.00445825811214
0.00512468821839
0.00332880100368
0.00343259910463
0.003639342881
0.00334563113727
0.00343613017188
0.0053587710961
0.005740907732
0.00476356658028
0.00487002112575
0.00343660742347
0.00435330835939
0.0038115356746
0.00383562209492
0.00320627275179
0.00322583414826
0.00428344431087
0.00318854835327
0.00420011238873
0.00312064619828
0.00238054668195
0.00336673023157
0.00255088706621
0.0031684057682
0.00328001504679
0.00418128938954
0.00562286276394
0.00643476314034
0.00490710363486
0.00315612398256
0.00439622550507
0.00353511468577
0.003655908339
0.0040892959816
0.0066236867285
0.0061745565587
0.00586734930479
0.00413246144226
0.00291750121399
0.00366164020394
0.00581717614459
0.00649304653308
0.00541714732162
0.00469738128093
0.00613269220038
0.00519646402457
0.0044634742245
0.00410922199924
0.0034106016196
0.00383987932841
0.00610759635788
0.00497501971483
0.00421559723762
0.00390241834937
0.00393353547604
0.00527370383028
0.0048879343702
0.00461465668406
0.00341282091891
0.00480086109521
0.00416704097929
0.00417049117142
0.00565691675531
0.00379982049241
0.00304356296635
0.00338346372302
0.0040644579354
0.0041960943252
0.00307101876718
0.00501672887257
0.00478097183167
0.0047884155261
0.00454062746878
0.00423056856082
0.00408016220891
0.00516201892344
0.00547606056257
0.00515636723321
0.00377855126179
0.00504315620825
0.00432820973875
0.00341214353336
0.00360857937635
0.0030363081932
0.00436994782387
0.00434880627134
0.00522804974615
0.00349309989408
0.00336521013182
0.00350381873006
0.00375286526124
0.00468053934169
0.0040695376783
0.00483270059744
0.00446210854231
0.00522601475129
0.00604933580802
0.00494371208284
0.00259379308528
0.00200724519078
0.00351183758924
0.00347543166456
0.00412830994813
0.00399538414013
0.00371238429456
0.00347642567255
0.00453966117053
0.00358604924001
0.00346487028326
0.00338361726642
0.00406490512485
0.00416578435765
0.00352031382948
0.00331134990631
0.00308164772289
0.00275519303386
0.00284245834297
0.00337054717706
0.0036966568467
0.00347020377166
0.00490115961593
0.004074452076
0.0026050759551
0.00268030843931
0.00198979947996
0.00201027121767
0.0022357455192
0.00203316838261
0.00268091808484
0.00309440328474
0.00251487891198
0.00384056136294
0.0033976897838
0.00303954274326
0.00398967780612
0.00353888717686
0.00303318795516
0.00349244225531
0.00369612908474
0.00372842482271
0.00360267163541
0.00388692863909
0.00337626702465
0.00340428391829
0.00267260480547
0.00401067045779
0.00387326127591
0.00445382641979
0.00483158800279
0.0041289861889
0.00516786281188
0.00475811225189
0.00275042443136
0.00420632497239
0.00497377753455
0.00473998203612
0.0033696147758
0.00436718943513
0.00399687996122
0.00414004281808
0.00450304473242
0.00326606186887
0.00414484370633
0.00400775756831
0.00497508845162
0.00391767229672
0.00421177161873
0.00484806404131
0.00425830144007
0.00448217252542
0.00332393171933
0.00375270739602
0.00336467429869
0.00367488781521
0.0044514266067
0.00294179399116
0.00200412731005
0.00236417545913
0.00163793692698
0.00293505290625
0.00356991353051
0.00324831751085
0.00261024390468
0.00256459186019
0.00398219397458
0.00318390594801
0.00281350345917
0.00262975820629
0.00234272430517
0.00167986880507
0.00214052020165
0.00157578389992
0.00214413860277
0.00209870942298
0.00194784250564
0.00295912619018
0.00420405382083
0.00243487443036
0.00294133406492
0.00258835669503
0.0039135039668
0.00203547807322
0.00193432580224
0.00172954046067
0.00240397400458
0.00186894610289
0.0022691622497
0.00253506393914
0.0033223541567
0.00306786017202
0.00342336015229
0.00342220938397
0.00288405574056
0.00287156748049
0.00393098243192
0.00457762709653
0.00376307575716
0.004110417627
0.00465826960537
0.00377155206364
0.00365408270674
0.00552651473552
0.00437925623813
0.004874104588
0.00449514654647
0.0052937476725
0.00471439378259
0.00747894958569
0.00332052614581
0.00384612323523
0.00610657963011
0.00572087034824
0.00560171036507
0.00447171897406
0.00489372307695
0.00377448430988
0.00432462747969
0.00325679071406
0.00554936725171
0.00329290917075
0.00369894206858
0.00359042712871
0.00486313973307
0.00454588951454
0.00340197865413
0.00360695631555
0.0034047739362
0.00338075138497
0.00358442908331
0.00353845846613
0.00345507739916
0.0047934553284
0.00339359283669
0.00320280077457
0.00518812699878
0.00377659981889
0.00292047978101
0.00394557482524
0.00390097178802
0.00394298365565
0.00332096319803
0.00401649284368
0.00399903675967
0.00413567165145
0.00360457149879
0.00391435590265
0.00484712160052
0.00558954506151
0.00307315546642
0.00324699037817
0.0033089087259
0.00385175233088
0.00432721414251
0.00354803467504
0.00400731932129
0.00379360389361
0.00338271997467
0.0028933464047
0.00273778579351
0.00289469579705
0.00318541896506
0.00416598466675
0.00557073607219
0.00262537360186
0.00607859733051
0.00559770165851
0.00343337186673
0.00312921460218
0.00409594364213
0.00363496130968
0.00416674317973
0.00390416177369
0.00434634063644
0.00272893690149
0.00245919049073
0.00335384021963
0.00301205783958
0.00346414238605
0.00273803493085
0.00299478472909
0.00289209982578
0.0053312257974
0.00540455845986
0.004769798815
0.00381043000753
0.00330299829941
0.00376535976468
0.00421925895164
0.00603496032141
0.00571377851059
0.00476860203384
0.00441179893825
0.0035176947318
0.00258274139339
0.00267398289033
0.0032718473355
0.00391828731487
0.00464530328204
0.00349283499558
0.00364617353267
0.00412895520938
0.00449515900575
0.00445295729674
0.00445625072365
0.00618227811009
0.00464118241387
0.00343147555887
0.00421177359365
0.00406078871483
0.00412552472771
0.00457239056476
0.0059258153486
0.00207671384359
0.00207327084244
0.00273592596486
0.00264668040373
0.00348782937756
0.00268101862918
0.00317619294259
0.00346330646931
0.00333996857336
0.00283047930245
0.00394774939747
0.00474027835495
0.0030278950488
0.00265424224729
0.00299259307461
0.0036715104447
0.00535987958374
0.00513096359641
0.00509706225558
0.00475938324144
0.00457843041443
0.00438117690332
0.00335493564032
0.00292460029922
0.00350881445224
0.00441281432486
0.00422385962289
0.0071715721211
0.00560723660086
0.00622947625523
0.00561201684039
0.00432366125767
0.00314821544631
0.00420436492347
0.00343943695961
0.00357561842076
0.00438716759274
0.00478468889603
0.00578247405119
0.003624347765
0.00321966935472
0.00309910138497
0.00264883096078
0.00332273954906
0.00293935450206
0.00679207676355
0.00305316360295
0.00257262456769
0.00261794979182
0.00336882600178
0.00349215663558
0.00315644559642
0.00284047982172
0.00199646176888
0.00271105253002
0.00257516478452
0.00338034234246
0.00282423058972
0.00323309948304
0.00325518963402
0.00377553536448
0.00410311082274
0.00362051276528
0.00251931932739
0.00302795303982
0.00326962593063
0.00597608389332
0.00562984089932
0.00408680274771
0.00335640086824
0.00613127271662
0.00745193965182
0.00272973177135
0.00259850450509
0.00323486787306
0.00299983487429
0.00293469784175
0.00300106608141
0.00293341615862
0.00331181504338
0.00292886446607
0.0030989640433
0.00481108221408
0.00302585209932
0.0025920371637
0.00275249187634
0.00210449088203
0.0016766412435
0.0032709231583
0.00209621141793
0.00191158118052
0.00218847095716
0.00267035677899
0.00457820085857
0.0029266895578
0.00394136480023
0.00427103898237
0.00626348026101
0.00365756715469
0.00276806520179
0.00273173366234
0.00380208618087
0.0038109233813
0.0028580630312
0.00258571514364
0.00279457505656
0.00587025020328
0.00649979323681
0.00699851265518
0.0041976720422
0.00402265557153
0.00316036695888
0.00246489866772
0.00288080239474
0.00297037634314
0.00356006238804
0.00383612243584
0.00384847184975
0.00320244578654
0.00268767848694
0.00262034396262
0.00239702690592
0.00268683629145
0.00323467964288
0.00264626429112
0.00302522693209
0.00337738637484
0.00477278183798
0.00437888244973
0.00456265460645
0.00469321343018
0.0024481545297
0.00203622826719
0.00249119289077
0.00261902770329
0.00336550452433
0.00350065126286
0.00351972238363
0.00443591380247
0.00452045051831
0.00480789852425
0.00147761652402
0.00317312156808
0.00352191894137
0.0039690466006
0.00445395106481
0.0051295177259
0.00347821610093
0.0035995116287
0.00446220416215
0.00367107605912
0.00419213245403
0.00458433267805
0.00421707180024
0.00487530379802
0.00503270254141
0.00524656245659
0.00416289467096
0.00498107624991
0.00503518656636
0.00669330949356
0.00287997673638
0.00390968180249
0.00364754560555
0.00301730436776
0.00370948167261
0.00348176330766
0.00232743372499
0.00382330203841
0.00232866418528
0.00332231078787
0.00315371852822
0.00428568628921
0.00317804893402
0.00310479151717
0.00518327164068
0.00403248817447
0.00375011082025
0.00360916098317
0.00441680734824
0.0046180175952
0.00378810363544
0.00406237466773
0.0040277413916
0.0036230830209
0.00381538887093
0.00399830890601
0.00487886672768
0.00350180314255
0.00351855957748
0.00478234266371
0.00496191870352
0.00422277022129
0.00386728383868
0.00413732967664
0.00367763617536
0.00314842590608
0.00268237449325
0.00257584781493
0.00314573726258
0.00401025552132
0.00388760645279
0.00435694914356
0.00434469334661
0.004763809329
0.00640544716582
0.00628456013252
0.00510533802661
0.00414421695436
0.0037923754364
0.00365791330137
0.00392163887427
0.00369271657889
0.00399600657195
0.00357816746967
0.00352481737912
0.00232556829856
0.00162749630511
0.00140216593048
0.00205683355133
0.00237605672552
0.00274124250684
0.00222219266107
0.00258690579471
0.00284400385713
0.00299810890568
0.0025685033872
0.00286884635021
0.00331860450392
0.00283394862415
0.00320946680958
0.00271939228918
0.00300866840728
0.00211061115253
0.00231361101398
0.00230619708022
0.00294292996791
0.00316034300834
0.00327771223121
0.00373414029286
0.00459035497406
0.00375924142716
0.00358821302255
0.00367436632143
0.00318395904472
0.00342542542666
0.00377726215377
0.00339418345965
0.0020983623152
0.00217412810328
0.00173916863048
0.00141330862836
0.00244357399469
0.00262932861717
0.00202190356964
0.00243704720447
0.00235492087072
0.00518088364728
0.00362023722008
0.00393929164796
0.0058572852328
0.00522548690635
0.0033242173194
0.00292491615324
0.00413935911657
0.00313916035369
0.00261161442155
0.00218944563472
0.00278340630994
0.00290130287239
0.00457489252445
0.00330742160004
0.00342879333962
0.00307491069565
0.0043311618793
0.00597586704213
0.00404042183686
0.00598861966938
0.00294333220186
0.00267884006106
0.00238651709289
0.00383495983902
0.00495232798243
0.00241609344431
0.00349173218117
0.00325306458943
0.00240716076976
0.00270006325935
0.00465455823067
0.0052968766225
0.00353304455662
0.00289816911701
0.002943582339
0.00344728780367
0.00296968021453
0.0024281200041
0.0031172020516
0.00251153179331
0.00543740683969
0.00379695748792
0.00324291711505
0.00322790671464
0.00380016091369
0.00267231491047
0.00636359793265
0.00386339155252
0.00572074311372
0.00376690901863
0.00471492008556
0.00477645403902
0.00363629063273
0.00361257626181
0.00218048526208
0.0024548126215
0.00244372757942
0.00369517983288
0.00363150045834
0.00455303726448
0.00343332980948
0.00371739964143
0.00344404673726
0.00500621518524
0.00568738704313
0.00704932009719
0.00543900240285
0.00445046663848
0.00365749700583
0.00391910872261
0.00441129172645
0.00217166638126
0.00214692460974
0.00219448097921
0.00250516380264
0.00440461597871
0.00242860266
0.00329716808134
0.00226525676095
0.00517168912152
0.0048667206509
0.00225392352234
0.00230934086293
0.0023344558556
0.0036912521577
0.00459194168908
0.00272088929284
0.00328342868485
0.00390636068067
0.00341383187085
0.00453505472217
0.00403599904266
0.00324008385506
0.00263024967561
0.00313015713755
0.00340240753804
0.00511469224364
0.00292174245887
0.00245990343641
0.00217903242358
0.00297751655435
0.00413319145187
0.00295460241598
0.00305967977247
0.00309585998631
0.00421269594066
0.00435349669175
0.00288000207126
0.00283062299636
0.0021294979119
0.00319447448435
0.00339476419508
0.00300007403623
0.00365186378816
0.00216462466484
0.00423219956297
0.00517157242675
0.00418031415817
0.0038062803046
0.003407468229
0.00273112314351
0.00352299882458
0.00333005269371
0.00424589810657
0.00434907747366
0.00380236852467
0.00274420156214
0.00280393809048
0.00351776279599
0.00404807846568
0.00653558448131
0.0057004001567
0.00466052914773
0.00461987670382
0.00303028040866
0.0034733802756
0.00292434955915
0.00432170422619
0.00293670825049
0.00216246968571
0.00280466212859
0.00250072360705
0.00266598737311
0.00206034901272
0.00359962606048
0.00158949613378
0.00633171281727
0.00537132516257
0.0042103248048
0.00308599553495
0.0027485266544
0.00415721725443
0.00183541202684
0.00255924374218
0.00259199407145
0.00199611310948
0.00241696072721
0.00261687087493
0.00316566265496
0.00323333926651
0.00360203296537
0.00345623182533
0.00468654514059
0.00421063867815
0.00419550580032
0.00409042287621
0.00426020261544
0.00393683467513
0.00368368048947
0.00334661232868
0.00220133174455
0.00229650661303
0.00293415225746
0.00257543214596
0.00478141301119
0.00498724709995
0.0054266881431
0.00533320061912
0.00342721613451
0.00312067326645
0.0035526593275
0.00282041122063
0.00408438148331
0.00432245705626
0.00462968918235
0.00416833039722
0.00428297081359
0.00428153089658
0.00268176435601
0.00246993004137
0.0024087353012
0.00188114954617
0.0029477664573
0.00240041352449
0.00332651043429
0.00268607518049
0.00166379876382
0.00227449749504
0.00269081532264
0.00227038955888
0.00583456976365
0.00469485606555
0.00199784482789
0.00394342826523
0.00299724049449
0.00191439346738
0.00219785648723
0.00227727625055
0.00568596602289
0.00312496945972
0.00422669087794
0.00293750457319
0.00422604552593
0.00243720553756
0.00276005881279
0.00263554837012
0.0028762868073
0.00410632133233
0.00430908593904
0.00455704427607
0.00448414723967
0.00287631123655
0.00230619712655
0.00296844730999
0.00291674281546
0.0033568865356
0.00380402973682
0.00252734929846
0.00213133279953
0.00263067248506
0.00282132261
0.00354824313524
0.00216432522486
0.00242811579075
0.00275222168384
0.00254388234286
0.00336374217905
0.0043512395538
0.00382123728834
0.00271487987346
0.00216916968611
0.00253467340641
0.00252481778369
0.00256088636696
0.00388821097614
0.00285415758462
0.00302161308802
0.00224144805587
0.00399092632547
0.00476739849195
0.0033918568765
0.0028685587834
0.00357816765115
0.00272355204475
0.0022114640407
0.0022449047945
0.00262823804022
0.0026842073871
0.00222529889612
0.00247793322418
0.00199560833722
0.00351705760327
0.0033695424617
0.00210179741823
0.0025385843097
0.00188596160879
0.00183184197487
0.0017973681115
0.00371231850259
0.00431536692769
0.00375793039498
0.00330467283781
0.0026982155885
0.00206310456263
0.00267097104661
0.00259877070682
0.0031623815782
0.0029353214466
0.00191679227383
0.00178990432211
0.00224822919182
0.00261765917994
0.00301177368429
0.00243664694562
0.00223004880755
0.00316319162737
0.00238231484885
0.0027740002002
0.00262077424479
0.00399473698301
0.00332321389331
0.00319216946687
0.00321241199938
0.00449148632944
0.00266551160511
0.00218740144256
0.00329755070384
0.00478532638379
0.00534996016055
0.00488313041826
0.00356736834388
0.00344380772015
0.00276017634772
0.00239966710393
0.00232190427494
0.00172445977398
0.00191949139438
0.00232316749099
0.00359172898238
0.003670822884
0.00422879921399
0.00500231180244
0.00263995479425
0.00286763259536
0.00345634239027
0.00328649526451
0.00193687233409
0.00207223855694
0.00237803691436
0.00245262432222
0.00422711936874
0.00339298224534
0.00390707185035
0.0037327995435
0.00241096356212
0.00217697846552
0.00196759786034
0.00320365818372
0.00259115700614
0.00234688353328
0.00198690872728
0.00184372236295
0.00188482587922
0.00258934641027
0.00286069501667
0.00273787549249
0.00206815995603
0.00365285381141
0.005149916561
0.00322574418288
0.00255844406388
0.00281684513528
0.00282069388684
0.00299676859245
0.00225010605129
0.0021463728933
0.00233162667678
0.00183874219045
0.00192611417862
0.001685017799
0.0023960984632
0.00253798445215
0.00208192927724
0.00176294130956
0.0023794792246
0.00322345758912
0.00336484827388
0.003073045896
0.00379904532785
0.004167245448
0.00434884701062
0.00291983788618
0.00236997726798
0.00268503502861
0.0032226225762
0.00321875204639
0.00302119403075
0.00380247467337
0.00295933268286
0.00292461333744
0.00265475985798
0.00319663223939
0.00388438471712
0.00508086980202
0.00288112629582
0.00353896655216
0.00237627559393
0.00193913694329
0.00223688910672
0.00253644116644
0.00297319812686
0.00269134772872
0.00237812356447
0.00376514725194
0.00264989566343
0.00209072018753
0.00386342027089
0.00389328949001
0.00235480928155
0.00237433408986
0.00224890966399
0.0027533827202
0.00238000136217
0.00218972986423
0.0017318446795
0.00184049772573
0.0023003373726
0.00182728404871
0.00186734501758
0.00181056021274
0.00480054214614
0.00357422674796
0.00349093390574
0.00329219900179
0.00365735138907
0.00286768632992
0.00272943724902
0.00391881235449
0.00280771173031
0.00301457146763
0.00249389115145
0.00270008111074
0.00292206929149
0.00418647439886
0.00245808535222
0.00488295571563
0.00456085090336
0.00335750478779
0.00316785544807
0.00230138530615
0.00245903026651
0.0020962356443
0.00149380147381
0.00169303677488
0.00182259899643
0.00180042390277
0.00272710223351
0.00358994706813
0.00169616745609
0.00330103108795
0.00409266693019
0.00221045468939
0.00184130455831
0.00210038435145
0.00232621029107
0.00271969515766
0.00275899926972
0.00352745814951
0.00470522851969
0.00389328733316
0.00266507316147
0.00453727730176
0.003129307102
0.00360603964425
0.00183595346992
0.00233185168727
0.0013636454853
0.00126168547289
0.0015137714585
0.00165691561074
0.00223840919066
0.00211027305817
0.0018874671541
0.00193359951492
0.00210248880969
0.00329727669155
0.00225760409199
0.00217913828735
0.00245829126593
0.00254158621598
0.0027611911308
0.00661377394488
0.00378632041821
0.00306288613726
0.00321876188133
0.002867103769
0.00501366089679
0.00238470872522
0.00222733873192
0.0027436995769
0.00239755881149
0.00309388012346
0.00263604016871
0.00341214388485
0.00311382585624
0.00453134432009
0.00284818459406
0.00275601366451
0.00372377425764
0.00276822464026
0.00483445783724
0.00502528792596
0.00213463891246
0.00478305513918
0.0058434406399
0.00481534735931
0.00510572271416
0.00473452105674
0.0035208839978
0.00253156411797
0.00282597806677
0.00280619828834
0.00284891394482
0.00322613077617
0.00276337692854
0.00251138623609
0.00336643975173
0.00290753278116
0.0014868315854
0.00197739684755
0.00177198783875
0.0024873206833
0.00195921407962
0.00242016901844
0.00198034116243
0.00358692631656
0.00356591482101
0.00571575653928
0.00525050154525
0.00167778159137
0.00226539397133
0.00236155849059
0.00309407945044
0.00475483974065
0.00447406977772
0.00606161997975
0.0049571539957
0.0042752063785
0.0038091072748
0.00292845212976
0.00243103176452
0.00262996592039
0.00293504928877
0.00373037440481
0.00288570808265
0.00327543728872
0.00360132104921
0.00251130534195
0.00236565252482
0.00289585715645
0.00278371451725
0.00339602641102
0.00287236905412
0.00329550757279
0.00337135871993
0.00522091676972
0.00517522103756
0.00532835092914
0.00570386965251
0.00586265368905
0.00327594580298
0.00243219636898
0.00242924616846
0.00196805538256
0.00345285422567
0.00276956918956
0.00336021081458
0.0033819571478
0.00490637144695
0.00549728961811
0.00546080624051
0.00481326743261
0.00514437593644
0.00600522959727
0.00318977324096
0.00279778112754
0.00203445699694
0.0025436461444
0.00236584658152
0.00519347739589
0.00403786122453
0.00327280284317
0.00385044715285
0.00347755917425
0.00592478287212
0.00575490386166
0.00348819140202
0.00257836359208
0.00269862792674
0.00395435144636
0.0055004879836
0.00359491108229
0.00373534197635
0.00501299667478
0.00396464618847
0.00363278351652
0.00344261720432
0.00275883623726
0.00229913604621
0.00309213994909
0.0032057310811
0.00263788753168
0.00395639964751
0.00288277033579
0.00413168358418
0.00428246075513
0.00267338125613
0.00215627239016
0.00206000087506
0.00198230607124
0.00278458035283
0.00213721524571
0.00253853566747
0.00240419685545
0.00289577103523
0.00309997214505
0.00301835459477
0.00254398523403
0.00231492321359
0.00281078940332
0.00288598629188
0.00255318880191
0.00226816204859
0.00268313042915
0.00349272813796
0.00277235955654
0.00308483445561
0.00337847432989
0.0036172943511
0.00362691059787
0.0024906676938
0.00202075856854
0.00245557623058
0.00266408755347
0.00279358120276
0.00211257244618
0.0027447434575
0.00265307154502
0.00494531536415
0.00519672409108
0.00254271388233
0.00251108119862
0.00354361121466
0.00317155376657
0.00521121157373
0.00596185758194
0.00385686628613
0.00360434614516
0.00328423350394
0.00339197520976
0.00195143964105
0.00226765107722
0.00220244610716
0.00263586778201
0.00237094067772
0.00202424058073
0.002202458404
0.00258316852267
0.00226814230191
0.00215855037586
0.00272893797917
0.00211289422064
0.0022490092018
0.00176211774455
0.00196634442207
0.00202820565469
0.00413822529864
0.00525933054223
0.00216238378623
0.00220166842507
0.00278269510993
0.00269266767642
0.0029725842542
0.00282394530966
0.0036984494966
0.00367521861259
0.00489151678004
0.00512686319889
0.0056557033512
0.00337867861037
0.00254889122844
0.003018702627
0.00293034031987
0.00406505712832
0.00461328706949
0.00347896651158
0.00475611360452
0.00335348487334
0.00442923444956
0.0026964246738
0.002944742538
0.00317552434711
0.00276764188032
0.0022348920108
0.00213172360137
0.00176237761708
0.00197772407638
0.00216815701158
0.00380380155168
0.00348721772457
0.00272098538109
0.0021651645431
0.00304402615044
0.00256340817228
0.00307300777526
0.00277787746348
0.00368075231922
0.00276522965416
0.00246256305696
0.00446442100975
0.00437459186604
0.00286417561727
0.00225495218141
0.00305870031147
0.00299351959309
0.00392804321858
0.00305472787614
0.00337848292208
0.0026267084955
0.00237777428282
0.0025699165798
0.0024869690571
0.00268204148378
0.00292201214841
0.00282646952454
0.00319624709985
0.00295981004554
0.00181450022167
0.00195404663553
0.00230002729449
0.00228890847771
0.00353643405707
0.00260664826314
0.0030892406407
0.00314202300102
0.00468422779989
0.00448625137562
0.00434483121617
0.00400507259365
0.00375043010294
0.00477760387999
0.00332271710367
0.00244694043877
0.00402497047729
0.00568936232253
0.00488665288606
0.00434573336241
0.00516621844678
0.00284651096011
0.00280857435524
0.00199235903821
0.00147495631558
0.00189941300862
0.00192196813955
0.00278990986763
0.00275094214973
0.00258893528712
0.00310299520792
0.00336323505055
0.00328776274357
0.00207128946061
0.00167787280312
0.00219437784762
0.00210113083029
0.00344814334965
0.00388851290922
0.00186654835169
0.00255335383519
0.00205131175374
0.00296619082044
0.00335034443673
0.00239980302535
0.00238582363127
0.00278453710359
0.00299166943743
0.00434851661632
0.00389356359558
0.00262879537692
0.00224347127958
0.00266431764438
0.00351071208536
0.00333279181913
0.0034413406557
0.00272168895018
0.00300059813161
0.00392709419817
0.00349254243452
0.00371560047129
0.00384625303459
0.00300784504793
0.00328083441662
0.00160128826181
0.00284321669272
0.00133768548473
0.00153546838975
0.00156698555836
0.00222395278834
0.0017706859374
0.00172687214452
0.00149684923205
0.00194233253597
0.002101627212
0.00519431904534
0.00283135039176
0.00244405946179
0.00256355696662
0.00262012292628
0.00295924869873
0.00287538780956
0.00319108862772
0.00289962248375
0.00283399274483
0.00246409663808
0.00236135276841
0.00241947684974
0.0033019511547
0.00315659561279
0.00346609600426
0.0038302174343
0.00346750357408
0.00272988759517
0.00266643296825
0.00205828611831
0.00267750419988
0.0028468814293
0.00248525160257
0.00327063386901
0.0027461539876
0.00460871586369
0.00330175883239
0.00324158881207
0.00358718709247
0.00421219050557
0.00375566441891
0.00348908071164
0.00392635370636
0.00213088271858
0.00190886950982
0.00227976930125
0.00206806535244
0.00434155872115
0.0045168391197
0.00469684536905
0.00360555167771
0.00272597127091
0.0026998216639
0.00376407623998
0.00346592492027
0.00289354859798
0.00317498239432
0.00208404780314
0.0017398732096
0.00194533586376
0.00234297759183
0.00325506799954
0.00305946178833
0.00292148036229
0.00290197306376
0.00148398350446
0.0032537553485
0.00286767415662
0.0026514411842
0.00124829783637
0.00156601055276
0.00136041409119
0.00147625222491
0.00468818031828
0.0046308513641
0.00304194869946
0.00199670233032
0.00260956859465
0.00198187371413
0.00314489864801
0.00382164254431
0.00275505979902
0.00265462465329
0.00203827303411
0.00171780271676
0.00181436936849
0.00223335893697
0.00341548212786
0.00354834244773
0.00341028508869
0.0032522670797
0.00220041276975
0.00377510433739
0.00364510663452
0.00305960626629
0.00316949464511
0.00317046743134
0.00348072965988
0.00439573488966
0.00400590753063
0.00286219374767
0.00242135915154
0.00400820056952
0.00444655307803
0.00372093185788
0.00360746518891
0.00156042542985
0.00159401894493
0.00125390550089
0.00110309972122
0.00173778546126
0.00197300458533
0.00205162820846
0.00168804348498
0.00217057545024
0.0021213710086
0.00179578416182
0.00124580752114
0.00150011539604
0.00114026236753
0.00195729127743
0.00163039927219
0.00129471576824
0.00237612595271
0.00260228853346
0.00250044848107
0.00367288157616
0.00359102909008
0.00418219635722
0.00356507821906
0.00306063408555
0.00356724706483
0.00285951921704
0.00290569947713
0.00217449636608
0.00256716716472
0.00396501759819
0.00277005987464
0.00411326607284
0.00321109179413
0.00260544322263
0.00215287776689
0.00199448275113
0.00232235114105
0.001510299075
0.00164101023515
0.00193328735843
0.00151781881434
0.00465545510613
0.0025073995038
0.00240321291351
0.00337652249962
0.00310401478475
0.00298209848235
0.0023659999249
0.00216420737937
0.00332910495062
0.00163556748124
0.00206055593042
0.00210749972996
0.00311061320684
0.00204113703345
0.00160392583781
0.00174350334929
0.00215474263391
0.00353500562303
0.00367854624947
0.00199409629883
0.00172126235683
0.00144863380496
0.00302651363919
0.00290950674042
0.00164332939163
0.00172927809336
0.00229276483823
0.00223950719662
0.00390009569269
0.00166879310636
0.0019217164467
0.0021341695219
0.00267065852594
0.00157135639834
0.00177986242593
0.00125125476284
0.0011125219328
0.00106298698858
0.00150378747632
0.00184972488694
0.00181637861293
0.00185399953258
0.00211607395449
0.00263421779577
0.00233241814833
0.00261294836303
0.00198731549217
0.00223889220604
0.00181430057506
0.00443896967536
0.00276916711105
0.00248519429625
0.00228500019893
0.00235520935086
0.00288768662861
0.00253723203139
0.00225753605115
0.0022348713208
0.00311564537318
0.00201964232944
0.00149007716973
0.00456398404699
0.00215086716303
0.00160744788991
0.00147712245856
0.00121056297528
0.000977151612517
0.00106919220959
0.00107708936863
0.00221940477652
0.00463430918384
0.00221802110326
0.00160516312303
0.00148914136144
0.00343636899209
0.00151643743344
0.00145199429472
0.00168723689136
0.0017314058348
0.00192004413572
0.00287417823435
0.00334950455181
0.00248921373869
0.00256096422486
0.00278653801608
0.00255340176542
0.00361339586406
0.00221005443871
0.00297360548875
0.00253860353648
0.00182030892472
0.00162118429205
0.00229889209028
0.00509938404654
0.00504281359818
0.00530057336505
0.00545968452209
0.00483267917245
0.00396543364094
0.00253197825665
0.00224716530167
0.00252760003776
0.00294650860219
0.00211957121639
0.00310849687151
0.00321622103496
0.00321991741733
0.00533115846988
0.00533188789559
0.0028480676477
0.00222369802973
0.00217626475045
0.00270575117213
0.00248515624898
0.00254347498528
0.00295580017359
0.00316279008238
0.00269886675825
0.00238909446226
0.003113019967
0.00306700253113
0.00247249928297
0.00190271823908
0.00248930225025
0.00214135950409
0.00509969590201
0.0049802136579
0.00165616521382
0.00142785805381
0.00163279268242
0.00181091983879
0.00227258386944
0.00231337932102
0.00291990092525
0.00275003645031
0.00241526702139
0.00184888055457
0.00214189669134
0.00189540922899
0.00479873462437
0.00494519409093
0.0056779846519
0.00572281667821
0.00321518282492
0.00272438816159
0.0030356329554
0.00321983811382
0.00608210675695
0.00595899661899
0.00412928613361
0.00398423235153
0.00412767346664
0.00431195264587
0.00470788002058
0.00461841624477
0.00271207199284
0.00224675655062
0.00256547620414
0.00265534069789
0.00480754424024
0.00427388726025
0.00384633303939
0.00394686641554
0.00292511172585
0.00253633556935
0.0026489684099
0.00333086477692
0.00271924039924
0.00224281789502
0.00265697275058
0.00251472437199
0.00401508137221
0.00387040619815
0.00310294422382
0.00248924998358
0.0028621382765
0.00248111166024
0.00267895533003
0.00219460801281
0.00249784777614
0.00227640548478
0.00281821230246
0.0027866889181
0.00290039296743
0.00337289479594
0.0046031438666
0.00470852614591
0.00273305174829
0.00229683468396
0.00231288045222
0.00266054597414
0.00487891061921
0.00463596817853
0.00404224140668
0.00341281757346
0.00486431247221
0.00465043145427
0.00210743727744
0.00174398613076
0.00216482432463
0.00200479532974
0.00449655874122
0.00431146108445
0.00300468242747
0.00269687114471
0.0029197647904
0.0028943191614
0.00503884534896
0.00509389413109
0.00531762844742
0.00517516937579
0.00371902187465
0.00365064307886
0.00287311157031
0.00214940507364
0.00262815298137
0.00234428781683
0.00456444214789
0.00533594036995
0.00245093488573
0.00201956756732
0.00237176071487
0.00232757894018
0.00207034424873
0.00225909742416
0.00223549313187
0.00281959042335
0.00372795208828
0.00361664842337
0.00377082174865
0.00384119653441
0.00219775391447
0.0027074829328
0.00259416042631
0.00327632808734
0.00353593148797
0.00376026689039
0.00409483181456
0.00487647485884
0.00321997421124
0.00219558583902
0.00240320881402
0.00282644146364
0.00191509029957
0.00192568838138
0.00225070729006
0.00225879171959
0.00326719725104
0.00272349336191
0.00212776337621
0.00196178618659
0.00250414813121
0.00227483123023
0.00419109735251
0.00408144291927
0.00249441363946
0.00220346390098
0.002676648665
0.00252711838681
0.00561360819246
0.00523732837368
0.00552048904644
0.00555035118261
0.00444506616679
0.00381098061775
0.0023658728502
0.00175528834041
0.00216367371243
0.0020078516841
0.00480477029587
0.00526920991588
0.00194241247431
0.00162929543786
0.00200300670649
0.00196330769632
0.00417539663138
0.00411776801976
0.0035342063865
0.00300037401616
0.00345418395233
0.00449441257654
0.00228177183626
0.00209698243312
0.00226747662971
0.00230059947712
0.00343451321012
0.0030422557284
0.00277576745278
0.0041921020437
0.00351989781812
0.00315009508503
0.00273796873579
0.00445756076213
0.00555290213246
0.00523479284306
0.00350766094374
0.00379327798978
0.00284470131456
0.00269891291921
0.0026400610254
0.00293656917455
0.00245187599517
0.0028242478887
0.00169578619945
0.00169155780564
0.0018785341177
0.00202619880574
0.00306573958736
0.00287932093234
0.00321212990286
0.00380934121011
0.00238574878527
0.00195894588896
0.00222117124547
0.00217539499688
0.00312422090675
0.00301816273294
0.00288593969768
0.00250548434449
0.00188061704988
0.00156934497157
0.00204712605881
0.00155994183716
0.00267535020178
0.0021022973286
0.0024431003671
0.00253790265163
0.00413126216875
0.00370249522606
0.00453798444664
0.00418992049059
0.00233732824407
0.00204891618568
0.00260708377228
0.00249315397102
0.00235008456644
0.00210131680321
0.0023313536737
0.00245970047995
0.00177598736284
0.00152175457442
0.00173788666407
0.00160345536901
0.00222800699223
0.0024271955613
0.00342747961483
0.00366919269777
0.0043371905264
0.00462840406985
0.00257595603487
0.00213221531248
0.00238573513842
0.00261117932356
0.0044349787769
0.00415285374551
0.00263214914913
0.00276059970838
0.00166039277255
0.00172661675909
0.00209782833524
0.00199776978622
0.00299034537846
0.00352132737889
0.00253326350498
0.00270197275873
0.0029842714917
0.00295708325057
0.00404781816439
0.00400526912854
0.00247228934918
0.00243317710796
0.00212073967908
0.00191402578463
0.00224340533109
0.00186363182704
0.00237329924568
0.00189271559721
0.00239809401297
0.00199720779874
0.00284678876709
0.00426509874228
0.00377853799522
0.00360314869481
0.003583975035
0.00304645220898
0.00417342223421
0.00414544181404
0.00357810775969
0.00382878270087
0.0022379554138
0.00191939442796
0.00211056674605
0.00237102395149
0.00506352024412
0.00540214895858
0.0039157760932
0.00426862524067
0.00166159741977
0.00152323336873
0.00167767063843
0.00206840326324
0.00183417203406
0.0019458089542
0.00203109339982
0.00208953155788
0.00183418868836
0.00184792034239
0.00202021869865
0.00213975454975
0.00268725622377
0.00310318263831
0.00304799384678
0.00290335475096
0.00204401561684
0.00209728720218
0.00233156841377
0.00253156960327
0.00369421200178
0.00310048661563
0.00237781341923
0.00204341446426
0.00286211880964
0.00202688266135
0.00376982653613
0.00394422445925
0.00361200010699
0.00291283863506
0.00331493559736
0.00347215050854
0.00297627669461
0.00341315366691
0.00175457640296
0.0015716570891
0.00185515105298
0.00204531209649
0.00298502188526
0.00340160808092
0.00206462046872
0.00160486057286
0.00166398049801
0.00158185151123
0.00194411656396
0.00174297965615
0.00281307550675
0.00295965864653
0.00199741844857
0.00167069502929
0.00198490073654
0.00207878762433
0.0031944291606
0.00292548291319
0.0032532381949
0.00460845090404
0.00240670329568
0.00239177872714
0.00245358249186
0.00277239832544
0.00287395859257
0.00353370621559
0.00337586989982
0.00297142942571
0.00154875362619
0.00146603867476
0.00167559041076
0.00195763118584
0.00266115908699
0.0024559471058
0.00122760214999
0.00133965088322
0.00141896522008
0.0013857466566
0.00364664970904
0.00496101482179
0.00195972719245
0.00192982810894
0.00158177250664
0.0022309497705
0.00313037574904
0.00352675821903
0.00137665468264
0.00116990569657
0.00154042616856
0.0012922452595
0.00222028071009
0.00293967829739
0.00156789222765
0.00162329805682
0.00183612323282
0.00172544997081
0.0021661714442
0.00174660139204
0.00164197363359
0.0018494851929
0.00217749293225
0.00192894740709
0.00214931940336
0.00253213161602
0.00274458010168
0.00308806994239
0.00245839733144
0.00239826285579
0.00209403197849
0.00221657904971
0.00154612873576
0.00143241335102
0.00148908738661
0.00173525486574
0.00236635800739
0.00217164467683
0.00309294510227
0.00342023480861
0.00267589407117
0.00228222378844
0.00249749857655
0.0023952697262
0.00282336997122
0.00324797514479
0.00300541113952
0.00363447398399
0.00340507810853
0.00290908400901
0.0018949250996
0.00150712579804
0.00150996192739
0.00140325436561
0.00239147338178
0.00267047718777
0.00318373180818
0.00325659320931
0.00203512594087
0.0023757864793
0.00295298733471
0.00203124127696
0.00244293056893
0.00207628859239
0.001619871314
0.00140986032408
0.00184807377351
0.00148157845796
0.00233264422674
0.00201490873631
0.00308494589794
0.00249559464259
0.00226110221293
0.00209608255922
0.00305235499893
0.00251052742549
0.00173788078837
0.00173106996305
0.00214520107615
0.00176860879496
0.00330942795386
0.00340262728066
0.00288414337731
0.003397320901
0.00546046917085
0.00321385187886
0.00162791026037
0.00142269214465
0.00152423529715
0.0015574670928
0.0014912058734
0.00149139229593
0.00181927721181
0.00163288154141
0.0022383344652
0.00238963070252
0.00253105249276
0.001937766495
0.00284311335165
0.00316019914677
0.0025071380207
0.00273396900132
0.00182850066187
0.00166003177119
0.00174530104777
0.00212094287754
0.00197260721137
0.00181773563149
0.00255157135842
0.00260892661933
0.0017621562194
0.00142951668723
0.00176796930662
0.00162695210623
0.00210744719655
0.00231850268523
0.00306313221456
0.00321016168556
0.00227816821191
0.00220613195353
0.00189462382384
0.00147392652722
0.00159214315419
0.00179127354757
0.0027112927615
0.00250675190215
0.00179077597193
0.00210508663353
0.00286209835427
0.00269190733129
0.00232859309593
0.00209939581893
0.00361559970561
0.00309284633623
0.00296177793837
0.0025893061729
0.00174683514271
0.00198423979376
0.00204305970602
0.00191386423778
0.00228690384655
0.00375062686557
0.00257542546133
0.00283264393047
0.00270564592018
0.00281919350503
0.00311834405884
0.0035582454897
0.00323036990139
0.00347073099266
0.00282420943194
0.00284316998802
0.00289894883969
0.00312590053457
0.00280640239195
0.00272847766142
0.00300654425866
0.00311561210856
0.00432405277211
0.00378108559026
0.00166444582623
0.00160065275131
0.00171144307931
0.00176889257019
0.0025359705761
0.00205298219303
0.00327465820822
0.00386110631484
0.00145615731995
0.00120593614327
0.00154450178121
0.001329776621
0.00236442500436
0.00278776073889
0.00212923568966
0.00240873229799
0.00164760742137
0.00132391482992
0.00143697996142
0.00127899494742
0.00403767598869
0.00364363711211
0.00163754016537
0.00150813798149
0.00176406932829
0.00136862205975
0.0030129281758
0.00290282845622
0.00221599747658
0.00213377832502
0.0016522235403
0.0020512804538
0.00166131339691
0.00154651320162
0.00200517481054
0.00162713061654
0.00143247453091
0.00190128723214
0.0036324471047
0.00292574416636
0.00274928981737
0.00316400312536
0.00281551699317
0.00273296300026
0.00282822503328
0.00216064669892
0.00266950241967
0.00230758480974
0.00246815182933
0.00234402365803
0.00185669979719
0.00230110184597
0.00220506729869
0.00222305688541
0.00276659953078
0.00259226356139
0.00343978817924
0.00346017460966
0.00157840757294
0.00172252976114
0.00220525350965
0.00206106363847
0.0026761399986
0.00270256461748
0.00205899296429
0.00186087116001
0.00140918711842
0.0019105533145
0.00177849493989
0.00205204066315
0.00220381182404
0.00261425125917
0.00281122393008
0.00214045588563
0.0014849062749
0.00128808845606
0.00115008578621
0.0017121224922
0.00168951959861
0.00127575263426
0.00137515120145
0.00126718812899
0.00232049640592
0.00260023998742
0.00308944480686
0.00340125048135
0.00133695046033
0.00129194597096
0.00122963373954
0.00156770962334
0.00142605762236
0.00154453174267
0.00211935492878
0.0016679578412
0.00232431760029
0.00169369730594
0.00141657668654
0.00139759813689
0.000830598357194
0.000883263865201
0.000979773401718
0.000840742964105
0.00307680546836
0.00274653173395
0.00438330162102
0.0025563203108
0.00267390580529
0.00295237259197
0.00243648361306
0.00282363608962
0.00281736584357
0.00454502058071
0.00225193885708
0.0017583261665
0.00182707500591
0.00167947025545
0.00264396333855
0.00314073638633
0.00217472338891
0.00204831635384
0.00281978943024
0.0028516736561
0.00300154262927
0.00320927077282
0.00236079196518
0.00225554516618
0.0028356820629
0.00308533662722
0.00377459219458
0.00210046488682
0.00266459574926
0.00303402443078
0.00266942959985
0.00282284890867
0.00308945523976
0.00254866908151
0.0041855649225
0.00313393775767
0.00140353828907
0.00161836833721
0.00165900499758
0.00162369901786
0.00190641872821
0.00327355471496
0.00168587296896
0.00132938585676
0.00135557045673
0.00122397506229
0.00254019320214
0.00241950073093
0.00238423359421
0.00209265337805
0.00166574859693
0.00160782739542
0.00113839662269
0.00108236889722
0.00115943840932
0.00132358056763
0.00113012188844
0.00156541571175
0.00112733702955
0.00102352343133
0.000849879630589
0.000803701614704
0.00103072613026
0.000948451495039
0.00116543499558
0.00126554412761
0.00181495675886
0.00213660387259
0.00324226646972
0.00157304598476
0.00170405733066
0.00190801117642
0.002380969238
0.00243426230395
0.00143603934597
0.00240841346098
0.00153816802169
0.00136075009095
0.00111260790132
0.00119625023098
0.00256365406253
0.00205328421547
0.00184469415293
0.00150530712311
