0.00634789426925
0.00677226593422
0.00644641229591
0.00653342996225
0.00582581208843
0.00527791395827
0.00474222885987
0.00487062359729
0.00750291552835
0.00710047934878
0.00618708438092
0.0076629206428
0.00469298261993
0.00595128604973
0.00636412276495
0.00521333553019
0.00501136912575
0.00544913584956
0.00656121541916
0.00473908581466
0.00381494340926
0.0063267132974
0.00520086253628
0.0048333746463
0.00605884217459
0.00614591560009
0.00620622507891
0.00527808830383
0.00432106099151
0.00625437350099
0.00653780406313
0.00580196135564
0.00577806931094
0.00637357379279
0.00597191617155
0.00560286647985
0.00560808357168
0.00556647256085
0.0040607828877
0.00500616472296
0.00641557242053
0.00585260313196
0.00505868892684
0.00649359750546
0.00736198795866
0.00632304246336
0.00489885451785
0.00785295402574
0.00624294513821
0.00714814631509
0.00678913392576
0.00689878071414
0.00673290693312
0.00678493659144
0.00613062382608
0.00578308943935
0.00590987354523
0.00509229245013
0.00550180030666
0.00434407204862
0.00571091688814
0.00450105647673
0.00474965745655
0.00707379072386
0.00733108597044
0.00541634170999
0.00615661348631
0.00444047710654
0.00451670184249
0.00613168891386
0.00509897597743
0.00519994536478
0.00487685694259
0.00657663941073
0.00543327401814
0.00695267178208
0.00447424966872
0.00936829718402
0.00743369501641
0.00834377213511
0.00665045433921
0.00616743537153
0.00728297235796
0.00788204404695
0.00964396658157
0.0075727489222
0.0078615141089
0.00444226986726
0.00437799725525
0.0061881251871
0.00639588114981
0.00658185978073
0.00383874921849
0.00424123911648
0.00417152853091
0.00568926395299
0.00692267793399
0.00604053419141
0.00703989454401
0.00673591444235
0.00474806549112
0.00381753646161
0.00493147682289
0.00889175061863
0.00684115195915
0.00714457738636
0.00573479629875
0.00441432363222
0.00565745528699
0.00627378762627
0.0073361272935
0.00649052885881
0.00512616676931
0.0049867372823
0.00594125439283
0.00557461172236
0.00587531846832
0.00504859470655
0.00980898942369
0.00641975359388
0.00887006893914
0.0058651212171
0.00508156439481
0.00449710815017
0.00431273468964
0.00402173320398
0.005068090797
0.00529139588333
0.00542605404645
0.00528736408859
0.00368514210244
0.00597622245669
0.0060780282572
0.00754345658263
0.00489009735746
0.0060149206982
0.00616467071832
0.00673812001739
0.00598892450512
0.00375095523083
0.00543867569928
0.00430707750358
0.00615037757358
0.00578664534585
0.00521021035716
0.00419165574192
0.00452232191792
0.0050037634958
0.00446379217403
0.00532647343756
0.00398828237797
0.00405740775555
0.00526858542518
0.00545166100411
0.00628568717128
0.00527300154759
0.00575467879903
0.00438161724857
0.0021581997406
0.00373265379562
0.00384326624928
0.00529425646227
0.004964932976
0.00487805106761
0.00437075017757
0.00539974962153
0.00534464415265
0.00499776387921
0.00646854897241
0.00516969458585
0.00472229177795
0.00533605873216
0.00384027287754
0.0047048714918
0.00301099199473
0.00638020966359
0.00519222041391
0.00518568112739
0.00468345916003
0.00588549303145
0.0043459449588
0.0039394604171
0.00355369521049
0.00342004073726
0.00368352355761
0.00461543389083
0.00365713799901
0.00435894640177
0.00637083309585
0.0064613758346
0.00673990782144
0.00745902073896
0.00405242534282
0.00555007564923
0.00523484546857
0.00418645665427
0.00428427028588
0.00358635917867
0.00409269632246
0.00456771542747
0.006148385848
0.00606056673579
0.00439471351913
0.00468093694382
0.00414659785711
0.0053021823641
0.00512578195483
0.00578572040993
0.00599323705302
0.0056417452718
0.00562958454958
0.00580719367147
0.00588663328355
0.00582906996822
0.00564831526984
0.00608093718695
0.00576361055759
0.00507178345831
0.00568370590498
0.00495423235518
0.00583591417947
0.00635465751689
0.00656943059307
0.0075205695712
0.00570561491063
0.00651453046437
0.00735590969483
0.00650519313267
0.00734110405719
0.00654865572352
0.00452584757578
0.00446613680123
0.00593917254674
0.00538746404871
0.00789527848432
0.00498378890782
0.00722108658246
0.00510231166139
0.00447701640682
0.00369753424192
0.00415349153029
0.0058914682984
0.00567393615663
0.00516888857266
0.00612714663596
0.00480806315418
0.00421184217692
0.00694490907382
0.00595178014472
0.00481905040118
0.00488396799239
0.0040722689345
0.00563691310662
0.00488656955622
0.00391594617505
0.00544843157555
0.00415497103378
0.0072142605156
0.007979852719
0.00453771991893
0.00642920241684
0.00329712330032
0.00389627612588
0.00379729341003
0.00502406531126
0.00402839524144
0.00622437754244
0.00455892094103
0.00625220006621
0.00579851628334
0.00616238092012
0.00592424693165
0.00408012709262
0.00437577349077
0.00571837662425
0.00640901686607
0.00403490218339
0.0045709076164
0.0041214071719
0.00556986908462
0.00429723910364
0.00585761329967
0.0068837747949
0.00397200249158
0.00178187416998
0.00689487042637
0.00634032953147
0.00494248493105
0.00300394677121
0.0044230384543
0.00457199329142
0.00628884970629
0.00706550546386
0.00481158130136
0.00450593909438
0.00525731588073
0.00606562814183
0.00751073542484
0.00611113992822
0.00606476796314
0.00553087268757
0.00460040215874
0.0041405785101
0.00428447784551
0.00438002034676
0.00617532022619
0.00515970759745
0.00586450607651
0.00737414737764
0.00631379192301
0.00539556504783
0.00548912875454
0.00530382879717
0.00634630246667
0.00574906987708
0.00623723211013
0.00611900719478
0.00678472813038
0.00689173100597
0.00600163485024
0.0048352035054
0.00580793262721
0.00432808139059
0.00453803507817
0.00457893035536
0.00397913505624
0.00519121006985
0.00465059585285
0.00482962923783
0.00559940900047
0.00469111329804
0.00565234577021
0.00635084846511
0.00689767500266
0.00566719126154
0.00600364807321
0.00704138316527
0.00494887101748
0.00511289973696
0.00561140009261
0.00548737324709
0.00411862373354
0.00457299564283
0.00287403860968
0.00365636204818
0.00471512644
0.00448284473425
0.00518707528452
0.00654176470188
0.00531836480184
0.00482637835404
0.00423171633633
0.00521612940966
0.00528014563447
0.00674561374777
0.00725136352026
0.00654051445832
0.00674494923204
0.00796299124623
0.00397235163653
0.00405157780359
0.00622715399142
0.00523711891309
0.00630523102237
0.00508813357483
0.0055286811008
0.00490766277319
0.0062304957048
0.00429478899264
0.00393596852904
0.00454705624586
0.00455467141773
0.00601797409875
0.00754484733901
0.00513855568518
0.00434470598522
0.00415036352611
0.00474898482047
0.00379266943793
0.00383873743563
0.00511725955642
0.00415970120641
0.00646687083561
0.00489795365563
0.006028701398
0.00473967106317
0.00675066290307
0.00828409807538
0.00754479878964
0.00376040373046
0.00443562852843
0.00485832016545
0.00628255394797
0.00556534654061
0.0058665470859
0.00728815212436
0.00650630655342
0.0076179245659
0.00386651811802
0.00326119196602
0.0039477875846
0.00435776007286
0.00461063340467
0.00432886596768
0.00356786747603
0.00338132687899
0.00405746001801
0.00512100935689
0.00423016721131
0.00378145309542
0.00384113439243
0.00345309021103
0.00453584415181
0.00535720013982
0.00620952450188
0.00564392731311
0.00503781626993
0.00594293084629
0.00535824997807
0.0049056755334
0.00503401222369
0.00624532716013
0.00610297206071
0.00318753240177
0.0030602214939
0.00431969034857
0.00384739415934
0.0039644098216
0.00405431208333
0.00413546534481
0.00525813194223
0.00452926598439
0.00497921400766
0.00453426999206
0.0064688618983
0.00450689668244
0.00569128431263
0.00696513032688
0.00674702227764
0.00647802407725
0.00346288132665
0.0043969406091
0.00483709790892
0.00534614775878
0.00575344529072
0.00502081096992
0.00459971200758
0.0055337057465
0.00479301576549
0.00485137511787
0.00596495918689
0.00520927613191
0.00340536549242
0.00447059912349
0.00329096526847
0.00435156466786
0.00392361335235
0.0048704921445
0.00430081435878
0.00421686994687
0.0048922087629
0.00447324145733
0.00464654527529
0.00467189186065
0.00558931671198
0.00340001706954
0.00424367726453
0.00555527683155
0.00343740584067
0.00349526315157
0.00361110011816
0.00482603428989
0.00330163894245
0.00236724655849
0.0028541563849
0.00246699600176
0.00382408815055
0.00542641736548
0.00505238445149
0.00527607661181
0.00388779372666
0.00393315057935
0.00665991023662
0.00733886524626
0.00651038667255
0.00670039686306
0.00476184983343
0.00502357450973
0.00516920569666
0.00542983932715
0.00454821593952
0.00563968879323
0.00556391377433
0.00417755138798
0.00464433255353
0.00301053345951
0.0048228598438
0.00497405965294
0.00325411738897
0.00420784831134
0.00420391488078
0.00344261211849
0.00353610219029
0.00477280460933
0.00481482971979
0.00682802440708
0.00531042220104
0.00496377359702
0.00477430293339
0.00520699947836
0.00514006615842
0.00524864443105
0.0036640219543
0.00525346591616
0.00454195933371
0.00415401615127
0.00479326226887
0.00355413925934
0.00366120793071
0.00594226584645
0.00491627050379
0.00356482052989
0.0041516275236
0.00302230257881
0.00372918966668
0.00379740102017
0.00350576137562
0.00407178933342
0.00416540389753
0.00446807053324
0.00340289830991
0.00399440963755
0.00516928956517
0.00369290651607
0.00451877020182
0.00444627177912
0.00480621282193
0.00578958713452
0.00457295490551
0.00544794229633
0.00549712833791
0.00496057031136
0.00492093748815
0.00510727454205
0.00573183754796
0.00421149369954
0.00380991575867
0.00311825421256
0.00619817242965
0.00621559499881
0.0047240245081
0.00414910357643
0.00457181790342
0.003495285587
0.00413422516215
0.00497358860495
0.00348625033117
0.00339797299294
0.00603567003718
0.00348041447089
0.00440058316514
0.00483670220824
0.0043686727338
0.00596912475572
0.00637681356997
0.00491715045518
0.00579091470313
0.00274011068909
0.00330725548712
0.00503527015251
0.00396895743295
0.00477681379848
0.00608692799461
0.00270557968428
0.00291691469622
0.00259764930374
0.00295161992275
0.00364396157556
0.00299478953292
0.00435612946763
0.00443286383185
0.00438292936379
0.00403717818049
0.00389301360129
0.00316523196793
0.00392274334619
0.00439228863607
0.00346558308422
0.00337041910203
0.00245832874268
0.00223524833581
0.00393861334766
0.00398849251305
0.00364640781021
0.00521786538603
0.00578881884571
0.00417464247515
0.00336705392308
0.00334659404196
0.0053078587456
0.00369471128452
0.00295116371042
0.00336971872147
0.00361265137669
0.00501935748029
0.0044482606759
0.00562200397838
0.00521768525418
0.00531084208459
0.00445888181067
0.0055539480777
0.00425335779408
0.0047887314268
0.00454739007331
0.00539197560289
0.00470005620627
0.00555814850461
0.00450029873028
0.00481693582028
0.00528456700342
0.00480916483312
0.00697022298316
0.00573191896097
0.00440047538207
0.00496459430095
0.00498305092835
0.00492038760235
0.0046993690018
0.00588434839638
0.00450065201903
0.00269968206003
0.00347009963763
0.00368988321325
0.00369377703823
0.00410296537185
0.00376131099724
0.00287993079729
0.00312682704994
0.00296989611406
0.00350637630761
0.00364948778201
0.00402709966783
0.00485906512225
0.00205976213941
0.00510217183445
0.0059099773811
0.00594815992494
0.00500132508426
0.00556776294943
0.0040370013328
0.00399723824503
0.005405541126
0.00513037486628
0.0051367853886
0.00560522592451
0.00551691942898
0.00605979933162
0.00444578459712
0.00511840569519
0.00471922406791
0.00462450014266
0.00534450683293
0.00514982348449
0.00494182578258
0.00517224631086
0.00397832472032
0.00420728347744
0.00476630140947
0.00385155181257
0.00469480899573
0.00287063684946
0.00405174355197
0.00380580980621
0.0050569432773
0.0061049927737
0.00623066441345
0.006519635724
0.00448873242198
0.00380494009878
0.0034617760429
0.00504650430504
0.00541405538829
0.00408295194344
0.00505380964666
0.00502120620099
0.00443601211161
0.00368230080037
0.00333974772049
0.00346414182948
0.00379033104684
0.00286208727381
0.00318762688538
0.00323684378343
0.00377881489296
0.00463867832607
0.00505134535905
0.00398750184608
0.00525332195174
0.00464483187074
0.00332944360993
0.00275910031525
0.00388854864551
0.0028893389193
0.00314065771105
0.00493294478586
0.00380413895315
0.00365561492028
0.00457150688622
0.00455003355237
0.0049134539122
0.00279634053313
0.00461639582258
0.00467853630035
0.00401879193483
0.00473532384712
0.00385741957813
0.0044810300078
0.00411400992858
0.00312651086885
0.00284529353979
0.00506737175875
0.00549447266074
0.00391679309285
0.00391063476333
0.00512495864603
0.00462025140298
0.00458498810444
0.00468560793016
0.00368347293459
0.00330545893349
0.00448964498541
0.00301717509446
0.0039292306062
0.00558522234366
0.00314899248176
0.00353944126238
0.0029862532879
0.00513386339374
0.00484863648383
0.0057280804176
0.00352719443982
0.00387114275814
0.00421062373849
0.00322491988407
0.00440092304673
0.00385186270145
0.00377889889775
0.00347253470631
0.00332860701543
0.00311209553199
0.00287129564537
0.00387943606394
0.00356902281609
0.00366954643073
0.00410765415477
0.00459422441051
0.00286107779719
0.00428199670676
0.00344564815637
0.0044185904442
0.00472561817396
0.00459108571393
0.00533905365717
0.00307537179308
0.00495171030679
0.00415456397054
0.00410637533568
0.00273225908038
0.00322609345874
0.00277810106886
0.00309903667801
0.00279654554649
0.00351148748383
0.00361017047202
0.00301223385851
0.00303295369703
0.00322891361619
0.00248725472351
0.0027163303598
0.00257721181149
0.00261261871812
0.00246946941285
0.00380953967866
0.00314198076564
0.00437879630842
0.00381597501848
0.00276060972419
0.00309625507885
0.00347949765422
0.00374838295798
0.0030283540224
0.00352015695996
0.00308003947863
0.00253912653639
0.00324288386459
0.00322415415851
0.00407473519344
0.00295619278004
0.00270323573584
0.002588682934
0.00232692412768
0.00238975528388
0.00204867996662
0.00277141783027
0.00213785928725
0.00304647705007
0.0034618191028
0.00379724905422
0.0036051336978
0.00453169290397
0.00439066929529
0.00436499643372
0.0036887488222
0.00359270714903
0.00422518390449
0.00327997964941
0.00485500442179
0.00362896539992
0.00307567986377
0.00385081341688
0.0032552144647
0.00317743172133
0.00404787909947
0.00323328166422
0.00400330498483
0.00584766923309
0.0040434099746
0.00385246292199
0.00554999124315
0.003243859955
0.00349116335825
0.00427089933424
0.00350551984066
0.0031266823274
0.00324817191262
0.00393127269394
0.00406999508461
0.00309430819416
0.00340943991456
0.00369922738423
0.00500774956115
0.00467190075632
0.00448798515971
0.00517885834392
0.00554955363821
0.00648370689364
0.00462988883822
0.00413205255922
0.00348446037434
0.00457921514693
0.00429919450281
0.00396591286463
0.00444725304506
0.00518264843647
0.00325001643852
0.00339480560815
0.00356502837827
0.00331103531978
0.00336131890047
0.00535345471424
0.00458192159464
0.00433437079474
0.0047714032031
0.00335487025209
0.00425200577696
0.00374355450156
0.00387598004315
0.00313443281245
0.00322036592734
0.0043157247386
0.00313145770163
0.00409268684349
0.00310912609491
0.00239344732602
0.00336444162287
0.00257375060175
0.00285252153489
0.00305437741836
0.00418305536173
0.00567185577864
0.00489638931408
0.00271744344942
0.0044194413377
0.00357441999988
0.00369645142462
0.00409830666422
0.00651187243172
0.0059609395216
0.00581016609736
0.00414873675795
0.00289386579291
0.00330743175367
0.0057671974618
0.00644589379594
0.00558817561905
0.00471557211398
0.00618035616841
0.00519626197235
0.0042339619478
0.00413662116101
0.00343330253476
0.00367725442201
0.00590280927386
0.0049675371798
0.00373743705266
0.00365484848235
0.00395358540418
0.00456574530364
0.00334619055733
0.00472761907496
0.0041284555531
0.00407331099177
0.0058342495077
0.00380706493083
0.0029877133337
0.00344734921729
0.00395883126894
0.00387652239695
0.00287178838522
0.00497402630255
0.00447608367295
0.0043746149867
0.00433086972734
0.00390829439947
0.00511227335529
0.00522894997518
0.00507239015513
0.00354699825422
0.00437107725544
0.00340580250825
0.00359813946671
0.00303656439646
0.00426529995176
0.00509992306248
0.00353005694603
0.00338002862056
0.00347617293576
0.00378355137369
0.00471122242573
0.00411783801127
0.00479490241748
0.00430635409869
0.00518224807931
0.00569086821044
0.00482851001539
0.0024883358983
0.00194509856416
0.00351384700823
0.00342687774452
0.00416448346667
0.00397650113945
0.00362654878375
0.00343144596633
0.00427899867415
0.00359619499349
0.00325302026018
0.00409282985801
0.00423327789044
0.00340076398867
0.00322872263335
0.00307180506386
0.00268416888572
0.00278106339841
0.00332869194297
0.00367817664719
0.00347110496857
0.00490638871902
0.00386118423816
0.0025915807925
0.00270813874899
0.00201553946687
0.00206854493558
0.00228958574465
0.00210569674718
0.00270341907597
0.00306644523769
0.00247560808764
0.00383292213174
0.00329189148886
0.0029892433848
0.00413886232682
0.00365310953564
0.0031198293413
0.00359817820186
0.00370862132423
0.00369858199068
0.00369767252719
0.00398945558898
0.00354632490417
0.00345975815007
0.00282991734872
0.0040166917909
0.00386164855261
0.00450216250883
0.00491409850678
0.00420284322243
0.00521955776534
0.0047370819362
0.00269359237755
0.0036611101218
0.00503770420517
0.00475354857305
0.00335207716647
0.00438766606174
0.00402508608623
0.00421181155195
0.00403155429867
0.00276016634546
0.00351360669619
0.00399842437281
0.00495140381714
0.00388993121267
0.00414994002428
0.00487929720287
0.00407540885678
0.00438245864031
0.00324377602461
0.00373375715876
0.00333321458477
0.00362093601291
0.00440300653535
0.00297480731052
0.00205071255435
0.00236562563639
0.00168604904849
0.00296979583823
0.00356724570444
0.00320815194238
0.00260711085018
0.00259026362311
0.00403114900816
0.00313579857098
0.0028070217416
0.00269472115025
0.0024007178382
0.00174300296271
0.002196721724
0.00164521915854
0.0021769266679
0.00213715166769
0.00199963881104
0.00294955213623
0.0035954018179
0.00237421063635
0.00278350345657
0.00256792072419
0.00385071883609
0.00208294241208
0.00201671257731
0.0018086019652
0.0024618879363
0.0019186003619
0.00230831258482
0.00256984989277
0.00335702343766
0.00301141161114
0.00339669821543
0.00345346926824
0.00287892646962
0.00285546643802
0.00391144696993
0.00452749654922
0.00343804517963
0.00416960458336
0.00378423972922
0.00367617622413
0.00513878121757
0.00439282922109
0.00432948432754
0.00435227756869
0.00502261520526
0.00338415902076
0.00378454355135
0.00388174290211
0.00441939707196
0.00379931791652
0.00427914079479
0.00316872221242
0.0055401512865
0.0031860274036
0.00364820985088
0.00354895978708
0.0047292141117
0.00454025684603
0.00336115750285
0.00362533145558
0.0033930548529
0.00308381498453
0.00347495870152
0.00354648936759
0.00464167862968
0.0033042170386
0.00260492622591
0.00485223250412
0.00333573592028
0.00291819008857
0.00363528972347
0.0036967018024
0.00393060643542
0.0033252760004
0.00404966544137
0.00400833043876
0.00433521285325
0.00369283631533
0.00398204273225
0.00486732772909
0.00559293032337
0.00314362582884
0.00334409529778
0.00336208578315
0.0039383113277
0.00409573693309
0.00357538501709
0.00401026471441
0.00383325839238
0.0034176322818
0.00291219627468
0.00273946733269
0.00290928492099
0.00321839466024
0.00411935021581
0.00267656339481
0.00560234286481
0.0053033038848
0.00345988026965
0.00316482056791
0.00419444472887
0.00366295162495
0.00320238795101
0.00306929640131
0.00265361731045
0.00245741284489
0.00280195132429
0.00307051829871
0.00325805766891
0.00291172336647
0.00308095594033
0.00295506560808
0.005276901637
0.00544058429457
0.0047139094177
0.00391897090172
0.00339301215905
0.00387277219244
0.00435942476656
0.00585911952812
0.00539966735338
0.00477218998308
0.00442957014654
0.00354694582927
0.00262709666812
0.00271513729886
0.00337263936072
0.0037269536421
0.00420053630671
0.0034984010724
0.00368020240596
0.00416496957264
0.00437664884935
0.0044870635691
0.00428915667181
0.00628302634094
0.00474898920494
0.00346893513794
0.00423978020392
0.00402132757138
0.00398810885734
0.00444469194497
0.00588307688131
0.00203831428285
0.00214701664253
0.00279515217934
0.00286814922225
0.00354119290483
0.00273579444786
0.00319496475293
0.00311186737865
0.00331035884139
0.00274165182457
0.00400001896261
0.00471474266815
0.00317453271793
0.00273837411798
0.00314074241534
0.00380075392583
0.00531881548279
0.0051527914353
0.00486518320117
0.00433301301758
0.00341759962187
0.0029102206922
0.00310813580181
0.0045163421406
0.00535627120718
0.00459011981598
0.00517272916296
0.00395772292032
0.00346172542419
0.00407797571229
0.00345992775323
0.00363491629885
0.00439091580351
0.00440110047747
0.00579380060482
0.00348969763915
0.00321014240596
0.00315955261291
0.00278930152514
0.00355126773877
0.00323490282461
0.00640807106322
0.00312052506114
0.00265341899954
0.00270364080609
0.00344569038355
0.0032907601847
0.00295431879034
0.00279542267984
0.00196970728683
0.00275350402942
0.00252978428522
0.00300631366595
0.00288602756355
0.00374113051583
0.0033691235889
0.00371229906236
0.00379224514724
0.00331675056697
0.00256759677944
0.00326951769912
0.0032776322009
0.00571087346929
0.00458903951046
0.00432808695205
0.00353968124995
0.00543062119654
0.00311615395358
0.00272994458996
0.00264051892662
0.0031781451995
0.00301293396285
0.00289613952349
0.00288757740946
0.00300753064296
0.00334863213247
0.00297498124021
0.00314168324482
0.00407678101007
0.0029003526334
0.00257446087213
0.00277043479513
0.00212451389748
0.00166585476507
0.0032865366914
0.00207408322583
0.00193651136023
0.00217467336249
0.00264498902
0.00441231769206
0.00274200607105
0.00392614273131
0.0042242424134
0.0061853426666
0.00375780396153
0.00277690011056
0.00277824606172
0.00352554426557
0.00382767590856
0.00292283032061
0.00260385581655
0.0027975333058
0.00551451904354
0.00648442022804
0.00416767892713
0.00315977718528
0.00248256956753
0.00286200916417
0.00292673140007
0.00328736316441
0.00358632462038
0.00381757201224
0.00320478808373
0.00280908986458
0.00271273327912
0.00244297527748
0.00274214287666
0.00289835547954
0.002778236547
0.00297470547609
0.00333995443599
0.00471418973572
0.00444322950698
0.00441484665846
0.0046277228396
0.00245219302166
0.00205210050993
0.00249012047851
0.00262767011228
0.00339215411091
0.00349032904101
0.00379066166866
0.00227207692605
0.00406616449188
0.00477380381904
0.00149793544215
0.00325489317156
0.00342824636125
0.00391962232715
0.00449619189211
0.00505752060503
0.00339797717102
0.00356382290848
0.00443549586421
0.00363398653121
0.00415336470484
0.00430602398205
0.00417571119947
0.00496256644272
0.00486229276552
0.00442368812329
0.00421381381568
0.00507011806026
0.00481924367706
0.00654302706265
0.00274715744761
0.00353343605315
0.0037311153452
0.00302040807349
0.00372200530094
0.00355368422966
0.00360713894229
0.00289536930325
0.00419319955862
0.00267405547313
0.00283053803545
0.00409323642059
0.00378560759795
0.0036385915392
0.00443966889768
0.00459216179465
0.00383892447012
0.00404361617655
0.00371369516909
0.0035655786919
0.00408337662701
0.0049381880998
0.00349095032301
0.00351854737923
0.0047982760368
0.00479895604529
0.00370226227871
0.00384918211765
0.00408043064743
0.00364710951094
0.00323629210343
0.00278879255035
0.00262799984091
0.00306648328347
0.00355249460997
0.0040845861173
0.00435405334922
0.00488414834467
0.00296395381436
0.00438563098233
0.00383349192536
0.0037498137536
0.00359107483564
0.00393033958976
0.00369331441394
0.00363761179771
0.00355510070356
0.00349892892969
0.00238609437447
0.00164115612074
0.00137288591567
0.00212895385655
0.00243186764546
0.00275310282947
0.00224213734084
0.00259755612792
0.00285825671163
0.00299423476719
0.00258486734611
0.00286527227195
0.00333471246484
0.00283552617372
0.00322648352793
0.0027018334148
0.00306188779509
0.00218017223687
0.00236246548234
0.0023765673401
0.00301535221575
0.00322896628946
0.00329650170276
0.00371697107232
0.00457908171294
0.00327076783976
0.00357094227482
0.00359055033924
0.00313633945107
0.0034418276913
0.00372580138397
0.00342189431555
0.00208648758233
0.00218918808749
0.00174506035911
0.00136606727034
0.00248692981112
0.00266088419484
0.00205489203092
0.00246962115815
0.0024369004818
0.00391602950099
0.00333795445401
0.00282915788748
0.00378168762978
0.00317518046455
0.00261547546942
0.0021403374505
0.0027612870856
0.00283532026617
0.00444314757645
0.00340382577024
0.00318914730763
0.00281617210398
0.00408610369491
0.00384793972262
0.00611392454097
0.00309789898438
0.0027629742062
0.00242156556529
0.00402611384205
0.00471851949389
0.00257341858588
0.00321912566682
0.00229835683243
0.00265022229663
0.0038282606932
0.00489068743655
0.00330696575534
0.00276856195014
0.00291915310305
0.00345526636663
0.00282934680625
0.00239145331542
0.00507363325356
0.00378205006221
0.00332277795652
0.0032510847163
0.00371507169492
0.00246438999077
0.00357703903668
0.0045812697161
0.00339103583506
0.00338578599408
0.00384585317286
0.00224073957538
0.00248190069543
0.00254370560707
0.00388842437161
0.00362508928319
0.00328623738093
0.00384338268314
0.00310316755182
0.00497538876817
0.00422754697203
0.00370326559508
0.00221475507009
0.00223801208853
0.00225458964522
0.00244169959415
0.00428077750895
0.00245685594483
0.00336116412006
0.00225907531078
0.00513373511457
0.00452840522567
0.00223516787839
0.00239725409615
0.00241593575592
0.00342271874583
0.00452045177567
0.00298994524354
0.00314019303284
0.00343518197404
0.00321345905409
0.00272668952442
0.00309294756432
0.00351246908386
0.00463843716053
0.00267173931428
0.00249176997446
0.002195169301
0.00302068088107
0.00422687134664
0.00293369852612
0.00302981909532
0.00308152885966
0.00417012759848
0.00422255746033
0.00301829950902
0.00289591082182
0.00220350005624
0.0032246279715
0.0035860144187
0.00311689111141
0.00368994921842
0.00226793975345
0.0039353825211
0.00477476729497
0.00391590446097
0.00381297817258
0.00359263890717
0.00281223167988
0.00353277745231
0.00338563670285
0.00412284327956
0.00424102231925
0.00364823971271
0.00269983001055
0.00277150648418
0.00346390595888
0.00412201143391
0.00476686382718
0.00451719561798
0.00304247297726
0.00352516416291
0.00285657514774
0.00414108175419
0.0030929759735
0.00224517179154
0.00292997819167
0.00254980319346
0.00276477890741
0.00212227643281
0.00348822664272
0.0017180447213
0.00504049510303
0.00396084253267
0.00297282854509
0.00275377527042
0.00398759638792
0.0019603668646
0.00275066128993
0.00268474724956
0.00204358459471
0.00235828920326
0.0026438842639
0.00319726031822
0.0033106073395
0.003412695421
0.00322764654265
0.00463982615826
0.00423265982997
0.00419397300877
0.00409413302337
0.00349535257109
0.00378859009446
0.00337731333969
0.00228802209432
0.00243152273726
0.00300114625668
0.00264554750083
0.00466024889701
0.0056011775033
0.00520811692771
0.00314746900419
0.00312353763165
0.00314232874053
0.00402787290348
0.0045028960932
0.00435647818893
0.00411850381276
0.00280496093939
0.00260218541079
0.00255425810119
0.00202203903665
0.00311476775762
0.00253260324927
0.00344258687321
0.00281305916756
0.00168709401056
0.00226880777571
0.00274039883336
0.00227954447933
0.00592105154029
0.00388648692071
0.00208041805583
0.0038153530132
0.00304022119847
0.00183135796668
0.0021377923785
0.00222981021763
0.00448302045075
0.00313122451514
0.00407856645168
0.00257366078127
0.00387015364399
0.00221866018913
0.00284521526053
0.00275335274157
0.00276015047059
0.00404853910769
0.0036630239076
0.00447014243494
0.00441151485805
0.00287569608106
0.00233504445636
0.00298804180091
0.00313848860986
0.00340178636339
0.00383873644812
0.00266286595267
0.00220942440544
0.00257559050638
0.00295962921713
0.00337711778916
0.00219833007199
0.00246173902975
0.00269459855451
0.00217629813362
0.00326995319889
0.00445246054776
0.00376278791238
0.00278374530271
0.00219041847245
0.00257969882555
0.00253900050638
0.0025855111777
0.00390296591
0.00302726965967
0.00319653086489
0.00237372697037
0.00420389833802
0.00459811403317
0.00346441412748
0.00292471124696
0.00362059664588
0.00263739721874
0.00221653122095
0.00221964958011
0.00275937745791
0.00257583398155
0.00226461798141
0.00253317166491
0.00198862792247
0.00360459421302
0.00348019430692
0.00216405747173
0.00253025096772
0.00194745108145
0.00177882061333
0.00174459066285
0.00366065602541
0.00407438183138
0.00353975610964
0.00328470115028
0.00214737099428
0.00274200325294
0.0028476942808
0.00317281490932
0.00303333368501
0.00201531052461
0.00196088741563
0.00247620526946
0.00262041761647
0.00304624152948
0.00249648694077
0.00229896088577
0.00328156952981
0.00244598006722
0.00290753802427
0.00268184140391
0.00402372885
0.00345060764765
0.00331835456115
0.00323925122551
0.0045887973787
0.00273129559958
0.00220220703228
0.00321343113433
0.0038854854256
0.00539106185923
0.00435200286467
0.00359739665234
0.00344353990561
0.00281575630136
0.00244763200568
0.0024807007199
0.00175774434011
0.00195022857616
0.00238940107785
0.00361326141266
0.00420527949382
0.00499461626561
0.00265182193742
0.00291403895701
0.00314271059123
0.00308720745071
0.00196425327306
0.002136800715
0.00215340552327
0.00250355458169
0.00425746145716
0.00337399897594
0.00387612341811
0.00365048416686
0.00225542267066
0.00210052584392
0.00186842021324
0.00333853115363
0.00269917649393
0.00238414288557
0.00207750201537
0.00188921859513
0.00191640045731
0.00267943931972
0.00289479151936
0.00274093397546
0.00203153388642
0.00243067961175
0.00257811708435
0.00290320529926
0.00266026847242
0.00218286095449
0.00212798672573
0.00232053125292
0.00185179484678
0.00191428493388
0.00165755538895
0.00234050705726
0.00249972788941
0.0020941579385
0.00170798406859
0.0022345113346
0.00325704933769
0.00344299681539
0.00257231616044
0.00363939279394
0.00251156354702
0.00312408494041
0.00307532314467
0.00346597081406
0.00231985681894
0.00277700206286
0.00367160141814
0.00474186870011
0.00291245386472
0.00363561985783
0.00249346199154
0.00203587688745
0.00232909543704
0.00269797121315
0.0030516913905
0.00267434900456
0.00247229187422
0.00382475930488
0.00270680071222
0.00211197325629
0.0036194249772
0.00240953798161
0.00245475433301
0.00233344567641
0.00283706551603
0.00245330363931
0.00220522246006
0.00175768733248
0.00188743001263
0.00226540852248
0.0018501893662
0.00192957221132
0.00187012139658
0.00493809719816
0.00374174163448
0.00289168239025
0.00330340459425
0.00362997124115
0.00272808880703
0.00262594609145
0.0040456650027
0.00286373838801
0.00310545098903
0.00262618026446
0.00284587742228
0.00305073880106
0.00380757132665
0.00225416049795
0.00489731710182
0.00452469201608
0.00315968270979
0.0028877208068
0.00256756060078
0.00260714740706
0.00222756498024
0.00152569677059
0.0018142514492
0.00184963561666
0.00186375996726
0.00273983125832
0.00355493609531
0.00171934153265
0.00333607516423
0.00418151615671
0.0023350318375
0.00197046509895
0.00222185020134
0.00236594476753
0.00274999579399
0.00284658603269
0.00328767612107
0.00224741821882
0.00447184988716
0.00317581747097
0.00359667833905
0.00193378870404
0.00224644034608
0.0014119539062
0.00133476256309
0.00165854429861
0.00180112747079
0.00238535144099
0.00235234952077
0.00193847566662
0.00197473126395
0.00220741379231
0.00323708393566
0.0022913052877
0.00219639066487
0.00251724671658
0.00256543495446
0.00273327770589
0.00248049407404
0.00240851999749
0.00507431444364
0.00236283153605
0.00226270222793
0.00285280811347
0.00247073154349
0.00297074990014
0.0028216581031
0.00452987650552
0.00288057122486
0.00284850362044
0.00404450204858
0.00286314155639
0.00415754809958
0.001959177496
0.00481594015341
0.00589543194321
0.00460077794821
0.00435891965447
0.00448088694427
0.00375601504054
0.00270401200188
0.00293551426892
0.00288982304926
0.00304427085408
0.00304417239125
0.00244325271966
0.00247058532419
0.00329619100099
0.00302267275401
0.00148887999507
0.00197009121769
0.00186327126351
0.00242838144335
0.00184089981335
0.00238277781481
0.0019114004985
0.00364441637797
0.00369518757361
0.00191242458995
0.00244565705837
0.00236890565586
0.00310697301262
0.00464754306857
0.00341246862124
0.00489259561756
0.00255974188115
0.00354872632093
0.00250747200769
0.00261965934714
0.0027619464045
0.00309385787075
0.00399648792039
0.00305101062667
0.00332181867902
0.00381571050508
0.002576491785
0.00226784567616
0.00299050699393
0.00275205278608
0.00380907675847
0.00324171601317
0.00342250568067
0.00364556398319
0.00457530851606
0.00537622338068
0.00555572932849
0.00330787365384
0.00252483851849
0.00144730727455
0.00200542106849
0.00274424408553
0.00288022715162
0.00334863584764
0.0035751146551
0.00468904795518
0.00555764274176
0.00473205187046
0.00406009435085
0.00503058810838
0.00562970831904
0.00312006560319
0.00293902786981
0.00202160067043
0.00257693654399
0.00212894823447
0.00405786203514
0.00338820031053
0.00402982419848
0.00365267091131
0.00600024074565
0.0058809540604
0.00291668730182
0.00261178352353
0.00518209189805
0.00362388520117
0.00400296456287
0.00371313853584
0.00346325167493
0.00256975554887
0.00294682244445
0.00245340695644
0.00324183190151
0.0031568977258
0.00262264463847
0.00389338970278
0.00290266752663
0.00396299878034
0.0040596930255
0.00285358328684
0.00235034922857
0.00222802042121
0.00212751109297
0.00298791296123
0.00225624070483
0.00267522897066
0.00249783268953
0.00283208931708
0.00309057023248
0.00315249967437
0.00259056014049
0.00231974865162
0.00285344689624
0.00287701462204
0.00255771247674
0.00225960027553
0.00271001108296
0.00373028758553
0.00288776213847
0.00324088888738
0.00362874346541
0.00368236798666
0.00366191463515
0.00253784339094
0.00203657646563
0.00256395410655
0.00284761756259
0.00264262744235
0.00217923727464
0.00228765990214
0.00260861575041
0.00488276153379
0.00459754059532
0.00280246746864
0.00281615751052
0.00385622843298
0.0033395295925
0.00518542689279
0.0060617902848
0.00403500207396
0.00366094537129
0.00319231451037
0.00340413936505
0.00196090822768
0.00238047380804
0.0022727655273
0.00278633250602
0.00250297038603
0.00214381176616
0.00233830206999
0.00278947777993
0.00235581307837
0.00223449582974
0.00293013937036
0.002186693516
0.00235252880386
0.00179667429874
0.00203038085498
0.00206525037257
0.00404439464574
0.00505509274853
0.00218818537231
0.00222257689801
0.00287206996412
0.00275038610457
0.00309623267409
0.00294872544656
0.00385893128734
0.0038635356718
0.00465381890006
0.00492355864472
0.0056802207596
0.00363207564482
0.00263052774692
0.00317370743136
0.00312160508748
0.00412778349198
0.00476026913895
0.00360658167809
0.00454165203594
0.00330201446115
0.00440178864963
0.00268122169568
0.00278720370376
0.00320736056696
0.00275161771321
0.00201554485171
0.00170635899257
0.0017253335866
0.00200158668547
0.00163280902889
0.00399644164724
0.00356719096449
0.0028726827347
0.002213491173
0.00327688823517
0.0027418653974
0.00273715035728
0.0037817004672
0.00276709271029
0.00244904933246
0.00460974781338
0.00447426921696
0.00301822960309
0.00228356674846
0.00317295361861
0.00311836760917
0.00384255163605
0.0030104213063
0.00323477516606
0.00252792907364
0.00268559703358
0.00284890308755
0.00266720880102
0.00293620556658
0.0030050041513
0.00297838669139
0.00331355291447
0.00305823159205
0.00194910077466
0.00191254095839
0.00192728158041
0.00204422174628
0.00372864640438
0.00275435466809
0.00328646977883
0.00332024652046
0.0045406324484
0.00445590939122
0.00404822973294
0.00361924734126
0.00471475490073
0.00328459914514
0.00248133936662
0.00403619798516
0.00587274805633
0.00490869996305
0.00404900598932
0.00293803626364
0.00255577057553
0.00179223871737
0.00156512711559
0.00193066129876
0.00216578290224
0.00270474177809
0.00267172426061
0.00244373103768
0.00307289861524
0.00338331468424
0.00336221939087
0.00221176091221
0.00174453299943
0.00230803534484
0.00224653990031
0.00195897405346
0.00222953815537
0.00206186175237
0.00295089206327
0.00314513545037
0.00252539096664
0.00252474254198
0.00301963602484
0.00318533660455
0.00451326051882
0.00399674649176
0.0028451493644
0.00240441789564
0.00280172052838
0.00396624807765
0.00336019773518
0.0033750228346
0.00260759370573
0.00309440878869
0.00400490717664
0.00348933174313
0.00356784311786
0.00386522325084
0.00296571546288
0.00321801986678
0.00174712581537
0.0026694496801
0.001617907025
0.00168968319752
0.00173034532795
0.00188948016321
0.00190285643137
0.00166364282702
0.0021759274994
0.002301222563
0.00467559535995
0.00263913481027
0.00198496664142
0.00266916645148
0.00266349095567
0.00299707135466
0.00288634778877
0.00330080837618
0.00290814620443
0.00292692962555
0.00248573163131
0.00202178790301
0.00229622498096
0.00310303898983
0.00322833689616
0.00360449159659
0.00377626451044
0.00337594584534
0.00290041237914
0.00277493949737
0.00188432253839
0.00256037860046
0.0029882594164
0.00256088241254
0.0034170191048
0.00279631366454
0.00421469028892
0.00352209528062
0.00389002953044
0.00384655006186
0.00354353382733
0.00396189559513
0.00218013889652
0.00190648692512
0.00238301405754
0.00211746819546
0.00410562705543
0.00500269853624
0.00325230921842
0.00273945560475
0.00269862598892
0.00395333445196
0.00355583025512
0.00285625845344
0.00308759522562
0.00220570264666
0.00182546191704
0.00205186748081
0.00255127379086
0.00327647816869
0.00318172860908
0.00302789926632
0.00288036816394
0.00167826112742
0.00304239502118
0.0029191277139
0.00273790972125
0.00139463104987
0.00171430408602
0.00147630480593
0.00161083728694
0.00491997658198
0.00483508498248
0.00285280130489
0.00201791887211
0.00272056367397
0.00198217731502
0.00332392223828
0.00404317747172
0.00183144234866
0.00275130925642
0.00220557715157
0.00182808114838
0.00191792883027
0.0024430617769
0.00331361507504
0.00297315712151
0.00211449453937
0.00341755782051
0.00377833108184
0.0031918508739
0.0032721789675
0.00206257093314
0.00326006491407
0.00356908153187
0.0026243277487
0.0023510775247
0.00408358449583
0.00457768647246
0.00378173162034
0.00371571489285
0.00151866033699
0.00166921244032
0.00107186333261
0.00112582081219
0.00165939054653
0.00190307007524
0.00164493834761
0.0020905248859
0.00232001758597
0.00201702571227
0.00146906215422
0.0016060459157
0.00117302166043
0.00198532842251
0.00172288542101
0.00132086590534
0.00245290789254
0.00272938776031
0.00210784187851
0.00377060434928
0.00364388761381
0.00427110857725
0.00366237326223
0.00293922075259
0.00365110354989
0.00284282789882
0.0028554732252
0.00222499660007
0.00268478549847
0.00360490947644
0.00281347252988
0.00364106368629
0.00274051288739
0.00243949396855
0.00204805690672
0.00210205782325
0.00161423437607
0.00172164831261
0.00196064104294
0.00145976176974
0.00392610829239
0.00258404008339
0.0024349007158
0.0033610974374
0.00310138107054
0.00290693832866
0.00219185729637
0.00204441764534
0.00155251133615
0.00209764271823
0.00216735142171
0.00214462428159
0.00215942541169
0.00174794469264
0.00181364277321
0.00224011173851
0.00357979046707
0.00361693812868
0.0018320975043
0.00149729003535
0.00144303649152
0.0018980909924
0.00168421692326
0.00181900452352
0.00244919626753
0.0022068397554
0.00402033170368
0.00168798569
0.00197402127033
0.00231013669952
0.00295494889552
0.00166207438075
0.00178420434053
0.00131778194231
0.00117146163128
0.00114177410321
0.00162948859159
0.00189443688972
0.00186543348357
0.00190642428267
0.00201859914201
0.00263901578938
0.00229791428427
0.00236857580425
0.00206566799668
0.00238509325861
0.00183581054513
0.00442142242763
0.00283636143366
0.00263947729833
0.00238068720532
0.0023542314388
0.00268432696064
0.00253379761549
0.00230145506244
0.00225109709573
0.00299550939124
0.00214239957894
0.00153393915424
0.00440070261326
0.00203984484925
0.0015909432425
0.00154437658424
0.00122050237711
0.00104246228453
0.001152041513
0.0011117631513
0.00197080164412
0.00189723338115
0.0016797458709
0.0015590557756
0.00152197695187
0.00148669741824
0.0016127137916
0.00183982742197
0.00292047241336
0.00350446408063
0.00247430068088
0.00256296816183
0.00288869297332
0.0026911999564
0.00317727757807
0.00237197590894
0.00318492778585
0.00273913571932
0.00191091618821
0.00168545121584
0.00243142622228
0.00533879746309
0.00462781765386
0.0048097131309
0.00544055568798
0.00367637850968
0.00255810786854
0.00218203565598
0.00223679183475
0.00321177985933
0.00211484184379
0.00331377687471
0.00326679480231
0.00302556025137
0.00506255545685
0.00445884624801
0.00315284845555
0.002191339855
0.00218726304171
0.00299397767918
0.00254656234177
0.00258952221049
0.00318255515333
0.00355619776337
0.00276770625194
0.00234653358277
0.00330996347557
0.00332205982997
0.00267049099051
0.00187988817207
0.0027686697017
0.00216743460916
0.00535196514474
0.0049755746164
0.00176604748604
0.0014437676387
0.00176790382261
0.00206719344438
0.00230141163719
0.00226664453
0.00319460211056
0.00302555182258
0.00261022782103
0.00183227740889
0.0021023949915
0.00192833048411
0.00490666755999
0.00510425965138
0.00543341845243
0.00491496187131
0.00349267109124
0.00283693996664
0.00322380820139
0.00328461587607
0.0056814180043
0.00548820022628
0.00432086514278
0.00423789723068
0.00402982168332
0.00480364653557
0.00290938062276
0.00234017410599
0.00255292174698
0.00281874526637
0.00424533650831
0.0038781916301
0.00329267822966
0.0026192790176
0.00284153080425
0.00373501870668
0.00273246886639
0.00226039045275
0.00290431744449
0.00272304155834
0.00408478383164
0.00376385960749
0.00344994539465
0.00249758394332
0.00309178261676
0.00253517601739
0.00215816555305
0.00245942690965
0.00236825319969
0.00240770358458
0.00224290968581
0.00347004513186
0.00471624671652
0.00472278092843
0.0029810838623
0.00229392729108
0.00234516093324
0.00283375828906
0.00419421332537
0.00388466298184
0.00299174448262
0.00474183421435
0.00233347943161
0.0017865118735
0.00237897094878
0.00210170635453
0.00295195606154
0.00246563845257
0.00256082742167
0.00290200847242
0.00281599478372
0.00491129218772
0.0045423707702
0.00375360976681
0.0028751495079
0.00216450954026
0.00290793119888
0.0023846227683
0.00446132294925
0.0055642568301
0.00270225061295
0.00209014688336
0.00260549642406
0.00259824748323
0.00219541895179
0.00248434886791
0.00255049574084
0.00342151184379
0.00378517953433
0.00319712123262
0.00376132188051
0.0033847850699
0.00257476563447
0.00300902449903
0.00270438532056
0.00352031448979
0.00396352221043
0.00336232608798
0.00361978616335
0.0049138630229
0.00367258266867
0.00232370856018
0.00256179129733
0.00300369813147
0.00201181155953
0.00199267750118
0.00246827744821
0.00248873068914
0.00344161540717
0.00275245361032
0.00222420334527
0.0018605106587
0.00259106324488
0.00229667206454
0.00473655022531
0.00285099816208
0.0024136506392
0.00260635873609
0.00268660118444
0.00516747240869
0.00528760620669
0.00503595982466
0.00251678232741
0.00192000716996
0.001615194118
0.00224689708384
0.00217213189072
0.00456708904521
0.00211163243202
0.00163267084853
0.00218793830392
0.00210236209382
0.00379263597509
0.00367491625085
0.00375874357166
0.00305095148522
0.0035853229512
0.0041345271795
0.00257272402705
0.00233824537253
0.0025701633126
0.00263904743036
0.00360314431924
0.00304611592061
0.0028464616408
0.00382634257221
0.00371936447328
0.00329575441873
0.00281646209302
0.0056654646669
0.00342813249291
0.0041504019458
0.0031663942303
0.00248441094119
0.00246442905881
0.00254163744343
0.00305563534916
0.00179330339205
0.0018781062408
0.00219064917335
0.00240277747684
0.0030063648222
0.00287823301822
0.00332016174827
0.00416464406196
0.00269652961535
0.00205374712808
0.00245197022147
0.00201539514238
0.00328068881619
0.00309787971106
0.00306951498379
0.00261382329796
0.00214194330588
0.00157969033469
0.00201562631006
0.00169731209056
0.00260055650122
0.00218454838374
0.00262146123525
0.00289720400266
0.00431766352915
0.00375055077545
0.00473435071883
0.0042981139612
0.00255528994027
0.00224926101624
0.00293169875824
0.00292351153727
0.00215147834268
0.00266100235155
0.00197547261405
0.00159511800782
0.00192992280446
0.00168946040815
0.00214044539751
0.00253862135343
0.00353775114365
0.00387323819389
0.00411387939056
0.00279837281615
0.00216294605938
0.00258876818593
0.00285930635404
0.00450808905025
0.00414962661286
0.0027658314488
0.00292240222567
0.00170725267615
0.00175396859029
0.00230262842108
0.00215223159698
0.00276540615229
0.00270425112584
0.00289666646887
0.00337993493421
0.00331778852133
0.00395256155575
0.00238579285611
0.00234631808688
0.00233434923013
0.00206687110454
0.00228336058357
0.00198133284454
0.00241659850795
0.00151749996108
0.00221428667854
0.00171333924767
0.00315922511734
0.00363719669277
0.00397067359984
0.00264351720458
0.0019766456596
0.00224893408461
0.00230331705785
0.00498783586793
0.005459665673
0.00411918092892
0.00446114786417
0.00168775293678
0.00162083862457
0.00180478813522
0.00236203657012
0.00202293948064
0.00206657388727
0.00217941609042
0.00232674435579
0.00193569073194
0.00191301105442
0.00210568039083
0.00219729087836
0.00261265840543
0.003260370622
0.00297042622817
0.00286493245418
0.00207749203569
0.0021759538378
0.00257677569619
0.00281126180391
0.00210429691997
0.00242416291682
0.00176302822694
0.00284197858445
0.00169571421772
0.0037663673997
0.00405472523079
0.00392635937846
0.0031390384646
0.00316382947988
0.00407609924515
0.00306008399966
0.00367893394576
0.0018881124035
0.00163157091867
0.00198292830507
0.00233677456663
0.00298213445824
0.00294445971295
0.00204385123109
0.00162929716069
0.00173913508167
0.00162274842021
0.00211232151723
0.0017825730108
0.00296460722695
0.00321996269512
0.00221173992637
0.00173747898203
0.00215407815254
0.00238800640576
0.00332489180698
0.00291652582427
0.00294967211258
0.003606303928
0.00267096693691
0.003577042489
0.00360618738085
0.00304774182512
0.00161186966748
0.00154675127831
0.00187817340315
0.0023269424357
0.00272899864334
0.00248252331347
0.00134885808541
0.00154014790316
0.00169327462736
0.00157680455497
0.00345694240485
0.00412939838431
0.00219702896283
0.00197682855459
0.00148942301383
0.00246857797101
0.00316011121847
0.00370886026983
0.00151852192682
0.00120635597656
0.00146986581844
0.0014343602682
0.0023336243425
0.00161215717742
0.00167628499335
0.00210980745514
0.00192253977604
0.00164973815128
0.00180503507075
0.00158032506858
0.00215569047625
0.00198424408719
0.00179569328379
0.00238767548293
0.00285409806594
0.00324150507628
0.00265366155053
0.00255019646016
0.00225329458099
0.00241705890101
0.00177446163399
0.00154128626894
0.00161243558679
0.00204832374881
0.0025108431814
0.00228590579818
0.00311678594189
0.00363225737254
0.00246548182044
0.00228437897856
0.00263836541625
0.00245658796146
0.00294533773627
0.00349955658489
0.00308503400957
0.00344919579121
0.0036874771168
0.00275305805152
0.00158496496717
0.00162047311592
0.0015341566392
0.00167342886064
0.00261671315087
0.00295638779353
0.00316284670176
0.00203856989361
0.00250629969322
0.00350706954697
0.00198442011087
0.00265575142502
0.00198823460347
0.0016610342569
0.00141018978281
0.00209421507355
0.00161369050451
0.00244290862067
0.00194898580358
0.00249458688134
0.00264345006077
0.00234857277249
0.0033247628524
0.00262495258151
0.00178061071079
0.0017542327903
0.00237184447302
0.00180970537972
0.00353121152779
0.00360608532236
0.00304350489026
0.00394924946918
0.00497326677254
0.00328459091574
0.00185483256781
0.00146193246907
0.00161948317426
0.00164228736435
0.00151089080656
0.00150189552618
0.00202963121698
0.00171064759286
0.00227027991618
0.00255392656196
0.0027571894627
0.00191700461444
0.00251442069861
0.00256835998814
0.00281033415938
0.00203389087435
0.0017361759428
0.00185151729184
0.00261858504675
0.0022268910757
0.00196295949267
0.00249177616701
0.00273430241882
0.0019415994998
0.00149775014042
0.00184171242308
0.00179542545264
0.00214151147759
0.00238927642134
0.00253739354713
0.00297915171134
0.00257274551409
0.00237364112289
0.00219474396772
0.00154702041574
0.00174531547362
0.00214158171656
0.00228227400551
0.00196919532188
0.00225357626318
0.00306563757122
0.00284891600545
0.00248036383629
0.00232086505783
0.00391286067953
0.00312727742552
0.00332337493835
0.00278359567012
0.00208733987041
0.0023862241536
0.0024726217127
0.00216912664705
0.00235606124627
0.00394090985118
0.00260767445577
0.00281381694559
0.0026072127196
0.00265211412481
0.0031790387231
0.00329742689121
0.00318720350693
0.00369853576798
0.00289253028602
0.002843104298
0.00304261790117
0.00343352555019
0.00293033104749
0.00292327341123
0.00319228254058
0.00332195605411
0.00452719877182
0.00349002495744
0.00200083045796
0.00193784231216
0.0020513597916
0.00207996867466
0.00274372973552
0.00201321933038
0.0027860342499
0.00320505748279
0.00156208568709
0.00122884340762
0.00174780929267
0.00138573990319
0.00239396480024
0.00291616948004
0.00221179425587
0.00272768463695
0.00199291071752
0.00147049610268
0.00164970665698
0.0013889278875
0.00398715965183
0.001677853284
0.00189417773224
0.0015386403274
0.00192760846172
0.00182894246345
0.00186780294058
0.00156447069217
0.00182529144873
0.00178485180142
0.00166175783384
0.00202970612684
0.00170350372245
0.00202136147382
0.00282930359645
0.00345414942436
0.002885272599
0.00279274667475
0.00197722647544
0.00290879254474
0.00239848212979
0.00263538540891
0.00242597041011
0.00203163741092
0.00242868668889
0.00235009560315
0.00217205428965
0.00255471028643
0.00291850282268
0.00175742483134
0.00199286779822
0.00232657084221
0.00221575798561
0.00306843748718
0.00301683112314
0.00207772230321
0.00192913899828
0.00146882682885
0.00190958056861
0.00184891337822
0.00227685916554
0.00236388345888
0.00286505805677
0.00169571512522
0.00163589571401
0.0013996533351
0.00118075409519
0.00171278404727
0.00182935126891
0.00124605877053
0.00142763182625
0.00128002997924
0.00242883678698
0.00283784222059
0.00330901500252
0.00379153694306
0.00137332973315
0.00125102328878
0.001192927455
0.00165189373746
0.00150515068336
0.00161080554131
0.00241395737814
0.0018980329145
0.00255166277406
0.00171634347492
0.00158972304703
0.00146889080103
0.000929922252878
0.000946608706262
0.0011254050852
0.000902587040292
0.0031964709468
0.00276552874659
0.00403029824929
0.00280878828369
0.00278865703971
0.00324841564917
0.00238390753736
0.00295576050392
0.00312899170334
0.00430578613775
0.00268466670479
0.0019564803232
0.00207972989783
0.00185481738105
0.00261794857845
0.00271380216342
0.00243339309513
0.00217442122152
0.0026354557636
0.00268650063252
0.00337011448695
0.00360651062243
0.00260571692391
0.00243736328453
0.00300900492817
0.00326968778895
0.00348245897605
0.00217757884997
0.00244402933015
0.00288267334617
0.00315632334356
0.00335960807503
0.00257766030068
0.00453591417987
0.00307740491538
0.00149742678136
0.00182158100638
0.0019396863568
0.00190341302092
0.00182251107877
0.00297984582854
0.00194978274248
0.00143659654679
0.00160887534111
0.00136657163395
0.0025882663737
0.00260079082584
0.0025689013113
0.00218340945492
0.00176847841054
0.00159263404034
0.00128264479961
0.00116414575984
0.00127006249708
0.00178694143689
0.00124145556013
0.0016981231466
0.00134706326465
0.00100503104498
0.0011188160047
0.000963567704913
0.00126780616044
0.00118187095877
0.00129233868231
0.00130097540472
0.00203457798148
0.00243965182205
0.00300449313804
0.00162710440564
0.00177767803573
0.0019148487025
0.00230383210987
0.00200961774026
0.00140094766432
0.00223756818241
0.00181197530333
0.00150236842265
0.00124943248131
0.00132391283552
0.00205769531113
0.00202953343869
0.00168394470683
0.00350613579997
0.00395238012765
0.00350504354688
0.00420606652216
0.00270374259028
0.00219519249642
0.00235062768334
0.00298831638847
0.0051164384102
0.00569525070609
0.00167204835566
0.00332439809297
0.0030023332787
0.00271056396105
0.00406148866387
0.00449560971059
0.003437014236
0.0029846713883
0.00196230853862
0.00195231800377
0.00208681615035
0.00197873571668
0.00372558087574
0.00414360846186
0.00276417146589
0.00231364278938
0.00240145619963
0.00278116812608
0.00195577565323
0.00166896248659
0.00194019490134
0.00213031861852
0.00308556758495
0.00335575262596
0.00379424949752
0.00428123015644
0.00220822382714
0.00195538894301
0.00209335219658
0.00241457641523
0.00214989247511
0.00172107670632
0.00216745164711
0.0022274270158
0.00444694807935
0.00363446034884
0.00422927628883
0.00433512176245
0.00395399375252
0.00394291085402
0.00345620674465
0.00344353818536
0.00203331015144
0.00213589855957
0.0023479583026
0.00205765779887
0.00263817515373
0.00236696244991
0.00251195823563
0.00278961215854
0.00240079268185
0.00187530888475
0.00238198673748
0.00195242808626
0.00465086815712
0.00429311764839
0.00296906945784
0.00242183085407
0.00304120792169
0.00249705515304
0.00355150045801
0.00324928086929
0.00377563997029
0.0036723623724
0.00306561076692
0.00320011564036
0.00201971813917
0.00179468980502
0.00208834405095
0.00193597571107
0.00165364105972
0.00160495493983
0.0018601329966
0.00163961009618
0.00190783676647
0.00180124739632
0.00228491544451
0.00229246247223
0.00447899083383
0.00476956960558
0.00230742479493
0.00207339279688
0.00221449023311
0.00232577615932
0.00388815672322
0.00415081253207
0.00482879192813
0.00498638195885
0.00249743292061
0.00204008448554
0.00256792538658
0.00208785261351
0.00230287409433
0.00198415646015
0.00202167343292
0.00191631475125
0.00456256837442
0.0047517634527
0.00206812588519
0.0020149830728
0.00201089295664
0.0022150251998
0.00230220178114
0.00190161136881
0.00227497512367
0.00192205009204
0.00370605439105
0.00373759232901
0.002040954013
0.00159675584253
0.00173830694248
0.00184836148259
0.00202441803777
0.00171602870467
0.00192691795788
0.00195005927725
0.0036540257544
0.00638964731882
0.00200973954879
0.00197876022655
0.00185041694261
0.00201657064173
0.00277228881
0.00288094934052
0.00209364302177
0.00194888072063
0.00235110061615
0.00213264206884
0.0027898503383
0.00294354528914
0.00315542472227
0.00301137127404
0.00233278925751
0.00199141649457
0.00227568499405
0.00231071680168
0.00181527434318
0.00172309358162
0.00199937769622
0.00197468349396
0.00356096623934
0.0034775396542
0.00366963305256
0.0036977612132
0.0048573469099
0.00434133927499
0.00266351595362
0.00221902233085
0.00273628559744
0.0022883766155
0.00332831085219
0.0030916163299
0.00232190443215
0.00173601055647
0.00210064067998
0.00202851106964
0.00365270377711
0.00323443175484
0.00202346425383
0.00138306689727
0.00177344766567
0.00158243593671
0.00229411524065
0.00195037988718
0.00221451603621
0.00252269829112
0.00236072221988
0.00186963804485
0.00225819686931
0.0020886115539
0.00275680198289
0.00307857207918
0.0027422893562
0.00285671887177
0.00186917251514
0.00158852467392
0.00205614013803
0.00194085679851
0.00353899849972
0.0031742748749
0.00163321978634
0.00144531035454
0.0017346670887
0.00164943185474
0.0033766966796
0.00360457413169
0.00509835150369
0.00497240872245
0.00270812729053
0.00226217474484
0.00269913346695
0.00257787516478
0.00423199283693
0.00454693017059
0.00222194290788
0.0021862441642
0.00255757911733
0.00242383282613
0.00240149269481
0.00203381216007
0.00203135874293
0.002434561022
0.00271925366288
0.00286766623128
0.00167911786846
0.00148006510175
0.00154933456727
0.00169352974064
0.00486382558225
0.00490451193872
0.00243804519569
0.00345604751814
0.00170067271507
0.00165516388714
0.00161451285166
0.00160619070019
0.00232230386624
0.00383246585402
0.00205400415217
0.00181857466712
0.00164623245489
0.00200755133006
0.0026894570589
0.00321413000953
0.00363354863322
0.00378572121192
0.00213161533137
0.00180728479126
0.00196641170898
0.00220753840044
0.00330467690889
0.00291102603149
0.00228915556622
0.0025984878397
0.00451194755971
0.00445990837195
0.00412471399694
0.00383169663804
0.00307672594973
0.00292361862137
0.0044192064633
0.00435924635612
0.0038890802198
0.00391210397707
0.00201684352423
0.00192360283137
0.00259227105719
0.00200479882503
0.0032714256721
0.00325140222218
0.00337720857047
0.00302695799154
0.00267483849832
0.0020973946705
0.00194754329406
0.00183482819723
0.00205781273812
0.0015456508923
0.00152654540265
0.00125139492233
0.001274031113
0.00173008290068
0.00328097779665
0.00239355332645
0.00183704764695
0.00229951027411
0.00261973122669
0.00197095874964
0.00178620833873
0.00151447863751
0.00187090452713
0.00178867457796
0.00273214463533
0.00273292707641
0.0028577396794
0.00325682483915
0.00350073291978
0.00316531911357
0.00277786142069
0.00246996238315
0.0028154208787
0.00305686409677
0.00188018245729
0.00154500616172
0.00172005735254
0.00168937412299
0.00262545893535
0.00300778456348
0.00195326911771
0.00150643277657
0.00186765979569
0.00192114339393
0.00270087751459
0.002673361445
0.00199384950012
0.00193673275708
0.00125073468037
0.00127364545309
0.00160223558157
0.00131343265627
0.0018707850876
0.0015038468439
0.00163624155128
0.00173380997272
0.00196923714126
0.00228547588563
0.00359961722158
0.0033434555156
0.00203461922958
0.00153881833577
0.00179697257829
0.00193167483759
0.00401985335232
0.00435118255747
0.00234715004927
0.00346077623033
0.00142766310144
0.00157854559555
0.00151185555648
0.00101158124079
0.00275432316806
0.00294390692555
0.00186484236204
0.00143219254846
0.00180532200268
0.00163396681488
0.00247056012722
0.00278677827599
0.00365016816103
0.00364678722122
0.00329003874826
0.00291034801565
0.00159833148122
0.00154558819203
0.00170129610961
0.00160353272093
0.00259300906746
0.00303561861403
0.00255475301239
0.00264180473444
0.00143460120486
0.00136029847299
0.00160761274471
0.00136582909649
0.0014812142759
0.00150964152099
0.00158432002314
0.00169648699197
0.00253964150277
0.0025931164619
0.00191359513744
0.00174435943679
0.00195808361103
0.00205776511916
0.00258520431899
0.00294642391349
0.00144611167643
0.00162079691395
0.00214712586762
0.00179447276599
0.00313466410755
0.00473196353412
0.00206429151264
0.00174807356816
0.00194525092131
0.00209864588813
0.00342624221278
0.00290722316728
0.00252833556564
0.00280558770314
0.00298349008726
0.00322401705726
0.00349531919411
0.00285801721552
0.002840462641
0.0032232665575
0.00210666310589
0.00279143193434
0.00173955628483
0.00149367555052
0.00145274209951
0.00173698879337
0.00255615630021
0.00280055824688
0.00196434796411
0.00273975861126
0.00259624346186
0.00257569504583
0.00244110453184
0.00277013062829
0.0022483032184
0.00196885416806
0.00198882978682
0.00205716083631
0.00368463461085
0.00582575008303
0.00199786800746
0.00184651682419
0.00164528279238
0.00180213183957
0.00274212309459
0.00299536597171
0.00174658113514
0.0017807889353
0.00212190834569
0.00206954743919
0.00221234046326
0.00191906043547
0.00207612883497
0.00230346076737
0.00431774637323
0.00393514748526
0.00307021391035
0.00280264696796
0.00319323088588
0.00271883751625
0.00261253249274
0.00258680062465
0.00237405799396
0.00224150035919
0.00277527779614
0.00306182206648
0.00256078929448
0.00274167638825
0.00207080660547
0.00172314984978
0.00292013118728
0.00229155042288
0.00286947755051
0.00347705503198
0.00246991990865
0.00192551846406
0.00204003252696
0.00237710022512
0.00316303395937
0.00400971308
0.0019298716836
0.00165213015481
0.00206797290283
0.00154088026697
0.0030602423573
0.00353501453093
0.00202860270672
0.00190446317369
0.00320705202209
0.00297373873407
0.00257580458766
0.00220759587817
0.00253642475477
0.00256042757222
0.00271414800282
0.00220635280795
0.00221262736567
0.0028317880986
0.00215047680294
0.00205038569327
0.00186477577764
0.00227561333002
0.00326235053964
0.00400819115258
0.00125139537608
0.00110562081501
0.00125458141516
0.001252816496
0.00157838745142
0.00140579746291
0.000740183294423
0.000762028799532
0.000791237520806
0.000944000506832
0.00193346842196
0.00170389311562
0.00236268835746
0.00380142153589
0.00233010411727
0.00216214441561
0.0021307772337
0.0019645022945
0.00272620151939
0.00321158732489
0.00204159100805
0.00162023509363
0.00149913346735
0.0014802321731
0.00227824408457
0.00216843612087
0.0052800299367
0.0031337325482
0.00193529842814
0.00193029809636
0.001795921799
0.00144669347298
0.0017149486221
0.00159003453454
0.00211949689309
0.00152838885315
0.00123442070291
0.00107189973166
0.00111897000529
0.00107569892162
0.00155651778732
0.00144700214924
0.00332605035307
0.0036134222577
0.00134144617637
0.00110611722727
0.00130217882416
0.00156848854887
0.00369015089596
0.00317435719941
0.00255083992619
0.00271313001322
0.00328708262156
0.00332187205941
0.00212808035352
0.00187184454731
0.00205526933387
0.00227542100396
0.00312224965744
0.00279619443225
0.0013697937982
0.0010331428019
0.000966460516083
0.00128174303734
0.00101352631823
0.0012199711308
0.00140694931148
0.00143293596869
0.00189342530587
0.00189774348877
0.00134745109352
0.00122614346595
0.00142233068899
0.00138467805563
0.00209159360491
0.00231784983274
0.00187445448052
0.00192608330923
0.00172315348158
0.00266072803148
0.00528225615756
0.00228793886392
0.00173431920239
0.00141497827817
0.00155750995343
0.00167392154724
0.00217926602938
0.00376440720707
0.00140637785325
0.00120417186491
0.00148462477087
0.00154995081473
0.0017837644232
0.00165763417821
0.00225678240669
0.00267554950743
0.00221786586316
0.00219399883954
0.00160423780505
0.00156530134512
0.00191291922817
0.00228403691283
0.0017777383392
0.00226662614727
0.0018806934031
0.00163440777265
0.00136398204643
0.00185317609301
0.0021136365253
0.00170006190491
0.0020133046079
0.0022259510477
0.00244148167154
0.00285056709617
0.00117570742075
0.000848754694213
0.00088678684742
0.000807472277888
0.00123941384268
0.00136369016396
0.00201870638488
0.00148712507711
0.00109252220313
0.000914716622315
0.000902965564432
0.000982199590272
0.00172877742499
0.0017577060132
0.00255043009781
0.00227093888378
0.00272233473403
0.00241019496543
0.0022836621319
0.00230161452164
0.00177957209149
0.00162452341237
0.00162285045104
0.00201053272886
0.0013111113996
0.00139023684937
0.00120996166499
0.00130401339626
0.00178611809609
0.00151825315891
0.00156710978358
0.00157652379885
0.00131024131162
0.0012789236254
0.00158436017945
0.0011417757824
0.00291974899171
0.00343648903602
0.00302607691102
0.00355819083093
0.00352290076306
0.00292777937566
0.00341445071533
0.00539082117669
0.00287470030992
0.00331966081687
0.00171133437653
0.00135189020069
0.00146322377475
0.00152100635262
0.00355807539529
0.002729861904
0.00151061643082
0.00169891104643
0.00158170161004
0.00151582044804
0.00124164738837
0.0019237876017
0.002286651885
0.00295203994369
0.00175694648006
0.00180122053154
0.00265557359648
0.00282603679914
0.00254610671761
0.00302534544198
0.00208630386618
0.00179809765287
0.00249296312322
0.00184707736658
0.00107994256802
0.000935920240035
0.00164183876133
0.00166598968705
0.00203149390594
0.00173972842195
0.00338517430601
0.00247944030244
0.00127220029528
0.00133442384714
0.00147698149898
0.0010495855551
0.000971392778135
0.000969492953925
0.00223617333967
0.00302091485191
0.000891126088714
0.000986153023725
0.00141101295208
0.00154069612727
0.00227090626856
0.00176848921971
0.00301647902222
0.00158909174457
0.00218203944549
0.00270360893182
0.00217625851846
0.00279339815853
0.00114101933653
0.00113629132992
0.00247768931724
0.00244247827627
0.00222860569347
0.00261603501158
0.0029586795654
0.00276613841524
0.00269669551654
0.00291059640769
0.00231511397554
0.00223825424053
0.00176972509728
0.00147573700674
0.00167812663792
0.00153749656286
0.00247606313269
0.00230208176998
0.00292139039206
0.00282082548898
0.00230434427376
0.00252672049973
0.00244063737525
0.00228122163021
0.00471146049705
0.00241715907909
0.00227582539084
0.00221064333459
0.00230330464239
0.00257331311587
0.00295733067203
0.00257882658345
0.00373008144341
0.00207485817316
0.00225559348015
0.00259892283692
0.00268927956016
0.00275304818703
0.00318449969123
0.00332112399187
0.00173290940895
0.00177027959398
0.000970695866801
0.000717746487042
0.000828588538456
0.000770859587909
0.00125640480794
0.00129885275481
0.00237763610671
0.00222832234397
0.00189499013721
0.00206970316959
0.00233506181685
0.00250355734091
0.00105020231152
0.00116696145372
0.00103909836874
0.00135979447589
0.00246239186115
0.00248014724049
0.00163794834329
0.00216515762532
0.00123832054202
0.000902525859692
0.000987472805838
0.00106200058809
0.00220456680741
0.00197897852127
0.00131378954586
0.00117774337547
0.00123770736219
0.00157029298835
0.00271151548316
0.00209455955803
0.00305028691067
0.00203466386154
0.00157943127534
0.00157137736707
0.00102420351361
0.00086007444172
0.00090460285828
0.000898309124649
0.00163762019614
0.00161632843159
0.00198213652722
0.00195738223528
0.00150590078876
0.00144676613438
0.00121223489216
0.00135384841372
0.00202954000218
0.00184703699675
0.00191856596879
0.00215753589675
0.00256689263958
0.0017700264796
0.00157850573003
0.00133757539823
0.00236427109657
0.00255416141756
0.00102731522556
0.00107616369821
0.00246206244087
0.00175476808173
0.000892131743468
0.000957551490231
0.0019925476049
0.00435235812623
0.000981652283737
0.00112852345469
0.000817968388469
0.0015619437999
0.00158811856704
0.00172215615532
0.00155587203513
0.00180028200178
0.00202408025244
0.00233855950097
0.00141506003163
0.00133050026504
0.00267504130404
0.00175392686162
0.000897352493446
0.000695700323765
0.000788992760705
0.000815382182837
