0.0366432142456
0.0315735646249
0.0316293701467
0.0304846668789
0.0338712221897
0.034982333683
0.0339397302645
0.0354333158136
0.0341362586683
0.03119932247
0.0345964886452
0.033120527986
0.034776694582
0.0350155099322
0.0358502081311
0.0188852747143
0.0189721760019
0.0305522468578
0.0303440492057
0.0234301262789
0.0233883858386
0.0181916173946
0.0160650631926
0.0199441414071
0.018153924497
0.0304788111618
0.0304845780451
0.031881481434
0.0310960480705
0.0313137138994
0.0359506306258
0.0298275616571
0.0322916696466
0.0311331563506
0.0315892649142
0.0321841136519
0.0316844118238
0.033406724946
0.0364319308149
0.0353544839956
0.0342040032124
0.0338759381399
0.0326724949564
0.0357089821674
0.0349436999186
0.0348389162302
0.0340478415216
0.0342891698704
0.0334398222233
0.0357088574218
0.0335284299959
0.0365355359992
0.0363073069935
0.0353859667871
0.0339324943669
0.0332644209495
0.0363101583287
0.0334543948047
0.033370278846
0.0295180501464
0.040807741448
0.0410816730962
0.0250667272748
0.0367166518142
0.0313688664803
0.0308065035297
0.0226794266189
0.0301573589569
0.0366947588965
0.0369977013279
0.0377167408692
0.035599833146
0.0340404106528
0.0392409106156
0.0391837886478
0.0392373702043
0.033880649693
0.0349889756255
0.0304264147176
0.0325504578844
0.0355937937381
0.0339790464282
0.032250376675
0.0295816814332
0.0326744740479
0.0323294735956
0.0329638698723
0.0356360410286
0.0287561721147
0.0307237635859
0.0312744313266
0.0321466223609
0.0293252266955
0.031889683105
0.0305581810724
0.0208092641309
0.0321676892376
0.0333716698026
0.0380912662933
0.0339520001962
0.0295181692731
0.0380417789756
0.0372258947623
0.0331939978414
0.0304693454099
0.0303559813995
0.0349986711518
0.0364842348442
0.0369566653886
0.0356826863992
0.0357586880642
0.0360911626042
0.0331491888868
0.0353736818873
0.0336418361167
0.0365227905976
0.0355862705982
0.0350186877621
0.0343003252145
0.0315397177466
0.0319185813202
0.0335818534516
0.0326172111441
0.0348355562522
0.0286870174266
0.0283920157279
0.0253043712579
0.0275092208267
0.0275097798223
0.0375522157399
0.0341771076721
0.0375393681102
0.0207212122287
0.0202577378181
0.0187025433838
0.0257717245412
0.0206086240062
0.0206489057411
0.0217712114976
0.0205205477777
0.0296753710751
0.0339026795637
0.0288543734839
0.0281961465407
0.0253303522295
0.0253116478096
0.0185051788109
0.0180182545219
0.021055017514
0.0185051682168
0.0223416036734
0.0187811162997
0.0206348163613
0.0205452909106
0.0187010776914
0.0222459121335
0.0262257367779
0.0245035006118
0.0237921382591
0.0266946247004
0.0242368109463
0.0225042994475
0.0224466315467
0.0230571355279
0.030342662077
0.0313805393333
0.0333878203221
0.029211150527
0.0271342409513
0.020923775475
0.0199184898765
0.0208460214445
0.0213623370361
0.0179167315509
0.0183082357014
0.019034926858
0.0192343030013
0.0273923380766
0.0368131632291
0.0297273747623
0.0281185774946
0.0246636843272
0.0187381678985
0.0168341086483
0.0209766362067
0.0209343618728
0.0221608974201
0.0176136005386
0.0181439376291
0.0195265913585
0.0229873773861
0.0235563043423
0.0316230124375
0.0346350308177
0.0329042609411
0.033311944124
0.0256532205862
0.0153761645087
0.0255185403552
0.0172858302493
0.017149958071
0.0167588776436
0.018737943139
0.0179267252767
0.0191742771105
0.0183812144744
0.0195703186857
0.0242452642073
0.025238348105
0.0184737143389
0.019042989972
0.0220405882657
0.0248304562457
0.0254892375183
0.0239296544053
0.0179460790156
0.020318107652
0.0184123756398
0.0256102253328
0.0274643990278
0.0284438034442
0.0325497133458
0.03001607826
0.0214590912321
0.0237595280819
0.0244781889725
0.0198871596307
0.0202089345933
0.0205368661871
0.0253688660301
0.0254407993512
0.0219222936146
0.0277287777045
0.021838746619
0.0177401024084
0.0187044510749
0.0189126135943
0.0239666041087
0.0216655869827
0.0238027733612
0.0168457679592
0.0143746528198
0.020253608117
0.0190287889378
0.021324660651
0.0167854327968
0.00955498350699
0.0113658831367
0.0152517987523
0.0227845667906
0.0228346641711
0.0104443502063
0.0130385657501
0.00977512648136
0.0270069517838
0.0296896451675
0.0187972718728
0.0149646901536
0.0199494028107
0.0181904714593
0.0243745615801
0.0280921737666
0.0168962858969
0.0173677670783
0.0139679958594
0.0195771606331
0.0216508190356
0.0254185592692
0.01573206246
0.0126714095107
0.0154667390388
0.019596915712
0.0267722300068
0.0175395261664
0.0161685953714
0.0169299074437
0.0184246190178
0.0224475804317
0.0208281456766
0.0211577020618
0.0223289985131
0.0217684098357
0.0180228203229
0.0195185133893
0.0142043359314
0.0168783857931
0.0181444894826
0.0251403276383
0.0237829445625
0.0138743120656
0.016466636644
0.0205507225507
0.0208865320368
0.0215006189432
0.0158486561312
0.0189970074026
0.0182763773704
0.0139283551396
0.0140576282424
0.0144837566127
0.0191400933585
0.0144882122518
0.0132357334689
0.0143341067278
0.0115620883581
0.0111929971886
0.0105725914764
0.0113729344885
0.0121148961347
0.0113616435907
0.0116643025014
0.0122184353961
0.0114384977081
0.0111289645927
0.0122715883022
0.0162084266408
0.0160955845605
0.0210221455589
0.0207318386801
0.0160153707393
0.0167787969908
0.0188930161354
0.0203777247671
0.0176355422629
0.0125108922034
0.0135303697185
0.0122227735713
0.0113896022577
0.0200598638734
0.0200326974413
0.0155750970731
0.0171509996339
0.0138032690197
0.0161393257794
0.0158444147487
0.0206481669298
0.0166613002086
0.0153810727632
0.0177769083269
0.0204364482754
0.0148384560643
0.0168816793711
0.0176208113943
0.0219793204711
0.0138289966135
0.0170327892856
0.0134422628071
0.0180915033044
0.0165419012083
0.0162549505536
0.00843580846055
0.00873719550281
0.00952602652764
0.0112765324417
0.0140339029865
0.0162939184642
0.0130146925688
0.011107416843
0.0152764916644
0.0239799999559
0.0114346903996
0.0112474027556
0.0117337755238
0.0104985592393
0.0133600269049
0.0159996774896
0.0157876136288
0.0103010336462
0.00936399311952
0.0142258051631
0.0078796347626
0.00933990703647
0.00945801247249
0.0133231553355
0.0149718156172
0.0117873318995
0.0105253565527
0.0112044741257
0.0132090184353
0.0110554874228
0.00947672688273
0.0102052092375
0.0104284165565
0.0141666064531
0.0117420370441
0.0118276078875
0.013105914702
0.0132884236304
0.010332445453
0.0125223466288
0.0111256936612
0.0201450826605
0.0197082385735
0.0187414384908
0.0188843853565
0.0184812687197
0.0184720465571
0.0113874458628
0.00944904541122
0.0115890216447
0.0113801553796
0.017332017663
0.0194139641031
0.0193261454173
0.0188856837273
0.0192545442421
0.0185111937385
0.0196197415861
0.0157469300452
0.011182207944
0.00898977750673
0.0108312445194
0.00984496982702
0.0119318655518
0.0103923899699
0.0119922477995
0.0120423153466
0.0183780469076
0.0184124496588
0.0171061022132
0.0183306308707
0.0188015139755
0.0198575539681
0.0198427642299
0.0188954184924
0.0188793008165
0.0181599971684
0.0174887032675
0.0192544766519
0.012166308861
0.0102889779426
0.0121320492244
0.0117548951853
0.0118052493965
0.00993714688669
0.0108186189784
0.0110842339753
0.0124138826588
0.0226297937986
0.0178941352647
0.0190860159366
0.0116102893475
0.00968553715033
0.0106850573045
0.011234835394
0.0100080472773
0.00885852046105
0.00962020037277
0.0105135443528
0.0157918091663
0.0226170938472
0.0219969613907
0.0192004334068
0.0186086552897
0.0140754019875
0.0128174956844
0.0125595135137
0.0122842615742
0.0161535700217
0.012433729004
0.0129071931968
0.0154268321707
0.0162648121315
0.0162355510171
0.0154192536664
0.013823006521
0.00760907998879
0.00570433526254
0.00690928470939
0.00675246445124
0.00876239589295
0.00906099007704
0.018433833108
0.017486971288
0.0109213884711
0.0102112086146
0.0114159077351
0.0116488758571
0.0111371177282
0.010746554092
0.0114811112945
0.0111155276787
0.0109113451587
0.0105621278166
0.0112077416462
0.011247248695
0.0189589138754
0.0182868859783
0.0170697182897
0.015763203043
0.00818884792623
0.00910924514648
0.00870109921339
0.010798036914
0.0205897574993
0.0149390456207
0.00609224919954
0.00571772628623
0.00563659344222
0.00564088782285
0.00903148140106
0.00901457098954
0.014896855125
0.0296732405933
0.0106105675163
0.00896015937506
0.0086936337362
0.00815917554696
0.0146707220072
0.0160083800923
0.0160046861901
0.0146609426279
0.017389483102
0.0193843251921
0.019300907514
0.0171993193828
0.00931193572817
0.0087353220455
0.00973372426015
0.0101237443091
0.0102925700685
0.00843300489113
0.0093391639137
0.00915866721718
0.00918559881681
0.00844773033795
0.00929143582294
0.0103118395364
0.0182952601186
0.0176634093246
0.021976420439
0.021510008059
0.0202900204839
0.0212103210983
0.0178350854407
0.0170943749856
0.0173478033047
0.0187916275157
0.015454426389
0.0169028748621
0.0188721565645
0.0175015313438
0.00889734843929
0.00889408652481
0.00966658797307
0.0103559169452
0.0103468701752
0.00874862600935
0.00969574989412
0.00877561195656
0.0178522355034
0.0176519154702
0.0175846231811
0.018267060761
0.00825171169647
0.00772706634285
0.00864706274386
0.00896256500574
0.0126484500559
0.0117250762692
0.015222809055
0.0157999747459
0.00992287292876
0.00978199037067
0.0102575659225
0.0109233219445
0.0105154741118
0.00881311665489
0.00982398506057
0.00956669872889
0.0174692735091
0.0182061020313
0.0163323635932
0.0164316614013
0.00973865303348
0.00861976228101
0.0096255974399
0.00993486523704
0.0146794871084
0.0157935544371
0.0108729614588
0.00951628805294
0.0101630567045
0.00981260483985
0.00764641547777
0.00763539393455
0.00872929997984
0.00885228051085
0.0213586152936
0.0206345822647
0.0169204497119
0.0169594315379
0.0130508249578
0.0130363237814
0.0127376588135
0.0141447849849
0.0142877991401
0.014622514467
0.0130707938296
0.0135262564057
0.0141775788654
0.0147290283183
0.0147232967804
0.0139518315607
0.0071051382442
0.00681347348219
0.00660885744387
0.00605555655195
0.0116828035926
0.0121392352314
0.017878680146
0.00959733362426
0.00595976657422
0.00869929719745
0.0235945514363
0.0123209808124
0.0104901392814
0.00952894301292
0.00942827186387
0.00942719004676
0.00943923612613
0.010122522135
0.010130034144
0.00944628057133
0.0204563311343
0.0114899707914
0.0120919919392
0.0127735690376
0.00942322568873
0.0094557728736
0.0108389403367
0.0122167851297
0.00908155067554
0.0100440943507
0.00934617299407
0.0080985963726
0.00826916137339
0.0084104285477
