0.142027333407
0.205554796282
0.236889338742
0.26642597171
0.260907662588
0.218685013184
0.2041849591
0.266204970411
0.238458389155
0.214997263952
0.196104934615
0.195365764307
0.219566488628
0.243902987277
0.266361332159
0.215229345655
0.209140333929
0.275298987933
0.257367588826
0.235547572914
0.207975571181
0.275994791037
0.244740045242
0.264144677662
0.263832331688
0.260829490915
0.248524715906
0.209577721836
0.215465220052
0.280920449519
0.205963895829
0.255494635943
0.279809603498
0.238928238149
0.226901538993
0.270758737986
0.23270006569
0.258156981003
0.25444066579
0.324674749613
0.305802749798
0.259996462512
0.294611209508
0.318721778132
0.258925494
0.317292218974
0.314776968323
0.304509763832
0.26301159404
0.312146217756
0.322953171087
0.319365173186
0.268924204189
0.258540832671
0.26596183806
0.258751625226
0.26249543247
0.216492006898
0.216163703466
0.277330539459
0.311709734552
0.26135004452
0.318495436182
0.3155301457
0.324670749502
0.321068099675
0.26343974158
0.22797601828
0.31918541757
0.313254601575
0.320575923491
0.314298581855
0.316740481385
0.261514689444
0.259968395714
0.278471832958
0.259324157218
0.216317430938
0.263897035096
0.260666207753
0.265587582284
0.262711235971
0.311371076679
0.319882848402
0.308716053928
0.262754304243
0.298234057425
0.321234350023
0.259231858685
0.314430036078
0.314274505931
0.300128463626
0.263071230553
0.303475216018
0.245376471113
0.275034351212
0.205582739096
0.25481139267
0.280196621925
0.239122400301
0.229914860057
0.272885363763
0.262733162964
0.266941455383
0.267142534723
0.273612785074
0.241564132998
0.290292007494
0.369296266061
0.396678548718
0.268967251559
0.249144204384
0.313995634405
0.328717450128
0.321397087236
0.315405682134
0.252804864385
0.216552206791
0.153738090425
0.17030565634
0.230824166844
0.330550731604
0.401110862583
0.362605601502
0.312806918702
0.325325030081
0.332857390709
0.25289313704
0.26479644689
0.28697428381
0.309560244548
0.232537675367
0.279354801146
0.242791856715
0.176298307031
0.158106164601
0.252610754007
0.299756914259
0.292830901813
0.253939617395
0.308073108484
0.310656049261
0.264136172852
0.257293339281
0.318639399686
0.303118584104
0.267140478649
0.261439482568
0.306688088023
0.253825576413
0.329074946125
0.310560253824
0.258547223695
0.355095721706
0.316090173085
0.254134662149
0.311749782542
0.266323318505
0.270785961253
0.198071775893
0.170395416288
0.16291208342
0.230284598766
0.246687136028
0.368596375461
0.377949890458
0.305089196563
0.152111611529
0.192220342522
0.377081020852
0.233251601211
0.294818275017
0.232942866776
0.134929267714
0.0896985133145
0.0979129693975
0.0651075950076
0.0880788572763
0.147475561584
0.139316280142
0.109941557019
0.201370749289
0.0920991755613
0.105577240202
0.0705639156795
0.120142376651
0.197041048927
0.307168318964
0.142802017813
0.118595980505
0.146366492771
0.183680705244
0.0574283518869
0.0517610611002
0.0474672940342
0.0655608111668
0.0609385614137
0.0486517982572
0.0531233119369
0.0536681827226
0.127762400857
0.246728968819
0.109743697221
0.110694675852
0.0515117725035
0.0515016103361
0.0561862114772
0.053329344156
0.0795649641482
0.075978754731
0.0780826418395
0.0770018975546
0.0759291092473
0.0727691250958
