0.221039023419
0.62141704256
0.621281643776
0.566719185186
0.558681635831
0.575310193252
0.593947140012
0.534839295833
0.264343575741
0.884661878579
0.893635166131
1.10524941994
1.01817932997
1.22173282464
1.10335768009
1.02034946543
1.06649142462
1.00560554109
1.11144566518
1.01818104377
0.986579909797
1.09298745777
0.917379065086
1.08557109206
1.25694885818
0.868088627333
0.744853031417
0.849637619869
0.7265465637
0.832161069974
0.977913214685
1.22914195417
0.721303323201
0.625631092505
0.96386881038
0.954636539379
0.310864365177
0.496921868158
0.66999547553
0.121362977855
0.353939382541
0.262237407663
0.355856153822
0.415328860275
0.422125667958
0.458641679855
0.110131222098
0.107717714127
0.194731871871
0.151470202082
0.0686009082666
0.120841057978
0.122603603833
0.0922759963291
0.100605613019
0.322965541886
0.353321245119
0.384872204651
0.322301762493
0.656689730469
0.694627403091
0.381656621096
0.416302719445
0.119255120194
0.133980301377
0.120601708579
0.062091624751
0.0434650990643
0.0354639490259
0.0416175233375
0.0320753411408
0.0298184035304
0.0351070669256
0.0602813838233
0.058832213526
0.0495991351339
0.122285072245
0.083612954284
0.0349317918198
0.0485714182569
0.325835570455
0.290390598402
0.734085806553
1.08299970122
0.472068372912
0.515926022129
0.451724275153
0.465030935566
0.678969820031
0.77377192839
0.0551900303521
0.0336668145675
0.0324396367957
0.0472608652339
0.122120075383
0.160305875167
0.0523527921807
0.0830796650856
0.0925513232437
0.125156023991
