0.0495517738978
0.0414666466796
0.0397500441375
0.0312838871084
0.0266268783185
0.0229058835876
0.0275115240041
0.0459696818632
0.0512310183767
0.0508582422689
0.04790121136
0.0487625778157
0.0514333749379
0.0518312458721
0.0509378851108
0.0513654174795
0.0507970048877
0.0506237447686
0.0461180951187
0.0505640426463
0.0493649316789
0.0456029559085
0.0471295705413
0.0339083726364
0.0450432885693
0.0444406398475
0.0441205441365
0.0282801596087
0.0471997859247
0.0315577812947
0.0331279612582
0.0450775691506
0.0435594553446
0.0467219537307
0.0415738956895
0.049644925175
0.0481841687987
0.0440910355837
0.0473345888967
0.0467308878413
0.0534340281151
0.0498580887294
0.0467697505873
0.054501131638
0.0484498158315
0.0463666735742
0.0491808110288
0.0442301360035
0.0416635178449
0.0458736336342
0.0425689009874
0.0258590632776
0.0333439761615
0.0290547788124
0.0295853497567
0.0532821972857
0.044780842726
0.0494687728287
0.0470487470887
0.0444219169467
0.0560473534844
0.0489205777222
0.0513566514546
0.0561080081207
0.0455738613229
0.0525168833733
0.0504203250331
0.0424391734747
0.0517111616869
0.049717934774
0.050481493866
0.0344635228157
0.0309830329081
0.033089445137
0.0436274314953
0.0470058465296
0.0481665946334
0.030415918463
0.0479419469248
0.053230455238
0.0510856526406
0.0473917198809
0.0454086655892
0.0498029064034
0.0479621099683
0.0495033609815
0.0499936602903
0.0431522726081
0.04881084994
0.0518566878796
0.0505152677421
0.043237210914
0.043133026933
0.0456072616165
0.0451216249719
0.0297973063897
0.0319148055377
0.0300557257701
0.0296020108809
0.0480893637748
0.0496449274462
0.0451635514315
0.0464507716022
0.0510940438959
0.0503195483181
0.0489196743019
0.0473619627415
0.0530663310625
0.0513656705572
0.047554267289
0.0442201026979
0.056226560882
0.0504866864411
0.0442136580542
0.0497242630967
0.0472101098444
0.0488911750667
0.0496373022792
0.0477877875297
0.0331613474062
0.0269876518216
0.0274087326433
0.0438173870021
0.0437840961225
0.0421278318614
0.0457871596123
0.0457070802536
0.0458046918554
0.0459155846936
0.0458369058263
0.0459233109496
0.0566344902713
0.0504873529471
0.0502689538372
0.0564499143028
0.0504092485805
0.0504242632704
0.0566884295911
0.050450176847
0.0504580734728
0.0568247346965
0.0506724617183
0.0473069884978
0.0529366914396
0.0494581256965
0.0498590498922
0.0568394432675
0.0505231396884
0.0504005295803
0.0497703031458
0.0436708155145
0.0504586598579
0.045187100173
0.0461752456285
0.0508574964411
0.045366027187
0.0510172068032
0.0458924241871
0.0467231107551
0.0510001759559
0.0452562683964
0.0509530670316
0.0483716428794
0.0485855074041
0.0510134997545
0.0451062639354
0.0511115949724
0.0484045720957
0.0460987958001
0.049503277054
0.0333525808709
0.0366580044181
0.0480868764007
0.0482118154124
0.0504512337529
0.0435512519739
0.0498267489276
0.0435126363749
0.0434906603887
0.0342235455485
0.0222022769802
0.0327538495161
0.0304530779329
0.0326012275835
0.0289528478029
0.0206618286052
0.0330553720639
0.0296664770309
0.0329371861755
0.03131991866
0.0321903971413
0.029528425599
0.0209676312265
0.0329227949009
0.0297776650111
0.0331404205642
0.0312430048523
0.0325698759443
0.0363453213284
0.0367248249006
0.0325555021622
0.0312118096319
0.0332661890597
0.0306407799874
0.0322238485317
0.0340939368988
0.0303014344658
0.0328163173129
0.0225345879615
0.0338258554994
0.031568824216
0.0313549286707
0.0458398656612
0.0432032905408
0.0336868927054
0.0331754423597
0.0486796686667
0.0450000596401
0.0451312857821
0.0453417160529
0.0310177920207
0.0483324222309
0.0493120695649
0.0496157574623
0.0517529539589
0.0466150172771
0.0335680494458
0.0460714914206
0.0427209259142
0.0310507179741
0.0482215904984
0.0493274562998
0.0487336323166
0.0505234298799
0.0479739553797
0.0380379915406
0.0290097760746
0.0213211688788
0.0395624432151
0.0461053163684
0.0504597198981
0.0448530592144
0.0478683205609
0.0466746425369
0.033398283503
0.0339357601292
0.0443858784413
0.0466053713583
0.0489261886672
0.0492256226707
0.0513847052266
0.047172027402
0.047964852158
0.0330768113864
0.033306476916
0.0470975367338
0.0491738645679
0.0498093821104
0.0508443592707
0.050248074606
0.0521842583645
0.0479537077273
0.0358633897222
0.0525354841246
0.0466966993223
0.0455740334583
0.0478362251105
0.0337458169398
0.0516734502814
0.0484232333646
0.0462310957018
0.0520843844588
0.0344843231854
0.0485583326734
0.0531335107473
0.0505515609961
0.0513273167385
0.0463982288503
0.0451637968799
0.0313113200841
0.0302387900045
0.0477738079394
0.0488926139996
0.0504799426337
0.0494660610754
0.0343500100267
0.0314751622178
0.0484884739506
0.0482920336469
0.0511868109302
0.0512365356031
0.0514090420612
0.0518049394668
0.0509251691958
0.0470088250293
0.0452175803989
0.0347422903115
0.034902285747
0.0484435201271
0.047517660529
0.0515181842808
0.0502024130526
0.0519867798683
0.0505913743336
0.0461655057523
0.0480762449542
0.0342129732413
0.0461057722239
0.0483164159304
0.0344409772425
0.0532323120276
0.0497891592426
0.0532491719154
0.0512882993152
0.0511057510414
0.0481886506984
0.0473153968572
0.0330595205508
0.0326455403084
0.0466591217787
0.0468214027054
0.0508528742527
0.0496264747346
0.0479623397043
0.050964915993
0.0336229922192
0.0502109183413
0.0486996141034
0.0507777754473
0.0513256417169
0.0483025521345
0.0516507833866
0.051585649777
0.0513726710798
0.051209906739
0.051649127602
0.0509323669374
0.0515678651822
0.0477298040365
0.0473008120306
0.0343463359248
0.0339078471724
0.0489907886155
0.0489395653854
0.0510405246923
0.0514637539947
0.0513429731791
0.0515558940799
0.0500437213219
0.0500385361522
0.0458037012353
0.0465324829121
0.0354879523823
0.0346589222145
0.0481070997698
0.0472733112382
0.0489146298875
0.0491855722452
0.0512447453991
0.0514141167723
0.0504507408471
0.0469245742866
0.0449599329394
0.0326861430094
0.0345282675851
0.0495562125577
0.0500338125729
0.0520433006318
0.0524836601567
0.0532363461545
0.0534416084072
0.0535101787644
0.0533136210061
0.0526768244924
0.0533374059145
0.0520496445412
0.0518319623199
0.0518133377574
0.0520596470087
0.0518721367223
0.0504609269897
0.0478217460088
0.0485360480271
0.0319758361832
0.0425128015821
0.042528002884
0.0309044813114
0.0422504487838
0.0447348998617
0.0468099482343
0.0484718521905
0.0494562183147
0.0490515856715
0.0461473654893
0.0483556784749
0.0315779063279
0.0437788349725
0.0448631125973
0.0312940690871
0.0420813261714
0.0451073252093
0.0483729964461
0.0477949552592
0.0475899326085
0.0482651206098
0.0448722370159
0.0481377488746
0.0298341555301
0.0449768640357
0.0494679943815
0.0346960031888
0.0515389014276
0.0490492145433
0.0513894537499
0.0515622398051
0.0514050752957
0.0511832564515
0.0454300909479
0.0342694409142
0.0508647088021
0.0502732002473
0.0527060335421
0.0522094528026
0.0512258470819
0.0520188809173
0.0516439035787
0.050480690756
0.046387330099
0.0293245691051
0.0299107844992
0.0297319191603
0.0220335762642
0.0342835411363
0.0317029350337
0.0336730203373
0.0300616795515
0.0328519783929
0.0307391774019
0.0205087958341
0.0330934522101
0.0308656495597
0.0308889925039
0.0315652384998
0.0217804119654
0.0324809526028
0.0324264299148
0.0323703031258
0.0300414981341
0.0214565163147
0.0334547612005
0.0313316533664
0.0324214373764
0.0323711248159
0.0307745842147
0.0320785732022
0.0187877841612
0.0295405807276
0.0385222178146
0.0470577041604
0.0491935896167
0.0481431697684
0.0480572659974
0.0481996401872
0.0479324661329
0.0450863638679
0.0408272278237
0.0281213802727
0.0296413872152
0.0453375659921
0.047802414818
0.0451310995869
0.0486334348141
0.047674211767
0.0466468169021
0.0421979859426
0.0406017013718
0.0286723369483
0.0332159565214
0.0231706366817
0.0444092722056
0.0452711690176
0.0330160657602
0.0513162475599
0.0477511757889
0.0506035842058
0.048949231699
0.0467735390536
0.0479768706374
0.0305381798788
0.0485570881164
0.0468730874947
0.045348068821
0.0476268149143
0.0328131984961
0.0481979595958
0.0470060927756
0.046988916484
0.0479361976715
0.0324131217072
0.0488805075065
0.0475850175529
0.049141996626
0.0491909673362
0.0456498957439
0.0488356941576
0.0311799586932
0.0261299913888
0.0267356483243
0.0293961375067
0.0319960381894
0.0320731680297
0.032208261141
0.0322784824357
0.0323606193082
0.0307958402726
0.0279361808633
0.0189090244125
0.0197804328927
0.0309806290649
0.0313183376188
0.0299839125182
0.0318405644703
0.0345247330794
0.0342095703047
0.0297953228452
0.0490324445162
0.0501108285863
0.0454650998028
0.0519025817112
0.0339913456722
0.0460418879962
0.0469110363093
0.0339367439722
0.0499590218585
0.0484692213084
0.0501567413988
0.051107782467
0.0506399703511
0.0519260715392
0.0479125692836
0.0517585990482
0.0343017761079
0.0475045454104
0.0491163361218
0.0341711806564
0.0483795618886
0.0481341179554
0.0503432280831
0.0513514247659
0.0509157251962
0.0515533726981
0.047429803647
0.0519811091805
0.0330231807648
0.0482154617979
0.0468123388102
0.0331407465133
0.0480933034974
0.0462110870944
0.0484089450115
0.0487130978447
0.0482566850391
0.0480004389242
0.0428761464881
0.0315966516997
0.0477995090513
0.0465131359754
0.0469506435263
0.0473238044406
0.0460785820465
0.0487637176178
0.0489933172521
0.0514122366555
0.0515265440614
0.0510682038969
0.0518421390091
0.0479553644669
0.0470362308366
0.0336681707428
0.0335291188916
0.0490409435957
0.0490422982126
0.051133325048
0.0514849403335
0.0512383158752
0.0517923676948
0.0504767144814
0.0501656546041
0.0461527725343
0.0461935967724
0.0349710448543
0.0349044455927
0.0479410304845
0.0469572139363
0.0487702112132
0.0488845917056
0.0509336889535
0.0513572727946
0.0520915066116
0.0481251184923
0.044863357851
0.0317406210171
0.0332704207054
0.0495318061555
0.0495780134577
0.051892079136
0.0522042964061
0.0528297499657
0.0531110806416
0.0531700607583
0.0529425709685
0.0481563551726
0.0464271579605
0.0475901094751
0.0487357847038
0.0513544182955
0.0512292040352
0.0511642064326
0.0519358600175
0.0509250501319
0.0471277405288
0.0460922104162
0.0351915890624
0.0345773570455
0.0479306191959
0.0475631890969
0.0516169489095
0.0502710486944
0.052016385719
0.0505706637548
0.0459746759703
0.0478053013971
0.0340904190898
0.0461212834416
0.0486470028862
0.0347489416323
0.0533515126354
0.0492869187149
0.0507076039046
0.0529326295894
0.0512232447515
0.0482892410732
0.04732017263
0.0328917198971
0.0320001355227
0.046262878512
0.046879314148
0.0508734967106
0.0499248372856
0.0481523644244
0.0517116528128
0.0347182206291
0.0507337540935
0.0495190857645
0.0440153163779
0.0344192108531
0.0449078574831
0.0481396916287
0.0508877629868
0.0514259182136
0.0519478918431
0.0475300176763
0.0480265364352
0.0333339338327
0.0333724228135
0.0475245424086
0.0493045973608
0.050106279338
0.0509700972872
0.0504430664085
0.0524519887089
0.0479140541212
0.035742779543
0.0525873065276
0.0470760780791
0.0456823210832
0.0484708592461
0.0344885909759
0.052248180386
0.0486988928447
0.0464846754515
0.0518496145415
0.0348654090072
0.0486414752646
0.0533657546088
0.0506042414723
0.050980243676
0.0460402083415
0.0446455438304
0.0310002642386
0.0300730867319
0.0477625802286
0.0457320509785
0.0341213178369
0.0322185781547
0.0458520283257
0.0459493911578
0.0480534897728
0.0440160707198
0.0425920958633
0.0340982823413
0.0323691931378
0.0480249900144
0.043646445548
0.0437489265605
0.0445070821859
0.0303437702573
0.0477677875651
0.0491096146405
0.0487319259927
0.0454008774287
0.0513919885087
0.0328690869206
0.0449868765153
0.0418613774924
0.0301326481978
0.0472628202838
0.0491041760311
0.0481035193923
0.0501301253745
0.0469612167087
0.0376596843804
0.0290596691981
0.0216535837103
0.0387966816652
0.0430287007252
0.0487503964954
0.0345712416393
0.0309644946993
0.0448828819404
0.0443746411674
0.030231505591
0.0340559498645
0.0223658250344
0.032849845536
0.0308538356557
0.0329086858615
0.0285221240049
0.0202505488258
0.0328157007086
0.0298957238151
0.0330328651137
0.0319530678614
0.0329742179026
0.0294674785852
0.0205641844176
0.0329198151832
0.0300172962819
0.0332003901521
0.0314648112294
0.0328073173352
0.0368332065178
0.0370085302686
0.0329482063944
0.030796692935
0.023653219119
0.0338320519441
0.030231124889
0.0462692108907
0.0512875650795
0.0456743278983
0.0517072835911
0.0465206800218
0.0470613091933
0.0516463170877
0.0466159046269
0.051994165784
0.0471125901429
0.0475451338121
0.0518014958355
0.0464837798924
0.0519202056225
0.0486629693955
0.0487664199008
0.0521004715188
0.0515779485887
0.0466376473545
0.0496176664912
0.0559428395949
0.0498027516047
0.0495659570314
0.0558231363491
0.0497665911076
0.0497703822939
0.0560930497006
0.0500295735732
0.0506610458231
0.0566550312311
0.0437542335025
0.0441520055265
0.0565489701187
0.0503131381277
0.0459313454104
0.0458225172309
0.0459582759546
0.0461993575603
0.04558421846
0.0457689366807
0.0502301876105
0.0601996545466
0.0495526513609
0.0347972064948
0.0348035948879
0.054345223773
0.0607840169596
0.0416608551105
0.0236277587923
0.0339839115681
0.0372199281917
0.0401969625128
0.0545082145205
0.0506029827728
0.0363750527631
0.0354554432599
0.0399279865529
0.0391274075273
0.0518561478137
0.0258696339236
0.0303986587751
0.0441732170851
0.037654149705
0.0513274310129
0.0468098536763
0.0493055579186
0.0520193653509
0.0487191194687
0.0462949021376
0.0504290598755
0.0381529603565
0.0406608842066
0.0268021639197
0.0344449103182
0.0399628609119
0.0330019282438
0.0321979739685
0.0317722727575
0.0428713352764
0.0455123690219
0.041299544256
0.0443325440168
0.0300711832509
0.0391276171706
0.0370468329656
0.0381219660953
0.0345317112905
0.0225006933519
0.0540038200082
0.0538498245842
0.0483439730057
0.0473960689222
0.0423613303264
0.0432670128604
0.0403658140616
0.026611801388
0.0244002360462
0.0360297103326
0.0356317564884
0.0389666608665
0.0344397207028
0.042101264825
0.0379414993051
0.04483192585
0.0416441794545
0.0361538908178
0.0359359603002
0.0276810991708
0.0436383392957
0.0588061651371
0.0536067745669
0.0356706539459
0.0353946447037
0.0251187498377
0.0184044013484
0.0316612877181
0.0287679954407
0.036136773052
0.0479726004834
0.0308235032726
0.0394506801084
0.0408478029608
0.0302860033269
0.0327352700186
0.0451222515974
0.0328959872565
0.0274343042775
0.0435729178249
0.0453548340036
0.0500222659907
0.0478178782196
0.0473799578944
0.0464288220928
0.0267797511466
0.0275849473336
0.0265735317495
0.042830550624
0.0435056723086
0.0420917120268
0.0465545960111
0.0464371578245
0.0448530534289
0.0317790407804
0.0208781767166
0.0295337074446
0.0447979114432
0.0402062119028
0.0277652755457
0.0292654837816
0.0315428397196
0.0192064306433
0.0300192695406
0.0307824355106
0.0197155620121
0.0307436548388
0.0274438498876
0.0303915718951
0.0300707908605
0.0302260099602
0.0303277860955
0.0197487441379
0.0293160131456
0.030442278852
0.0206551292934
0.0318140422911
0.0294260595947
0.0313027006816
0.0311500127748
0.0317008126075
0.0458249798777
0.0306249155924
0.0209173207824
0.0287064652696
0.0287929178319
0.0445697730292
0.0497029627381
0.0507346707789
0.0506072059231
0.0448358509029
0.0417314135651
0.0277309694213
0.0303337419754
0.0484308404293
0.0481422774268
0.0488888582932
0.0493781794827
0.0485829913723
0.0482075698661
0.045700408817
0.0457731530814
0.0321104181538
0.0314793540704
0.0476585017538
0.0481907845865
0.050091794152
0.050136940441
0.0462460273844
0.0500030739464
0.0323603922322
0.0443133759226
0.0460488971419
0.0318359521022
0.0548419873035
0.0552669851625
0.053364993373
0.0545066950679
0.0502141434968
0.0482664947068
0.033041686776
0.0338652442986
0.0505021566298
0.0514542503291
0.052676136088
0.0531599479343
0.0482064614457
0.0504060351213
0.0325299998971
0.0478148238697
0.0496915720468
0.0328828459979
0.0525073164028
0.050703185585
0.0524751466524
0.0523906275072
0.0486452909191
0.0523026302664
0.0338976334048
0.0460986977639
0.0494980661437
0.0345013942096
0.0489687843121
0.0487525907221
0.0487132714822
0.0472858109885
0.0444644717835
0.0451255032239
0.0297087607541
0.0307056994806
0.0447482271235
0.0449400188239
0.0486783963751
0.048623167768
0.0491417200423
0.04500712575
0.0322040689483
0.0447804599108
0.0461681654485
0.0328802829355
0.0478621185495
0.0490805623078
0.049761451072
0.0496224563467
0.0451226456927
0.0467468638836
0.0321778229572
0.0313875157832
0.0468065174743
0.0487994867804
0.0316410749443
0.0298218260834
0.0315678974794
0.0200355061435
0.0299853717949
0.0305581253517
0.0194377898
0.0308716045883
0.0274924389916
0.0299678395292
0.0296791352745
0.0296693258678
0.0309406079569
0.0204989317134
0.0296939830679
0.0309187420947
0.0203188290709
0.030350066256
0.0289778563527
0.0314472495343
0.0312566300732
0.031787653839
0.0445417373578
0.0293928470549
0.0205626785034
0.0303848963765
0.0305193319532
0.04201775583
0.0432469413645
0.0323763812368
0.0301522473495
0.0458664515351
0.0456152368105
0.0509651544466
0.0512820866083
0.0501202966986
0.0519702171994
0.0483938800936
0.047799313194
0.0318176655069
0.0313351090698
0.0429520206425
0.0447318254931
0.0473806315986
0.0493221057789
0.0473636875496
0.0466896180866
0.0319681387081
0.0203184446125
0.0295301111956
0.0492310903282
0.0442828329125
0.0446340555811
0.03566991022
0.0460052352793
0.0441502110208
0.0331053578589
0.0526180154239
0.0499666798166
0.0523055429449
0.0518731509861
0.0470368670026
0.0520346842453
0.033671534912
0.0486902088895
0.0513901340675
0.0498209452747
0.047956304563
0.0447627421838
0.0312831089679
0.0317178680005
0.0516912422742
0.0497056544505
0.0498464921486
0.0459346976386
0.0313507848834
0.030390610385
0.0452507973139
0.0497746649
0.0470672684086
0.0511323518684
0.048753960816
0.0470635588057
0.048230569823
0.0436959374131
0.0317022033987
0.0313399217509
0.0516478989506
0.047846221717
0.0306450988309
0.0223653888863
0.0340586880324
0.0271474547619
0.0321213372237
0.0304980630322
0.033004337281
0.0300431575088
0.0196212381999
0.0349887076163
0.0321131864303
0.0483717422249
0.0465476455284
0.0557096470681
0.0474306341277
0.048126495184
0.0629257743163
0.0569741206828
0.0429155121598
0.0537520749809
0.0572017378381
0.0381375620437
0.055081106778
0.0540423303986
0.053304763669
0.0525956942139
0.0364332954784
0.045668773567
0.0436108242201
0.0428772435638
0.0304076784607
0.0367775580916
0.033542411232
0.0362027603614
0.0380298400973
0.0254159308504
0.0364531334569
0.0366066072815
0.0355662194784
0.0526574555263
0.0630436917412
0.0584596625549
0.0467821883996
0.0463086247123
0.0603309420156
0.0663711575826
0.0467767679658
0.0511118552541
0.0395957066604
0.0243984879776
0.0299736996716
0.0374941334594
0.0454392380748
0.0548600259259
0.0365336641152
0.0593637209408
0.0390905549368
0.035728517508
0.0370330840022
0.0473665824632
0.0375870699974
0.0403450612238
0.0616452412464
0.0527719740314
0.0392241976129
0.0256924721969
0.04334232036
0.0568845241097
0.066573383668
0.0551473906222
0.0595254103492
0.0544395703369
0.0253490401512
0.014035409105
0.0138386575671
0.0147722045249
0.014038608892
0.0111660089847
0.0228820481634
0.0129353986962
0.0125636637836
0.0124338195682
0.0141267381267
0.0246240238683
0.0121679582462
0.0240137839679
0.0119495122369
0.0153215767632
0.0132907775983
0.0155629408147
0.0153173820657
0.0244748038132
0.014669482196
0.0244908002938
0.0161029039112
0.0132670795448
0.0143177887823
0.023920123173
0.013745158594
0.0140220852578
0.0154847484455
0.013105362993
0.0136657974393
0.0125272145888
0.01352074768
0.0119597583758
0.0128798722724
0.0142170966434
0.01221245619
0.0156465225444
0.0143178568175
0.0122688233636
0.012921294944
0.0144912845312
0.0183059295341
0.0174776146655
0.0123432439478
0.0144385941604
0.0132978827047
0.0176131115476
0.0259709064008
0.0253508482453
0.013359269863
0.0287560340352
0.0272696062371
0.0333950413779
0.0135597691149
0.0133831620932
0.0129359222398
0.0221877921515
0.0246404401068
0.0249568337507
0.0157426594131
0.0138112058468
0.0124780818754
0.0135925789642
0.0163948483177
0.0151686464824
0.0133182115839
0.0164290497398
0.0260253828463
0.0232163516289
0.0105841805089
0.0141199999336
0.0122488136291
0.00422823952678
0.00519564711778
0.0129265351976
0.0135855210083
0.0143523734819
0.0130921342207
0.0097354458859
0.0139133479402
0.0240161870589
0.0162529104422
0.0243016700586
0.0469269694896
0.0159961088657
0.0129497977957
0.0183335058067
0.011983398812
0.0227412190797
0.0244182511909
0.0122335501993
0.0158033907794
0.0140939057811
0.0112537730723
0.0136699101094
0.0195623345439
0.0143280414733
0.0127205416833
0.0254289123673
0.0241502953235
0.012649733044
0.0118303682787
0.0147585385226
0.0123659743052
0.0153170378352
0.0141087804959
0.0121121196363
0.0122554750603
0.0137147340812
0.0137930473791
0.0286930865079
0.025638492018
0.0143793975541
0.0145798652918
0.0129221424406
0.0157837319182
0.020565640798
0.0153185001999
0.0138804490172
0.016644738405
0.0111242580311
0.0150323514084
0.0102622727375
0.0142542053437
0.0106127361601
0.00596466766638
0.00565408801456
0.0112756475665
0.0127010465986
0.0138428610357
0.0125352486984
0.0109065686428
0.0101372414618
0.0105501570698
0.0164011996845
0.0280189392493
0.00942352063514
0.0204706075811
0.00346512302965
0.0155992786756
0.0114765059009
0.00990509258582
0.0122775921533
0.00339629708248
