0.17615622634
0.44530015026
0.452469228052
0.452670096655
0.451270990398
0.448158411648
0.451421430105
0.404196556796
0.457219822189
0.363903276788
0.371390356248
0.411824452495
0.525495895606
0.521651443783
0.477093441715
0.723633426989
0.66445740859
0.697688890606
0.690142571847
0.651883287233
0.621232252111
0.678441482503
0.685828688919
0.626387818507
0.623991899178
0.611802237504
0.619082701356
0.620474073032
0.623100183671
0.628560556459
0.62516350671
0.620194815493
0.620517009869
0.679422849319
0.71059089372
0.664387126649
0.712740913602
0.700966136534
0.667684446332
0.606919204591
0.672820566306
0.512166374521
0.509184986856
0.460737610595
0.401163326333
0.541561846266
0.471508496267
0.54925603706
0.470879401237
0.546316025715
0.613492753567
0.716364455808
0.570205557297
0.566563331809
0.671606600872
0.589389111969
0.535310770987
0.457721323633
0.544339879428
0.453146754797
0.510703977122
0.400698369013
0.692502356748
0.617839463592
0.566051996616
0.503205545126
0.699426074093
0.625531568024
0.594631515988
0.647117843646
0.583450656876
0.17319438188
0.105998022165
0.118195194171
0.108741491016
0.19797729321
0.370746597139
0.286628533215
0.415022340786
0.203115415223
0.27249801803
0.153612514277
0.159896918069
0.125349198662
0.115338494798
0.14061355638
0.114404417945
0.120843464523
0.128900481247
0.286793887613
0.268066227999
0.163103457446
0.147226145253
0.188982066817
0.0737922336629
0.076032087902
0.055974753888
0.0634817068011
0.0620570698169
0.0609686383452
0.107286301982
0.160213389868
0.107342904822
0.093764604178
0.108396842881
0.0714930317953
0.156049553232
0.0765042841383
0.0759950794468
0.0799727757532
0.05898275017
0.068360191068
0.0596634157786
0.0902831447568
0.10005135368
0.117594546071
0.0532509532047
0.0468178417699
0.0613328758406
0.0491791298317
0.204591263991
0.351097093665
0.094098417208
0.138324561258
0.132445383663
0.103439782981
0.201406163417
0.228943559281
0.0573517450897
0.0595300225472
0.06757294985
0.0753833411781
0.182369019819
0.275992242403
0.120259513661
0.104539177015
