0.148808637687
0.116400469865
0.113209745814
0.117595778614
0.118115914761
0.110332380776
0.12155414449
0.124891522142
0.125372475546
0.153978701631
0.154949150983
0.121710122799
0.133596018692
0.121294690977
0.126328603573
0.128082064266
0.137560975769
0.117920354682
0.12994227102
0.121703066103
0.12233575721
0.136911686643
0.134701103145
0.123305283235
0.122842006234
0.13061818796
0.127365750964
0.122241612251
0.122205708734
0.136727973905
0.13537061444
0.122406128217
0.121507904714
0.133263670626
0.134834280443
0.124716759756
0.134577003316
0.122104710646
0.133296637251
0.116630845762
0.126863935876
0.114219375091
0.152253495683
0.115097723503
0.0914539120267
0.0914948451615
0.0915565702194
0.0921333355972
0.0920444772689
0.0921930784157
0.11431211176
0.0999371386105
0.10104174313
0.114328914286
0.0979589736455
0.10072761543
0.115276979756
0.10024494825
0.0969079717788
0.113939339254
0.100489265262
0.0973221888285
0.115852029785
0.101135744077
0.100399616447
0.107889456234
0.101064321355
0.107956318941
0.0996181153257
0.10716019479
0.108350213537
0.103856541407
0.104952435889
0.0981714045199
0.106446309653
0.10540392035
0.105468167638
0.10733945393
0.0988012957126
0.104335162509
0.103737717373
0.108869369503
0.10754358332
0.104232725164
0.10748158321
0.103743441027
0.10751232522
0.10274789099
0.104648062378
0.100502610107
0.106966587732
0.104715270271
0.107238296888
0.108888121562
0.106300914965
0.107607459943
0.104079614296
0.104113942272
0.100290658444
0.106318081121
0.104226057407
0.106408339178
0.107836338607
0.10172917619
0.106694050091
0.110304698808
0.107454432041
0.105675335833
0.106728958608
0.104283329192
0.106663639973
0.103528901368
0.106458962841
0.102937388632
0.10625710001
0.102338524628
0.103239837497
0.100577812895
0.10436160732
0.103986695971
0.108373439634
0.106038062151
0.106170461272
0.109671405113
0.10558676491
0.107541430367
0.104049182504
0.1065323643
0.102738174766
0.104515402945
0.104276904823
0.101807027175
0.106320726404
0.102601173601
0.10474676944
0.105292795398
0.10601569958
0.106604256664
0.107658317162
0.106647849639
0.107752074493
0.106594907633
0.107444452858
0.106386332078
0.107007178511
0.105871050208
0.106411796014
0.105297268472
0.105977789804
0.102453846238
0.103236508473
0.102862457028
0.10549947657
0.105261195422
0.105845067427
0.105725554082
0.105973804154
0.105639161244
0.10509760995
0.107105608238
0.102864917453
0.105946752266
0.106802431866
0.106752112224
0.105722164228
0.107756817997
0.10697951741
0.10749886634
0.10745633619
0.107755088372
0.107641342629
0.10790312236
0.107817504094
0.108053396563
0.108144119758
0.108354120252
0.10829976141
0.108615076558
0.108373205336
0.1085788284
0.108658483861
0.108743075104
0.108778705802
0.108856174637
0.108819644225
0.109381976083
0.113594802214
0.110646575016
0.107958235352
0.103046544246
0.103834159371
0.103190689445
0.10608576187
0.108229709042
0.105812299345
0.107068457219
0.105823665514
0.106973895112
0.105766522277
0.106655001653
0.105617733862
0.106276807615
0.105093238471
0.105630728221
0.104261758531
0.104939450612
0.101098737863
0.101947068799
0.101450481929
0.104085555551
0.103921932926
0.104552962585
0.104528028944
0.102544178269
0.102713019885
0.10798523893
0.101799186314
0.105213699791
0.102412102262
0.104476827801
0.106546103255
0.104453518622
0.106758107485
0.103604518559
0.106632985711
0.103099882536
0.106354749201
0.102426598929
0.103213214487
0.100383865716
0.103956538828
0.103694139668
0.108125313832
0.105629013557
0.105689516227
0.10970255551
0.105586980066
0.107597442493
0.104039588917
0.106457309309
0.102663229906
0.110531103681
0.100014548331
0.105559788704
0.103423657077
0.105078470628
0.107188160737
0.103746279957
0.107512688666
0.102741644083
0.104561522119
0.100398298249
0.106791748122
0.104307750748
0.106748388166
0.109008301864
0.106515416973
0.108066657665
0.104353286187
0.104180545398
0.100198105222
0.104171069207
0.10503784207
0.112258366214
0.113798982258
0.104335317758
0.103291048416
0.103993265805
0.107927631532
0.101233188435
0.108008572917
0.0993431014799
0.106889652175
0.108853725082
0.104187531054
0.105080341081
0.0983239372047
0.10624843552
0.105345138868
0.103051108551
0.106648190511
0.101981051426
0.102351537761
0.105126630925
0.101242518261
0.100345804576
0.114130390841
0.0998997288798
0.100986526877
0.11421329814
0.0977002690364
0.100359429297
0.115198819697
0.100132552263
0.0944458391496
0.110042512869
0.110267412576
0.0970215953016
0.0915817411443
0.0915084215979
0.0915649031639
0.0898201691572
0.0906280021166
0.0897513706879
0.0924350801523
0.0818089145449
0.0737888977614
0.083041286815
0.0941495593215
0.083768356184
0.112627895624
0.123595871681
0.12058958636
0.128242298693
0.101758870381
0.0957913977645
0.124242487422
0.150852520184
0.144341592576
0.145756042906
0.121167878743
0.122532061989
0.0930799652045
0.0942249995804
0.0946912797383
0.121811006721
0.105559279408
0.0841675399522
0.0836338406795
0.121153746126
0.149748289216
0.116007101146
0.0866004149096
0.0871844967877
0.133298139473
0.136759743467
0.135531062521
0.12385653602
0.127666648689
0.115816079121
0.11606592451
0.107856585882
0.101149802883
0.104123797391
0.0975263771626
0.0908300306584
0.0814253395088
0.0863887374356
0.0822986759051
0.0786444839234
0.0743533416477
0.0791232678516
0.106024657729
0.110753559453
0.116553021271
0.120558896293
0.117094074492
0.114942804984
0.121374849962
0.115477154137
0.11134640306
0.107999763937
0.113743716268
0.119454622715
0.120149829177
0.117653458715
0.115062315622
0.118049372548
0.111907332241
0.116563745205
0.113219360393
0.118853985346
0.113784340397
0.116051121438
0.112323790054
0.117928685646
0.120560217123
0.110250328882
0.114636446698
0.107801259651
0.113488981596
0.110009386964
0.116280895105
0.11023421706
0.116766132643
0.110337638879
0.116704293582
0.11065040723
0.115488169915
0.109960243476
0.108289477106
0.114911376629
0.11496294378
0.10989978237
0.113840357932
0.107348906512
0.113120662046
0.109789733555
0.116145316958
0.110101875775
0.116648443974
0.11019045255
0.116590082902
0.110544644285
0.11806922459
0.110113986827
0.105595769365
0.120339965349
0.11462840912
0.120338582232
0.117055146805
0.11473714018
0.118010771517
0.112065155562
0.116643074384
0.113238119423
0.118748470034
0.113830161059
0.120724017343
0.116365239312
0.11760572288
0.120025416551
0.112486664995
0.11591460312
0.118213208704
0.116036807391
0.115494284954
0.110578101103
0.120686642719
0.117497748346
0.112460132842
0.111303251846
0.129435720683
0.111533042918
0.112987487699
0.153029769747
0.123877653505
0.123392702769
0.134442354563
0.116159806448
0.128208756693
0.109566382537
0.108070136291
0.0937855557063
0.106172886281
0.0956043034964
0.102928772806
0.08962645417
0.0772500568413
0.0985694914844
0.0780054057677
0.112253827328
0.139027819905
0.171479630099
0.170716685925
0.13932679971
0.112024041574
0.0798198726577
0.0827655834389
0.095402820961
0.0858858249589
0.124616591091
0.136276410122
0.155513294883
0.135896092101
0.117770595306
0.0717042905981
0.101194354136
0.115416922723
0.135752588434
0.120569091389
0.120412894279
0.15293157604
0.114438440879
0.130271067278
0.115203171445
