0.115131809489
0.104967681327
0.115157843593
0.104971800961
0.115281301472
0.10499477828
0.11510769165
0.104750885342
0.115159116126
0.10493439956
0.115116627956
0.104870576903
0.115230301297
0.10512181745
0.115074012905
0.104550274196
0.11525997042
0.1049707556
0.115106172949
0.104831690385
0.115055925211
0.105167462875
0.115270858964
0.104754844758
0.115208469351
0.104817234386
0.1152226841
0.105000703986
0.11499141055
0.104946452876
0.115367552479
0.104863173541
0.114889767493
0.104734520064
0.115420462952
0.104931655781
0.115053728749
0.104933476122
0.115122483608
0.104971032118
0.11502550182
0.104833075553
0.115364881126
0.104911198627
0.11513887609
0.104990768667
0.115150088047
0.10494940281
0.0589054415907
0.058906731432
0.0589054415907
0.0590900612138
0.0590895022826
0.0590900612138
0.0767921432244
0.0670954738004
0.0670498784227
0.0768990132576
0.0670498784227
0.0670954738004
0.0767921432244
0.0669493568845
0.0671337222341
0.0770176394292
0.0670954738004
0.0670498784227
0.0768990132576
0.0670498784227
0.0670954738004
0.0770176394292
0.0671337222341
0.0669493568845
0.0724476627401
0.0648430237265
0.0726294836034
0.0666576307072
0.0665985069352
0.0725707608924
0.0647891881412
0.0725707608924
0.0665985069352
0.0666576307072
0.0726294836034
0.0648430237265
0.0724476627401
0.0666237773922
0.066808564335
0.072646010558
0.0646494676041
0.0725112251465
0.0725112251465
0.0646494676041
0.072646010558
0.066808564335
0.0666237773922
0.0685643846031
0.065690789088
0.0695888916782
0.0653897043979
0.0692752884025
0.0661057451456
0.0679336961235
0.0673552243408
0.0663225014757
0.0691017833923
0.0655390806542
0.0694705785567
0.065599821326
0.0689174692948
0.0663859553294
0.0671714883116
0.0684335315836
0.0658685270824
0.0692684157535
0.0652605454409
0.0694721304499
0.0658685270824
0.068276914629
0.0694655379829
0.0658193061742
0.0687283935284
0.0667720547834
0.0667720547834
0.0678464811173
0.0665893648415
0.0683424480557
0.0662008199345
0.0686035245104
0.0661396422824
0.0686195418321
0.06632597749
0.0681919221389
0.0667500849381
0.0677503047004
0.0674366488862
0.06705231507
0.0680494334216
0.0665929330335
0.0685671809104
0.0662489855998
0.0685787997216
0.0661781309573
0.0686735998911
0.0665644391323
0.0682083836196
0.0668589493561
0.0677871431855
0.0674157067845
0.0668589493561
0.0682083836196
0.0685272575057
0.0667698315858
0.0678464811173
0.0671539433541
0.0671539433541
0.0678229449302
0.0672655467736
0.0680562561232
0.0670315992201
0.0682633477058
0.0669218891731
0.0684796619899
0.0668098076801
0.0684565565359
0.0667020674829
0.0683431550962
0.0669192914525
0.0683528048035
0.0669089528539
0.0681312330635
0.0672716541829
0.06783948675
0.0674323401233
0.0674388264985
0.0678385997276
0.0672480143443
0.0680808533602
0.0670315992201
0.0683877444942
0.0668958806411
0.0683092280589
0.0666582558053
0.0685661025034
0.0668365417979
0.0683092280589
0.0668958806411
0.0682368862676
0.0672916514844
0.0678329791326
0.0676013285779
0.0674166742208
0.0674267634771
0.0669815140841
0.0676913038063
0.0668687182414
0.067721912473
0.0668358100871
0.0678218280644
0.0667887098337
0.067829706171
0.0666887499733
0.0678836268404
0.0666176321723
0.0680133434353
0.0666467088403
0.0678557412457
0.0666467088403
0.0680133434353
0.0666176321723
0.0678836268404
0.0666887499733
0.067829706171
0.0667887098337
0.0678218280644
0.0668358100871
0.067721912473
0.0668687182414
0.0676913038063
0.0669815140841
0.0674267634771
0.0670389134477
0.0672230331806
0.0676111898505
0.0669815140841
0.0676913038063
0.0676913038063
0.0669815140841
0.0676111898505
0.0672230331806
0.0670389134477
0.0670618643362
0.0662549538978
0.0671178379866
0.0662821772198
0.0671419841232
0.0663112063606
0.0672025031398
0.0662507894066
0.067226496205
0.0663643544156
0.0671927944054
0.0662264691513
0.0671507233487
0.0662206279512
0.0672026502528
0.0663451110784
0.0672205412225
0.0661280875877
0.0671717950333
0.0663205067532
0.0672393190031
0.066164959941
0.0672977258773
0.0663032830861
0.0673096302341
0.0660884910121
0.0672739608485
0.0663452562905
0.0672552854893
0.0661472143631
0.0672357059772
0.0662469305855
0.0674213229476
0.0661472143631
0.0672552854893
0.0672459396023
0.0665166002814
0.0663325437794
0.0663325437794
0.0670618643362
0.0662549538978
0.0671178379866
0.0662821772198
0.0671419841232
0.0663112063606
0.0672025031398
0.0662507894066
0.067226496205
0.0663643544156
0.0671927944054
0.0662264691513
0.0671507233487
0.0662206279512
0.0672026502528
0.0663451110784
0.0672205412225
0.0661280875877
0.0671717950333
0.0663205067532
0.0672393190031
0.066164959941
0.0672977258773
0.0663032830861
0.0673096302341
0.0660884910121
0.0672739608485
0.0663452562905
0.0672552854893
0.0661472143631
0.0672357059772
0.0662469305855
0.0674213229476
0.0661472143631
0.0672459396023
0.0665166002814
0.0670389134477
0.0674267634771
0.0669815140841
0.0676913038063
0.0668687182414
0.067721912473
0.0668358100871
0.0678218280644
0.0667887098337
0.067829706171
0.0666887499733
0.0678836268404
0.0666176321723
0.0680133434353
0.0666467088403
0.0678557412457
0.0666467088403
0.0680133434353
0.0666176321723
0.0678836268404
0.0666887499733
0.067829706171
0.0667887098337
0.0678218280644
0.0668358100871
0.067721912473
0.0668687182414
0.0676913038063
0.0669815140841
0.0674267634771
0.0670389134477
0.0672230331806
0.0676111898505
0.0676111898505
0.0672230331806
0.0674166742208
0.0678229449302
0.0672655467736
0.0680562561232
0.0670315992201
0.0682633477058
0.0669218891731
0.0684796619899
0.0668098076801
0.0684565565359
0.0667020674829
0.0683431550962
0.0669192914525
0.0683528048035
0.0669089528539
0.0681312330635
0.0672716541829
0.06783948675
0.0674323401233
0.0674388264985
0.0678385997276
0.0672480143443
0.0680808533602
0.0670315992201
0.0683877444942
0.0668958806411
0.0683092280589
0.0666582558053
0.0685661025034
0.0668365417979
0.0683092280589
0.0678329791326
0.0676013285779
0.0671539433541
0.0678464811173
0.0665893648415
0.0683424480557
0.0662008199345
0.0686035245104
0.0661396422824
0.0686195418321
0.06632597749
0.0681919221389
0.0667500849381
0.0677503047004
0.0674366488862
0.06705231507
0.0680494334216
0.0665929330335
0.0685671809104
0.0662489855998
0.0685787997216
0.0661781309573
0.0686735998911
0.0665644391323
0.0682083836196
0.0668589493561
0.0674157067845
0.0677871431855
0.0668589493561
0.0682083836196
0.0678464811173
0.0671539433541
0.0667720547834
0.0685643846031
0.065690789088
0.0695888916782
0.0653897043979
0.0692752884025
0.0661057451456
0.0679336961235
0.0673552243408
0.0663225014757
0.0691017833923
0.0655390806542
0.0694705785567
0.065599821326
0.0689174692948
0.0663859553294
0.0671714883116
0.0684335315836
0.0658685270824
0.0692684157535
0.0652605454409
0.0694721304499
0.0658685270824
0.0687283935284
0.0667720547834
0.0666237773922
0.0724476627401
0.0648430237265
0.0726294836034
0.0666576307072
0.0665985069352
0.0725707608924
0.0647891881412
0.0725707608924
0.0665985069352
0.0666576307072
0.0726294836034
0.0648430237265
0.0724476627401
0.0666237773922
0.066808564335
0.072646010558
0.072646010558
0.066808564335
0.0669493568845
0.0767921432244
0.0670954738004
0.0670498784227
0.0768990132576
0.0670498784227
0.0670954738004
0.0767921432244
0.0669493568845
0.0671337222341
0.0770176394292
0.0770176394292
0.0671337222341
0.0588845282226
0.0588857497193
0.0588845282226
0.0590691148063
0.0590685854918
0.0590691148063
0.0808372119231
0.0717098267604
0.0686356996322
0.0717098267604
0.0808372119231
0.065504683241
0.0695873231738
0.0693404167153
0.0476948078018
0.0400800799806
0.0417284557496
0.0445998790974
0.0702368106693
0.0848332233503
0.0870942345121
0.0967405509572
0.0649622160683
0.0657635862503
0.0427897932047
0.0379443188139
0.0430677705338
0.0446285458115
0.0777627389516
0.0859137280954
0.0914157252733
0.110057305929
0.0681299987983
0.0987920047081
0.0789858150699
0.0620583160906
0.0620583160906
0.0789858150699
0.0987920047081
0.0678904974665
0.0681299987983
0.065152216173
0.0613129917575
0.0518885984851
0.0517400383021
0.0446285458115
0.0430677705338
0.0379443188139
0.0372438402323
0.111399658923
0.0670485359739
0.0951180863821
0.0915741713203
0.0870942345121
0.0848332233503
0.0801551942297
0.0786723122197
0.0745841776786
0.0738663856568
0.0704941272891
0.0693404167153
0.0695873231738
0.065504683241
0.0665509143513
0.0659849698246
0.0666913881697
0.0702878309524
0.0653073371912
0.0714163591308
0.0651917271189
0.0673060584402
0.0656861834692
0.0671685079185
0.0660212663541
0.0665296224174
0.0665836691483
0.066193941341
0.0658289493194
0.0657536636318
0.067508955156
0.0654582420994
0.0674178155312
0.0655080903
0.0675385365847
0.0657663402395
0.0671686924951
0.0660203274852
0.0676184014082
0.0671049127561
0.0676900542473
0.0671263453571
0.0676069287296
0.0672073660862
0.0678237374099
0.0670730022457
0.0676027871911
0.0670784549688
0.0678558472057
0.0671661130035
0.0676703865513
0.0668797909387
0.0679702527599
0.0668693715557
0.0678260028031
0.0669460296825
0.0679344032891
0.0668301481537
0.0679892173878
0.0679254904289
0.0679254904289
0.0679917158557
0.0679917158557
0.0678912192408
0.0678912192408
0.0681033723467
0.0681033723467
0.0678423024373
0.0678423024373
0.06808
0.06808
0.0678423024373
0.0678423024373
0.0681033723467
0.0681033723467
0.0678912192408
0.0678912192408
0.0679917158557
0.0679917158557
0.0679254904289
0.0679254904289
0.0671784497012
0.0674389806529
0.0669317106049
0.0675104737967
0.0669531905961
0.0674276587221
0.0670337435364
0.0676439219406
0.0668995414895
0.0674237647718
0.066904840434
0.0676762405575
0.0669920146062
0.0674915434406
0.0667061659406
0.0677908259243
0.0666955361681
0.0676473133594
0.0667717814387
0.0677554704692
0.0666555646177
0.0678107777827
0.0658719574022
0.0674629568004
0.0658469715799
0.0673263956855
0.0661812478048
0.0666879914902
0.0667429220292
0.0663536607053
0.0671042435786
0.0659897071974
0.0675199170616
0.0659152634524
0.0676657448418
0.065619439012
0.0675741030351
0.065669334413
0.0676955613316
0.0659275177923
0.0673259109779
0.0661809161692
0.0708887378961
0.0659849698246
0.0666913881697
0.0702878309524
0.0653073371912
0.0711976938689
0.0650839463789
0.0713643085635
0.0656193203256
0.0700492541805
0.0669229737179
0.0656157124095
0.0709126700774
0.0651665983768
0.0714163591308
0.0651917271189
0.0678375576451
0.0689061796938
0.0703611659582
0.0665509143513
0.0720454992019
0.0670554686435
0.0698421611135
0.0698512146297
0.0671940105608
0.0717831854423
0.0665416710134
0.0662923301955
0.0664247268135
0.0767474124124
0.0664247268135
0.0662923301955
0.0991777971965
0.0778718537824
0.0778479294667
0.0871808624685
0.075933640157
0.0787071185758
0.0686354144101
0.0713166928864
0.06327179013
0.0658611929155
0.0583555822437
0.0602194181722
0.0519193714427
0.0535609484793
0.0442365559577
0.0467543476695
0.0385259225198
0.0426462412236
0.0359297271281
0.0359458662227
0.0761472782311
0.0815038918749
0.0387487764355
0.0385259225198
0.0674498956708
0.0743840108827
0.0684131675484
0.0519193714427
0.0602194181722
0.0583555822437
0.0508579158146
0.0325166107244
0.0509903173946
0.0686354144101
0.0650936587733
0.0441415936646
0.0445033838742
0.0960527512997
0.0778718537824
0.0991777971965
0.0727917158697
0.0787461960478
0.0727917158697
0.0575369511466
0.0261770804677
0.0261770804677
0.0261770804677
0.0380736391155
0.0380804170605
0.0380804170605
0.0286149774747
0.0286149774747
0.0286149774747
0.0286149774747
0.0357514474672
0.0357514474672
0.0325541277817
0.0325541277817
0.0523158536703
0.0360227496009
0.0360227496009
0.0167638671609
0.0167638671609
0.0167638671609
0.0167638671609
0.0349210805567
0.0335970052804
0.0379517276007
0.0379517276007
0.0281333822925
0.0281333822925
0.0281333822925
0.0281333822925
0.0380804170605
0.0143938146031
0.0143938146031
0.0143938146031
0.0143938146031
0.0287876292062
0.0287876292062
0.0130885402339
0.0130885402339
0.0575877302654
0.0575877302654
0.0262454217365
0.0262454217365
0.0262454217365
0.0262454217365
0.0349256073149
0.0349256073149
0.0164048300814
0.0164048300814
0.0164048300814
0.0164048300814
0.0175123135451
0.0175123135451
0.0175123135451
0.0175123135451
0.033461486859
0.033461486859
0.0336812900584
0.0336812900584
0.0287684755733
0.0287684755733
0.0178410771409
0.0178410771409
0.0190402085302
0.0190402085302
0.0287584185468
0.0287584185468
0.0287584185468
0.0287584185468
0.0525617367043
0.0525617367043
0.0339452487333
0.0339452487333
0.0355988469345
0.0355988469345
0.0162709865947
0.0162709865947
0.0162709865947
0.0162709865947
0.0328078562047
0.0328078562047
0.0177281675193
0.0177281675193
0.0177281675193
0.0177281675193
0.0325832991884
0.0325832991884
0.0334730694272
0.0334730694272
0.024326351233
0.024326351233
0.024326351233
0.024326351233
0.0486527024661
0.0486527024661
0.0190368195578
0.0190368195578
0.0261579268351
0.0261579268351
0.0174605402784
0.0174605402784
0.0167985026402
0.0167985026402
0.0178410771409
0.0178410771409
