0.0088200141304
0.00882001413036
0.00882001413035
0.00882001413034
0.00959678664869
0.00959678664869
0.00959678664869
0.00959678664863
0.0092619425714
0.0092619425714
0.0092619425714
0.0092619425714
0.00926396917249
0.00926396917254
0.00926396917255
0.00926396917259
0.0107497787121
0.0107497787121
0.0107497787121
0.0107497787121
0.0110624897483
0.0110624897483
0.0110624897483
0.0110624897483
0.0107452086144
0.0107452086144
0.0107452086145
0.0107452086144
0.0107485931239
0.0107485931239
0.0107485931239
0.0107485931239
0.00926013015509
0.00926013015511
0.00926013015511
0.00926013015512
0.00958911174438
0.00958911174438
0.00958911174438
0.00958911174438
0.00882091297364
0.00882091297364
0.00882091297364
0.00882091297364
0.00925805543615
0.00925805543617
0.00925805543617
0.00925805543618
0.00925666138075
0.00925666138076
0.00925666138076
0.00925666138076
0.00958622153778
0.00958622153778
0.00958622153778
0.00958622153774
0.00925873620962
0.00925873620962
0.00925873620962
0.00925873620962
0.00882094884716
0.00882094884716
0.0088209488472
0.00882094884716
0.00882181558664
0.00882181558665
0.00882181558667
0.00882181558665
0.00959904377269
0.00959904377269
0.00959904377269
0.00959904377269
0.00926206372283
0.00926206372283
0.00926206372283
0.00926206372283
0.00926398448816
0.00926398448816
0.00926398448816
0.00926398448816
0.0107501790071
0.0107501790071
0.0107501790071
0.0107501790071
0.0110649172638
0.0110649172638
0.0110649172638
0.0110649172638
0.0107470291934
0.0107470291934
0.0107470291934
0.0107470291934
0.0107486086134
0.0107486086134
0.0107486086134
0.0107486086134
0.00926330936219
0.00926330936219
0.00926330936219
0.00926330936219
0.00959395438593
0.00959395438593
0.00959395438593
0.00959395438593
0.00882225974614
0.00882225974613
0.00882225974615
0.00882225974611
0.00925768611369
0.00925768611369
0.00925768611369
0.00925768611369
0.00925671110152
0.00925671110152
0.00925671110152
0.00925671110152
0.00958628612827
0.00958628612827
0.00958628612827
0.00958628612827
0.0092587447674
0.0092587447674
0.0092587447674
0.0092587447674
0.00882095047299
0.00882095047301
0.00882095047302
0.00882095047304
0.00881846976992
0.00881846976992
0.00881846976992
0.00881846976992
0.00959463651715
0.00959463651715
0.00959463651715
0.00959463651715
0.00926162473588
0.00926162473588
0.00926162473587
0.00926162473589
0.00926396837215
0.00926396837215
0.00926396837214
0.00926396837216
0.0107502246029
0.0107502246029
0.0107502246029
0.0107502246029
0.0110648768301
0.0110648768301
0.0110648768301
0.0110648768301
0.0107471323167
0.0107471323167
0.0107471323167
0.0107471323167
0.0107484391244
0.0107484391244
0.0107484391244
0.0107484391244
0.00926387854173
0.00926387854173
0.00926387854173
0.00926387854173
0.0095962324415
0.0095962324415
0.00959623244152
0.0095962324415
0.00882364870268
0.00882364870271
0.00882364870272
0.0088236487027
0.00925771423995
0.00925771423998
0.00925771423999
0.00925771423996
0.00925671438136
0.00925671438136
0.00925671438136
0.00925671438136
0.00958628530334
0.00958628530334
0.00958628530339
0.00958628530334
0.00925874213067
0.00925874213073
0.00925874213075
0.0092587421307
0.0088209501521
0.00882095015213
0.00882095015214
0.00882095015211
0.0088218195483
0.00882181954829
0.00882181954828
0.00882181954832
0.00959904660182
0.00959904660187
0.00959904660187
0.00959904660187
0.00926206516612
0.00926206516615
0.00926206516618
0.0092620651662
0.00926398045432
0.00926398045432
0.00926398045432
0.00926398045432
0.0107501702703
0.0107501702704
0.0107501702704
0.0107501702704
0.0110649114785
0.0110649114785
0.0110649114785
0.0110649114785
0.0107470357362
0.0107470357362
0.0107470357362
0.0107470357362
0.0107486066589
0.0107486066589
0.0107486066588
0.0107486066589
0.00926352312077
0.00926352312081
0.00926352312085
0.00926352312084
0.00959401902294
0.00959401902295
0.00959401902295
0.00959401902295
0.0088220786942
0.00882207869419
0.00882207869418
0.00882207869422
0.00925771908916
0.00925771908916
0.00925771908916
0.00925771908916
0.00925671302448
0.00925671302447
0.00925671302446
0.00925671302447
0.00958628745455
0.00958628745455
0.00958628745455
0.00958628745455
0.00925874517815
0.00925874517814
0.00925874517814
0.00925874517814
0.00882095104095
0.00882095104095
0.00882095104095
0.00882095104095
0.00881847113832
0.00881847113832
0.00881847113833
0.00881847113832
0.00959463912967
0.00959463912967
0.00959463912967
0.00959463912967
0.00926162448921
0.00926162448921
0.00926162448921
0.00926162448921
0.00926396970332
0.00926396970332
0.00926396970332
0.00926396970332
0.0107502235793
0.0107502235793
0.0107502235793
0.0107502235793
0.0110648773599
0.0110648773599
0.0110648773599
0.0110648773599
0.0107471286835
0.0107471286835
0.0107471286835
0.0107471286835
0.0107484375143
0.0107484375143
0.0107484375143
0.0107484375143
0.00926387995566
0.00926387995566
0.00926387995566
0.00926387995566
0.00959623188967
0.00959623188967
0.00959623188967
0.00959623188967
0.00882364977364
0.00882364977364
0.00882364977364
0.00882364977364
0.00925771179336
0.00925771179336
0.00925771179336
0.00925771179336
0.00925671372388
0.00925671372388
0.00925671372388
0.00925671372388
0.00958628488361
0.00958628488361
0.00958628488361
0.00958628488361
0.00925873889758
0.00925873889758
0.00925873889758
0.00925873889758
0.00882095057067
0.00882095057066
0.00882095057065
0.00882095057064
0.00881693655874
0.00881693655874
0.00881693655874
0.00881693655874
0.0095923074899
0.0095923074899
0.0095923074899
0.0095923074899
0.00926147935333
0.00926147935333
0.00926147935336
0.00926147935331
0.0092636273931
0.0092636273931
0.00926362739313
0.00926362739307
0.0107501085799
0.0107501085799
0.0107501085799
0.0107501085799
0.011064809427
0.011064809427
0.011064809427
0.011064809427
0.0107471158385
0.0107471158385
0.0107471158384
0.0107471158385
0.0107484928891
0.010748492889
0.010748492889
0.010748492889
0.00926387877055
0.00926387877055
0.00926387877055
0.00926387877055
0.00959623394776
0.00959623394776
0.00959623394778
0.00959623394776
0.00882364833201
0.00882364833199
0.00882364833198
0.008823648332
0.00925771646941
0.00925771646939
0.00925771646942
0.00925771646937
0.00925670959222
0.00925670959222
0.00925670959222
0.00925670959222
0.00958627717843
0.00958627717843
0.00958627717845
0.00958627717843
0.00925873157777
0.00925873157775
0.00925873157774
0.00925873157777
0.00882095240402
0.00882095240405
0.00882095240405
0.00882095240406
0.0088216504618
0.00882165046178
0.00882165046177
0.00882165046177
0.00959914857066
0.00959914857066
0.00959914857066
0.00959914857064
0.00926401867195
0.00926401867195
0.00926401867195
0.00926401867195
0.00926229328498
0.00926229328499
0.00926229328497
0.00926229328501
0.0107496346886
0.0107496346886
0.0107496346886
0.0107496346886
0.0110649987616
0.0110649987616
0.0110649987616
0.0110649987616
0.0107471189107
0.0107471189107
0.0107471189107
0.0107471189107
0.0107491396747
0.0107491396747
0.0107491396747
0.0107491396748
0.00926010742962
0.00926010742959
0.00926010742959
0.00926010742956
0.00958910730557
0.00958910730557
0.00958910730557
0.00958910730557
0.00882092288194
0.00882092288194
0.00882092288194
0.00882092288194
0.00925807028548
0.00925807028546
0.00925807028546
0.00925807028543
0.00925966382409
0.00925966382407
0.00925966382405
0.00925966382404
0.00959082232628
0.00959082232628
0.00959082232628
0.00959082232625
0.0092583601674
0.0092583601674
0.0092583601674
0.0092583601674
0.00882225732805
0.00882225732805
0.00882225732808
0.00882225732805
0.00882164677799
0.008821646778
0.00882164677802
0.008821646778
0.00959905594158
0.00959905594158
0.00959905594158
0.00959905594158
0.00926221718728
0.00926221718728
0.00926221718728
0.00926221718728
0.00926401148756
0.00926401148756
0.00926401148756
0.00926401148756
0.0107501566922
0.0107501566922
0.0107501566922
0.0107501566922
0.0110648623191
0.0110648623191
0.0110648623191
0.0110648623191
0.0107469769432
0.0107469769432
0.0107469769432
0.0107469769432
0.0107486151206
0.0107486151206
0.0107486151206
0.0107486151206
0.00926330723402
0.00926330723402
0.00926330723402
0.00926330723402
0.00959395893076
0.00959395893076
0.00959395893076
0.00959395893076
0.00882226548086
0.00882226548087
0.00882226548083
0.00882226548089
0.00925768673716
0.00925768673716
0.00925768673716
0.00925768673716
0.0092562063686
0.0092562063686
0.0092562063686
0.0092562063686
0.00958398338407
0.00958398338407
0.00958398338407
0.00958398338407
0.00925878877335
0.00925878877335
0.00925878877335
0.00925878877335
0.00881941133756
0.00881941133753
0.00881941133752
0.0088194113375
0.00881691521188
0.00881691521191
0.0088169152119
0.00881691521192
0.00959238340076
0.00959238340076
0.00959238340076
0.00959238340082
0.00926160770008
0.00926160770008
0.00926160770008
0.00926160770008
0.00926358993058
0.00926358993054
0.00926358993052
0.00926358993051
0.0107497081749
0.0107497081749
0.0107497081749
0.0107497081749
0.01106233766
0.01106233766
0.01106233766
0.01106233766
0.01074517796
0.01074517796
0.01074517796
0.01074517796
0.0107485234918
0.0107485234918
0.0107485234918
0.0107485234918
0.00926012912367
0.00926012912368
0.00926012912368
0.00926012912368
0.00958910789284
0.00958910789284
0.00958910789284
0.00958910789284
0.00882091610323
0.00882091610323
0.00882091610323
0.00882091610323
0.00925804902038
0.00925804902038
0.00925804902038
0.00925804902039
0.00925665816519
0.00925665816518
0.00925665816518
0.00925665816518
0.00958621514931
0.00958621514931
0.00958621514931
0.00958621514935
0.00925872842829
0.00925872842829
0.00925872842829
0.00925872842829
0.00882094733641
0.00882094733641
0.00882094733639
0.0088209473364
0.00882182373566
0.0088218237357
0.00882182373572
0.00882182373571
0.00959923596979
0.00959923596973
0.00959923596973
0.00959923596973
0.00926156778061
0.0092615677806
0.00926156778061
0.00926156778059
0.00926464823381
0.00926464823381
0.00926464823381
0.00926464823381
0.0107502802213
0.0107502802213
0.0107502802213
0.0107502802213
0.0110673128904
0.0110673128904
0.0110673128904
0.0110673128904
0.0107489081869
0.0107489081869
0.0107489081869
0.010748908187
0.0107488357042
0.0107488357042
0.0107488357042
0.0107488357043
0.00926382282508
0.00926382282512
0.00926382282516
0.00926382282512
0.00959385007001
0.00959385006997
0.00959385006997
0.00959385006997
0.0088221480947
0.0088221480947
0.0088221480947
0.00882214809467
0.00925719285168
0.00925719285168
0.00925719285168
0.00925719285168
0.00925924002892
0.0092592400289
0.00925924002888
0.0092592400289
0.00958418370124
0.00958418370124
0.00958418370124
0.00958418370124
0.00925792623088
0.00925792623086
0.00925792623084
0.00925792623086
0.00881736938986
0.00881736938986
0.00881736938986
0.00881736938986
0.00882021633317
0.00882021633315
0.00882021633316
0.00882021633314
0.0095968673675
0.0095968673675
0.0095968673675
0.0095968673675
0.00926151795797
0.00926151795797
0.00926151795797
0.00926151795797
0.00926424945338
0.00926424945338
0.00926424945338
0.00926424945338
0.0107520465959
0.0107520465959
0.0107520465959
0.0107520465959
0.0110725113301
0.0110725113301
0.0110725113301
0.0110725113301
0.0107500230923
0.0107500230923
0.0107500230923
0.0107500230923
0.0107508048281
0.0107508048281
0.0107508048281
0.0107508048281
0.0092632220296
0.0092632220296
0.0092632220296
0.0092632220296
0.00959595973609
0.00959595973609
0.00959595973609
0.00959595973609
0.00882171403803
0.00882171403803
0.00882171403804
0.00882171403804
0.00926000300614
0.00926000300614
0.00926000300614
0.00926000300614
0.00926133982896
0.00926133982896
0.00926133982896
0.00926133982896
0.00959748273711
0.00959748273711
0.00959748273711
0.00959748273711
0.00925968448032
0.00925968448032
0.00925968448032
0.00925968448032
0.00882498555153
0.00882498555152
0.00882498555151
0.00882498555154
0.00881846330139
0.00881846330139
0.00881846330139
0.00881846330139
0.00959462502132
0.00959462502132
0.00959462502132
0.00959462502132
0.00926161112955
0.00926161112955
0.00926161112955
0.00926161112954
0.00926397505478
0.00926397505478
0.00926397505478
0.00926397505478
0.0107497991699
0.0107497991699
0.0107497991699
0.0107497991699
0.0110623431274
0.0110623431274
0.0110623431274
0.0110623431274
0.0107451659553
0.0107451659553
0.0107451659553
0.0107451659553
0.0107484314542
0.0107484314542
0.0107484314542
0.0107484314542
0.00926012353014
0.00926012353014
0.00926012353014
0.00926012353014
0.00958910021466
0.00958910021466
0.00958910021461
0.00958910021466
0.00882091885315
0.00882091885316
0.00882091885319
0.00882091885314
0.00925803866936
0.00925803866934
0.00925803866933
0.00925803866934
0.00925622694766
0.00925622694766
0.00925622694766
0.00925622694766
0.00958167203431
0.00958167203431
0.00958167203427
0.00958167203431
0.00925830718127
0.00925830718124
0.00925830718125
0.00925830718123
0.00881785431447
0.00881785431446
0.00881785431445
0.00881785431447
0.00882013727145
0.00882013727148
0.00882013727147
0.00882013727149
0.00959682106511
0.00959682106511
0.00959682106511
0.00959682106511
0.00926362164118
0.00926362164118
0.00926362164118
0.00926362164118
0.00926218242665
0.00926218242665
0.00926218242665
0.00926218242665
0.0107513777614
0.0107513777614
0.0107513777614
0.0107513777614
0.0110698899105
0.0110698899105
0.0110698899105
0.0110698899105
0.0107479241989
0.0107479241989
0.0107479241989
0.0107479241989
0.0107511087037
0.0107511087037
0.0107511087037
0.0107511087037
0.00926138467966
0.00926138467966
0.00926138467966
0.00926138467966
0.00958695173952
0.00958695173952
0.00958695173952
0.00958695173952
0.00881733305589
0.00881733305588
0.00881733305588
0.00881733305588
0.00925846515588
0.00925846515588
0.00925846515588
0.00925846515588
0.00925919667218
0.00925919667218
0.00925919667218
0.00925919667218
0.00959759440967
0.00959759440967
0.00959759440967
0.00959759440967
0.00926176237445
0.00926176237445
0.00926176237445
0.00926176237445
0.00882513316844
0.00882513316844
0.00882513316844
0.00882513316844
0.00881845309417
0.00881845309417
0.00881845309417
0.00881845309417
0.00959465600045
0.00959465600045
0.00959465600045
0.00959465600045
0.00926165263031
0.00926165263031
0.00926165263032
0.0092616526303
0.00926396513807
0.00926396513807
0.00926396513808
0.00926396513806
0.0107498041063
0.0107498041063
0.0107498041063
0.0107498041063
0.0110623063824
0.0110623063824
0.0110623063824
0.0110623063824
0.0107451189583
0.0107451189583
0.0107451189583
0.0107451189583
0.0107484232716
0.0107484232716
0.0107484232716
0.0107484232716
0.00925971398152
0.00925971398152
0.00925971398152
0.00925971398152
0.00958688735124
0.00958688735124
0.00958688735121
0.00958688735124
0.00881936631017
0.00881936631014
0.00881936631014
0.00881936631013
0.00925807981634
0.00925807981635
0.0092580798163
0.00925807981639
0.00925628137881
0.00925628137881
0.00925628137881
0.00925628137881
0.00958171891374
0.00958171891374
0.00958171891377
0.00958171891374
0.0092583081828
0.00925830818285
0.00925830818283
0.00925830818286
0.00881784461774
0.00881784461779
0.00881784461778
0.0088178446178
0.0088169365415
0.00881693654153
0.00881693654152
0.00881693654154
0.0095922943268
0.0095922943268
0.0095922943268
0.0095922943268
0.0092614914819
0.0092614914819
0.0092614914819
0.0092614914819
0.00926360500943
0.00926360500943
0.00926360500943
0.00926360500943
0.0107520323157
0.0107520323157
0.0107520323157
0.0107520323157
0.0110697780083
0.0110697780083
0.0110697780083
0.0110697780083
0.0107480658039
0.0107480658039
0.0107480658039
0.0107480658039
0.0107502226588
0.0107502226588
0.0107502226588
0.0107502226588
0.00926543714967
0.00926543714967
0.00926543714967
0.00926543714967
0.00960320489146
0.00960320489146
0.00960320489146
0.00960320489146
0.00882663025338
0.00882663025341
0.00882663025344
0.00882663025342
0.00925915384356
0.00925915384356
0.00925915384356
0.00925915384356
0.00925798105876
0.00925798105876
0.00925798105876
0.00925798105876
0.0095841502293
0.0095841502293
0.0095841502293
0.0095841502293
0.0092591459844
0.0092591459844
0.0092591459844
0.0092591459844
0.00881737185169
0.00881737185168
0.00881737185167
0.0088173718517
0.00882357878026
0.00882357878026
0.00882357878026
0.00882357878026
0.00960126729091
0.00960126729091
0.00960126729091
0.00960126729091
0.00926205583014
0.00926205583014
0.00926205583017
0.00926205583013
0.00926414449215
0.00926414449215
0.00926414449217
0.00926414449213
0.0107521598801
0.0107521598801
0.0107521598801
0.0107521598801
0.0110724570426
0.0110724570426
0.0110724570426
0.0110724570426
0.0107496906579
0.0107496906579
0.0107496906579
0.0107496906579
0.0107509450435
0.0107509450435
0.0107509450435
0.0107509450435
0.00926292540428
0.00926292540428
0.00926292540428
0.00926292540428
0.00959832317099
0.00959832317099
0.00959832317102
0.00959832317099
0.00882353328768
0.0088235332877
0.00882353328768
0.0088235332877
0.00926051471143
0.00926051471146
0.00926051471146
0.00926051471146
0.00926072718772
0.00926072718772
0.00926072718772
0.00926072718772
0.00959068715348
0.00959068715348
0.00959068715353
0.00959068715348
0.00925906858067
0.0092590685807
0.00925906858069
0.00925906858071
0.00882031770117
0.00882031770117
0.00882031770118
0.00882031770114
0.00882181419719
0.00882181419719
0.00882181419718
0.00882181419719
0.00959905857155
0.00959905857155
0.00959905857155
0.00959905857155
0.00926204433881
0.00926204433881
0.00926204433881
0.00926204433881
0.00926401520965
0.00926401520965
0.00926401520965
0.00926401520965
0.0107522216022
0.0107522216022
0.0107522216022
0.0107522216022
0.0110726446819
0.0110726446819
0.0110726446819
0.0110726446819
0.0107498548433
0.0107498548433
0.0107498548433
0.0107498548433
0.0107509526995
0.0107509526995
0.0107509526995
0.0107509526995
0.00926275175041
0.00926275175041
0.00926275175041
0.00926275175041
0.0096008786012
0.0096008786012
0.0096008786012
0.0096008786012
0.00882526372443
0.00882526372444
0.00882526372442
0.00882526372445
0.00926118501748
0.00926118501748
0.00926118501748
0.00926118501748
0.00925985151154
0.00925985151154
0.00925985151154
0.00925985151154
0.00959547737855
0.00959547737855
0.00959547737855
0.00959547737855
0.00926110080795
0.00926110080795
0.00926110080795
0.00926110080795
0.00882333988347
0.00882333988349
0.0088233398835
0.00882333988352
0.00882028482416
0.00882028482416
0.00882028482412
0.00882028482416
0.00959686722803
0.00959686722803
0.00959686722803
0.00959686722806
0.00926367408913
0.00926367408913
0.00926367408913
0.00926367408913
0.00926202275205
0.00926202275205
0.00926202275206
0.00926202275205
0.0107515579481
0.0107515579482
0.0107515579482
0.0107515579482
0.0110699481276
0.0110699481276
0.0110699481276
0.0110699481276
0.0107480253396
0.0107480253396
0.0107480253397
0.0107480253396
0.0107508699629
0.0107508699629
0.0107508699629
0.0107508699628
0.00926130513317
0.0092613051332
0.0092613051332
0.00926130513323
0.00959134388746
0.00959134388746
0.00959134388746
0.00959134388746
0.0088206837498
0.0088206837498
0.0088206837498
0.0088206837498
0.00925898386552
0.00925898386554
0.00925898386554
0.00925898386557
0.00926119657941
0.00926119657944
0.00926119657948
0.00926119657947
0.00959520235777
0.00959520235777
0.00959520235777
0.00959520235774
0.00925927453572
0.00925927453572
0.00925927453572
0.00925927453572
0.00882354286252
0.00882354286252
0.00882354286256
0.00882354286251
0.00882332224395
0.00882332224397
0.00882332224396
0.00882332224399
0.0096016050355
0.0096016050355
0.0096016050355
0.0096016050355
0.00926268594597
0.00926268594597
0.00926268594597
0.00926268594597
0.00926408999642
0.00926408999642
0.00926408999642
0.00926408999642
0.0107521121172
0.0107521121172
0.0107521121172
0.0107521121172
0.0110725560445
0.0110725560445
0.0110725560445
0.0110725560445
0.0107498495491
0.0107498495491
0.0107498495491
0.0107498495491
0.010750982243
0.010750982243
0.010750982243
0.010750982243
0.00926261357479
0.00926261357479
0.00926261357479
0.00926261357479
0.00959619780804
0.00959619780804
0.00959619780804
0.00959619780804
0.00882182209406
0.00882182209408
0.00882182209412
0.00882182209409
0.00926071535591
0.00926071535591
0.00926071535591
0.00926071535591
0.0092598122492
0.0092598122492
0.0092598122492
0.0092598122492
0.00959323886201
0.00959323886201
0.00959323886201
0.00959323886201
0.00926071155714
0.00926071155714
0.00926071155714
0.00926071155714
0.00882181719507
0.00882181719506
0.00882181719505
0.00882181719508
0.00882015867071
0.00882015867068
0.00882015867067
0.00882015867069
0.00959676557942
0.00959676557947
0.00959676557947
0.00959676557947
0.00926355580758
0.00926355580758
0.00926355580758
0.0092635558076
0.00926217619076
0.00926217619076
0.00926217619076
0.00926217619076
0.0107520759055
0.0107520759055
0.0107520759055
0.0107520759055
0.0110724520402
0.0110724520402
0.0110724520402
0.0110724520402
0.0107499005456
0.0107499005456
0.0107499005456
0.0107499005456
0.0107508271446
0.0107508271446
0.0107508271446
0.0107508271446
0.00926328311138
0.00926328311136
0.00926328311132
0.00926328311136
0.00960068964861
0.00960068964865
0.00960068964865
0.00960068964865
0.00882505552937
0.00882505552937
0.00882505552938
0.00882505552939
0.00926070139741
0.00926070139741
0.00926070139741
0.00926070139741
0.00925915961951
0.00925915961952
0.00925915961954
0.00925915961952
0.00959071652055
0.00959071652055
0.00959071652055
0.00959071652055
0.00926066565907
0.00926066565908
0.0092606656591
0.00926066565909
0.00882030859997
0.00882030859997
0.00882030859997
0.00882030859997
