0.0293464371673
0.0293464371673
0.0293464371673
0.0293464371673
0.031480877183
0.031480877183
0.031480877183
0.031480877183
0.0344934510529
0.0344934510529
0.0344934510528
0.0344934510528
0.0367881475758
0.0367881475758
0.0367881475758
0.0367881475759
0.0329389520018
0.0329389520018
0.0329389520018
0.0329389520018
0.031183936512
0.0311839365119
0.0311839365118
0.0311839365118
0.0340668886179
0.0340668886178
0.0340668886178
0.0340668886178
0.0348498795441
0.0348498795441
0.0348498795441
0.0348498795441
0.0300760395941
0.0300760395941
0.0300760395941
0.0300760395941
0.0322923562124
0.0322923562124
0.0322923562124
0.0322923562125
0.0337039666018
0.0337039666018
0.0337039666017
0.0337039666018
0.0370078938469
0.037007893847
0.037007893847
0.037007893847
0.0324630911985
0.0324630911984
0.0324630911984
0.0324630911985
0.0314065104654
0.0314065104654
0.0314065104654
0.0314065104654
0.00259356190709
0.00259356190709
0.00259356190709
0.0025935619071
0.00265603280448
0.00265603280448
0.00265603280448
0.00265603280448
0.00771648305016
0.00771648305016
0.00771648305016
0.00771648305016
0.00365425652194
0.00365425652194
0.00365425652194
0.00365425652194
0.00301414742484
0.00301414742484
0.00301414742484
0.00301414742484
0.00479864610768
0.00479864610768
0.00479864610768
0.00479864610768
0.00736519149374
0.00736519149374
0.00736519149374
0.00736519149374
0.00817245309294
0.00817245309294
0.00817245309296
0.00817245309291
0.00838065774842
0.00838065774845
0.00838065774845
0.00838065774847
0.00769904289072
0.00769904289075
0.00769904289075
0.00769904289077
0.00778067824191
0.00778067824192
0.00778067824189
0.00778067824194
0.00408407025407
0.00408407025407
0.00408407025407
0.00408407025407
0.00581740727173
0.00581740727173
0.00581740727173
0.00581740727173
0.00360849088317
0.00360849088317
0.00360849088317
0.00360849088317
0.00640827093899
0.00640827093899
0.00640827093899
0.00640827093899
0.0048094542172
0.0048094542172
0.0048094542172
0.0048094542172
0.00541861793922
0.00541861793922
0.00541861793922
0.00541861793922
0.00556343815403
0.00556343815403
0.00556343815403
0.00556343815403
0.00873600018281
0.00873600018279
0.00873600018279
0.00873600018276
0.00430351619054
0.00430351619054
0.00430351619054
0.00430351619054
0.00691410700386
0.00691410700385
0.00691410700388
0.00691410700383
0.00713472175246
0.00713472175246
0.00713472175246
0.00713472175246
0.00255857554124
0.00255857554124
0.00255857554124
0.00255857554124
0.0025740862177
0.00257408621769
0.00257408621769
0.00257408621769
0.00569917827241
0.00569917827241
0.00569917827241
0.00569917827241
0.0035724665501
0.0035724665501
0.0035724665501
0.0035724665501
0.00422344455047
0.00422344455047
0.00422344455047
0.00422344455047
0.00390438635665
0.00390438635665
0.00390438635665
0.00390438635665
0.00263336150551
0.00263336150551
0.00263336150551
0.00263336150551
0.00329211798157
0.00329211798157
0.00329211798157
0.00329211798157
0.00339064927293
0.00339064927293
0.00339064927293
0.00339064927293
0.00268153444181
0.00268153444181
0.00268153444181
0.00268153444181
0.00263179222567
0.00263179222567
0.00263179222567
0.00263179222567
0.00318448878341
0.00318448878342
0.00318448878342
0.00318448878342
0.00272064754634
0.00272064754634
0.00272064754635
0.00272064754635
0.00211413672528
0.00211413672528
0.00211413672528
0.00211413672528
0.00270550689377
0.00270550689377
0.00270550689377
0.00270550689377
0.00491925473933
0.00491925473933
0.00491925473933
0.00491925473933
0.00531465107729
0.0053146510773
0.00531465107732
0.00531465107733
0.00365822871313
0.00365822871313
0.00365822871313
0.00365822871313
0.00410426098415
0.00410426098415
0.00410426098415
0.00410426098415
0.00526983006199
0.00526983006199
0.00526983006199
0.00526983006199
0.00635256467601
0.00635256467601
0.00635256467601
0.00635256467601
0.00522285628988
0.00522285628988
0.00522285628988
0.00522285628988
0.0055235100983
0.0055235100983
0.0055235100983
0.0055235100983
0.00655068093712
0.00655068093712
0.00655068093712
0.00655068093712
0.0060944753279
0.0060944753279
0.0060944753279
0.0060944753279
0.00766790798542
0.00766790798542
0.00766790798542
0.00766790798542
0.00594354484831
0.00594354484831
0.00594354484831
0.00594354484831
0.00677613544843
0.00677613544843
0.00677613544843
0.00677613544843
0.00517466884144
0.00517466884144
0.00517466884144
0.00517466884144
0.00461377039925
0.00461377039925
0.00461377039925
0.00461377039925
0.0057826069825
0.0057826069825
0.0057826069825
0.0057826069825
0.00724036992937
0.00724036992937
0.00724036992937
0.00724036992937
0.00214341161053
0.00214341161052
0.00214341161053
0.00214341161052
0.00224281752049
0.00224281752049
0.00224281752049
0.00224281752049
0.00242160971682
0.00242160971682
0.00242160971682
0.00242160971682
0.00286524606906
0.00286524606906
0.00286524606906
0.00286524606906
0.00267693089893
0.00267693089893
0.00267693089893
0.00267693089893
0.00394195403071
0.00394195403071
0.00394195403071
0.00394195403071
0.00382570165321
0.00382570165321
0.00382570165321
0.00382570165321
0.0033653409146
0.0033653409146
0.0033653409146
0.0033653409146
0.00308624195634
0.00308624195634
0.00308624195634
0.00308624195634
0.00498157529076
0.00498157529076
0.00498157529076
0.00498157529076
0.00595681387255
0.00595681387255
0.00595681387255
0.00595681387255
0.00773990389754
0.00773990389754
0.00773990389754
0.00773990389754
0.00713155826806
0.00713155826806
0.00713155826804
0.00713155826806
0.0101136306102
0.0101136306102
0.0101136306101
0.0101136306102
0.00784603815516
0.00784603815511
0.00784603815512
0.0078460381551
0.0208303657858
0.0208303657858
0.0208303657858
0.0208303657858
0.0177269613994
0.0177269613993
0.0177269613992
0.0177269613993
0.0112966716846
0.0112966716846
0.0112966716846
0.0112966716846
0.0095683293058
0.0095683293058
0.00956832930583
0.00956832930583
0.0112251979997
0.0112251979998
0.0112251979997
0.0112251979998
0.00162483960331
0.00162483960331
0.00162483960331
0.00162483960331
0.00149155117894
0.00149155117894
0.00149155117894
0.00149155117894
0.00186664294935
0.00186664294936
0.00186664294935
0.00186664294936
0.00180259399281
0.00180259399281
0.00180259399281
0.00180259399281
0.00131348586392
0.00131348586392
0.00131348586392
0.00131348586392
0.00147012192651
0.00147012192651
0.00147012192651
0.00147012192651
0.00215465888875
0.00215465888875
0.00215465888875
0.00215465888875
0.00285948027689
0.00285948027689
0.00285948027689
0.00285948027689
0.00227505806629
0.00227505806629
0.00227505806629
0.00227505806629
0.00269420207484
0.00269420207484
0.00269420207484
0.00269420207484
0.00241936232539
0.00241936232539
0.00241936232539
0.00241936232539
0.00153663211063
0.00153663211063
0.00153663211063
0.00153663211063
0.00149515895182
0.00149515895182
0.00149515895182
0.00149515895182
0.0016312702816
0.0016312702816
0.0016312702816
0.0016312702816
0.00200014510406
0.00200014510406
0.00200014510406
0.00200014510406
0.00347199146095
0.00347199146095
0.00347199146095
0.00347199146095
0.00234783772775
0.00234783772775
0.00234783772775
0.00234783772775
0.0023548656554
0.0023548656554
0.0023548656554
0.0023548656554
0.00187657549523
0.00187657549523
0.00187657549523
0.00187657549523
0.00180481058238
0.00180481058238
0.00180481058238
0.00180481058238
0.00196907582426
0.00196907582426
0.00196907582426
0.00196907582426
0.00201014615473
0.00201014615469
0.00201014615469
0.00201014615469
0.00172570768087
0.00172570768087
0.00172570768087
0.00172570768087
0.00239907211262
0.00239907211262
0.00239907211262
0.00239907211262
0.00233746780087
0.00233746780087
0.00233746780087
0.00233746780087
0.00246275730378
0.00246275730378
0.00246275730378
0.00246275730378
0.00200243891904
0.00200243891904
0.00200243891903
0.00200243891906
0.00178091099728
0.00178091099728
0.00178091099728
0.00178091099728
0.00192980999915
0.00192980999915
0.00192980999915
0.00192980999915
0.00225913644734
0.00225913644734
0.00225913644734
0.00225913644734
0.00197001271632
0.00197001271632
0.00197001271632
0.00197001271632
0.00182207377642
0.00182207377641
0.0018220737764
0.0018220737764
0.00236722104961
0.00236722104961
0.00236722104963
0.00236722104959
0.002130498103
0.002130498103
0.002130498103
0.002130498103
0.00322558622646
0.00322558622646
0.00322558622646
0.00322558622646
0.00303044065058
0.00303044065058
0.00303044065058
0.00303044065058
0.0108432713225
0.0108432713225
0.0108432713225
0.0108432713226
0.0100671842222
0.0100671842222
0.0100671842222
0.0100671842222
0.0087390594032
0.00873905940319
0.00873905940318
0.00873905940314
0.00978941840445
0.00978941840445
0.00978941840448
0.00978941840445
0.00367883545365
0.00367883545365
0.00367883545365
0.00367883545365
0.00250679022592
0.00250679022595
0.00250679022595
0.00250679022596
0.00265019748087
0.00265019748087
0.00265019748087
0.00265019748087
0.00774136587938
0.00774136587938
0.00774136587938
0.00774136587938
0.00741822134916
0.00741822134916
0.00741822134916
0.00741822134916
0.00144934734546
0.00144934734546
0.00144934734546
0.00144934734546
0.00125498408192
0.00125498408192
0.00125498408192
0.00125498408192
0.00155369111851
0.00155369111851
0.00155369111851
0.00155369111851
0.00137805733543
0.00137805733543
0.00137805733543
0.00137805733543
0.00264367223276
0.00264367223278
0.00264367223277
0.00264367223279
0.00214668339891
0.0021466833989
0.00214668339891
0.00214668339889
0.000831426811304
0.000831426811304
0.000831426811306
0.000831426811306
0.000892267502675
0.000892267502675
0.000892267502675
0.000892267502675
0.00262674122893
0.00262674122893
0.00262674122893
0.00262674122893
0.00382743640456
0.00382743640456
0.00382743640456
0.00382743640456
0.00247359399479
0.00247359399479
0.00247359399479
0.00247359399479
0.0022485587999
0.0022485587999
0.0022485587999
0.0022485587999
0.00250796799382
0.00250796799382
0.00250796799382
0.00250796799382
0.00219522529598
0.00219522529598
0.00219522529598
0.00219522529598
0.00243620241909
0.00243620241909
0.00243620241909
0.00243620241909
0.00225332329419
0.00225332329419
0.00225332329419
0.00225332329419
0.00237242392039
0.00237242392039
0.00237242392039
0.00237242392039
0.00243907927653
0.00243907927653
0.00243907927653
0.00243907927653
0.00362395798138
0.00362395798138
0.00362395798138
0.00362395798138
0.00347403411133
0.00347403411133
0.00347403411133
0.00347403411133
0.00804752424338
0.00804752424338
0.00804752424338
0.00804752424338
0.00319213945751
0.00319213945751
0.00319213945751
0.00319213945751
0.00299081531789
0.00299081531789
0.00299081531789
0.00299081531789
0.00395329049012
0.00395329049012
0.00395329049012
0.00395329049012
0.00366315175694
0.00366315175694
0.00366315175694
0.00366315175694
0.00229848373365
0.00229848373365
0.00229848373369
0.00229848373365
0.00206473628383
0.00206473628382
0.00206473628381
0.0020647362838
0.00240646220522
0.00240646220522
0.00240646220522
0.00240646220522
0.00190626866877
0.00190626866877
0.00190626866877
0.00190626866877
0.00248578651476
0.00248578651476
0.00248578651476
0.00248578651476
0.00326005242476
0.00326005242476
0.00326005242478
0.00326005242474
0.0048259321844
0.0048259321844
0.0048259321844
0.0048259321844
0.00412924063633
0.00412924063633
0.00412924063633
0.00412924063633
0.00846674561399
0.00846674561399
0.00846674561399
0.00846674561399
0.00194373132551
0.00194373132551
0.00194373132551
0.00194373132551
0.0017182575935
0.0017182575935
0.0017182575935
0.0017182575935
0.00260523565997
0.00260523565997
0.00260523565997
0.00260523565997
0.00186521010675
0.00186521010674
0.00186521010672
0.00186521010673
0.00210365700436
0.00210365700436
0.00210365700436
0.00210365700436
0.00229293905636
0.00229293905636
0.00229293905636
0.00229293905636
0.00576078096749
0.00576078096749
0.00576078096749
0.00576078096749
0.00599166786262
0.00599166786262
0.00599166786262
0.00599166786262
0.00473858655051
0.00473858655052
0.00473858655047
0.00473858655052
0.00496013735646
0.0049601373565
0.00496013735651
0.0049601373565
0.00224248314257
0.00224248314257
0.00224248314257
0.00224248314257
0.00218437815746
0.00218437815746
0.00218437815746
0.00218437815746
0.0086828914667
0.0086828914667
0.0086828914667
0.0086828914667
0.00872773555802
0.00872773555802
0.00872773555799
0.00872773555806
0.00979157817241
0.00979157817233
0.00979157817233
0.00979157817233
0.0028883786959
0.0028883786959
0.0028883786959
0.0028883786959
0.00170659870425
0.00170659870425
0.00170659870425
0.00170659870425
0.00187073948608
0.00187073948608
0.00187073948606
0.00187073948609
0.00146110316329
0.00146110316329
0.00146110316329
0.00146110316329
0.00165629836716
0.00165629836716
0.00165629836716
0.00165629836716
0.00134501255839
0.00134501255839
0.00134501255839
0.00134501255839
0.00169513110106
0.00169513110106
0.00169513110106
0.00169513110106
0.00254057547304
0.00254057547304
0.00254057547304
0.00254057547304
0.00229836970187
0.00229836970187
0.00229836970187
0.00229836970187
0.00163090719891
0.00163090719891
0.00163090719891
0.00163090719891
0.00173239450368
0.00173239450368
0.00173239450368
0.00173239450368
0.00201011262191
0.00201011262191
0.00201011262191
0.00201011262191
0.00225623841529
0.00225623841529
0.00225623841529
0.00225623841529
0.00188263123417
0.00188263123417
0.00188263123417
0.00188263123417
0.00151716695651
0.00151716695651
0.00151716695651
0.00151716695651
0.0016100953133
0.0016100953133
0.0016100953133
0.0016100953133
0.00181402404351
0.00181402404351
0.00181402404351
0.00181402404351
0.00262185634096
0.00262185634096
0.00262185634096
0.00262185634096
0.00354870943436
0.00354870943436
0.00354870943436
0.00354870943436
0.00302414766692
0.00302414766692
0.00302414766692
0.00302414766692
0.00540967738717
0.00540967738717
0.00540967738717
0.00540967738717
0.00304944655032
0.00304944655032
0.00304944655032
0.00304944655032
0.00311094916895
0.00311094916895
0.00311094916895
0.00311094916895
0.00224864700181
0.00224864700181
0.00224864700181
0.00224864700181
0.00225950316128
0.00225950316128
0.00225950316128
0.00225950316128
0.0027966719082
0.0027966719082
0.0027966719082
0.0027966719082
0.00279521662962
0.00279521662962
0.00279521662962
0.00279521662962
0.00465640666321
0.00465640666321
0.00465640666321
0.00465640666321
0.00470261148406
0.00470261148406
0.00470261148406
0.00470261148406
0.00228229013891
0.00228229013891
0.00228229013891
0.00228229013891
0.00235809534489
0.00235809534489
0.00235809534489
0.00235809534489
0.0030664143654
0.0030664143654
0.0030664143654
0.0030664143654
0.00229045072847
0.00229045072847
0.00229045072847
0.00229045072847
0.00214217093523
0.00214217093523
0.00214217093523
0.00214217093523
0.00206169486476
0.00206169486476
0.00206169486476
0.00206169486476
0.00297317577908
0.00297317577908
0.00297317577908
0.00297317577908
0.00276082773459
0.00276082773459
0.00276082773459
0.00276082773459
0.00817238574991
0.00817238574994
0.00817238574994
0.00817238574998
0.00900505434662
0.00900505434662
0.00900505434662
0.00900505434662
0.00330728250796
0.00330728250796
0.00330728250796
0.00330728250796
0.00311919093052
0.00311919093052
0.00311919093052
0.00311919093052
0.00410273927786
0.00410273927786
0.00410273927786
0.00410273927786
0.00362306969882
0.00362306969882
0.00362306969882
0.00362306969882
0.00117720089465
0.00117720089462
0.00117720089462
0.00117720089462
0.00121246602061
0.00121246602061
0.0012124660206
0.00121246602061
0.000856817796261
0.000856817796261
0.000856817796261
0.000856817796261
0.000718864184761
0.000718864184769
0.00071886418476
0.000718864184769
0.000888399696958
0.000888399696967
0.000888399696977
0.000888399696968
0.00200941557795
0.00200941557795
0.00200941557795
0.00200941557795
0.00221481728962
0.00221481728962
0.00221481728962
0.00221481728962
0.00230330722812
0.00230330722812
0.00230330722812
0.00230330722812
0.00207986947912
0.00207986947912
0.00207986947912
0.00207986947912
0.00122374871218
0.00122374871218
0.00122374871218
0.00122374871218
0.00163455708587
0.00163455708587
0.0016345570859
0.00163455708587
0.00106432048174
0.00106432048174
0.00106432048174
0.00106432048174
0.0019377385444
0.0019377385444
0.0019377385444
0.0019377385444
0.00194718384792
0.00194718384792
0.00194718384792
0.00194718384792
0.00217433902596
0.00217433902596
0.00217433902596
0.00217433902596
0.00284011119132
0.00284011119132
0.00284011119132
0.00284011119132
0.0201835110123
0.0201835110123
0.0201835110122
0.0201835110123
0.00688458557888
0.00688458557888
0.00688458557888
0.00688458557888
0.00997944911237
0.00997944911233
0.00997944911231
0.00997944911235
0.015793922825
0.0157939228251
0.0157939228251
0.0157939228251
0.0147766092172
0.0147766092172
0.0147766092172
0.0147766092172
0.0200013694827
0.0200013694827
0.0200013694827
0.0200013694827
0.0122929034851
0.0122929034851
0.0122929034851
0.0122929034851
0.00942437837035
0.00942437837035
0.00942437837035
0.00942437837035
0.00910572531266
0.00910572531266
0.00910572531266
0.00910572531266
0.01053525176
0.01053525176
0.01053525176
0.01053525176
0.0155076656656
0.0155076656656
0.0155076656656
0.0155076656656
0.0192080736541
0.0192080736541
0.0192080736541
0.0192080736541
0.00305716266606
0.00305716266607
0.00305716266611
0.00305716266607
0.00196453074564
0.00196453074562
0.00196453074563
0.00196453074561
0.00250664736673
0.00250664736673
0.00250664736673
0.00250664736673
0.00599816852022
0.00599816852022
0.00599816852022
0.00599816852022
0.00617902814626
0.00617902814625
0.00617902814624
0.00617902814623
0.00561882647932
0.00561882647932
0.00561882647932
0.00561882647932
0.00376614661106
0.00376614661106
0.00376614661107
0.00376614661107
0.00508547651575
0.00508547651577
0.00508547651577
0.00508547651575
0.0044551983769
0.0044551983769
0.0044551983769
0.0044551983769
0.00551167859009
0.00551167859009
0.00551167859004
0.00551167859009
0.00567020061851
0.00567020061851
0.00567020061847
0.00567020061851
0.00393479784216
0.00393479784216
0.00393479784216
0.00393479784216
0.00314847352782
0.00314847352782
0.00314847352782
0.00314847352782
0.00326071401979
0.00326071401979
0.0032607140198
0.00326071401981
0.00347757079295
0.00347757079295
0.00347757079295
0.00347757079295
0.00521160366949
0.00521160366951
0.0052116036695
0.00521160366952
0.00356360182746
0.00356360182746
0.00356360182746
0.00356360182746
0.0040525274513
0.0040525274513
0.0040525274513
0.0040525274513
0.00418290261995
0.00418290261995
0.00418290261995
0.00418290261995
0.00395435598025
0.00395435598025
0.00395435598025
0.00395435598025
0.00382111716132
0.00382111716132
0.00382111716132
0.00382111716132
0.00617717122823
0.00617717122823
0.00617717122823
0.00617717122823
0.00531519817359
0.00531519817357
0.00531519817354
0.00531519817356
0.00675781503589
0.00675781503589
0.00675781503586
0.00675781503583
0.0054878101988
0.0054878101988
0.0054878101988
0.0054878101988
0.00485660089845
0.00485660089845
0.00485660089845
0.00485660089845
0.0051402183213
0.0051402183213
0.0051402183213
0.0051402183213
0.00378725463349
0.00378725463349
0.00378725463349
0.00378725463349
0.00423255511468
0.00423255511468
0.00423255511468
0.00423255511468
0.00480486429819
0.00480486429819
0.00480486429819
0.00480486429819
0.00396052134108
0.00396052134108
0.00396052134108
0.00396052134108
0.00637314770761
0.00637314770761
0.00637314770761
0.00637314770761
0.00612731581075
0.00612731581075
0.00612731581075
0.00612731581075
0.00540261547566
0.00540261547566
0.00540261547566
0.00540261547566
0.00790816112546
0.00790816112546
0.00790816112546
0.00790816112546
0.00712538249967
0.00712538249964
0.00712538249965
0.00712538249962
0.00119038155556
0.00119038155556
0.00119038155556
0.00119038155556
0.00126555902066
0.00126555902068
0.00126555902066
0.00126555902068
0.000923635952943
0.000923635952943
0.000923635952943
0.000923635952943
0.00076255090925
0.00076255090925
0.00076255090925
0.00076255090925
0.000900317703833
0.000900317703833
0.000900317703833
0.000900317703833
0.000712740114216
0.000712740114199
0.0007127401142
0.000712740114199
0.00522231835006
0.00522231835006
0.00522231835006
0.00522231835006
0.00633096420144
0.00633096420144
0.00633096420144
0.00633096420144
0.00587642360335
0.00587642360335
0.00587642360335
0.00587642360335
0.00732708244797
0.00732708244797
0.00732708244797
0.00732708244792
0.00906775730235
0.00906775730232
0.00906775730229
0.00906775730233
0.0112447159075
0.0112447159075
0.0112447159075
0.0112447159075
0.00275829011727
0.00275829011727
0.00275829011727
0.00275829011727
0.0025236918353
0.0025236918353
0.0025236918353
0.0025236918353
0.00141840012687
0.00141840012687
0.00141840012687
0.00141840012687
0.00183599874634
0.00183599874634
0.00183599874634
0.00183599874634
0.000934011980061
0.000934011980061
0.000934011980061
0.000934011980061
0.000855670240883
0.000855670240883
0.000855670240883
0.000855670240883
0.0011499642274
0.0011499642274
0.0011499642274
0.0011499642274
0.000772309349734
0.000772309349734
0.000772309349734
0.000772309349734
0.000884085451674
0.000884085451674
0.000884085451674
0.000884085451674
0.000712975892677
0.000712975892678
0.000712975892694
0.000712975892678
0.000797023099039
0.000797023099039
0.000797023099039
0.000797023099039
0.00108381422771
0.00108381422771
0.00108381422771
0.00108381422771
0.000976460821099
0.000976460821099
0.000976460821099
0.000976460821099
0.000882013403057
0.000882013403057
0.000882013403057
0.000882013403057
0.000757471446102
0.000757471446101
0.000757471446091
0.000757471446092
0.000935159706131
0.000935159706131
0.000935159706131
0.000935159706131
0.0172080781913
0.0172080781913
0.0172080781913
0.0172080781913
0.00857321105074
0.00857321105072
0.00857321105071
0.00857321105073
0.00943209760089
0.00943209760089
0.00943209760089
0.00943209760089
0.0105652594685
0.0105652594685
0.0105652594685
0.0105652594685
0.00868566273087
0.00868566273087
0.00868566273087
0.00868566273087
0.0118436772147
0.0118436772147
0.0118436772147
0.0118436772147
0.0108439204482
0.0108439204482
0.0108439204482
0.0108439204482
0.0121733648389
0.0121733648389
0.0121733648389
0.0121733648389
0.00965778014961
0.00965778014961
0.00965778014961
0.00965778014961
0.0197798702958
0.0197798702958
0.0197798702958
0.0197798702958
0.0186357688194
0.0186357688194
0.0186357688194
0.0186357688194
0.00532950180158
0.00532950180158
0.00532950180158
0.00532950180158
0.0067329549533
0.0067329549533
0.0067329549533
0.0067329549533
0.00792178164939
0.00792178164939
0.00792178164939
0.00792178164939
0.00635662565237
0.00635662565237
0.00635662565237
0.00635662565237
0.00553090463515
0.00553090463515
0.00553090463515
0.00553090463515
0.005603172415
0.005603172415
0.005603172415
0.005603172415
0.00674444962029
0.00674444962028
0.00674444962026
0.00674444962031
0.00565240573629
0.00565240573629
0.00565240573629
0.00565240573629
0.00772170115698
0.00772170115698
0.00772170115698
0.00772170115698
0.00642743097687
0.00642743097687
0.00642743097687
0.00642743097687
0.00693541211487
0.00693541211484
0.00693541211482
0.00693541211485
0.00734901062787
0.00734901062787
0.00734901062787
0.00734901062787
0.00192911696876
0.00192911696876
0.00192911696876
0.00192911696876
0.00163329174237
0.00163329174237
0.00163329174237
0.00163329174237
0.00209648363907
0.00209648363907
0.00209648363907
0.00209648363907
0.00228067160689
0.00228067160689
0.00228067160689
0.00228067160689
0.00374315848202
0.00374315848202
0.00374315848202
0.00374315848202
0.00347670506646
0.00347670506646
0.00347670506646
0.00347670506646
0.00562265144414
0.00562265144413
0.00562265144414
0.00562265144413
0.00580873519882
0.00580873519882
0.00580873519882
0.00580873519882
0.00375623050554
0.00375623050552
0.00375623050553
0.00375623050555
0.00368285421215
0.00368285421214
0.00368285421213
0.00368285421216
0.00424957963802
0.00424957963802
0.00424957963802
0.00424957963802
0.00395446625057
0.00395446625052
0.00395446625053
0.00395446625052
0.00471433633619
0.00471433633623
0.00471433633624
0.00471433633617
0.00462480825854
0.0046248082585
0.0046248082585
0.0046248082585
0.00566332694562
0.00566332694561
0.0056633269456
0.00566332694559
0.00543401669518
0.00543401669518
0.00543401669518
0.00543401669518
0.00237925642752
0.00237925642752
0.00237925642752
0.00237925642752
0.00950876075032
0.00950876075032
0.00950876075032
0.00950876075032
0.00687412281323
0.00687412281323
0.00687412281323
0.00687412281323
0.00660264522583
0.00660264522583
0.00660264522583
0.00660264522583
0.00689320564619
0.00689320564619
0.00689320564619
0.00689320564619
0.00476783063209
0.00476783063209
0.00476783063209
0.00476783063209
0.00445820030159
0.00445820030159
0.00445820030159
0.00445820030159
0.00528892115821
0.00528892115821
0.00528892115821
0.00528892115821
0.00389093105591
0.00389093105591
0.00389093105591
0.00389093105591
0.0129017431911
0.0129017431911
0.0129017431911
0.0129017431912
0.0106177066055
0.0106177066055
0.0106177066055
0.0106177066055
0.00400239217795
0.00400239217795
0.00400239217795
0.00400239217795
0.00401376474492
0.00401376474492
0.00401376474492
0.00401376474492
0.00314948138615
0.00314948138615
0.00314948138615
0.00314948138615
0.00336575611668
0.00336575611668
0.00336575611668
0.00336575611668
0.00282877796117
0.00282877796117
0.00282877796117
0.00282877796117
0.00216215184721
0.00216215184721
0.00216215184721
0.00216215184721
0.00187655828007
0.00187655828007
0.00187655828007
0.00187655828007
0.00190635847173
0.00190635847173
0.00190635847173
0.00190635847173
0.00224803968371
0.00224803968371
0.00224803968371
0.00224803968371
0.00231237061938
0.00231237061938
0.00231237061938
0.00231237061938
0.0035490652357
0.0035490652357
0.0035490652357
0.0035490652357
0.00335267845833
0.00335267845833
0.00335267845833
0.00335267845833
0.00312826286559
0.00312826286559
0.00312826286559
0.00312826286559
0.00373252231283
0.00373252231283
0.00373252231283
0.00373252231283
0.00963212694337
0.00963212694337
0.00963212694337
0.00963212694337
0.0117566771503
0.0117566771503
0.0117566771503
0.0117566771502
0.00495894760745
0.00495894760745
0.00495894760745
0.00495894760745
0.00458157215747
0.00458157215747
0.00458157215747
0.00458157215747
0.00408854557768
0.00408854557768
0.00408854557768
0.00408854557768
0.00466583851409
0.00466583851409
0.00466583851409
0.00466583851409
0.00406147899539
0.00406147899539
0.00406147899539
0.00406147899539
0.0044466923383
0.0044466923383
0.0044466923383
0.0044466923383
0.00477768278055
0.00477768278056
0.00477768278056
0.00477768278055
0.00462096009307
0.00462096009307
0.00462096009307
0.00462096009307
0.00463191659346
0.00463191659346
0.00463191659346
0.00463191659346
0.00575843486738
0.00575843486738
0.00575843486738
0.00575843486738
0.00559925451419
0.00559925451417
0.00559925451417
0.00559925451415
0.00455627021383
0.00455627021383
0.00455627021383
0.00455627021383
0.00428581134566
0.00428581134566
0.00428581134566
0.00428581134566
0.0050402988965
0.00504029889648
0.00504029889649
0.00504029889647
0.00247366084411
0.00247366084411
0.00247366084411
0.00247366084411
0.00287960630511
0.00287960630511
0.00287960630511
0.00287960630511
0.00676794349066
0.0067679434907
0.0067679434907
0.0067679434907
0.00700842266847
0.00700842266847
0.00700842266847
0.00700842266847
0.00952287730586
0.00952287730586
0.00952287730586
0.00952287730586
0.00838779416359
0.00838779416359
0.00838779416359
0.00838779416359
0.00860655338281
0.00860655338281
0.00860655338278
0.00860655338283
0.00872110534563
0.00872110534563
0.0087211053456
0.00872110534565
0.00851497610717
0.00851497610717
0.00851497610717
0.00851497610717
0.00861682989956
0.00861682989956
0.00861682989956
0.00861682989956
0.00756571268907
0.00756571268907
0.00756571268907
0.00756571268907
0.0185890515744
0.0185890515744
0.0185890515744
0.0185890515744
0.00984370254603
0.00984370254603
0.00984370254603
0.00984370254603
0.00477144461108
0.00477144461108
0.00477144461108
0.00477144461108
0.00489558695928
0.00489558695928
0.00489558695928
0.00489558695928
0.00770140020602
0.00770140020602
0.00770140020602
0.00770140020602
0.0077176499941
0.0077176499941
0.0077176499941
0.0077176499941
0.0063701033335
0.0063701033335
0.0063701033335
0.0063701033335
0.00487723495943
0.00487723495943
0.00487723495945
0.00487723495941
0.00580857141372
0.00580857141372
0.00580857141376
0.00580857141372
0.00500445125482
0.00500445125482
0.00500445125482
0.00500445125482
0.00469632683577
0.00469632683577
0.00469632683577
0.00469632683577
0.00458604606564
0.00458604606564
0.00458604606564
0.00458604606564
0.00506264905926
0.00506264905925
0.00506264905925
0.00506264905924
0.00523003070429
0.00523003070429
0.00523003070429
0.00523003070429
0.0048900061422
0.0048900061422
0.0048900061422
0.0048900061422
0.00495955621162
0.00495955621162
0.00495955621162
0.00495955621162
0.00617509483691
0.00617509483689
0.0061750948369
0.00617509483688
0.00348391147757
0.00348391147757
0.00348391147757
0.00348391147757
0.00456245994778
0.00456245994778
0.00456245994778
0.00456245994778
0.00124629201495
0.00124629201495
0.00124629201495
0.00124629201495
0.000977591271163
0.000977591271163
0.000977591271163
0.000977591271163
0.00113057935349
0.00113057935349
0.00113057935349
0.00113057935349
0.00129552613648
0.00129552613648
0.00129552613648
0.00129552613648
0.00173243270584
0.00173243270584
0.00173243270584
0.00173243270584
0.00149572524414
0.00149572524414
0.00149572524414
0.00149572524414
0.00399372540949
0.00399372540949
0.00399372540949
0.00399372540949
0.00394279616052
0.00394279616052
0.00394279616052
0.00394279616052
0.00419281054146
0.00419281054146
0.00419281054146
0.00419281054146
0.00508359769965
0.00508359769965
0.00508359769965
0.00508359769965
0.00394292142336
0.00394292142336
0.00394292142336
0.00394292142336
0.00401946243086
0.00401946243086
0.00401946243086
0.00401946243086
0.00369368931674
0.00369368931674
0.00369368931674
0.00369368931674
0.00377326219778
0.00377326219778
0.00377326219778
0.00377326219778
0.00379356504209
0.00379356504209
0.00379356504209
0.00379356504209
0.00408857664151
0.00408857664151
0.00408857664151
0.00408857664151
0.00221157226049
0.00221157226049
0.00221157226049
0.00221157226049
0.00180694172542
0.00180694172542
0.00180694172542
0.00180694172542
0.00166591427603
0.00166591427603
0.00166591427603
0.00166591427603
0.00218695822707
0.00218695822707
0.00218695822707
0.00218695822707
0.00216479649518
0.00216479649518
0.00216479649518
0.00216479649518
0.00199871371486
0.00199871371486
0.00199871371486
0.00199871371486
0.00245798834005
0.00245798834005
0.00245798834005
0.00245798834005
0.00206294871459
0.00206294871459
0.00206294871459
0.00206294871459
0.00237548052506
0.00237548052506
0.00237548052506
0.00237548052506
0.00231826588989
0.00231826588989
0.00231826588989
0.00231826588989
0.00244313041872
0.00244313041872
0.00244313041872
0.00244313041872
0.00250930093964
0.00250930093964
0.00250930093964
0.00250930093964
0.00249357801663
0.00249357801663
0.00249357801663
0.00249357801663
0.00302858316137
0.00302858316137
0.00302858316137
0.00302858316137
0.000962570817185
0.000962570817187
0.000962570817187
0.000962570817187
0.00180809914584
0.00180809914584
0.00180809914584
0.00180809914584
0.00190841123054
0.00190841123054
0.00190841123054
0.00190841123054
0.000995031404268
0.000995031404268
0.000995031404268
0.000995031404268
0.00123181530681
0.00123181530681
0.00123181530681
0.00123181530681
0.000883345611865
0.000883345611865
0.000883345611865
0.000883345611865
0.000770878383227
0.000770878383227
0.000770878383227
0.000770878383227
0.00078982288079
0.00078982288079
0.00078982288079
0.00078982288079
0.000954690980994
0.000954690980982
0.000954690980989
0.000954690980977
0.00153365132225
0.00153365132225
0.00153365132225
0.00153365132225
0.00118285110215
0.00118285110215
0.00118285110215
0.00118285110215
0.00954080785297
0.00954080785297
0.00954080785297
0.00954080785297
0.0110690253391
0.0110690253391
0.0110690253391
0.0110690253391
0.00275701488751
0.00275701488751
0.00275701488751
0.00275701488751
0.00766396570695
0.00766396570692
0.00766396570691
0.00766396570694
0.00978110402827
0.00978110402824
0.00978110402819
0.00978110402817
0.00891932013814
0.00891932013811
0.00891932013808
0.00891932013811
0.0091334591005
0.0091334591005
0.00913345910053
0.00913345910047
0.00798080578104
0.00798080578104
0.00798080578104
0.00798080578104
0.00908220271991
0.00908220271991
0.00908220271991
0.00908220271991
0.00574771842087
0.00574771842086
0.00574771842084
0.00574771842085
0.00136039157577
0.00136039157577
0.00136039157577
0.00136039157577
0.00154644049252
0.00154644049252
0.00154644049252
0.00154644049252
0.00480958304812
0.00480958304812
0.00480958304812
0.00480958304812
0.00399611446438
0.00399611446438
0.00399611446438
0.00399611446438
0.00687682397321
0.00687682397321
0.00687682397321
0.00687682397321
0.00417376297777
0.00417376297777
0.00417376297777
0.00417376297777
0.00310658136972
0.00310658136972
0.00310658136972
0.00310658136972
0.00639496414625
0.00639496414625
0.00639496414625
0.00639496414625
0.00433218257144
0.00433218257145
0.00433218257145
0.00433218257146
0.00393158683662
0.00393158683662
0.00393158683662
0.00393158683662
0.00349853058351
0.00349853058351
0.00349853058351
0.00349853058351
0.00437022680301
0.00437022680301
0.00437022680301
0.00437022680301
0.00206453570365
0.00206453570365
0.00206453570365
0.00206453570365
0.0023876193699
0.0023876193699
0.0023876193699
0.0023876193699
0.00206319935354
0.00206319935354
0.00206319935354
0.00206319935354
0.0018960935189
0.0018960935189
0.0018960935189
0.0018960935189
0.00196852120824
0.00196852120824
0.00196852120824
0.00196852120824
0.00211059923797
0.00211059923797
0.00211059923797
0.00211059923797
0.0157488788032
0.0157488788031
0.0157488788031
0.0157488788031
0.0151260231277
0.0151260231277
0.0151260231277
0.0151260231277
0.0168361414476
0.0168361414476
0.0168361414476
0.0168361414477
0.018952279609
0.018952279609
0.018952279609
0.018952279609
0.0101067656351
0.0101067656351
0.0101067656351
0.0101067656351
0.00956081987865
0.00956081987865
0.00956081987865
0.00956081987865
0.00892386436764
0.00892386436764
0.00892386436764
0.00892386436764
0.00840416665099
0.00840416665099
0.00840416665099
0.00840416665099
0.00354830606334
0.00354830606334
0.00354830606334
0.00354830606334
0.00338453428519
0.00338453428519
0.00338453428519
0.00338453428519
0.00572808071833
0.0057280807183
0.00572808071829
0.0057280807183
0.00500200098017
0.00500200098021
0.00500200098021
0.00500200098021
0.00525798369279
0.00525798369284
0.00525798369285
0.0052579836929
0.00550663920933
0.00550663920933
0.00550663920933
0.00550663920933
0.00217439048917
0.00217439048917
0.00217439048917
0.00217439048917
0.0020519907743
0.0020519907743
0.0020519907743
0.0020519907743
0.002252282249
0.002252282249
0.002252282249
0.002252282249
0.00222686053655
0.00222686053655
0.00222686053655
0.00222686053655
0.00160266266543
0.00160266266543
0.00160266266543
0.00160266266543
0.00141995855642
0.00141995855642
0.00141995855642
0.00141995855642
0.0016421353642
0.0016421353642
0.0016421353642
0.0016421353642
0.00137653330396
0.00137653330396
0.00137653330396
0.00137653330396
0.00270838642656
0.00270838642656
0.00270838642656
0.00270838642656
0.00260234477848
0.00260234477848
0.00260234477848
0.00260234477848
0.0020993868943
0.0020993868943
0.0020993868943
0.0020993868943
0.00199685297883
0.00199685297883
0.00199685297883
0.00199685297883
0.00205762467869
0.00205762467869
0.00205762467869
0.00205762467869
0.00209922770151
0.00209922770151
0.00209922770151
0.00209922770151
0.00352867387049
0.00352867387049
0.00352867387049
0.00352867387049
0.00359126278863
0.00359126278863
0.00359126278863
0.00359126278863
0.00120241814161
0.00120241814161
0.00120241814161
0.00120241814161
0.00133035794565
0.00133035794565
0.00133035794565
0.00133035794565
0.0018109928239
0.0018109928239
0.0018109928239
0.0018109928239
0.00180569893134
0.00180569893134
0.00180569893134
0.00180569893134
0.00259144045598
0.00259144045598
0.00259144045598
0.00259144045598
0.00222542227205
0.00222542227205
0.00222542227205
0.00222542227205
0.00105747039777
0.00105747039777
0.00105747039776
0.00105747039778
0.000966702050567
0.000966702050557
0.000966702050544
0.000966702050554
0.000698443425676
0.000698443425676
0.000698443425676
0.000698443425676
0.000573640719831
0.000573640719831
0.000573640719831
0.000573640719831
0.000623886381337
0.000623886381337
0.000623886381338
0.000623886381336
0.000615354732381
0.000615354732381
0.000615354732381
0.000615354732381
0.000787285827824
0.000787285827824
0.000787285827824
0.000787285827824
0.000704424168765
0.000704424168767
0.000704424168767
0.000704424168767
0.00108918231325
0.00108918231327
0.00108918231326
0.00108918231327
0.000732501080899
0.000732501080901
0.000732501080901
0.000732501080901
0.000619286543586
0.000619286543586
0.000619286543586
0.000619286543586
0.000698814269264
0.000698814269258
0.000698814269259
0.000698814269263
0.000568457233612
0.000568457233603
0.000568457233603
0.000568457233589
0.000604438020411
0.000604438020405
0.0006044380204
0.000604438020393
0.000548167561651
0.000548167561651
0.000548167561651
0.000548167561651
0.000744965504936
0.000744965504936
0.000744965504936
0.000744965504936
0.00525653679618
0.00525653679618
0.00525653679618
0.00525653679618
0.00571090748138
0.00571090748138
0.00571090748138
0.00571090748138
0.00370989958572
0.00370989958572
0.00370989958572
0.00370989958572
0.00340278339538
0.00340278339538
0.00340278339538
0.00340278339538
0.00357723460399
0.00357723460399
0.00357723460399
0.00357723460399
0.00353672645167
0.00353672645167
0.00353672645169
0.00353672645165
0.00691819849942
0.00691819849942
0.00691819849942
0.00691819849942
0.0113859781458
0.0113859781459
0.0113859781458
0.0113859781459
0.00926205733713
0.00926205733718
0.00926205733723
0.00926205733718
0.0153891357813
0.0153891357813
0.0153891357813
0.0153891357813
0.00283226795256
0.00283226795256
0.00283226795256
0.00283226795256
0.00255251575666
0.00255251575666
0.00255251575666
0.00255251575666
0.001198082677
0.001198082677
0.001198082677
0.001198082677
0.00107414903634
0.00107414903634
0.00107414903634
0.00107414903634
0.00118574233114
0.00118574233114
0.00118574233114
0.00118574233114
0.00120384557772
0.00120384557772
0.00120384557772
0.00120384557772
0.00129541132374
0.00129541132374
0.00129541132374
0.00129541132374
0.00142433558929
0.00142433558929
0.00142433558929
0.00142433558929
0.00323096253725
0.00323096253726
0.00323096253721
0.00323096253726
0.00339837655068
0.00339837655064
0.00339837655064
0.00339837655064
0.0048163896599
0.0048163896599
0.00481638965988
0.00481638965992
0.00495491937216
0.00495491937214
0.00495491937213
0.00495491937215
0.00913881400979
0.00913881400979
0.00913881400979
0.00913881400979
0.0107714787391
0.0107714787391
0.0107714787391
0.0107714787391
0.00836381091882
0.00836381091882
0.00836381091882
0.00836381091882
0.00835801447468
0.00835801447468
0.00835801447468
0.00835801447468
0.00338909380949
0.00338909380949
0.00338909380949
0.00338909380949
0.00262332303954
0.00262332303954
0.00262332303954
0.00262332303954
0.00158553224912
0.00158553224912
0.00158553224912
0.00158553224912
0.00156522823316
0.00156522823316
0.00156522823316
0.00156522823316
0.00189538891207
0.00189538891207
0.00189538891207
0.00189538891207
0.00179801032192
0.00179801032192
0.00179801032192
0.00179801032192
0.0066775672246
0.0066775672246
0.0066775672246
0.0066775672246
0.00723732309383
0.00723732309387
0.00723732309382
0.00723732309387
0.0051590108357
0.00515901083568
0.00515901083567
0.00515901083571
0.00489002978609
0.00489002978605
0.00489002978605
0.00489002978602
0.00438166521986
0.00438166521984
0.00438166521979
0.00438166521981
0.0045614728445
0.0045614728445
0.0045614728445
0.0045614728445
0.00381287974147
0.00381287974147
0.00381287974147
0.00381287974147
0.00387861560226
0.00387861560226
0.00387861560226
0.00387861560226
0.00249860832584
0.00249860832584
0.00249860832584
0.00249860832584
0.00233821960378
0.00233821960378
0.00233821960378
0.00233821960378
0.00249067604781
0.00249067604781
0.00249067604781
0.00249067604781
0.00272909141565
0.00272909141565
0.00272909141565
0.00272909141565
0.00228017077938
0.00228017077938
0.00228017077938
0.00228017077938
0.00222931068696
0.00222931068696
0.00222931068696
0.00222931068696
0.00267373278916
0.00267373278916
0.00267373278916
0.00267373278916
0.00285440352164
0.00285440352164
0.00285440352164
0.00285440352164
0.00215435594027
0.00215435594027
0.00215435594027
0.00215435594027
0.0024157400676
0.0024157400676
0.0024157400676
0.0024157400676
0.00190232598861
0.00190232598861
0.00190232598861
0.00190232598861
0.00177095590774
0.00177095590774
0.00177095590774
0.00177095590774
0.000718796888155
0.000718796888156
0.000718796888156
0.000718796888157
0.000794762000191
0.000794762000191
0.000794762000191
0.000794762000191
0.00192436160554
0.00192436160554
0.00192436160554
0.00192436160554
0.00145815612332
0.00145815612332
0.00145815612332
0.00145815612332
0.00269815920241
0.00269815920241
0.00269815920241
0.00269815920241
0.00213652432508
0.00213652432508
0.00213652432508
0.00213652432508
0.00254399432531
0.00254399432531
0.00254399432531
0.00254399432531
0.00229742285121
0.00229742285121
0.00229742285121
0.00229742285121
