0.137161437305
0.159916207099
0.139256976209
0.137226533085
0.139319715131
0.165292392625
0.139225161142
0.139282022511
0.138919582811
0.164852035131
0.13930925589
0.139819328948
0.138011852616
0.160045057837
0.139296762166
0.137209950343
0.125385877178
0.129720899512
0.139277975604
0.165360220465
0.139284473441
0.139281729325
0.138670573811
0.140440992885
0.125342335059
0.139280538923
0.160017795043
0.137335423928
0.137237640595
0.139226851325
0.16529340045
0.139284489215
0.139367310552
0.138875362602
0.16496766834
0.13931080683
0.139729903817
0.129689381935
0.125200393913
0.139278079235
0.165349238181
0.139273962409
0.138913937175
0.139312463829
0.164867291237
0.138764452516
0.139797359304
0.139268794662
0.165334063443
0.138926022928
0.139265222079
0.139278051274
0.165357030759
0.139280362894
0.139281321441
0.0439070928408
0.0439095031028
0.0747468102627
0.0747716676227
0.0792739801179
0.08115349237
0.0402380716538
0.0298338498882
0.0409662406734
0.0261957457091
0.0186211279814
0.0217142503442
0.0204683004613
0.0267055829849
0.0266223018015
0.0168418427644
0.0160889780441
0.0169128843133
0.0185384526492
0.0204932713338
0.0184414891554
0.0216792297449
0.0255441453881
0.0230251305877
0.0290174092576
0.0289557441941
0.0361169452404
0.034684435799
0.0387126288022
0.0414330419076
0.0871288645547
0.0818296183593
0.0733778218676
0.0817754759245
0.0870927621132
0.0415366110341
0.0346690414491
0.0386332140003
0.0371206892635
0.0412444496197
0.0280800668384
0.0227372862353
0.0409875994079
0.0277651986139
0.0648679265224
0.0702026724652
0.065060209551
0.0299558240197
0.0279843574071
0.0280991677246
0.0322350501239
0.0218661148921
0.0190587492581
0.0208813946922
0.0222030874482
0.0249132928052
0.0199464644102
0.0209935987524
0.0225454226215
0.021344143511
0.0234504349312
0.0238035872445
0.0211752021702
0.0703489885299
0.0662538594836
0.0411144100271
0.0403959811167
0.0390219509233
0.038601738107
0.0730061921473
0.0746076203342
0.0701456669893
0.0660367854321
0.0440334134265
0.0434936648486
0.043917327043
0.0423124153576
0.0747106458055
0.0748006203348
0.0422025086569
0.0434223707792
0.0438841532901
0.0421888374976
0.0745941477629
0.0733522261285
0.0660108805406
0.0701753575618
0.0425343407198
0.0404836376872
0.070212360729
0.0424714575767
0.0350854160635
0.0358657365508
