0.0297526631411
0.0297526631411
0.029752663141
0.0297526631409
0.0315247441054
0.0315247441054
0.0315247441054
0.0315247441054
0.032344498925
0.032344498925
0.032344498925
0.032344498925
0.0346042261114
0.0346042261114
0.0346042261114
0.0346042261113
0.0377125398792
0.0377125398792
0.0377125398792
0.0377125398792
0.0333607841436
0.0333607841436
0.0333607841436
0.0333607841436
0.0324375590777
0.0324375590777
0.0324375590777
0.0324375590777
0.031498051658
0.031498051658
0.0314980516579
0.0314980516581
0.0355895687773
0.0355895687773
0.0355895687773
0.0355895687773
0.0342212738205
0.0342212738205
0.0342212738205
0.0342212738205
0.035454089054
0.035454089054
0.035454089054
0.035454089054
0.0312363155325
0.0312363155326
0.0312363155326
0.0312363155326
0.0326009625124
0.0326009625124
0.0326009625124
0.0326009625124
0.0341828996004
0.0341828996004
0.0341828996004
0.0341828996004
0.0390587226486
0.0390587226485
0.0390587226485
0.0390587226485
0.0337105763213
0.0337105763212
0.0337105763212
0.0337105763212
0.0322518178254
0.0322518178254
0.0322518178254
0.0322518178254
0.00282934561045
0.00282934561045
0.00282934561045
0.00282934561045
0.0030172638037
0.0030172638037
0.0030172638037
0.0030172638037
0.00806514330303
0.00806514330303
0.00806514330303
0.00806514330303
0.0037698310383
0.0037698310383
0.0037698310383
0.0037698310383
0.00303576843112
0.00303576843112
0.00303576843112
0.00303576843112
0.00674555136776
0.00674555136776
0.00674555136776
0.00674555136776
0.00524388629304
0.00524388629304
0.00524388629304
0.00524388629304
0.020465591886
0.0204655918861
0.0204655918861
0.0204655918861
0.00838726958713
0.00838726958713
0.00838726958713
0.00838726958713
0.00910644153143
0.00910644153143
0.00910644153143
0.00910644153144
0.00921325455102
0.00921325455102
0.00921325455102
0.00921325455102
0.00811735227007
0.00811735227007
0.00811735227007
0.00811735227007
0.00823917896252
0.00823917896252
0.00823917896252
0.00823917896252
0.0047703363619
0.0047703363619
0.0047703363619
0.0047703363619
0.00648135371581
0.00648135371581
0.00648135371581
0.00648135371581
0.00822031994478
0.00822031994478
0.00822031994478
0.00822031994478
0.0053549417903
0.0053549417903
0.0053549417903
0.0053549417903
0.00379143473101
0.00379143473101
0.00379143473101
0.00379143473101
0.00678147440261
0.00678147440261
0.00678147440261
0.00678147440261
0.00490147219646
0.00490147219646
0.00490147219646
0.00490147219646
0.00553732316842
0.00553732316842
0.00553732316842
0.00553732316842
0.00479776568347
0.00479776568347
0.00479776568347
0.00479776568347
0.00635907886116
0.00635907886116
0.00635907886116
0.00635907886116
0.00708700076407
0.00708700076407
0.00708700076407
0.00708700076407
0.00903779940709
0.00903779940709
0.00903779940709
0.00903779940709
0.0046997113436
0.0046997113436
0.0046997113436
0.0046997113436
0.00705931162752
0.00705931162752
0.00705931162752
0.00705931162752
0.00752224318704
0.00752224318704
0.00752224318704
0.00752224318704
0.00258717771111
0.00258717771112
0.00258717771112
0.00258717771112
0.0025590454881
0.0025590454881
0.0025590454881
0.0025590454881
0.00578121523311
0.00578121523311
0.00578121523311
0.00578121523311
0.00360990763637
0.00360990763637
0.00360990763637
0.00360990763637
0.00423943401974
0.00423943401974
0.00423943401974
0.00423943401974
0.00406953090787
0.00406953090787
0.00406953090787
0.00406953090787
0.00266301688295
0.00266301688295
0.00266301688295
0.00266301688295
0.00331053034254
0.00331053034254
0.00331053034254
0.00331053034254
0.00337148875523
0.00337148875523
0.00337148875523
0.00337148875523
0.00269702772914
0.00269702772917
0.00269702772917
0.00269702772918
0.00263054023022
0.00263054023022
0.00263054023022
0.00263054023026
0.00323674611045
0.00323674611043
0.00323674611043
0.00323674611045
0.00289583320643
0.00289583320643
0.00289583320643
0.00289583320643
0.00216289942192
0.00216289942192
0.00216289942192
0.00216289942192
0.0026943578936
0.00269435789361
0.00269435789359
0.00269435789359
0.00505905260334
0.00505905260334
0.00505905260334
0.00505905260334
0.00685379711235
0.00685379711235
0.00685379711235
0.00685379711235
0.00532135728243
0.00532135728243
0.00532135728246
0.0053213572824
0.00367674214066
0.00367674214066
0.00367674214067
0.00367674214062
0.00413741906276
0.00413741906276
0.00413741906276
0.00413741906276
0.00544357551204
0.00544357551204
0.00544357551204
0.00544357551204
0.00654241202274
0.00654241202274
0.00654241202274
0.00654241202274
0.00527558056049
0.00527558056049
0.00527558056049
0.00527558056049
0.00550634753082
0.00550634753082
0.00550634753082
0.00550634753082
0.00671806419434
0.00671806419434
0.00671806419434
0.00671806419434
0.00662621646134
0.00662621646134
0.00662621646134
0.00662621646134
0.00771633301975
0.00771633301975
0.00771633301975
0.00771633301975
0.00614829562629
0.00614829562629
0.00614829562629
0.00614829562629
0.00696759927889
0.00696759927889
0.00696759927889
0.00696759927889
0.00513136827907
0.00513136827907
0.00513136827907
0.00513136827907
0.00465375171864
0.00465375171864
0.00465375171864
0.00465375171864
0.0060108198437
0.0060108198437
0.0060108198437
0.0060108198437
0.00774270555716
0.00774270555716
0.00774270555716
0.00774270555716
0.00213151752949
0.0021315175295
0.00213151752952
0.00213151752951
0.00234734214502
0.002347342145
0.00234734214498
0.002347342145
0.00253812541995
0.00253812541995
0.00253812541995
0.00253812541995
0.0031417368857
0.0031417368857
0.0031417368857
0.0031417368857
0.0027211107967
0.0027211107967
0.0027211107967
0.0027211107967
0.00393018141716
0.00393018141716
0.00393018141716
0.00393018141716
0.00374183184812
0.00374183184812
0.00374183184812
0.00374183184812
0.00350021544863
0.00350021544863
0.00350021544863
0.00350021544863
0.00304389493143
0.00304389493143
0.00304389493143
0.00304389493143
0.00508918182025
0.00508918182025
0.00508918182025
0.00508918182025
0.0062553667888
0.0062553667888
0.0062553667888
0.0062553667888
0.00777557956998
0.00777557956998
0.00777557956998
0.00777557956998
0.00724023266863
0.00724023266863
0.00724023266864
0.00724023266863
0.0100523867156
0.0100523867155
0.0100523867155
0.0100523867156
0.00796083375436
0.00796083375437
0.00796083375437
0.00796083375437
0.0206908501055
0.0206908501055
0.0206908501055
0.0206908501054
0.0177654226171
0.0177654226171
0.0177654226171
0.0177654226172
0.0115048327401
0.0115048327401
0.0115048327401
0.0115048327401
0.00983750400375
0.00983750400375
0.00983750400375
0.00983750400375
0.0111731706635
0.0111731706635
0.0111731706635
0.0111731706635
0.00169753625102
0.00169753625102
0.00169753625102
0.00169753625102
0.00151163728872
0.00151163728872
0.00151163728872
0.00151163728872
0.00188609940564
0.00188609940564
0.00188609940564
0.00188609940564
0.00179946778826
0.00179946778826
0.00179946778826
0.00179946778826
0.00133967591939
0.00133967591939
0.00133967591939
0.00133967591939
0.00147638233683
0.00147638233683
0.00147638233683
0.00147638233683
0.00213399806723
0.00213399806722
0.00213399806722
0.00213399806723
0.00287595524197
0.00287595524197
0.00287595524197
0.00287595524197
0.00229854494332
0.00229854494332
0.00229854494332
0.00229854494332
0.00270668486039
0.00270668486039
0.00270668486039
0.00270668486039
0.00249555157511
0.00249555157511
0.00249555157511
0.00249555157511
0.00241891592735
0.00241891592735
0.00241891592735
0.00241891592735
0.00159604669077
0.00159604669077
0.00159604669077
0.00159604669077
0.00160253137726
0.00160253137726
0.00160253137728
0.00160253137725
0.00169289334226
0.00169289334226
0.00169289334226
0.00169289334226
0.00198472272698
0.00198472272701
0.00198472272701
0.00198472272701
0.00367255632492
0.00367255632492
0.00367255632492
0.00367255632492
0.00344588498312
0.00344588498312
0.00344588498312
0.00344588498312
0.00261296062293
0.00261296062293
0.00261296062293
0.00261296062293
0.00231594307951
0.00231594307951
0.00231594307951
0.00231594307951
0.00185638905429
0.0018563890543
0.00185638905431
0.0018563890543
0.00183045278181
0.00183045278182
0.00183045278182
0.00183045278183
0.00196411837408
0.00196411837408
0.00196411837408
0.00196411837408
0.00200869677673
0.00200869677673
0.00200869677673
0.00200869677673
0.00169160126811
0.00169160126811
0.00169160126811
0.00169160126811
0.0024429131341
0.0024429131341
0.0024429131341
0.0024429131341
0.00235183645804
0.00235183645804
0.00235183645804
0.00235183645804
0.00244988878952
0.00244988878952
0.00244988878952
0.00244988878952
0.00190709732371
0.00190709732371
0.00190709732371
0.00190709732371
0.00175266800478
0.00175266800478
0.00175266800478
0.00175266800478
0.00189431146627
0.00189431146627
0.00189431146627
0.00189431146627
0.00241719612071
0.00241719612071
0.00241719612071
0.00241719612071
0.00417918334554
0.00417918334554
0.00417918334554
0.00417918334554
0.00193963679179
0.00193963679179
0.00193963679179
0.00193963679179
0.00179267215081
0.00179267215081
0.00179267215081
0.00179267215081
0.0022626185743
0.0022626185743
0.0022626185743
0.0022626185743
0.00211096311907
0.00211096311907
0.00211096311907
0.00211096311907
0.00321614380952
0.00321614380952
0.00321614380952
0.00321614380952
0.00297025948983
0.00297025948983
0.00297025948983
0.00297025948983
0.0108240579772
0.0108240579773
0.0108240579773
0.0108240579773
0.0101311699863
0.0101311699863
0.0101311699863
0.0101311699863
0.00880315980003
0.00880315980003
0.00880315980002
0.00880315980003
0.0098345482486
0.0098345482486
0.00983454824858
0.0098345482486
0.00370640849636
0.00370640849636
0.00370640849636
0.00370640849636
0.00246679426385
0.00246679426385
0.00246679426385
0.00246679426385
0.00291551286568
0.00291551286568
0.00291551286568
0.00291551286568
0.00807073332353
0.00807073332353
0.00807073332353
0.00807073332353
0.00758666919368
0.00758666919368
0.00758666919368
0.00758666919368
0.00145863116978
0.00145863116978
0.00145863116978
0.00145863116978
0.00128053397657
0.00128053397657
0.00128053397657
0.00128053397657
0.00156060991868
0.00156060991868
0.00156060991868
0.00156060991868
0.00144513124419
0.00144513124419
0.00144513124419
0.00144513124419
0.00286282721245
0.00286282721245
0.00286282721245
0.00286282721245
0.00187965917181
0.00187965917181
0.00187965917181
0.00187965917181
0.00219337538535
0.00219337538535
0.00219337538535
0.00219337538535
0.00211527325439
0.00211527325439
0.00211527325439
0.00211527325439
0.00125579769893
0.00125579769893
0.00125579769893
0.00125579769893
0.00100306554141
0.00100306554141
0.00100306554141
0.00100306554141
0.00172247970529
0.00172247970529
0.00172247970529
0.00172247970529
0.000969365790143
0.000969365790143
0.000969365790143
0.000969365790143
0.00265713518557
0.00265713518557
0.00265713518557
0.00265713518557
0.00402038248541
0.00402038248541
0.00402038248541
0.00402038248541
0.00251231616949
0.00251231616949
0.00251231616949
0.00251231616949
0.00227093968118
0.00227093968118
0.00227093968118
0.00227093968118
0.00257576536565
0.00257576536565
0.00257576536565
0.00257576536565
0.00221765286553
0.00221765286553
0.00221765286553
0.00221765286553
0.00241521235251
0.00241521235251
0.00241521235251
0.00241521235251
0.00219130091517
0.00219130091517
0.00219130091517
0.00219130091517
0.00228813098278
0.00228813098278
0.00228813098278
0.00228813098278
0.00281083035077
0.00281083035077
0.00281083035077
0.00281083035077
0.00375296175212
0.00375296175212
0.00375296175212
0.00375296175212
0.00336424831064
0.00336424831064
0.00336424831064
0.00336424831064
0.0081708688311
0.0081708688311
0.0081708688311
0.0081708688311
0.00319166722365
0.00319166722365
0.00319166722365
0.00319166722365
0.00298500663208
0.00298500663208
0.00298500663208
0.00298500663208
0.00390396758059
0.00390396758059
0.00390396758059
0.00390396758059
0.00364961466524
0.00364961466524
0.00364961466524
0.00364961466524
0.0022647221185
0.00226472211848
0.00226472211848
0.00226472211847
0.00200769290157
0.00200769290157
0.00200769290155
0.00200769290155
0.00238384851296
0.00238384851296
0.00238384851296
0.00238384851296
0.00184976551675
0.00184976551675
0.00184976551675
0.00184976551675
0.00247474017608
0.00247474017608
0.00247474017608
0.00247474017608
0.00320620087746
0.00320620087746
0.00320620087746
0.00320620087751
0.00486547929823
0.00486547929823
0.00486547929823
0.00486547929823
0.00417621390434
0.00417621390434
0.00417621390434
0.00417621390434
0.00875262214591
0.00875262214591
0.00875262214591
0.00875262214591
0.0011676167668
0.0011676167668
0.0011676167668
0.0011676167668
0.00199434941525
0.00199434941525
0.00199434941525
0.00199434941525
0.001959753757
0.001959753757
0.001959753757
0.001959753757
0.00173571508635
0.00173571508635
0.00173571508635
0.00173571508635
0.00261429308818
0.00261429308818
0.00261429308818
0.00261429308818
0.00184555447685
0.00184555447685
0.00184555447685
0.00184555447685
0.00216420922898
0.00216420922898
0.00216420922898
0.00216420922898
0.00246796512706
0.00246796512706
0.00246796512706
0.00246796512706
0.00569489891463
0.00569489891463
0.00569489891463
0.00569489891463
0.00590373772159
0.00590373772159
0.00590373772159
0.00590373772159
0.00474589036195
0.00474589036195
0.00474589036195
0.00474589036195
0.00496993290725
0.00496993290725
0.00496993290725
0.00496993290725
0.00223410327243
0.00223410327243
0.00223410327243
0.00223410327243
0.00214418445004
0.00214418445004
0.00214418445004
0.00214418445004
0.00930141338217
0.0093014133822
0.0093014133822
0.0093014133822
0.00967920265364
0.00967920265364
0.00967920265364
0.00967920265364
0.011632218242
0.011632218242
0.011632218242
0.011632218242
0.00932270998037
0.00932270998037
0.00932270998033
0.00932270998033
0.02008674058
0.02008674058
0.02008674058
0.02008674058
0.0119726803468
0.0119726803468
0.0119726803468
0.0119726803468
0.0182086402444
0.0182086402444
0.0182086402444
0.0182086402444
0.00274297905364
0.00274297905364
0.00274297905364
0.00274297905364
0.00167893551431
0.00167893551431
0.00167893551431
0.00167893551431
0.00187638409031
0.0018763840903
0.00187638409028
0.00187638409029
0.0014643428542
0.0014643428542
0.0014643428542
0.0014643428542
0.00174289417093
0.00174289417093
0.00174289417093
0.00174289417093
0.00140964018355
0.00140964018355
0.00140964018355
0.00140964018355
0.00167372356343
0.00167372356343
0.00167372356343
0.00167372356343
0.00282066780479
0.0028206678048
0.0028206678048
0.00282066780482
0.00225863417887
0.00225863417887
0.00225863417887
0.00225863417887
0.00161585940973
0.00161585940973
0.00161585940973
0.00161585940973
0.00173636766407
0.00173636766407
0.00173636766407
0.00173636766407
0.00195922813948
0.00195922813948
0.00195922813948
0.00195922813948
0.00225861898203
0.00225861898203
0.00225861898203
0.00225861898203
0.00192619800422
0.00192619800422
0.00192619800422
0.00192619800422
0.00152342868673
0.00152342868673
0.00152342868673
0.00152342868673
0.001591133274
0.001591133274
0.001591133274
0.001591133274
0.00181750463291
0.00181750463291
0.00181750463291
0.00181750463291
0.00251868294969
0.00251868294969
0.00251868294969
0.00251868294969
0.00379777742934
0.00379777742934
0.00379777742934
0.00379777742934
0.00325201194497
0.00325201194497
0.00325201194497
0.00325201194497
0.00484594203698
0.00484594203698
0.00484594203698
0.00484594203698
0.00575665001526
0.00575665001526
0.00575665001526
0.00575665001526
0.00309574982914
0.00309574982914
0.00309574982914
0.00309574982914
0.0030931910126
0.0030931910126
0.0030931910126
0.0030931910126
0.00218734053759
0.00218734053759
0.00218734053759
0.00218734053759
0.00218532557831
0.00218532557831
0.00218532557831
0.00218532557831
0.00266859426043
0.00266859426043
0.00266859426043
0.00266859426043
0.00266123111336
0.00266123111336
0.00266123111336
0.00266123111336
0.0045700664024
0.0045700664024
0.0045700664024
0.0045700664024
0.00465152943689
0.00465152943689
0.00465152943689
0.00465152943689
0.00225032584563
0.00225032584563
0.00225032584563
0.00225032584563
0.00232028577177
0.00232028577177
0.00232028577177
0.00232028577177
0.00296591572819
0.00296591572819
0.00296591572819
0.00296591572819
0.00226931957067
0.00226931957067
0.00226931957067
0.00226931957067
0.00213191050269
0.00213191050269
0.00213191050269
0.00213191050269
0.00203859133096
0.00203859133096
0.00203859133096
0.00203859133096
0.00289029357532
0.00289029357532
0.00289029357532
0.00289029357532
0.00268815225248
0.00268815225248
0.00268815225248
0.00268815225248
0.00826050730149
0.00826050730152
0.00826050730153
0.00826050730148
0.00934239015691
0.00934239015684
0.00934239015684
0.00934239015684
0.00328839006157
0.00328839006157
0.00328839006157
0.00328839006157
0.00320421709933
0.00320421709933
0.00320421709933
0.00320421709933
0.00404032746143
0.00404032746143
0.00404032746143
0.00404032746143
0.00361185393544
0.00361185393544
0.00361185393544
0.00361185393544
0.00116991122626
0.00116991122628
0.00116991122628
0.00116991122629
0.00121883008976
0.00121883008976
0.00121883008977
0.00121883008976
0.00085821860171
0.00085821860171
0.00085821860171
0.00085821860171
0.000717666731525
0.000717666731525
0.000717666731525
0.000717666731525
0.000885311307158
0.000885311307158
0.000885311307137
0.000885311307158
0.00202977990157
0.00202977990157
0.00202977990157
0.00202977990157
0.00222148345474
0.00222148345474
0.00222148345474
0.00222148345474
0.00230314159478
0.00230314159478
0.00230314159478
0.00230314159478
0.00210363177557
0.00210363177557
0.00210363177557
0.00210363177557
0.00121781628387
0.00121781628387
0.00121781628387
0.00121781628387
0.00161499412761
0.00161499412761
0.00161499412761
0.00161499412761
0.00107434151847
0.00107434151847
0.00107434151847
0.00107434151847
0.00194222160058
0.00194222160058
0.00194222160058
0.00194222160058
0.00206955519234
0.00206955519234
0.00206955519234
0.00206955519234
0.00219346885924
0.00219346885924
0.00219346885924
0.00219346885924
0.00281895854021
0.00281895854021
0.00281895854021
0.00281895854021
0.019554378467
0.019554378467
0.0195543784669
0.019554378467
0.00744625757247
0.00744625757247
0.00744625757247
0.00744625757247
0.0098104908095
0.00981049080954
0.00981049080956
0.00981049080952
0.0158629583424
0.0158629583423
0.0158629583423
0.0158629583423
0.0150071186397
0.0150071186397
0.0150071186397
0.0150071186397
0.019680417863
0.019680417863
0.019680417863
0.019680417863
0.0119548167952
0.0119548167952
0.0119548167952
0.0119548167952
0.0095901146626
0.0095901146626
0.0095901146626
0.0095901146626
0.00923144604282
0.00923144604282
0.00923144604282
0.00923144604282
0.0106306943173
0.0106306943173
0.0106306943173
0.0106306943173
0.0156474572334
0.0156474572334
0.0156474572334
0.0156474572334
0.018850788554
0.0188507885539
0.0188507885539
0.0188507885539
0.00413373090651
0.00413373090651
0.00413373090651
0.00413373090651
0.00309565604141
0.00309565604141
0.00309565604141
0.00309565604141
0.00195571401642
0.00195571401642
0.00195571401642
0.00195571401642
0.00225446105266
0.00225446105266
0.00225446105266
0.00225446105266
0.00238362237196
0.00238362237196
0.00238362237196
0.00238362237196
0.00630529830608
0.00630529830608
0.00630529830608
0.00630529830608
0.0064167093923
0.0064167093923
0.0064167093923
0.00641670939231
0.00583007061921
0.00583007061921
0.00583007061921
0.00583007061921
0.00375935305355
0.00375935305355
0.00375935305355
0.00375935305355
0.00514958613516
0.00514958613516
0.00514958613516
0.00514958613516
0.00443681406585
0.00443681406585
0.00443681406585
0.00443681406585
0.0055559320284
0.0055559320284
0.0055559320284
0.0055559320284
0.0059443516008
0.0059443516008
0.0059443516008
0.0059443516008
0.00358865809772
0.00358865809772
0.00358865809772
0.00358865809772
0.00285105005403
0.00285105005403
0.00285105005403
0.00285105005403
0.00301363637775
0.00301363637775
0.00301363637775
0.00301363637775
0.00325353948671
0.00325353948671
0.00325353948672
0.00325353948669
0.0050021255042
0.00500212550418
0.00500212550419
0.00500212550417
0.0036151863644
0.0036151863644
0.0036151863644
0.0036151863644
0.00406654712614
0.00406654712614
0.00406654712614
0.00406654712614
0.00411616330792
0.00411616330792
0.00411616330792
0.00411616330792
0.0039252777483
0.0039252777483
0.0039252777483
0.0039252777483
0.00387614875047
0.00387614875047
0.00387614875047
0.00387614875047
0.00604732723448
0.00604732723448
0.00604732723448
0.00604732723448
0.00535824861575
0.00535824861578
0.00535824861581
0.00535824861578
0.00655924149247
0.00655924149251
0.00655924149255
0.00655924149254
0.00552704171449
0.00552704171449
0.00552704171449
0.00552704171449
0.00484934742878
0.00484934742878
0.00484934742878
0.00484934742878
0.00506831267346
0.00506831267346
0.00506831267346
0.00506831267346
0.00361228560005
0.00361228560005
0.00361228560005
0.00361228560005
0.00398092345838
0.00398092345838
0.00398092345838
0.00398092345838
0.00438230292113
0.00438230292113
0.00438230292113
0.00438230292113
0.00373277351152
0.00373277351152
0.00373277351152
0.00373277351152
0.00609104412516
0.00609104412516
0.00609104412516
0.00609104412516
0.0060194584187
0.0060194584187
0.0060194584187
0.0060194584187
0.00543076098836
0.00543076098836
0.00543076098836
0.00543076098836
0.00759127435198
0.00759127435198
0.00759127435198
0.00759127435198
0.00746718522372
0.00746718522374
0.00746718522373
0.00746718522376
0.00128229415077
0.00128229415077
0.00128229415078
0.00128229415076
0.00125463076555
0.00125463076557
0.00125463076558
0.00125463076556
0.000866359311244
0.000866359311244
0.000866359311244
0.000866359311244
0.000741624806442
0.000741624806442
0.000741624806442
0.000741624806442
0.000915181715505
0.000915181715505
0.000915181715505
0.000915181715505
0.000687540755937
0.000687540755937
0.000687540755937
0.000687540755937
0.00516948348063
0.00516948348063
0.00516948348063
0.00516948348063
0.00615071158733
0.00615071158733
0.00615071158733
0.00615071158733
0.0059039386619
0.0059039386619
0.0059039386619
0.0059039386619
0.0071361125157
0.0071361125157
0.00713611251565
0.0071361125157
0.00976471608297
0.00976471608299
0.00976471608302
0.00976471608301
0.0113737240705
0.0113737240705
0.0113737240705
0.0113737240705
0.00262935152728
0.00262935152729
0.00262935152727
0.00262935152729
0.00251896498438
0.00251896498438
0.0025189649844
0.00251896498441
0.00137493251193
0.00137493251193
0.00137493251193
0.00137493251193
0.00189206473644
0.00189206473644
0.00189206473644
0.00189206473644
0.000882844250634
0.000882844250634
0.000882844250634
0.000882844250634
0.000807753278999
0.000807753278999
0.000807753278999
0.000807753278999
0.00106516001999
0.00106516001999
0.00106516001999
0.00106516001999
0.000739057333019
0.00073905733303
0.000739057333027
0.000739057333037
0.000823661724392
0.000823661724392
0.000823661724392
0.000823661724392
0.000669739606835
0.000669739606835
0.000669739606835
0.000669739606835
0.000764784329785
0.000764784329785
0.000764784329785
0.000764784329785
0.00102532182755
0.00102532182755
0.00102532182755
0.00102532182755
0.00095996760371
0.00095996760371
0.00095996760371
0.00095996760371
0.000862938724587
0.000862938724587
0.000862938724587
0.00086293872461
0.000728685881492
0.000728685881492
0.000728685881492
0.000728685881492
0.000917740197356
0.000917740197356
0.000917740197356
0.000917740197356
0.0176305130433
0.0176305130433
0.0176305130433
0.0176305130434
0.008845414519
0.00884541451901
0.00884541451902
0.00884541451901
0.0093432244418
0.0093432244418
0.0093432244418
0.0093432244418
0.0100734927436
0.0100734927436
0.0100734927436
0.0100734927436
0.00868796388915
0.00868796388915
0.00868796388915
0.00868796388915
0.0114746700482
0.0114746700482
0.0114746700482
0.0114746700482
0.0108305822689
0.0108305822689
0.0108305822689
0.0108305822689
0.0115805084859
0.0115805084859
0.0115805084859
0.0115805084859
0.009817596211
0.009817596211
0.009817596211
0.009817596211
0.0191737193092
0.0191737193092
0.0191737193092
0.0191737193092
0.0184507146817
0.0184507146817
0.0184507146817
0.0184507146817
0.00464268224184
0.00464268224185
0.00464268224185
0.00464268224185
0.00704478628387
0.00704478628389
0.00704478628388
0.00704478628386
0.00791850509833
0.00791850509833
0.00791850509833
0.00791850509838
0.00672872070617
0.00672872070617
0.00672872070617
0.00672872070617
0.00562952480157
0.00562952480157
0.00562952480157
0.00562952480157
0.00572981278427
0.00572981278427
0.00572981278427
0.00572981278427
0.00662384679466
0.00662384679467
0.00662384679469
0.00662384679465
0.00605868754349
0.00605868754349
0.00605868754349
0.00605868754349
0.00776984733597
0.00776984733597
0.00776984733597
0.00776984733597
0.0067055454493
0.0067055454493
0.0067055454493
0.0067055454493
0.00710170241182
0.00710170241179
0.00710170241177
0.0071017024118
0.00751044684799
0.00751044684798
0.00751044684796
0.00751044684801
0.00185397196253
0.00185397196253
0.00185397196253
0.00185397196253
0.00160550943007
0.00160550943007
0.00160550943007
0.00160550943007
0.00198953600176
0.00198953600176
0.00198953600176
0.00198953600176
0.00211562558723
0.00211562558723
0.00211562558723
0.00211562558723
0.00370890006653
0.00370890006653
0.00370890006653
0.00370890006653
0.00356404601102
0.00356404601102
0.00356404601102
0.00356404601102
0.0058217455005
0.0058217455005
0.0058217455005
0.0058217455005
0.00576177224479
0.00576177224479
0.00576177224479
0.00576177224479
0.00367408654146
0.00367408654144
0.00367408654144
0.00367408654141
0.00357928652358
0.00357928652357
0.00357928652356
0.00357928652355
0.00406428936451
0.00406428936451
0.00406428936451
0.00406428936451
0.00379921744787
0.0037992174479
0.00379921744789
0.00379921744788
0.00596557083563
0.00596557083564
0.00596557083567
0.00596557083565
0.00475651828135
0.00475651828134
0.00475651828134
0.00475651828138
0.00472058983123
0.00472058983123
0.00472058983122
0.00472058983126
0.00554696254048
0.00554696254048
0.00554696254048
0.00554696254044
0.00528450156098
0.00528450156098
0.00528450156098
0.00528450156098
0.00235408725065
0.00235408725065
0.00235408725063
0.00235408725063
0.00983931125125
0.00983931125117
0.00983931125118
0.00983931125117
0.00728702836041
0.00728702836041
0.00728702836041
0.00728702836041
0.00634080306146
0.00634080306146
0.00634080306146
0.00634080306146
0.0065387179981
0.0065387179981
0.0065387179981
0.0065387179981
0.0047306615971
0.0047306615971
0.0047306615971
0.0047306615971
0.00446315031604
0.00446315031604
0.00446315031604
0.00446315031604
0.00508223388475
0.00508223388475
0.00508223388475
0.00508223388475
0.00363192968519
0.00363192968519
0.00363192968519
0.00363192968519
0.0123427225201
0.0123427225201
0.0123427225202
0.0123427225202
0.0103433536693
0.0103433536693
0.0103433536693
0.0103433536693
0.00382205431298
0.00382205431298
0.00382205431298
0.00382205431298
0.00403913146216
0.00403913146216
0.00403913146216
0.00403913146216
0.00339347927393
0.00339347927393
0.00339347927393
0.00339347927393
0.00410474218294
0.00410474218294
0.00410474218294
0.00410474218294
0.00235890775508
0.00235890775508
0.00235890775508
0.00235890775508
0.00192897881336
0.00192897881336
0.00192897881336
0.00192897881336
0.00168856044507
0.00168856044507
0.00168856044507
0.00168856044507
0.00174601589706
0.00174601589706
0.00174601589706
0.00174601589706
0.00214815049773
0.00214815049773
0.00214815049773
0.00214815049773
0.00218869069513
0.00218869069513
0.00218869069513
0.00218869069513
0.00361765894226
0.00361765894226
0.00361765894226
0.00361765894226
0.00340869436056
0.00340869436056
0.00340869436056
0.00340869436056
0.00309813706639
0.00309813706639
0.00309813706639
0.00309813706639
0.00346019489273
0.00346019489273
0.00346019489273
0.00346019489273
0.00961284914035
0.00961284914035
0.00961284914035
0.00961284914035
0.0112563756675
0.0112563756675
0.0112563756675
0.0112563756675
0.00480308614783
0.00480308614786
0.00480308614787
0.00480308614786
0.00460179469013
0.0046017946901
0.00460179469011
0.0046017946901
0.00417970785412
0.00417970785411
0.00417970785411
0.0041797078541
0.00458754346338
0.00458754346338
0.00458754346338
0.00458754346338
0.00412596431418
0.00412596431418
0.00412596431418
0.00412596431418
0.00447536701985
0.00447536701985
0.00447536701985
0.00447536701985
0.0046749639364
0.00467496393639
0.0046749639364
0.00467496393639
0.00452540310628
0.00452540310628
0.00452540310628
0.00452540310628
0.0047014992465
0.0047014992465
0.0047014992465
0.0047014992465
0.00551942603607
0.00551942603607
0.00551942603607
0.00551942603607
0.0053986116353
0.0053986116353
0.0053986116353
0.00539861163531
0.00462185379042
0.00462185379042
0.00462185379042
0.00462185379042
0.00426750984568
0.00426750984568
0.00426750984568
0.00426750984568
0.00482680021688
0.00482680021691
0.0048268002169
0.00482680021692
0.00234395375229
0.00234395375229
0.00234395375229
0.00234395375229
0.00264215675847
0.00264215675846
0.00264215675846
0.00264215675845
0.00651499881883
0.00651499881883
0.00651499881885
0.0065149988188
0.00679474875152
0.00679474875152
0.00679474875152
0.00679474875152
0.00905730525434
0.00905730525434
0.00905730525434
0.00905730525434
0.00877755456141
0.00877755456141
0.00877755456141
0.00877755456141
0.00859932274862
0.00859932274861
0.00859932274864
0.00859932274859
0.00895100710018
0.00895100710018
0.00895100710015
0.00895100710021
0.00838156277872
0.00838156277872
0.00838156277872
0.00838156277872
0.00855414314457
0.00855414314457
0.00855414314457
0.00855414314457
0.00813068774295
0.00813068774294
0.00813068774297
0.00813068774291
0.00832423670406
0.00832423670404
0.00832423670405
0.00832423670404
0.0182100764811
0.0182100764811
0.0182100764811
0.0182100764811
0.0179715080603
0.0179715080603
0.0179715080603
0.0179715080603
0.0170989512871
0.0170989512871
0.0170989512871
0.0170989512871
0.0173048475365
0.0173048475365
0.0173048475365
0.0173048475365
0.00492242104888
0.00492242104888
0.00492242104888
0.00492242104888
0.00531405857494
0.00531405857494
0.00531405857494
0.00531405857494
0.00510176617648
0.00510176617648
0.00510176617648
0.00510176617648
0.00542707549092
0.00542707549092
0.00542707549092
0.00542707549093
0.0126845805478
0.0126845805478
0.0126845805477
0.0126845805478
0.00946159706959
0.00946159706959
0.00946159706959
0.00946159706959
0.00783097709125
0.00783097709125
0.00783097709125
0.00783097709125
0.00884996771156
0.00884996771156
0.00884996771156
0.00884996771156
0.00745266170802
0.00745266170804
0.00745266170802
0.00745266170803
0.00653296374793
0.00653296374794
0.00653296374798
0.0065329637479
0.00501227334538
0.00501227334538
0.00501227334537
0.00501227334538
0.00569804146954
0.00569804146953
0.00569804146953
0.00569804146954
0.00489058546914
0.00489058546914
0.00489058546914
0.00489058546914
0.00462399006451
0.00462399006451
0.00462399006451
0.00462399006451
0.00450553954338
0.00450553954338
0.00450553954338
0.00450553954338
0.00490712518145
0.00490712518146
0.00490712518145
0.00490712518146
0.00542967090521
0.00542967090521
0.00542967090521
0.00542967090521
0.00510725500791
0.00510725500794
0.00510725500794
0.00510725500795
0.00509589777503
0.00509589777502
0.00509589777505
0.00509589777502
0.00577169394542
0.00577169394541
0.0057716939454
0.00577169394544
0.00750501148919
0.00750501148919
0.00750501148919
0.00750501148919
0.0097236969221
0.0097236969221
0.0097236969221
0.0097236969221
0.00443416356508
0.00443416356508
0.00443416356508
0.00443416356508
0.00381231725718
0.00381231725718
0.00381231725718
0.00381231725718
0.00476772095648
0.00476772095648
0.00476772095648
0.00476772095648
0.00433079631607
0.00433079631607
0.00433079631607
0.00433079631607
0.00114913521897
0.00114913521897
0.00114913521897
0.00114913521897
0.000985335141972
0.000985335141972
0.000985335141972
0.000985335141972
0.00108142324749
0.0010814232475
0.00108142324752
0.00108142324751
0.00117934868546
0.00117934868546
0.00117934868546
0.00117934868546
0.00159155158912
0.00159155158912
0.00159155158913
0.00159155158912
0.00141840974838
0.00141840974838
0.00141840974838
0.00141840974838
0.00389947052561
0.00389947052561
0.00389947052561
0.00389947052561
0.00391199106466
0.00391199106466
0.00391199106466
0.00391199106466
0.00402669366057
0.00402669366057
0.00402669366057
0.00402669366057
0.00448751218644
0.00448751218644
0.00448751218644
0.00448751218644
0.00367750745469
0.00367750745469
0.00367750745469
0.00367750745469
0.00367472546711
0.00367472546711
0.00367472546711
0.00367472546711
0.00351623388433
0.00351623388433
0.00351623388433
0.00351623388433
0.00346386806073
0.00346386806073
0.00346386806073
0.00346386806073
0.00370558900747
0.00370558900747
0.00370558900747
0.00370558900747
0.00392291129403
0.00392291129403
0.00392291129403
0.00392291129403
0.00198148366726
0.00198148366726
0.00198148366726
0.00198148366726
0.00172349113408
0.00172349113408
0.00172349113408
0.00172349113408
0.00194845563377
0.00194845563377
0.00194845563377
0.00194845563377
0.00198500729646
0.00198500729646
0.00198500729646
0.00198500729646
0.00198531808771
0.00198531808771
0.00198531808771
0.00198531808771
0.00190296808284
0.00190296808284
0.00190296808282
0.00190296808283
0.00217374755003
0.00217374755003
0.00217374755005
0.00217374755002
0.00194877204529
0.00194877204529
0.00194877204529
0.00194877204529
0.00217673473757
0.00217673473757
0.00217673473757
0.00217673473757
0.00219304833671
0.00219304833671
0.00219304833671
0.00219304833671
0.00241685099513
0.00241685099513
0.00241685099511
0.00241685099511
0.00236778802518
0.00236778802518
0.00236778802518
0.00236778802518
0.00414927623765
0.00414927623765
0.00414927623765
0.00414927623765
0.00320470704212
0.00320470704213
0.00320470704211
0.00320470704215
0.0023851670669
0.0023851670669
0.0023851670669
0.0023851670669
0.00270202163452
0.00270202163452
0.00270202163452
0.00270202163452
0.00136953046466
0.00136953046466
0.00136953046466
0.00136953046466
0.0014444303019
0.00144443030191
0.00144443030191
0.0014444303019
0.00178648251186
0.00178648251186
0.00178648251186
0.00178648251186
0.0018584360251
0.0018584360251
0.0018584360251
0.0018584360251
0.000919680860433
0.000919680860433
0.000919680860433
0.000919680860433
0.00109861525585
0.00109861525585
0.00109861525585
0.00109861525585
0.000811656762304
0.000811656762304
0.000811656762304
0.000811656762304
0.000706195047533
0.000706195047533
0.000706195047533
0.000706195047533
0.000739754372639
0.000739754372639
0.000739754372639
0.000739754372639
0.00089672052178
0.000896720521768
0.000896720521777
0.000896720521764
0.00152671207313
0.00152671207313
0.00152671207313
0.00152671207313
0.00120717060879
0.00120717060879
0.00120717060879
0.00120717060879
0.00939473338262
0.00939473338262
0.00939473338262
0.00939473338262
0.0103199739509
0.0103199739509
0.0103199739509
0.0103199739509
0.00275685317684
0.00275685317684
0.00275685317684
0.00275685317684
0.0027278908846
0.0027278908846
0.0027278908846
0.0027278908846
0.00837232918398
0.00837232918398
0.00837232918399
0.008372329184
0.00958115167392
0.00958115167392
0.00958115167392
0.00958115167397
0.00893288753396
0.00893288753393
0.0089328875339
0.00893288753393
0.00912007447635
0.00912007447635
0.00912007447632
0.00912007447638
0.00819268667248
0.00819268667248
0.00819268667248
0.00819268667248
0.00929213947861
0.00929213947861
0.00929213947861
0.00929213947861
0.00847224179522
0.00847224179521
0.00847224179521
0.0084722417952
0.00583334008026
0.00583334008026
0.00583334008024
0.00583334008028
0.00128614854464
0.00128614854461
0.00128614854461
0.00128614854461
0.0014014476111
0.0014014476111
0.0014014476111
0.0014014476111
0.00461541808169
0.00461541808167
0.00461541808165
0.00461541808167
0.00412373033028
0.00412373033028
0.00412373033028
0.00412373033028
0.00654107100738
0.00654107100738
0.00654107100738
0.00654107100738
0.00420911131304
0.00420911131304
0.00420911131304
0.00420911131304
0.00264725811114
0.00264725811114
0.00264725811114
0.00264725811114
0.00619068752255
0.00619068752255
0.00619068752255
0.00619068752255
0.00377747487844
0.00377747487843
0.00377747487844
0.00377747487843
0.00376721854618
0.00376721854618
0.00376721854618
0.00376721854618
0.0033356091656
0.0033356091656
0.0033356091656
0.0033356091656
0.00392237928303
0.00392237928303
0.00392237928303
0.00392237928303
0.00207550096027
0.00207550096027
0.00207550096027
0.00207550096027
0.00234448206447
0.00234448206447
0.00234448206447
0.00234448206447
0.00206060287576
0.00206060287576
0.00206060287576
0.00206060287576
0.0020276018239
0.0020276018239
0.0020276018239
0.0020276018239
0.0018574126821
0.0018574126821
0.0018574126821
0.0018574126821
0.00208097509862
0.00208097509862
0.00208097509862
0.00208097509864
