0.12995017969
0.141496886811
0.138603102468
0.130812314703
0.13962441459
0.163178998653
0.138184750529
0.138566556146
0.127656545782
0.133841104221
0.136964713252
0.104447387368
0.138999586762
0.165024012218
0.139212404806
0.139189752769
0.138808301435
0.140881258093
0.124736772524
0.130264762941
0.136457422362
0.157825942517
0.13833732182
0.137395350208
0.123981933126
0.138454103082
0.159803694741
0.130998069124
0.138185176957
0.150789340859
0.1324879702
0.134276376187
0.139120493007
0.165048757986
0.139085405493
0.139117900905
0.014625667777
0.0161589485232
0.0286952919433
0.0313724102556
0.0298591894268
0.0320082532612
0.0357705409487
0.0174545113674
0.013334096983
0.0315117645036
0.0234678330306
0.0735438577668
0.0791227237888
0.0812300479038
0.0630062302645
0.0521493733612
0.0428415849399
0.0449219071297
0.0409174544957
0.0733161661869
0.0842070844629
0.0413766002458
0.0421223170285
0.0506445590933
0.0402071301147
0.0827381713861
0.0674556421076
0.0587699109203
0.0753899813248
0.0433689546885
0.0278905087614
0.0441812702646
0.0236233423768
0.0689381954597
0.0309465462708
0.0373711855985
0.030479997414
0.0150252298128
0.0249840626701
0.0188028793564
0.0234788363233
0.0187572461324
0.0280767746069
0.030367610919
0.0278357468898
0.033574797566
0.0371100336171
0.0204613466685
0.0318944662512
0.0365444899414
0.010754705675
0.0101868393753
0.0369147851462
0.0365070286768
0.0175537524527
0.0166245094046
0.0252082780899
0.017144782132
0.0167872248259
0.0196794016798
0.0116852857208
0.0136984694847
0.0123542462508
0.0104680248555
0.0101473314129
0.0133038294143
0.0124171470895
0.00858370869647
0.0105122942717
0.0102386154906
0.0202998815344
0.0274053602278
0.0693449034408
0.059909021241
0.0628154930672
0.0623305298389
0.0215756667216
0.0159819361265
0.017813979151
0.0260922874385
0.0284470603271
0.0250815217053
0.0219075724864
0.0224491720892
0.0277152510668
0.0305988822117
0.0320455384145
0.0261930902439
0.0241061561051
0.0253902670246
0.0298200480317
0.027190627021
0.027492100841
0.0193791364164
0.0196890538163
0.0289155814184
0.0255308706494
0.0329845005063
0.00786494642629
0.00934276767989
0.00916059398073
0.0119100356803
0.0147033595453
0.034758318728
0.0298086252116
0.0143198752561
0.0161439627263
0.0126044231237
0.014365117353
0.011221741997
0.015571115606
0.0231976042353
0.0291907678529
0.0862277490851
0.0330743876275
0.0322852224795
0.0389466373769
0.0332363880242
0.079191955464
0.0713698412
0.0476581259018
0.0428733365473
0.0424600209991
0.0445284434836
0.0691149311104
0.0761799047048
0.00893834966789
0.0065615332478
0.00780407272268
0.00723244423545
0.00644205889553
0.0062391515707
0.00798485196565
0.0113008468563
0.00937774634077
0.0107871960538
0.0116494349007
0.0103925214154
0.00671210702915
0.00611086560776
0.00658836350027
0.00738222109926
0.0167539459882
0.0170058452738
0.013728887026
0.00810363121337
0.00685129981443
0.00855300237968
0.00780790677403
0.00782236252815
0.0106907571484
0.010882224993
0.00926951825765
0.00942454589611
0.00641201240082
0.00635730353071
0.00703881183798
0.00789997034873
0.0163135875903
0.0075140164806
0.00668991800891
0.00737673427391
0.00766782725922
0.0121347868548
0.0110172814726
0.0432829226876
0.0410345788969
0.0358607689266
0.0403114433113
0.0145419103512
0.00925801314337
0.0102161478375
0.0383648284662
0.0358245663223
0.0414221632977
0.0346351216228
0.0802963036929
0.0757460268785
0.00924369641972
0.00603750790211
0.00538023428556
0.00608140753254
0.005892258564
0.00892238119118
0.0121220203115
0.00929073461652
0.00970867426349
0.0101418212806
0.00910812777818
0.00494599298547
0.00425429611787
0.00589372450552
0.00413395552438
0.0117115062328
0.0144858438876
0.0182609920036
0.0105331559812
0.0092419652511
0.011052087366
0.00931822101028
0.00836439891824
0.00804216020276
0.00853517077109
0.00971515536675
0.0144799485052
0.0130973567233
0.039218446871
0.0341931897241
0.0126635944011
0.0119589522992
0.0143547764501
0.0138165096122
0.00804119896694
0.0068277440636
0.00838466381091
0.00651580773974
0.00888161337601
0.0120166128937
0.0200994665417
0.0178194778285
0.0417125887168
0.04796820371
0.00505760139332
0.00729745471112
0.00771117185417
0.00746095749815
0.0106749580795
0.00696782075212
0.00875768299935
0.00942833533555
0.021248115697
0.0218549189723
0.0181994261376
0.0187131542435
0.008401500791
0.00772994908764
0.0386973695505
0.0370861760028
0.0392041625279
0.0359209452728
0.0739492671282
0.0736023578166
0.0623922812088
0.0663874478823
0.00812423591346
0.00646668503218
0.00697307050779
0.00646439832782
0.00688827610992
0.00608497539065
0.00647604635694
0.00657402888113
0.0100065661502
0.00985537489422
0.0128362275827
0.0151636873112
0.00807061769906
0.00639952182369
0.00690229644533
0.00691165086071
0.00854324995022
0.0081503937283
0.00956386744377
0.0091827284796
0.00683873755917
0.0069186253127
0.00765612804623
0.00831516188661
0.0468917840829
0.0425695356794
0.0159681103413
0.0135397455066
0.0151655081842
0.0141840029955
0.0202288742906
0.022025567404
0.0368177876602
0.0400805098915
0.013656951696
0.0123387499121
0.00754339141204
0.00749665582365
0.00813099048736
0.00798442595409
0.0159935526175
0.0164777909816
0.00851428866348
0.00883000958528
0.00976588393868
0.00875653144908
0.00873560670822
0.00840401275298
0.0097777009943
0.00950843033356
0.042558195099
0.0388144064665
0.0128306199608
0.0148578191275
0.0143707031627
0.0136446663386
0.00396484380709
0.00418433494444
0.00361225312728
0.00379988873718
0.00366443468657
0.00411117722613
0.00561966761136
0.00600370084534
0.00866547783335
0.00917328502818
0.00908430290018
0.00893189817619
0.00601545811652
0.005774354179
0.00471062281299
0.00496619849581
0.00785018358065
0.00779223178846
0.00911423023009
0.010297450922
