0.129066914358
0.139518752074
0.138337803142
0.130145007747
0.135045599397
0.159608900425
0.137997665146
0.123027600412
0.096850815638
0.138814933745
0.159644267144
0.137071904423
0.137354510112
0.137097152784
0.134426420085
0.11813999742
0.12932559701
0.130861261671
0.153045631922
0.138080561088
0.1354905875
0.137845429937
0.147461994485
0.131069956546
0.132941232119
0.139133759249
0.164928525498
0.138922196248
0.136074243326
0.0140024882404
0.0147825580483
0.0269013043003
0.0278822312795
0.034880350803
0.0165023640829
0.0126700584564
0.0304648613332
0.0224922913717
0.0735753888201
0.0777673571483
0.0820024157619
0.0630005553666
0.0527453347372
0.0391673026792
0.0426379305531
0.0391188139182
0.0730084723612
0.0848763327844
0.0414759832772
0.0419220350732
0.0510095716428
0.038404430903
0.0830911559382
0.0671631510714
0.0745728383733
0.0391259561878
0.0219521677207
0.0663393985253
0.0291970617584
0.036409587802
0.0277293209254
0.0175334176252
0.0258339779941
0.0190875046858
0.0228888943083
0.0188982065676
0.0268744093264
0.0310850208885
0.0284050539723
0.0373994175333
0.0197618906108
0.0301982837751
0.0351549317695
0.0106699107164
0.0102061752905
0.0171336108765
0.0165039281225
0.0243394754788
0.0156924491387
0.0169193300266
0.0189094663817
0.011169222485
0.0134559011602
0.0129458105476
0.0107381972995
0.0103722089213
0.0138320911651
0.0126217999354
0.00874323167836
0.0106191985309
0.0104328277216
0.0203968745665
0.028049183353
0.0669281651299
0.059542494858
0.0625663377892
0.0213895388727
0.0152412772081
0.0170709846825
0.024483515552
0.0282685794374
0.0255450887573
0.0216022732448
0.0222104111129
0.0281736168841
0.0293679565536
0.0315883617206
0.0260478298315
0.0240575007684
0.0292774514713
0.026967462375
0.0280402646785
0.0195936799672
0.019315339313
0.0299619159087
0.0257709109912
0.0329682735248
0.00825913334741
0.0100348027915
0.00983241587545
0.0123620678815
0.0165293460726
0.0341900558462
0.0276181834911
0.0105387053554
0.0157145077835
0.013776049342
0.0149702690044
0.0115426441193
0.0167045316086
0.0219038983706
0.0286561212195
0.0320464333048
0.0306893333678
0.0394645115515
0.0328091754688
0.0807048977301
0.071218067273
0.0490760667307
0.0428969366316
0.0429089180521
0.0444785861366
0.0696546932816
0.07807489881
0.00814452460419
0.00635910890852
0.00774392588824
0.00719261790321
0.00608706330922
0.00604421677121
0.00823232635639
0.0114394086332
0.00934270119898
0.0108247443048
0.0107635831901
0.0104493275082
0.00655340336593
0.00622889645761
0.00671200103595
0.00763106244847
0.0164170525842
0.0158615351282
0.0120489905598
0.00868360662027
0.00711328930823
0.00779806074511
0.00778878454693
0.0079656924467
0.0058875171428
0.0104494276823
0.00931023371305
0.00958042995325
0.0065606930599
0.00654867661395
0.00714531111738
0.0086295944996
0.0162547247997
0.00754685025786
0.00686868135042
0.00768316241683
0.00807150154312
0.0125132910909
0.0112921548865
0.0432485804315
0.041303261715
0.035668399413
0.0399161192007
0.0147211136396
0.00930386924941
0.011037595217
0.0372403374767
0.0326179426941
0.00602283929126
0.00541685090454
0.00616277343231
0.00593782552768
0.0120324702454
0.00853629327053
0.00941958821703
0.01025523641
0.00867462708665
0.0049916234446
0.00402761210646
0.00620784122544
0.0038372177892
0.0111456276983
0.0150437620415
0.0183523888997
0.0104121200095
0.00925842719425
0.0116204003049
0.00911698311851
0.00888533211831
0.008334598812
0.00882608894058
0.0103933437127
0.0147778130995
0.0132967386931
0.0336268767616
0.0127319294035
0.0119210981617
0.0149554725408
0.0142320525112
0.00852368314404
0.00731932070484
0.0090199508521
0.00680767611024
0.00950506554781
0.0123024945986
0.019931766304
0.0173225534385
0.0387014934093
0.00478644456306
0.00766487183286
0.00781814013303
0.00722981803948
0.0105863080025
0.00715647057549
0.00864122687827
0.00952744296594
0.0219358771601
0.0226451606991
0.0187086466517
0.019436965301
0.0086929990227
0.00806999371703
0.0394872194545
0.0365367577457
0.0415223549973
0.0357378244876
0.0762125060096
0.0627776633903
0.0696546609791
0.00931015548812
0.00648166787145
0.00724445908427
0.00624578907477
0.00734357298066
0.00606396925054
0.00673102418187
0.00658505603666
0.0106170909442
0.0100574120397
0.0121257152696
0.00849258640058
0.00635428901069
0.00695397674958
0.00728052594499
0.00887195827082
0.0081120857288
0.00634111254156
0.00654150089241
0.00744183400428
0.00902135608892
0.051318702254
0.0443578869632
0.0184817072056
0.0140949974051
0.0168068229386
0.0152253904115
0.0207801381076
0.023653870107
0.0378349381814
0.0430610060743
0.0131455333063
0.0123859377094
0.00806299194723
0.00798668052759
0.00917309808806
0.00899285144664
0.0168933479732
0.0175198958979
0.0086897017283
0.00896861917895
0.010656468521
0.00888927099013
0.00856868719416
0.00812234013339
0.0104314761107
0.00997240964555
0.0436811062415
0.0391352680024
0.0129742630005
0.0139554372005
0.0152115677236
0.0140429529361
0.00437055700932
0.00462698253633
0.00353578583067
0.00321194003073
0.00363359333182
0.00833617799733
0.00902618165773
0.00914582960754
0.00865134487474
0.00504711087146
0.00603206746582
0.00450620565289
0.00784862431674
0.00813941595444
0.00898073014762
0.010851844233
0.0733809603859
0.0758392372083
0.0687344955044
0.0668748272148
0.0385232501426
0.0364160128985
0.0372621228157
0.0369352328638
0.0638786970511
0.0622475333841
0.074569562246
0.0745312849845
0.0442646368826
0.0413791872176
0.0394596571854
0.0435901261897
0.0650177150261
0.0708531747189
0.0158793428719
0.0177757268784
0.00989779668247
0.00770569717026
0.00846516469354
0.00850644354477
0.0321366382987
0.0291540255629
0.0246271313956
0.0241142646115
0.0155262639694
0.0145355792344
0.0193055212895
0.0172317187278
0.0201886516737
0.0221162436001
0.0113177180552
0.00955708770259
0.0100976646351
0.0108530933078
0.0178341323288
0.0153730060804
0.0160825307926
0.0161529974765
0.0146660797649
0.0147078542039
0.0228633368091
0.0222585838601
0.0241513698832
0.0222879177482
0.0187181925329
0.0191078544513
0.012114732154
0.0129057727538
0.013144717507
0.012316311998
0.0217531438461
0.0227442212501
0.0213701272911
0.0248628586274
0.0434171463838
0.035379691352
0.00473394954404
0.00511980349207
0.00270668418307
0.00260764410871
0.00285952953761
0.00246903283424
0.0200891076324
0.022282056721
0.023938629988
0.0260860633521
0.0399345661482
0.0412340415993
0.00892410682861
0.00900915928085
0.00498791048653
0.00854450368094
0.00289153020251
0.00274636734712
0.00316021661301
0.00258303424909
0.00259584586678
0.00228874750765
0.00276456363489
0.00330585295965
0.00354024534648
0.00319026836179
0.00269142163259
0.00305986562988
