0.0348202670578
0.0348202670578
0.0348202670578
0.0348202670578
0.0413401495252
0.0413401495252
0.0413401495252
0.0413401495252
0.0348202742478
0.0348202742478
0.0348202742478
0.0348202742478
0.0348202879255
0.0348202879255
0.0348202879255
0.0348202879255
0.0348202421861
0.0348202421861
0.0348202421861
0.0348202421861
0.0413400841722
0.0413400841722
0.0413400841722
0.0413400841722
0.0348202535078
0.0348202535078
0.0348202535078
0.0348202535078
0.0348202838569
0.0348202838569
0.0348202838569
0.0348202838569
0.034820252018
0.034820252018
0.034820252018
0.034820252018
0.0413401194229
0.0413401194229
0.041340119423
0.0413401194229
0.0348202641576
0.0348202641576
0.0348202641576
0.0348202641577
0.0348202843318
0.0348202843318
0.0348202843318
0.0348202843318
0.034820241595
0.034820241595
0.034820241595
0.034820241595
0.0413400864256
0.0413400864256
0.0413400864256
0.0413400864256
0.0348202520926
0.0348202520925
0.0348202520925
0.0348202520925
0.0348202862453
0.0348202862453
0.0348202862453
0.0348202862453
0.0348202530378
0.0348202530378
0.0348202530378
0.0348202530378
0.0413401154522
0.0413401154522
0.0413401154522
0.0413401154522
0.0348202651043
0.0348202651043
0.0348202651043
0.0348202651043
0.0348202838569
0.0348202838569
0.0348202838569
0.0348202838569
0.0348202444718
0.0348202444718
0.0348202444718
0.0348202444718
0.0413400863319
0.0413400863319
0.041340086332
0.0413400863319
0.0348202637203
0.0348202637203
0.0348202637203
0.0348202637202
0.0348202754228
0.0348202754228
0.0348202754229
0.0348202754228
0.0348202419741
0.0348202419741
0.0348202419741
0.034820241974
0.0413400866763
0.0413400866763
0.0413400866763
0.0413400866763
0.0348202833524
0.0348202833524
0.0348202833524
0.0348202833524
0.0348202556736
0.0348202556736
0.0348202556736
0.0348202556736
0.0348202322701
0.0348202322701
0.0348202322701
0.0348202322701
0.0413400534
0.0413400534
0.0413400534
0.0413400534
0.0348202519562
0.0348202519562
0.0348202519562
0.0348202519562
0.0348202727938
0.0348202727938
0.0348202727938
0.0348202727938
0.0348202443747
0.0348202443747
0.0348202443747
0.0348202443746
0.0413400845457
0.0413400845457
0.0413400845457
0.0413400845457
0.0348202667014
0.0348202667014
0.0348202667014
0.0348202667014
0.0348202745866
0.0348202745865
0.0348202745865
0.0348202745865
0.034820245737
0.0348202457371
0.034820245737
0.034820245737
0.0413400234461
0.0413400234461
0.0413400234461
0.0413400234461
0.0348202457819
0.0348202457819
0.0348202457819
0.0348202457819
0.0348202493492
0.0348202493492
0.0348202493492
0.0348202493492
0.0348202408472
0.0348202408472
0.0348202408472
0.0348202408472
0.0413400218653
0.0413400218653
0.0413400218653
0.0413400218653
0.0348202446735
0.0348202446735
0.0348202446735
0.0348202446735
0.0348202502798
0.0348202502798
0.0348202502798
0.0348202502798
0.0348202424744
0.0348202424744
0.0348202424744
0.0348202424744
0.0413400529105
0.0413400529105
0.0413400529105
0.0413400529105
0.0348202509038
0.0348202509038
0.0348202509038
0.0348202509038
0.034820259809
0.034820259809
0.034820259809
0.034820259809
0.0348202318902
0.0348202318902
0.0348202318902
0.0348202318902
0.0413399910931
0.0413399910931
0.0413399910931
0.0413399910931
0.0348202498327
0.0348202498327
0.0348202498327
0.0348202498327
0.0348202322252
0.0348202322252
0.0348202322252
0.0348202322252
0.0348202295554
0.0348202295554
0.0348202295554
0.0348202295554
0.0413400231501
0.0413400231501
0.04134002315
0.0413400231501
0.0348202419995
0.0348202419995
0.0348202419995
0.0348202419994
0.0348202636017
0.0348202636016
0.0348202636017
0.0348202636017
0.0348202497203
0.0348202497203
0.0348202497203
0.0348202497203
0.0413400221191
0.0413400221191
0.0413400221191
0.0413400221191
0.034820243143
0.034820243143
0.034820243143
0.034820243143
0.0348202410615
0.0348202410615
0.0348202410615
0.0348202410615
0.0348202309071
0.0348202309071
0.0348202309071
0.0348202309071
0.0413399602346
0.0413399602346
0.0413399602346
0.0413399602346
0.034820220976
0.034820220976
0.034820220976
0.034820220976
0.0348202396206
0.0348202396206
0.0348202396206
0.0348202396206
0.0348202419751
0.0348202419751
0.0348202419751
0.0348202419751
0.0413400846799
0.0413400846799
0.0413400846799
0.0413400846799
0.0348202551877
0.0348202551877
0.0348202551877
0.0348202551877
0.0348202803013
0.0348202803013
0.0348202803013
0.0348202803013
0.0348202369654
0.0348202369654
0.0348202369654
0.0348202369654
0.0413399591479
0.0413399591479
0.0413399591479
0.041339959148
0.0348202314846
0.0348202314846
0.0348202314846
0.0348202314846
0.0348202221495
0.0348202221494
0.0348202221494
0.0348202221494
0.0348202649126
0.0348202649126
0.0348202649126
0.0348202649126
0.0413400834475
0.0413400834475
0.0413400834475
0.0413400834475
0.0348202530898
0.0348202530898
0.0348202530898
0.0348202530898
0.034820260155
0.034820260155
0.034820260155
0.034820260155
0.0348202356287
0.0348202356287
0.0348202356286
0.0348202356287
0.0413399910169
0.0413399910168
0.0413399910168
0.0413399910168
0.0348202528693
0.0348202528692
0.0348202528691
0.0348202528691
0.0348202318029
0.0348202318029
0.0348202318029
0.0348202318029
