0.0348198034339
0.0348198034338
0.0348198034338
0.0348198034338
0.0413401907856
0.0413401907856
0.0413401907856
0.0413401907856
0.0348203875474
0.0348203875474
0.0348203875474
0.0348203875474
0.0348203913867
0.0348203913866
0.0348203913867
0.0348203913866
0.0348202493131
0.0348202493132
0.0348202493132
0.0348202493132
0.0413401961289
0.0413401961289
0.0413401961289
0.0413401961289
0.0348202839973
0.0348202839973
0.0348202839972
0.0348202839973
0.0348205153499
0.0348205153499
0.0348205153499
0.0348205153498
0.0348210207989
0.0348210207989
0.0348210207989
0.0348210207989
0.0413410679667
0.0413410679667
0.0413410679668
0.0413410679667
0.0348209331623
0.0348209331623
0.0348209331623
0.0348209331623
0.0348377072778
0.0348377072778
0.0348377072778
0.0348377072778
0.0348373667952
0.0348373667952
0.0348373667952
0.0348373667952
0.0413410068632
0.0413410068633
0.0413410068633
0.0413410068633
0.0348207999802
0.0348207999802
0.0348207999803
0.0348207999802
0.0348214252328
0.0348214252328
0.0348214252328
0.0348214252328
0.0344099422184
0.0344099422183
0.0344099422183
0.0344099422183
0.0401142966014
0.0401142966014
0.0401142966014
0.0401142966014
0.0348202163454
0.0348202163454
0.0348202163453
0.0348202163454
0.0343935843605
0.0343935843605
0.0343935843605
0.0343935843604
0.0340648727573
0.0340648727574
0.0340648727574
0.0340648727574
0.0391308041246
0.0391308041246
0.0391308041246
0.0391308041246
0.0340767039624
0.0340767039624
0.0340767039624
0.0340767039624
0.0348055041365
0.0348055041365
0.0348055041365
0.0348055041364
0.0348201570587
0.0348201570587
0.0348201570587
0.0348201570587
0.0413401465485
0.0413401465485
0.0413401465485
0.0413401465484
0.0348204067407
0.0348204067407
0.0348204067407
0.0348204067407
0.0348204001396
0.0348204001396
0.0348204001397
0.0348204001397
0.0347872632212
0.0347872632212
0.0347872632212
0.0347872632212
0.0412880182369
0.041288018237
0.041288018237
0.041288018237
0.0348109022639
0.0348109022639
0.0348109022639
0.0348109022639
0.0348912311146
0.0348912311146
0.0348912311146
0.0348912311146
0.0348207094901
0.0348207094901
0.0348207094901
0.0348207094901
0.0401152852233
0.0401152852233
0.0401152852233
0.0401152852233
0.0344092249472
0.0344092249472
0.0344092249472
0.0344092249472
0.03439144729
0.03439144729
0.03439144729
0.0343914472901
0.034820161364
0.034820161364
0.034820161364
0.034820161364
0.0413396673303
0.0413396673303
0.0413396673302
0.0413396673303
0.0348196548151
0.034819654815
0.034819654815
0.0348196548149
0.0348201848875
0.0348201848875
0.0348201848876
0.0348201848876
0.0348202276929
0.0348202276928
0.0348202276928
0.0348202276928
0.0413399734724
0.0413399734724
0.0413399734724
0.0413399734724
0.034820182535
0.034820182535
0.0348201825351
0.034820182535
0.0348202146832
0.0348202146832
0.0348202146832
0.0348202146833
0.0347968867225
0.0347968867225
0.0347968867225
0.0347968867225
0.0413143633034
0.0413143633034
0.0413143633033
0.0413143633034
0.0348226090532
0.0348226090531
0.0348226090532
0.0348226090531
0.0348784932459
0.0348784932458
0.0348784932458
0.0348784932459
0.0348106434708
0.0348106434707
0.0348106434707
0.0348106434707
0.0391024637477
0.0391024637477
0.0391024637477
0.0391024637477
0.0340834278658
0.0340834278658
0.0340834278659
0.0340834278658
0.0340430949976
0.0340430949976
0.0340430949976
0.0340430949977
0.0348807969132
0.0348807969132
0.0348807969132
0.0348807969132
0.0413013863385
0.0413013863385
0.0413013863386
0.0413013863385
0.0348099756584
0.0348099756584
0.0348099756584
0.0348099756585
0.0347980443681
0.0347980443682
0.0347980443681
0.0347980443682
0.0348202603075
0.0348202603075
0.0348202603075
0.0348202603075
0.041339968148
0.041339968148
0.041339968148
0.041339968148
0.0348202754309
0.0348202754309
0.034820275431
0.0348202754309
0.0348197626806
0.0348197626806
0.0348197626806
0.0348197626805
0.034822632665
0.034822632665
0.034822632665
0.034822632665
0.0413021444474
0.0413021444474
0.0413021444474
0.0413021444475
0.0347846300092
0.0347846300092
0.0347846300092
0.0347846300092
0.0348702147155
0.0348702147155
0.0348702147155
0.0348702147155
0.0348202988729
0.0348202988728
0.0348202988728
0.0348202988728
0.0413392192194
0.0413392192194
0.0413392192194
0.0413392192194
0.0348196716114
0.0348196716114
0.0348196716115
0.0348196716114
0.0348198384093
0.0348198384093
0.0348198384093
0.0348198384092
0.0348201301367
0.0348201301367
0.0348201301368
0.0348201301367
0.041339890447
0.0413398904469
0.0413398904469
0.0413398904469
0.0348202761805
0.0348202761805
0.0348202761805
0.0348202761804
0.0348202223096
0.0348202223096
0.0348202223096
0.0348202223096
0.0193759757322
0.0193759757322
0.0193759757322
0.0193759757322
0.0186684946506
0.0186684946505
0.0186684946505
0.0186684946505
0.0120451354975
0.0120451354976
0.0120451354976
0.0120451354976
0.0113338890494
0.0113338890494
0.0113338890494
0.0113338890494
0.0120437457143
0.0120437457143
0.0120437457144
0.0120437457143
0.0114387825024
0.0114387825024
0.0114387825024
0.0114387825024
0.0194248246249
0.0194248246249
0.0194248246248
0.0194248246249
0.0194287581669
0.0194287581669
0.019428758167
0.0194287581669
0.0186654147626
0.0186654147625
0.0186654147626
0.0186654147625
0.0193743350496
0.0193743350496
0.0193743350496
0.0193743350496
0.0187469817546
0.0187469817546
0.0187469817546
0.0187469817546
0.0187454405038
0.0187454405038
0.0187454405038
0.0187454405038
0.0111300368501
0.0111300368501
0.0111300368501
0.0111300368501
0.0109811298923
0.0109811298923
0.0109811298923
0.0109811298923
0.0106433805927
0.0106433805927
0.0106433805927
0.0106433805927
0.011128958159
0.011128958159
0.011128958159
0.011128958159
0.0179166699592
0.0179166699592
0.0179166699592
0.0179166699592
0.018480902013
0.018480902013
0.018480902013
0.018480902013
0.0184736491615
0.0184736491615
0.0184736491615
0.0184736491615
0.0179113580326
0.0179113580326
0.0179113580326
0.0179113580326
