0.114017860852
0.0117456602603
0.0160930738617
0.0206031434869
0.0130280489161
0.0127236529061
0.0269100124054
0.0263046431215
0.0118400633651
0.0110878496415
0.00990526850345
0.00875956583528
0.00927527384866
0.0083472939923
0.00891353704092
0.0123624060979
0.0131115712984
0.02465237373
0.0268708492563
0.0212411049572
0.022607594969
0.01711203916
0.0177134498243
0.0202481666982
0.0247760454657
0.00851235414213
0.00860562785351
0.00933247569423
0.0102036633037
0.0100453271266
0.01539979863
0.0152060177642
0.0128659555967
0.0121921353305
0.0204913815606
0.0308953321335
0.0279614333095
0.0372182159661
0.0291637802696
0.0368317172264
0.0359792072563
0.00608900605297
0.00567975958575
0.00597975443816
0.00705635315497
0.00512618275193
0.00495160520542
0.00585390099922
0.010400527327
0.00931927373795
0.00639951231139
0.00759920539351
0.00942872146303
0.00757025854658
0.0071869962949
0.00782227666602
0.00735832741475
0.00701143955548
0.00919124930941
0.00851195213428
0.00715720641175
0.00779631054306
0.00836328596086
0.00811653039128
0.00744386823619
0.00981448105807
0.00855367550764
0.0124603370994
0.0118791645844
0.0418375432429
0.0398223521748
0.0326988111382
0.0387719835649
0.0109713818772
0.010051076112
0.00916492860984
0.0291255997657
0.0285737115451
0.00566773463085
0.00495914824705
0.00604353323531
0.00546715316016
0.0081573452906
0.00717060076995
0.00290413252174
0.00309861229334
0.0110607564964
0.00815577972645
0.00853324550106
0.0096530615818
0.00758662346632
0.00667471692519
0.00838874134775
0.0307351714232
0.0121147461004
0.0122651193923
0.0163941445228
0.0148262465589
0.00934394145696
0.00861414894769
0.00966064102558
0.00786952001425
0.00999397046296
0.00815906841273
0.0145452979531
0.0317387295116
0.00643818662115
0.00755970690383
0.00815161839102
0.00875703470648
0.0232599682154
0.0228973989775
0.0197164908044
0.00868313434854
0.0304711929708
0.0330216337186
0.0313350438133
0.00972722942799
0.00696830771607
0.00714341336556
0.00594384741675
0.00488287466495
0.00575767172941
0.0086466727051
0.00831378821696
0.00663297171894
0.00761482771937
0.00678204663111
0.00820779633536
0.00776701793651
0.00611204484753
0.00654961800624
0.0071657662132
0.00883327059626
0.0089644530846
0.00938973032108
0.00963307986677
0.0120702584584
0.0120022406243
0.0189323204358
0.0188703213417
0.00926423796146
0.00964683197529
0.0129453939333
0.00941987226421
0.00893352703586
0.0086501331024
0.0119532869323
0.00994540413159
0.0124103177213
0.0104638124143
0.0133367108588
0.00463561567592
0.00331068419753
0.00303241608783
0.00363848778269
0.00710247702465
0.00726914371753
0.00500641585186
0.00634769805632
0.00358575160532
0.00753850764774
0.00691576825727
0.00885645142998
0.00968480144033
0.0254455145283
0.0383405758988
0.055464495234
0.0795255264517
0.0486864139831
0.0374565158943
0.0364524046605
0.0418588891363
0.0589438966278
0.0061376737873
0.01132038858
0.0110095449602
0.0108097339372
0.0225993813078
0.0142556231598
0.0157549665702
0.0154576161231
0.0151143997968
0.0161144985028
0.0260000589901
0.0214847422689
0.0278031491796
0.0217353353351
0.0192486490154
0.0209345170196
0.0164414985207
0.0188190602572
0.0227419063932
0.0176280067496
0.0281287265993
0.0255229669979
0.0214721341402
0.0338706524235
0.026792067695
0.00457982825037
0.00512948130923
0.0041245368872
0.00322686459041
0.00371568791729
0.00304998067938
0.0208586833177
0.0264983446605
0.0231280117229
0.0281872585806
0.0321318948195
0.0305151271548
0.0105116768001
0.00980750158827
0.00606582199815
0.00718352391156
0.00404931209172
0.00381604614478
0.00513619663852
0.00338051687008
0.00400854213636
0.00322373186685
0.00349919035768
0.00476875946682
0.00399637647714
0.00369041573496
0.00313483133741
0.00383363706482
0.0331959764724
0.037856521857
0.0392470930358
0.035022230381
0.0401197608425
0.0342607565284
0.0260202205739
0.0253871356573
0.0316948487097
0.0237589281116
0.0214108500475
0.0190630999926
0.0263526785728
0.0182056871764
0.0307252362558
0.0240867650425
0.0268240635131
0.0277822095649
0.00698938503036
0.00640418694862
0.00865596660978
0.00779795462016
0.0191915452471
0.0160611203861
0.0154268688801
0.0180088177672
0.0149943407206
0.0155911575258
0.017654688776
0.0228881438615
0.0225405931629
0.00799438478539
0.0242848737624
0.0289989495494
0.0296804154122
0.0193271410091
0.0174635251969
0.0229500922403
0.0165429807111
0.0271640501462
0.0175130469067
0.0153476064347
0.0107320927461
0.0102803175487
0.0144934356748
0.00983601748386
0.0088528618213
0.00804335300819
0.00760822165707
0.00935586486507
0.0133748378417
0.0129137707536
0.012487109808
0.0167916888292
0.0342125819913
0.0207085595475
0.0179359702866
0.015623667919
0.0196918752362
0.0158521661179
0.0174868719335
0.0197400857379
0.0192611317712
0.017872091438
0.0244662689186
0.0246665369762
0.0190166561834
0.0157631003658
0.0213000484309
0.00981322908578
0.00981743242698
0.0284604848479
0.028876492024
0.0399798649333
0.0309522640283
0.0349414334136
0.0330488244191
0.0312750261692
0.0300417740861
0.0267302609769
0.074376232621
0.0160985356203
0.0201712307163
0.0245883878677
0.0220635731106
0.0147831396984
0.0136660681473
0.015895816326
0.0219010998687
0.0230857833156
0.0210827947154
0.0189044089305
0.0244512571448
0.0109451447374
0.0177088837622
0.00544257615837
0.00418684936055
0.00492338741433
0.00498924187844
0.00358252815468
0.00605273198898
0.0164893625287
0.017804435758
0.0207187147288
0.0154712790027
0.0108978067695
0.0103424482202
0.0142020720002
0.00992461852585
0.00768921205541
0.00705619276722
0.00802676720016
0.00984466069148
0.00910081438455
0.0109651896996
0.00899910621446
0.0104408630083
0.0103222778505
0.00987854344167
0.0108825990984
0.0105162237781
0.0121700720955
0.00299721212044
0.00617697837168
0.00429508763092
0.00580356682245
0.00446614144329
0.00404943774768
0.0038452086681
0.00405619740252
0.00395951486303
0.0393898414701
0.0489516125364
0.0077627696697
0.0278062515697
0.035732906678
0.0349175455941
0.0365257744182
0.0303315407972
0.0339894811912
0.0222039568688
0.00578141860162
0.00668255209977
0.0151680530835
0.0258781558864
0.0162522807537
0.0146899396186
0.0264402717736
0.019924268571
0.0152972113162
0.0129392309531
0.00833785228816
0.00837782688227
0.00700595138521
0.00720216765359
0.00855803650884
0.00874564473763
0.0414660954582
0.0340177353549
0.0333735104977
0.0319843458217
0.0137984314127
0.0117117503909
0.0225457976435
0.0185643372934
0.0203480926418
0.0231186299604
0.00881008063838
0.00815388690443
0.00865621452979
0.0090715880683
0.00741024203742
0.00594033708895
0.00680543221449
0.00581456565085
0.0100418370568
0.00746131011643
0.00838618405929
0.00851973374019
0.0108802819564
0.0082940908566
0.00725309326502
0.00990995877239
0.0046952516621
0.00408660705818
0.00403007549526
0.0026996585075
0.00296022950607
0.00300647749616
0.00380923766027
0.0031150340579
0.00371817099504
0.00255797641469
0.00260887584289
0.00261425044551
0.00243787510487
0.00325089889617
0.0198517562553
0.023937120169
0.0171874957001
0.0144603377494
0.0173725409603
0.0176700069647
0.0291987214812
0.0100438015935
0.00543948637985
0.00466543194692
0.00552539398271
0.0051598100141
0.00585984293022
0.00695588767474
0.0145291998488
0.0156037253644
0.0221602063187
0.0363931549338
0.0483406540586
0.0326238805565
0.0160162364873
0.0106626453364
0.00869805678213
0.00821654535708
0.0104531190406
0.010739408109
0.0275462110106
0.028338541953
0.0227642907569
0.0202580628467
0.0196431751093
0.0136726337491
0.0147545336086
0.0105158675151
0.00907891952012
0.0103785550254
0.0129531607048
0.00943543725066
0.0111824334485
0.0140939510215
0.00784859442746
0.00854547399231
0.00773746372498
0.00311845113828
0.00345946391476
0.00680031359539
0.00647930092049
0.0128265550848
0.00943942402095
0.0138221186117
0.0108412364039
0.0305058490942
0.0324619790761
0.0303667216291
0.0290483136061
0.0302031152131
0.00406439905143
0.00349968343989
0.00424917664939
0.00451524682233
0.0164478019657
0.00575626705281
0.00543553759936
0.00560993613117
0.00731082389391
0.00695060145221
0.00554401899506
0.00678897397784
0.00472928022265
0.0119230432178
0.00527033839929
0.00546693340274
0.00582156096252
0.00558337534906
0.00679281315065
0.00566135267605
0.00674870147235
0.00617467640073
0.00924176428325
0.00635728363085
0.00660271960722
0.00668680782146
0.00927049337584
0.00732899605537
0.00764803076673
0.00927876755779
0.00537479433705
0.0107445184577
0.0120128690962
0.00656954381907
0.00552855063954
0.00805870642319
0.0083922608724
0.00715436767626
0.00528538655695
0.00659156458178
0.00642960505902
0.00496471045246
0.00701546813603
0.00710544508478
0.00566807995342
0.0194075765501
0.0178675085592
0.0209769276353
0.0224238445456
0.00513429821614
0.00765702152872
0.00787612745465
0.00493919410728
0.00841075690845
0.00730640167959
0.00736641933262
0.00807869679659
0.00688958072562
0.00615734917288
0.0051941668564
0.00691345225744
0.00637892426414
0.00482533073781
0.00451778223089
0.00644031989299
0.00929939331976
0.00909100222083
0.0109479199399
0.0309995478487
0.035691283494
0.0115722578587
0.00918836172378
0.0111442512727
0.0130281924454
0.0249216988106
0.0194327387196
0.0212338283827
0.0150721946909
0.00740743974236
0.0124150387367
0.0126063855837
0.0322159949618
0.0296909976106
0.0299505815584
0.0300752131743
0.0399966852404
0.0225703527737
0.0178069498299
0.0191605076555
0.0183802395661
0.0069749170801
0.00777191002149
0.00541132907913
0.00763204941286
0.00787813193094
0.00731597832188
0.0174585856967
0.0204138201834
0.0322304229321
0.0230399882509
0.0154264352525
0.0145438028644
0.0136065322916
0.0168366616949
0.00736551588729
0.00782844608329
0.0111598645875
0.0148627899636
0.021291616769
0.0196282876798
0.00528866253039
0.00577638373039
0.0312123015701
0.0681784294541
0.0294526790529
0.0287935830718
0.0325888345818
0.0318372557055
0.0036792323902
0.0143735375499
0.0151479031392
0.00824909941685
0.00729725673682
0.00821575368631
0.00906960502762
0.0070121878429
0.00717394751442
0.00886553622568
0.00809248203652
0.00883458569156
0.00769203118056
0.0079002929558
0.00904750063298
0.00517766749504
0.00479600954847
0.00430900733391
0.00382863350845
0.00499367906626
0.00516451128091
0.00770515176153
0.00778571954616
0.0056473085331
0.00563115899495
0.00562219032211
0.0372755143082
0.0214142748612
0.0179963339778
0.0193243594892
0.0200097176722
0.0275735257809
0.0258123821241
0.00179170089937
0.00160490839506
0.00150279364009
0.00246243053342
0.00341909782135
0.00282745041648
0.00332921043035
0.00234576987296
0.00293396995433
0.00279150373621
0.00285295532425
0.00269972720035
0.0032664788695
0.0052481272123
0.00561719151181
0.0031823343611
0.00255900773971
0.00319837568557
0.00278835783372
0.00419639151478
0.00434551462203
0.00494869162453
0.00507096551875
0.00352696521237
0.00299361786789
0.00262515136467
0.00314955734238
0.0024547691947
0.00236937094067
0.00290984698769
0.00322696645096
0.00505322756062
0.00502973110012
0.0235691213075
0.020815175028
0.0226774517633
0.0210397996423
0.0335346695954
0.0314124342655
0.0133091529258
0.0130162777899
0.00705306105981
0.0080251028276
0.00634636112096
0.00587815732617
0.00680432766048
0.00758006719262
0.0249720156701
0.0244796490401
0.0151953992256
0.0146281217124
0.0164709261717
0.0158489412926
0.0232075568016
0.01164547042
0.0118606517915
0.0237317170506
0.0253724677699
0.00677864662701
0.00649024013917
0.00770601381023
0.00906297270382
0.0121920991705
0.0118079211949
0.0092299875351
0.00836456200151
0.00740140285062
0.00884967711395
0.00428739062345
0.00390332137704
0.00639947131281
0.00532463572624
0.00164650360858
0.00214291802384
0.0135416676354
0.0111576913032
0.0322715272705
0.0093669253489
0.00794943173028
0.00789985500957
0.00777006040845
0.00806930333605
0.0103540667869
0.00536999730924
0.0069314173843
0.00598095716042
0.00520813986957
0.00330521402745
0.00396828721769
0.00770980115499
0.0113251782266
0.00676200606511
0.00617792105432
0.00747387650892
0.00658290588008
0.0235865826196
0.0233377117298
0.0335333103636
0.0351339945339
0.0373427922599
0.0374473341587
0.0299505581505
0.0325167381898
0.0324936502924
0.0321655194292
0.0621340999861
0.0622458206946
0.029120318669
0.0301079555275
0.0292819808181
0.0329895123313
0.0307712322136
0.0325782939934
0.0329840553877
0.0318784361681
0.00244431106737
0.00235711070414
0.00253133170293
0.00254152548944
0.00451275697005
0.00642575892336
0.00254027840063
0.00234213099913
0.00295552329216
0.00239301607651
0.00671666611828
0.00610065337957
0.00635607049958
0.00626546734376
0.00792073542448
0.0118843442755
0.0090160071586
0.0107001658167
0.00625010622339
0.00617743345648
0.00637344854086
0.00716643975245
0.00999427638367
0.0108580500166
0.005170845369
0.00510069442905
0.00320405223141
0.00270205841242
0.00327277316635
0.00311305978699
0.0041381332865
0.00445701661187
0.0107370356405
0.00950955529405
0.00512451230639
0.00493640071516
0.00859694146387
0.00862270685878
0.0386319894697
0.040405315163
0.0300774898754
0.0375673320736
0.00531028049844
0.00475255416761
0.00920965959257
0.00678984975609
0.00299091157071
0.00297167785709
0.00587492950125
0.00460306514076
0.00499913224428
0.00509833720104
0.00106330353362
0.00130768722677
0.0012289660567
0.00150950312956
0.00287721843316
0.00236539036808
0.00148816752078
0.00128438791279
0.00645548184488
0.00689451015593
0.0186835379751
0.0188004248979
0.0178361454495
0.0172334917605
0.017065582241
0.0172440166351
0.010700779989
0.0121581309298
0.0132047924808
0.0109213299229
0.0176038936261
0.0157681156469
0.00874468307569
0.00853482418715
0.0098104041512
0.0100768817136
0.00454488920659
0.00478894267999
0.00554452895975
0.0051012471974
0.0036323236859
0.00327932353766
0.0233606053872
0.0236283615279
0.0220671965165
0.0203922656507
0.0171460880088
0.0222975828676
0.0212420638255
0.0198743293686
0.0213048136725
0.0241320678466
0.00874665757777
0.0215561301999
0.0171559833016
0.024664319495
0.00953942514112
0.0113105877535
0.0110275577087
0.0113340782212
0.0334579713609
0.0421091153852
0.00174061792139
0.00145804320315
0.00153355701098
0.00169903988584
0.00718560336869
0.0079214039998
0.00410617077023
0.00318992884751
0.0036919430972
0.00356613626136
0.00358681929766
0.00351573207378
0.00347511589964
0.00452540026813
0.00501253515421
0.00402504411017
0.00374979423014
0.00438146927306
0.00385459295967
0.00440603413106
0.024430279457
0.0223354399252
0.00213220059861
0.00236487580858
0.00142233444308
0.0021320728995
0.00229623746029
0.00198841946893
0.00497587999473
0.00562190565388
0.00340751060059
0.00339378320711
0.0290130362623
0.0220746892553
0.00423289050527
0.00468243200572
0.011667466895
0.00626781528661
0.0199934267643
0.0197326570759
0.0200014252266
0.0193718193623
0.0191245783594
0.021640796631
0.0173370047443
0.0183441075686
