0.0348158404863
0.0348158404863
0.0348158404862
0.0348158404864
0.0413380196826
0.0413380196826
0.0413380196826
0.0413380196828
0.034820310572
0.034820310572
0.034820310572
0.034820310572
0.0348184984918
0.0348184984918
0.0348184984918
0.0348184984918
0.0348190449298
0.0348190449299
0.0348190449299
0.0348190449299
0.0413401381701
0.0413401381701
0.0413401381701
0.0413401381701
0.0348203352706
0.0348203352706
0.0348203352705
0.0348203352706
0.0348206066122
0.0348206066122
0.0348206066122
0.0348206066121
0.0347847635508
0.0347847635508
0.0347847635508
0.0347847635508
0.0413047093837
0.0413047093837
0.0413047093837
0.0413047093837
0.0348230605441
0.0348230605441
0.0348230605441
0.0348230605441
0.0348951109692
0.0348951109692
0.0348951109692
0.0348951109692
0.0348952221172
0.0348952221172
0.0348952221172
0.0348952221172
0.0413058318091
0.0413058318091
0.0413058318091
0.0413058318091
0.0348229150015
0.0348229150014
0.0348229150014
0.0348229150014
0.0347868381792
0.0347868381792
0.0347868381792
0.0347868381792
0.0337383838832
0.0337383838832
0.0337383838832
0.0337383838832
0.0381747388451
0.0381747388451
0.0381747388451
0.0381747388451
0.0348000953232
0.0348000953232
0.0348000953231
0.0348000953232
0.0323859255327
0.0323859255327
0.0323859255327
0.0323859255327
0.033051694842
0.033051694842
0.033051694842
0.033051694842
0.0338972337869
0.0338972337869
0.0338972337869
0.0338972337868
0.0348200441692
0.0348200441691
0.0348200441691
0.034820044169
0.0413401241133
0.0413401241133
0.0413401241133
0.0413401241133
0.034820632382
0.034820632382
0.034820632382
0.034820632382
0.034820474923
0.0348204749229
0.0348204749229
0.0348204749229
0.033324403246
0.033324403246
0.0333244032461
0.0333244032461
0.0403261937548
0.0403261937549
0.0403261937549
0.0403261937549
0.034765491884
0.0347654918841
0.0347654918842
0.0347654918841
0.0347937161833
0.0347937161832
0.0347937161832
0.0347937161832
0.0381668974106
0.0381668974106
0.0381668974106
0.0381668974106
0.0337188204892
0.0337188204892
0.0337188204891
0.0337188204892
0.0324383862694
0.0324383862694
0.0324383862694
0.0324383862694
0.0348199957031
0.0348199957031
0.0348199957031
0.0348199957031
0.0413368089358
0.0413368089358
0.0413368089357
0.0413368089358
0.0348159590779
0.0348159590779
0.034815959078
0.0348159590778
0.0348179280756
0.0348179280756
0.0348179280756
0.0348179280756
0.0348197009026
0.0348197009025
0.0348197009025
0.0348197009025
0.0413390993074
0.0413390993074
0.0413390993074
0.0413390993074
0.0348200891373
0.0348200891373
0.0348200891373
0.0348200891373
0.0348184981638
0.0348184981638
0.0348184981638
0.0348184981639
0.0347576275075
0.0347576275075
0.0347576275075
0.0347576275075
0.0412825364992
0.0412825364992
0.0412825364992
0.0412825364992
0.0348262039664
0.0348262039664
0.0348262039664
0.0348262039664
0.0349309682545
0.0349309682545
0.0349309682545
0.0349309682545
0.0339138865684
0.0339138865685
0.0339138865685
0.0339138865685
0.0330416057533
0.0330416057533
0.0330416057533
0.0330416057533
0.040327552929
0.040327552929
0.0403275529291
0.040327552929
0.0347565686495
0.0347565686495
0.0347565686494
0.0347565686496
0.033343443276
0.033343443276
0.033343443276
0.0333434432759
0.0348202808336
0.0348202808336
0.0348202808336
0.0348202808336
0.0413391222094
0.0413391222094
0.0413391222094
0.0413391222094
0.0348201064301
0.0348201064301
0.0348201064301
0.0348201064301
0.0348166487264
0.0348166487264
0.0348166487264
0.0348166487265
0.0348263931484
0.0348263931484
0.0348263931484
0.0348263931484
0.0412618824515
0.0412618824515
0.0412618824515
0.0412618824515
0.0347331970299
0.0347331970299
0.0347331970299
0.0347331970299
0.0349338046555
0.0349338046555
0.0349338046555
0.0349338046555
0.0348201958892
0.0348201958891
0.0348201958891
0.0348201958891
0.0413368204798
0.0413368204798
0.0413368204798
0.0413368204798
0.0348153152807
0.0348153152807
0.0348153152808
0.0348153152807
0.0348188617677
0.0348188617677
0.0348188617677
0.0348188617677
0.0348200550643
0.0348200550644
0.0348200550643
0.0348200550644
0.0413398091554
0.0413398091554
0.0413398091554
0.0413398091554
0.034820283187
0.0348202831869
0.0348202831869
0.0348202831869
0.0348202683937
0.0348202683937
0.0348202683937
0.0348202683937
0.0113730553768
0.0113730553768
0.0113730553769
0.0113730553768
0.0113652462898
0.0113652462898
0.0113652462898
0.0113652462898
0.019401055484
0.019401055484
0.019401055484
0.019401055484
0.0194190117346
0.0194190117346
0.0194190117347
0.0194190117346
0.0199683048272
0.0199683048272
0.0199683048272
0.0199683048272
0.0199489273944
0.0199489273944
0.0199489273944
0.0199489273944
0.0121674748239
0.0121674748239
0.0121674748239
0.0121674748239
0.0110625094832
0.0110625094832
0.0110625094832
0.0110625094832
0.00976280275718
0.00976280275718
0.00976280275718
0.00976280275718
0.0121591511154
0.0121591511154
0.0121591511154
0.0121591511154
0.0193493376569
0.0193493376569
0.0193493376569
0.0193493376569
0.0193516462006
0.0193516462006
0.0193516462006
0.0193516462006
0.00997026003893
0.00997026003893
0.00997026003893
0.00997026003893
0.0057837384492
0.0057837384492
0.0057837384492
0.0057837384492
0.00466372742449
0.00466372742449
0.00466372742449
0.00466372742449
0.00513463613648
0.00513463613648
0.00513463613648
0.00513463613648
0.00498467668675
0.00498467668674
0.00498467668674
0.00498467668673
0.00620948655359
0.00620948655358
0.00620948655358
0.00620948655358
0.0061865260487
0.0061865260487
0.0061865260487
0.00618652604869
0.00359937653927
0.00359937653927
0.00359937653927
0.00359937653927
0.00362195801601
0.00362195801601
0.00362195801601
0.00362195801601
0.00362650654797
0.00362650654796
0.00362650654798
0.00362650654796
0.00396053322157
0.00396053322157
0.00396053322157
0.00396053322157
0.00498366695335
0.00498366695335
0.00498366695336
0.00498366695332
0.00463848894103
0.00463848894099
0.00463848894099
0.00463848894099
0.00515204558118
0.00515204558118
0.00515204558117
0.00515204558114
0.00572044017771
0.00572044017771
0.00572044017771
0.00572044017771
0.00541570227314
0.00541570227314
0.00541570227314
0.00541570227314
0.0100054496966
0.0100054496966
0.0100054496966
0.0100054496966
0.00826986621431
0.00826986621428
0.00826986621428
0.00826986621427
0.00828441137473
0.00828441137471
0.00828441137469
0.00828441137471
0.00995834694264
0.00995834694264
0.00995834694264
0.00995834694264
0.00923218761106
0.00923218761106
0.00923218761106
0.00923218761106
0.00896331726215
0.00896331726215
0.00896331726215
0.00896331726215
0.00908492720007
0.00908492720007
0.00908492720007
0.00908492720007
0.00961241580509
0.00961241580509
0.00961241580509
0.00961241580509
0.0209724805899
0.0209724805899
0.0209724805899
0.0209724805899
0.020115555304
0.020115555304
0.020115555304
0.020115555304
0.0179676207432
0.0179676207432
0.0179676207432
0.0179676207432
0.019044287718
0.019044287718
0.019044287718
0.019044287718
0.0200785172078
0.0200785172078
0.0200785172078
0.0200785172078
0.0209652450571
0.0209652450571
0.0209652450571
0.0209652450571
0.00960693138204
0.00960693138204
0.00960693138204
0.00960693138204
0.00894269518344
0.00894269518344
0.00894269518344
0.00894269518344
0.00906240082213
0.00906240082213
0.00906240082213
0.00906240082213
0.00922852155398
0.00922852155398
0.00922852155398
0.00922852155398
0.0190376240612
0.0190376240612
0.0190376240612
0.0190376240612
0.0179472566187
0.0179472566187
0.0179472566187
0.0179472566187
0.00620919127309
0.00620919127309
0.00620919127309
0.00620919127309
0.00537481477726
0.00537481477726
0.00537481477726
0.00537481477726
0.00996911426674
0.00996911426674
0.00996911426674
0.00996911426674
0.00621773767367
0.00621773767367
0.00621773767367
0.00621773767367
