0.135761397924
0.15572030284
0.139210775597
0.135705117454
0.139458586296
0.165173778179
0.139129465874
0.13928301704
0.136854972391
0.159393892326
0.139252113075
0.135205055491
0.135423329717
0.155877898185
0.139215906217
0.135632942462
0.122492301347
0.126656438354
0.139273089122
0.165358300839
0.139284525454
0.13928130103
0.139245970824
0.155625606692
0.135783088994
0.135672435004
0.139129514843
0.165116314526
0.139236203176
0.139480511343
0.138847862525
0.164823848126
0.139303532482
0.139612837606
0.126872769776
0.12224683918
0.139213602877
0.16528760232
0.139266502436
0.138703699574
0.139305142803
0.164713074024
0.138713113149
0.139698707698
0.139199908516
0.165267145504
0.138738282743
0.139255044896
0.139273082085
0.165349465776
0.139277832717
0.139277886029
0.0435204443007
0.0435372858642
0.0736213903324
0.0736158870058
0.0367183640133
0.0273994648633
0.0415000007237
0.0267069464423
0.0187364678774
0.0221826514762
0.0205715612147
0.0273277537808
0.0272511182678
0.0178305127613
0.0167432964628
0.0178719335185
0.0194072191641
0.0206723151374
0.0186342195978
0.0221620543294
0.0164533414727
0.0236001230665
0.0276197012638
0.0276205827329
0.0360056664889
0.0340869360074
0.0396857600355
0.0415701813131
0.0865808251387
0.0819595544425
0.0714779971984
0.082055745058
0.0865848299952
0.042939204355
0.0349252210544
0.0396499373325
0.0367859305787
0.0400892519722
0.0284390022164
0.0233149598082
0.0414824605843
0.0291933933108
0.0641367487427
0.0285033440982
0.0274170713584
0.0310511256438
0.0228670889562
0.0184393978985
0.0209741691669
0.0223917372092
0.0251112241221
0.0206797611166
0.0218957779075
0.0237957404103
0.0215127666696
0.0244897016385
0.0346381282283
0.0213761731308
0.0742199250074
0.0431724071378
0.0395177205695
0.0347768522298
0.0733495328045
0.0768935506028
0.0732155297502
0.0660138415275
0.0462044066471
0.0435545002092
0.0446221789442
0.0432262502554
0.075839167412
0.07730768981
0.0414777325967
0.0430646550287
0.0458664336469
0.0429594459689
0.0769229843134
0.0715097635929
0.0660148773128
0.0732140331626
0.0439028442793
0.0410089574435
0.0440362236387
0.031965448368
0.0743462481187
0.0722410351116
0.0406081776308
0.0381452095819
0.0359568637562
0.0368237427495
0.0505353972525
0.0674767849875
0.0197429183038
0.0210736102068
0.0219269669417
0.024087039812
0.053133932508
0.0403887778178
0.0181881883965
0.0176796877525
0.0187300060556
0.0173832503365
0.0381358170326
0.0359000655486
0.018443852325
0.0169125276919
0.0326027649305
0.0372353130982
0.0223805569215
0.0218245912405
0.0349807614889
0.0354781651897
0.0189698493231
0.0198934712771
