0.12482230744
0.139718851857
0.130679735504
0.12084055715
0.128390531413
0.0803202514605
0.125443275145
0.144325438436
0.13529844562
0.114765334687
0.00847334304131
0.0101676847773
0.00803250004756
0.0205367638441
0.0257983305007
0.0680050522594
0.0208283829685
0.0248697748472
0.00406063032336
0.00531379945073
0.0337056801944
0.0326399180082
0.0324513978218
0.0245402876224
0.0213297203221
0.038815021694
0.0359701784447
0.0328523868547
0.0463982702411
0.0315054597885
0.076784251854
0.0625010779682
0.0402790641748
0.0329833475549
0.00941763361366
0.0081556906871
0.0171345144351
0.006850288429
0.0291291855006
0.0303403881187
0.0103279618538
0.00527870487209
0.0034966307204
0.0203969575649
0.0211540715349
0.0176386306488
0.00815097389977
0.0160700239277
0.0138625739318
0.00877174745223
0.0120277781388
0.0195059174996
0.0184957431463
0.0139843096457
0.00597178238223
0.00503255282277
0.0061681055775
0.00571534136898
0.0074897801755
0.00677697895399
0.00757037076298
0.00698969666686
0.00743017938698
0.00586437486811
0.00584661956073
0.00818869391602
0.00901382395919
0.0077518735012
0.0111105026896
0.0101912792337
0.00853726294572
0.00700941615862
0.00799106525999
0.00602443938203
0.00682402753438
0.00740546406374
0.00812552420889
0.00351792269843
0.00409315143154
0.00449319657585
0.00558156603299
0.0583380029386
0.00607424770041
0.00943739441328
0.00572725613236
0.0108882271719
0.00519118056176
0.00483065300647
0.00585680229021
0.0368957853742
0.0269612851147
0.025537447317
0.0387754071548
0.00555246031735
0.0435284797038
0.0294386016792
0.00867826790323
0.00398763909169
0.00342956864855
0.0039055875643
0.00455934664967
0.00412782676154
0.00516720478937
0.00424858320411
0.0058160746259
0.00526171618432
0.00742487469163
0.00670928420582
0.00514161128236
0.00481062342505
0.00548130511219
0.00552451647033
0.00460742900428
0.00543049354274
0.00508663456293
0.00354586369546
0.0544508645976
0.0328120757975
0.0255894148762
0.0278063577912
0.00540712425394
0.00553349370671
0.0110376091596
0.00930481195679
0.0136396717371
0.0126385318812
0.0109995597725
0.00783837435226
0.00713205423577
0.00666786623163
0.0100771639842
0.0106212941903
0.00752284911299
0.011721534562
0.0104796245121
0.00963330350035
0.00869265975881
0.00787864569687
0.00673061444331
0.00603937524871
0.00552261103807
0.0095506089483
0.0153391963535
0.0116388509771
0.00997123158472
0.0125421908446
0.00838822935384
0.0239673351241
0.0251156889894
0.0203839057402
0.0119104471621
0.0126229366459
0.0163032690269
0.011513446963
0.0141590129772
0.0135595360233
0.013982389284
0.0172557558964
0.0143659142815
0.00386570238311
0.00376285528751
0.00363017023169
0.00468647356811
0.00794074552432
0.00407300929668
0.00627674633921
0.00856646414538
0.00694326600586
0.0101973361385
0.0130779451789
0.0120236897608
0.00893670251294
0.00629885084015
0.0125381139624
0.0136297733099
0.0126439710386
0.0232356825318
0.0174924979059
0.0120021282173
0.0126720364997
0.0766733882419
0.0306158055689
0.0265477302807
0.0386692242304
0.0301700149739
0.00481463265745
0.00439356923497
0.00576862016766
0.00458249216235
0.00532681451236
0.00670765111049
0.00652767884365
0.00988975174407
0.00809595226705
0.0095007130701
0.00622037278265
0.00591493579752
0.00429472325342
0.00488367451396
0.00422127232607
0.00427931582593
0.00386815451482
0.00561554200773
0.00642917857922
0.00519212976927
0.0058914167521
0.00649322701722
0.00713679924444
0.00602008606942
0.00585566436554
0.00497400576614
0.00666382650877
0.00479461183747
0.0218215786897
0.0228700783302
0.0150105220623
0.0160511244439
0.0183511392727
0.0141379691043
0.0137663650586
0.0139215001685
0.0178543786611
0.0144500174835
0.0174541912287
0.0141660334862
0.00983876864228
0.0122026734795
0.00993544832922
0.0110952364693
0.0268095089609
0.0254009966431
0.024633979518
0.0316425437252
0.0306850345238
0.0255035608506
0.0246524866686
0.027624358676
0.0255056345102
0.0276636456887
0.0227626987651
0.0236179629546
0.0330563058342
0.0085086321884
0.00596336334584
0.00585642942314
0.0173749612515
0.0114180316551
0.00607171899596
0.00494073311049
0.00511666225222
0.00424617726428
0.00413244303442
0.00571911850428
0.0056876122419
0.00595776432465
0.00668743361022
0.00590570561223
0.00596533854529
0.00539365987774
0.0440859282169
0.0449491811397
0.0509019943769
0.0419324410914
0.0818430852519
0.0815739687233
0.0685153576703
0.0493171051005
0.0416823965344
0.0370164289097
0.0426496742966
0.0826206461383
0.0425870475052
0.0381086195938
0.0427723749253
0.05010405594
0.0731928790642
0.0622284717514
0.00868197578416
0.00884685396708
0.00526848844873
0.00752193915102
0.00777371439454
0.00741611227313
0.0041648142643
0.0087749063335
0.00963864897712
0.00791325576381
0.00681956827337
0.0338233348464
0.0161324521064
0.014650825752
0.0220800605927
0.00419787009645
0.003625622591
0.00443117229859
0.00491740198303
0.0043771763683
0.0199444424573
0.0204268188901
0.0107924968986
0.0105899862104
0.00437671799677
0.00377822409291
0.00508323194117
0.00459949841101
0.00362667330347
0.00312510915701
0.0047085461029
0.0133025505113
0.0108060620727
0.0111707617669
0.0148374558069
0.00612601339841
0.006659241555
0.00723940896258
0.00662373695791
0.00735006373594
0.00884120372297
0.00879911608258
0.00350581415162
0.00396142405567
0.00356354807704
0.00400668121943
0.00417372191083
0.0091191861203
0.0149128366904
0.0059438116232
0.00835692186657
0.0064802537492
0.00845448542801
0.00738379793895
0.0108674526806
0.0106776989129
0.0051634826652
0.0258724215453
0.00559214090471
0.00499737680824
0.0254895220777
0.0327913395468
0.00913813562947
0.0103469308634
0.0170177172035
0.012316153778
0.00437141836657
0.00492628909657
0.00893377907336
0.00867753196956
0.0361578506404
0.0463634477765
0.00658091901286
0.00721947319715
0.0078289197305
0.00579159369197
0.00647596377107
0.00564358726932
0.00778569084904
0.00858331280158
0.0348108056022
0.0305997259429
0.0253707636146
0.0271851486175
0.0307150473541
0.0748767122478
0.0654145912931
0.0286396636757
0.0293366359553
0.0367358282782
0.0296264589932
0.00397641930386
0.00470878997566
0.00436246291274
0.004086526317
0.00473105970181
0.0050904242954
0.00327806426564
0.00316818752715
0.00384171051897
0.00323206449609
0.00384132887592
0.00385814155801
0.00336912608799
0.00498114687242
0.00646225342717
0.00527759681457
0.026650831206
0.00333019439899
0.00380665357994
0.00905076609539
0.00653582490209
0.00608406224175
0.00621538933032
0.00657650869247
0.00437169285304
0.00325515857192
0.00314857185261
0.00323053307181
0.00359319858685
0.0168249108186
0.0120744514804
0.0109678966133
0.00974077337115
0.0106829513386
0.00865976135064
0.009418018027
0.00974022296011
0.0177809712606
0.0261840745153
0.0176778304895
0.0206571732178
0.0201730304348
0.0212235207071
0.0176459630275
0.0181299855468
0.0203317564812
0.0231997518585
0.013085442899
0.0114345822345
0.00367391379328
0.00339650426547
0.00316650293148
0.00301212080688
0.00492973880776
0.00320683118228
0.00535965313392
0.00686602343154
0.00342456591488
0.00309215617875
0.00359669337691
0.00286228908103
0.00320322779269
0.0028115122177
0.00325103283456
0.004179995523
0.00328167558982
0.00382745637904
0.00328690126201
0.00331552386683
0.00343568510953
0.00403406826543
0.00398730956867
0.00281761975494
0.00293227419726
0.00300133483223
0.00331737200849
0.00319239834698
0.00314041455899
0.0409795159076
0.00454934194211
0.00650235505218
0.00890108563881
0.00855048156131
0.00429580074984
0.00387046422193
0.00371093037414
0.0303394323449
0.0355592423596
0.00840642985438
0.00851785796896
0.0119584231617
0.00881623870518
0.00356867350587
0.00335023144636
0.00376101146999
0.00340403896773
0.00205562285179
0.0023147268165
0.00239306980732
0.0334646098166
0.043314804066
0.00280531747247
0.00365413273046
0.00739140235441
0.00806706983419
0.00832708340712
0.00925997337631
0.013491299353
0.0137072645175
0.0109837663074
0.0103981318136
0.029211010607
0.0264615261949
0.015854881076
0.0183017553264
0.0186639750823
0.0337777662108
0.0311159077238
0.0367057494173
0.0319224817679
0.0587089452421
0.0638612938893
0.00812318376964
0.00710834352056
0.00751481606838
0.00811868830308
0.00779961355812
0.00729509340908
0.00842868126295
0.00834720123077
0.00632270870772
0.00603769049292
0.00573460289194
0.00800787646339
0.00796943645324
0.00690988197388
0.00647066066647
0.00764550101709
0.00723216337899
0.00657911434391
0.00743887569498
0.00769023047705
0.0227561636821
0.0205183676983
0.0215628556755
0.0255409978685
0.0106657760237
0.0163848886635
0.00919360019644
0.00915532036802
0.0100772598759
0.00894379904538
0.00218815321383
0.00197638352344
0.0023739562054
0.00265892818797
0.014930745717
0.0156353426782
0.0196359137929
0.021124842083
0.0129885601464
0.0137142447506
0.00337463315129
0.00304573502311
0.00239444276308
0.00265519326974
0.00301531421526
0.00432736842703
0.00889157227583
0.00762779571928
0.00416043752404
0.00338972794114
0.00483851270664
0.00408349042214
0.00261049332817
0.00217316273405
0.00243831639665
0.00255858751032
0.00802055864687
0.00836636303847
0.0032651010784
0.00527857058476
0.00632896044287
0.00784430961882
0.00862590991843
0.00529266604822
0.00457197646529
0.0034579623615
0.00525507321213
0.00318295867287
0.00310210088315
0.0102820314379
0.00802963623878
0.00601417858519
0.00619793816425
0.00533277194388
0.00558927882409
0.0142838180764
0.0101222880047
0.00608032168782
0.00587655924976
0.0049083384431
0.00371331118675
0.00410104555353
0.00522904871564
0.00563450923461
0.00507116400423
0.0104827798067
0.00936586258413
0.0115770485468
0.0139966804328
0.00463537371545
0.00460649180504
0.00913754099928
0.0158160751636
0.00220053584111
0.00203202264921
0.00358104945773
0.00232786849233
0.0109770879983
0.0102219038185
0.0130485367141
0.0120020423478
0.029714920547
0.0253149901407
0.0030066776743
0.00283107928424
0.00588208896575
0.00398180852459
0.00585123770121
0.00446744370395
0.0361043959653
0.0450064161614
0.0462965064999
0.0411681837546
0.00306406173813
0.00309158866047
0.0024345035004
0.00231304048421
0.00275106831439
0.00271227175842
0.0541260927452
0.0319816032232
0.00316861035998
0.0130031164301
0.0134117507259
0.00588875479633
0.00681520197127
0.00295081055843
0.00307781113691
0.0238988794196
0.0175604685494
0.00263682076529
0.00242496890827
0.00302990546094
0.0039232608208
0.0148757087494
0.0122345018289
0.00253404291628
0.00228231286252
0.00236132685992
0.00351710331245
0.0199923700618
0.0221093139501
0.00918078283488
0.00859617716949
0.0114144745846
0.00779214177008
0.0138088371912
0.00328825173235
0.00266734986061
0.00323273170574
0.00417211816888
0.00377631068233
0.00331371202564
0.00382008023715
0.00365709382616
0.00256474345252
0.00189323705163
0.00197353498526
0.00215768473049
0.00224079166287
0.00209761173854
0.00213508412308
0.00195101273083
0.00220787505965
0.00225030487593
0.00214676911997
0.00235658596076
0.00197399327147
0.00199860946539
0.00205129795206
0.00219699779063
0.00309544702679
0.004552208206
0.0050845553355
0.00203719689554
0.00251255785714
0.00783736547371
0.00756270747604
0.00512853587986
0.00465154574631
0.00272872562252
0.0045152883765
0.00465704531946
0.00402030979506
0.00326638408449
0.00264961804411
0.00264286669821
0.00252671783237
0.00447567887512
0.00462745790541
0.00275346177208
0.00301972605628
0.00340562437414
0.00287722051278
0.00577800967376
0.00558781785719
0.0042339423314
0.00436533864668
0.00245638860032
0.0019988346824
0.00247955803336
0.0022883350102
0.0034382499082
0.00477123968073
0.00287409058959
0.00279698503308
0.0025982228143
0.00256695428907
0.00392304817893
0.0038112999045
0.00428051389036
0.00351280423275
0.00501697947747
0.00168962687025
0.00160091788622
0.00190857327574
0.00201784909812
0.00442515738565
0.00380459581833
0.00539945004793
0.00205525961423
0.00211503630428
0.00215847822922
0.00271701817922
0.00447003119079
0.00407276237901
0.0036870933975
0.00292244276019
0.0026259342588
0.00266444760202
0.00334938963156
0.00265430967133
0.00237338193501
0.00246850215281
0.0028855925091
0.00348982542051
0.00283005940568
0.00247979681901
0.00294690024153
0.0117231656883
0.0115582702642
0.0111587075201
0.0114773236892
0.0129729807759
0.00428154669863
0.00993135004255
0.00787974790182
0.0135760647549
0.00713704221014
0.00625789672524
0.0052204035357
0.00452173160118
0.00335729119104
0.00421733958578
0.00612027588789
0.00790665682393
0.0211898002472
0.0115329190265
0.00270962770764
0.00256733951081
0.00275662753833
0.00224013693971
0.00275187543214
0.00274990022327
0.00327217732637
0.00546422915661
0.00439825805962
0.00334702145607
0.00329878060561
0.00211567309066
0.00173489359205
0.00187313930414
0.00235352778252
0.00324654167104
0.00246118939948
0.00214709656078
0.00217685777219
0.00248170663284
0.00263162883829
0.00303761609463
0.00334897973656
0.00312933642015
0.00230997040815
0.00252354229688
0.00213109543063
0.00248995258066
0.00244237463321
0.00192791167897
0.00352105736468
0.00270742161203
0.00283840770451
0.00264680571699
0.00233154904844
0.00280692416105
0.00229389144123
0.00230663745925
0.00304611704977
0.00366479872286
0.00323312777907
0.00287421591078
0.00249662162373
0.00206349257913
0.00221128028916
0.00277861587392
0.0370934023486
0.0338312075406
0.0669505707075
0.0690759428936
0.0685516764621
0.0655294705181
0.0328066204359
0.0303819271785
0.0314355299795
0.0305351038888
0.00706138610166
0.00728580897144
0.0169297827876
0.0158145468772
0.00959917037181
0.0086653871704
0.00912725141863
0.00917424928815
0.0112151244652
0.0103914143906
0.0117747558147
0.0106120327566
0.0184273630047
0.022601628558
0.00974921977036
0.0101085437338
0.0111471638139
0.0100170259545
0.00364527564758
0.00394902709729
0.00414650139555
0.0042453135596
0.00490757760212
0.00541773928083
0.00514614784436
0.00531060488927
0.00788905276666
0.0109519092667
0.0101202167228
0.017357061178
0.00911411679201
0.014493312355
0.00470540321281
0.00434361464825
0.00387359185332
0.00399303349777
0.00554184816979
0.00592789482748
0.00843054899717
0.00745852233088
0.0351067977939
0.0363229767744
0.00156123631939
0.00137239465569
0.00150241699188
0.00146276109876
0.00154353917812
0.00173875250514
0.00229180187962
0.00165426612847
0.00276036581968
0.00253906995459
0.00264522990252
0.00286040155749
0.00285129331779
0.00293585356575
0.00224984513047
0.00193423063014
0.00242803036558
0.00231640764461
0.00354670602671
0.003604164127
0.0132816926861
0.0124583179866
0.00374691296655
0.00354503111208
0.00265096058743
0.00331940194043
0.00212653494674
0.00174381988113
0.00169980126037
0.00181958114145
0.00164004727294
0.00156402742917
0.00155059713678
0.00147183059218
0.00163687010796
0.00231707593623
0.0037038275616
0.00323747616579
0.00281202574595
0.00281522405348
0.00404004574607
0.00372514719
0.00660474932706
0.00631640481852
0.00460153719007
0.00400281338839
0.00460323722754
0.00454618613798
0.0070109512268
0.00718619831798
0.00269059930195
0.00580369248243
0.00839145639224
0.0148167100012
0.00255638591547
0.00297301689342
0.00319270144244
0.00333607002359
0.00448958571764
0.00458024071372
0.0126376597759
0.0140450846128
0.00789440887333
0.00740534578223
0.00732126021535
0.006784937903
0.00640004645929
0.00522012764629
0.00207674219413
0.00216887056059
0.00278801371334
0.002354455277
0.00348842026533
0.00295563069684
0.00758882559171
0.00873973876496
0.00537095398825
0.00589622128362
0.00302124231374
0.00283113860405
0.00404960775311
0.00548138375005
0.00217084621076
0.00222593602831
0.00221347747686
0.00223409999868
0.0309174225581
0.0240233980482
0.0212952829436
0.0224053729387
0.0203683432723
0.0197936222493
0.0152810202516
0.0142584565049
0.0159675183112
0.015173048505
0.00400608948449
0.003652342814
0.00452085107241
0.00404841289713
0.00463529693405
0.00388472002078
0.0045890772313
0.00421378749913
0.00479398499337
0.0049548321587
0.00617043966286
0.00569425697724
0.00352909460571
0.00301247014288
0.00338539883501
0.00315769639589
0.0038833400561
0.00374034273165
0.0195121429789
0.0185939758634
0.0194559113064
0.0209312808286
0.00452203010625
0.00356902288701
0.00573297046026
0.00457374035677
0.00348607629088
0.00315934672096
0.00333578055381
0.00311628729677
0.00445197647719
0.0047157870562
0.00696276420448
0.00757225559362
0.00862782452851
0.0105603986017
0.00232952196167
0.0019381908249
0.00221988787438
0.00214394263943
0.00270466568293
0.00359694877524
0.00377863079281
0.00396039961241
0.00482571166667
0.00540293500979
0.0057178208656
0.00659376274631
0.00663839854618
0.00566089003877
0.0151074509971
0.0169470134033
0.0025477765124
0.00219080000521
0.00247755258147
0.00230261925958
0.00229870392681
0.00253354183694
0.0103819601665
0.011999859707
0.00837354103968
0.00744153773081
0.00703663347904
0.0075343679555
0.0170102237635
0.0181589803743
0.0171652092516
0.020159119995
0.0212782903097
0.0204148691012
0.011552899811
0.0105302142909
0.00300131799649
0.00231864466124
0.00246862517408
0.00209835814806
0.0237236722099
0.00958339239593
0.00448185676935
0.00349599713574
0.0109424239285
0.0117386302023
0.0161504361089
0.0110568829849
0.00189435322384
0.00225973563933
0.00218791233164
0.00284717821499
0.00149153948714
0.00179216568535
0.0016917222631
0.00177136590739
0.00278734161697
0.00322594560395
0.00689560342735
0.00675721994489
0.00177604231069
0.00158298176741
0.00248345307948
0.00205404657921
0.00206931604866
0.0026702291486
