0.0961044126382
0.0961044126382
0.0961044126382
0.0961044126382
0.107629069542
0.107629069542
0.107629069542
0.107629069542
0.112571936754
0.112571936754
0.112571936754
0.112571936754
0.113695607797
0.113695607797
0.113695607797
0.113695607797
0.114107642979
0.114107642979
0.114107642979
0.114107642979
0.113523281927
0.113523281927
0.113523281927
0.113523281927
0.112908885779
0.112908885779
0.112908885779
0.112908885779
0.11190783075
0.11190783075
0.11190783075
0.11190783075
0.0952257479107
0.0952257479107
0.0952257479107
0.0952257479107
0.126629180618
0.126629180618
0.126629180618
0.126629180618
0.0935954647412
0.0935954647412
0.0935954647412
0.0935954647412
0.107356941454
0.107356941454
0.107356941454
0.107356941454
0.131596837416
0.131596837415
0.131596837414
0.131596837416
0.130126900972
0.130126900972
0.130126900972
0.130126900972
0.119091890215
0.119091890216
0.119091890214
0.119091890217
0.182101215634
0.182101215632
0.182101215629
0.182101215632
0.166323737587
0.166323737585
0.166323737584
0.166323737586
0.17467371875
0.17467371875
0.174673718748
0.17467371875
0.172728544234
0.172728544234
0.172728544234
0.172728544236
0.162959731824
0.162959731825
0.162959731827
0.162959731823
0.155082970236
0.155082970233
0.155082970233
0.155082970233
0.169471246851
0.169471246852
0.16947124685
0.169471246851
0.171754248263
0.171754248264
0.171754248265
0.171754248266
0.156624825082
0.156624825082
0.156624825082
0.156624825082
0.155975779147
0.155975779147
0.155975779147
0.155975779149
0.15295790871
0.15295790871
0.152957908708
0.15295790871
0.154778842802
0.154778842802
0.154778842802
0.154778842802
0.155118235288
0.155118235288
0.155118235288
0.155118235288
0.155771932085
0.155771932085
0.155771932087
0.155771932085
0.15715789698
0.15715789698
0.157157896977
0.15715789698
0.156287667947
0.156287667947
0.156287667947
0.156287667947
0.155023769036
0.155023769035
0.155023769035
0.155023769034
0.155139168441
0.155139168441
0.155139168439
0.155139168442
0.169955935636
0.169955935634
0.169955935632
0.169955935633
0.177636762839
0.177636762839
0.177636762838
0.17763676284
0.166085825316
0.166085825314
0.166085825312
0.166085825313
0.178188040966
0.178188040965
0.178188040964
0.178188040965
0.175238840914
0.175238840914
0.175238840914
0.175238840914
0.166908698275
0.166908698274
0.166908698274
0.166908698276
0.151744939536
0.151744939536
0.151744939537
0.151744939535
0.168230228478
0.168230228478
0.168230228477
0.168230228478
0.128046490448
0.128046490448
0.128046490448
0.128046490448
0.127297429694
0.127297429694
0.127297429694
0.127297429694
0.115195902552
0.115195902552
0.115195902552
0.115195902553
0.100293325916
0.100293325916
0.100293325916
0.100293325916
0.13552034513
0.13552034513
0.13552034513
0.13552034513
0.117952810103
0.117952810103
0.117952810103
0.117952810102
0.137114307535
0.137114307535
0.137114307535
0.137114307535
0.117997323025
0.117997323025
0.117997323025
0.117997323025
0.13676299641
0.13676299641
0.13676299641
0.13676299641
0.152255239513
0.152255239512
0.152255239512
0.152255239511
0.175916524806
0.175916524806
0.175916524806
0.175916524806
0.130050041608
0.130050041608
0.130050041608
0.130050041608
0.129317701802
0.129317701803
0.129317701803
0.129317701803
0.0966519334274
0.0966519334274
0.0966519334274
0.0966519334274
0.145123353341
0.145123353341
0.145123353341
0.145123353341
0.132907856212
0.132907856212
0.132907856212
0.132907856212
0.115937094506
0.115937094506
0.115937094506
0.115937094506
0.137049953986
0.137049953986
0.137049953986
0.137049953986
0.113838713273
0.113838713273
0.113838713273
0.113838713273
0.128131795942
0.128131795942
0.128131795942
0.128131795942
0.100173641703
0.100173641703
0.100173641703
0.100173641703
0.144781276729
0.144781276729
0.144781276729
0.144781276729
0.174197703391
0.174197703391
0.174197703391
0.174197703391
0.153023133887
0.153023133887
0.153023133887
0.153023133884
0.126283235245
0.126283235245
0.126283235244
0.126283235247
0.179823398231
0.179823398229
0.179823398227
0.179823398229
0.157038546654
0.157038546654
0.157038546653
0.157038546653
0.147455854632
0.147455854632
0.147455854632
0.147455854632
0.160829949899
0.160829949899
0.160829949899
0.160829949899
0.145806569186
0.145806569185
0.145806569185
0.145806569184
0.0725295851199
0.0725295851199
0.0725295851199
0.0725295851199
0.0283224321036
0.0283224321036
0.0283224321036
0.0283224321036
0.0136048964445
0.0136048964445
0.0136048964445
0.0136048964445
0.0110958144263
0.0110958144263
0.0110958144263
0.0110958144263
0.0134433435426
0.0134433435426
0.0134433435426
0.0134433435426
0.0139924957091
0.0139924957091
0.0139924957091
0.0139924957086
0.0130224795182
0.0130224795192
0.0130224795192
0.0130224795192
0.0157091839891
0.0157091839893
0.0157091839898
0.0157091839895
0.0155563236396
0.0155563236396
0.0155563236396
0.0155563236396
0.038461989104
0.0384619891041
0.0384619891041
0.0384619891042
0.127913903987
0.127913903987
0.127913903987
0.127913903987
0.0536194500318
0.0536194500318
0.0536194500318
0.0536194500318
0.0075721794493
0.00757217944833
0.00757217944889
0.00757217944833
0.0284486330239
0.0284486330239
0.0284486330239
0.028448633024
0.0291930428131
0.0291930428131
0.0291930428131
0.0291930428131
0.0383958526739
0.0383958526739
0.0383958526738
0.0383958526739
0.0246065347053
0.0246065347057
0.0246065347062
0.0246065347064
0.018689323669
0.018689323669
0.0186893236701
0.018689323669
0.0122092216412
0.0122092216418
0.0122092216409
0.0122092216418
0.02373086661
0.02373086661
0.0237308666084
0.02373086661
0.0307339494816
0.0307339494816
0.0307339494816
0.0307339494816
0.00761432274095
0.00761432274094
0.00761432274093
0.00761432274093
0.00605158150514
0.00605158150514
0.00605158150514
0.00605158150514
0.0531324784579
0.0531324784579
0.0531324784579
0.0531324784579
0.0884669617833
0.0884669617833
0.0884669617833
0.0884669617833
0.0270403878567
0.0270403878567
0.0270403878567
0.0270403878567
0.0233355890026
0.0233355890026
0.0233355890026
0.0233355890026
0.0218771915133
0.0218771915136
0.0218771915139
0.0218771915142
0.0271480866701
0.0271480866701
0.0271480866701
0.0271480866701
0.0242150663876
0.0242150663876
0.0242150663876
0.0242150663876
0.0187658726709
0.0187658726714
0.0187658726712
0.0187658726712
0.00905409343906
0.00905409343907
0.00905409343908
0.00905409343908
0.0392414999433
0.0392414999433
0.0392414999433
0.0392414999433
0.0361131557137
0.0361131557137
0.0361131557137
0.0361131557137
0.0396015857107
0.0396015857107
0.0396015857107
0.0396015857107
0.0443168545674
0.0443168545674
0.0443168545687
0.0443168545674
0.0431399252264
0.0431399252264
0.0431399252264
0.0431399252264
0.106233087636
0.106233087636
0.106233087636
0.106233087634
0.102051404205
0.102051404205
0.102051404207
0.102051404204
0.015390751434
0.0153907514339
0.0153907514334
0.0153907514336
0.0185701154027
0.0185701154027
0.0185701154027
0.0185701154027
0.0370662655653
0.0370662655653
0.0370662655653
0.0370662655653
0.029476410413
0.029476410413
0.029476410413
0.029476410413
0.0316834550504
0.0316834550504
0.0316834550504
0.0316834550504
0.0322764191725
0.0322764191725
0.032276419172
0.032276419172
0.0703109440082
0.0703109440082
0.0703109440082
0.0703109440082
0.0704211660033
0.0704211660033
0.0704211660033
0.0704211660033
0.0666387904659
0.0666387904676
0.0666387904676
0.0666387904687
0.0706730380438
0.0706730380423
0.0706730380423
0.0706730380423
0.0415997992457
0.0415997992457
0.0415997992457
0.0415997992468
0.0361659024635
0.0361659024642
0.0361659024638
0.0361659024645
0.031209118828
0.031209118828
0.0312091188268
0.031209118828
0.0372042203854
0.0372042203854
0.0372042203854
0.0372042203854
0.0260277102574
0.0260277102574
0.0260277102574
0.0260277102574
0.0271843912808
0.0271843912808
0.0271843912808
0.0271843912808
0.0263357739136
0.0263357739136
0.0263357739136
0.0263357739136
0.0237276550771
0.0237276550771
0.0237276550771
0.0237276550771
0.0145050374284
0.0145050374285
0.0145050374287
0.0145050374288
0.0158031663366
0.0158031663366
0.0158031663366
0.0158031663366
0.0197374721897
0.0197374721898
0.0197374721901
0.0197374721894
0.0207176134461
0.0207176134463
0.0207176134476
0.0207176134462
0.0685077563613
0.0685077563613
0.0685077563613
0.0685077563613
0.0583969447774
0.0583969447774
0.0583969447774
0.0583969447774
