0.0984260894436
0.101100608858
0.102187623033
0.0800011269195
0.0860313152146
0.13136375236
0.134279506663
0.138034926091
0.162288944991
0.16394604578
0.128998560633
0.142736150492
0.130289849096
0.132171219821
0.136030746795
0.1040448197
0.0976495445951
0.135956981552
0.129656183428
0.133694894788
0.142291373613
0.142540151831
0.134591236202
0.129959440315
0.132498681716
0.0956846267518
0.0974036016125
0.130955978682
0.138741416975
0.144133363997
0.136209048531
0.136013315237
0.144653239024
0.145329120891
0.131507379582
0.136354508519
0.127659345438
0.105045091236
0.0937956392232
0.128369996558
0.101332307851
0.101352639491
0.101366030498
0.102005609284
0.102045105455
0.102058690341
0.126534588976
0.110795039179
0.111779057081
0.126769866603
0.108532216533
0.111507916087
0.1274726054
0.111196773573
0.110754678906
0.128085145095
0.109642476581
0.109993214508
0.127858982082
0.112144201562
0.111354653204
0.115134951008
0.105484014826
0.114705277636
0.102871756727
0.112893095748
0.11520003121
0.109696609178
0.111747600513
0.10347880206
0.11421287487
0.11051455314
0.107974646155
0.113633302331
0.103986812284
0.11360622447
0.108987286275
0.116632880454
0.111740737057
0.109261705711
0.0867450200986
0.0817791008099
0.0867398242121
0.0626257657534
0.0825619625782
0.0785060976865
0.0861310445024
0.083707662693
0.0852224289942
0.0879430023191
0.0855612835371
0.0854710356122
0.0803481766832
0.083128993727
0.0606224797388
0.0827958461249
0.0837518781944
0.0877730827742
0.0865387303074
0.0812357803222
0.0822243059873
0.0878011084883
0.0850798823105
0.0840812622087
0.113404444612
0.111942901563
0.111264998228
0.107793885753
0.0859366190469
0.0818197992933
0.108869201419
0.106044800012
0.111036128883
0.11009264264
0.110834625154
0.111998291474
0.116953074708
0.111790583273
0.0862349999619
0.113473016839
0.108372532523
0.0856197161454
0.110483548352
0.112265892736
0.110200008469
0.111154783073
0.111205186175
0.107328939283
0.114703724458
0.113765103289
0.11386132659
0.113833067478
0.112025694328
0.11635104348
0.114681523881
0.111295755435
0.114664695044
0.0862348134017
0.115628986209
0.115730272572
0.11326688762
0.117721446295
0.0851983494408
0.116606973364
0.109302244749
0.105427827994
0.105630315434
0.084118971765
0.113824667237
0.11255884773
0.113231081668
0.11485341695
0.113403825313
0.115618814758
0.114829712545
0.117359689414
0.113891524211
0.111326768843
0.11274225437
0.114852107116
0.116298318192
0.11753006497
0.116788358658
0.117291640875
0.118594112721
0.118348973105
0.116578386117
0.113647411972
0.109545707871
0.10906911508
0.084878186661
0.0834116076948
0.116065459069
0.114360361025
0.116341558011
0.118726648956
0.117383873582
0.117427339083
0.11815993343
0.118442861593
0.118427490628
0.118675834723
0.126871869854
0.120147074621
0.112892357793
0.110767827596
0.111946650067
0.111672783665
0.117710527559
0.11714268183
0.117137269706
0.115575146807
0.111166578442
0.113811522074
0.0873013836306
0.117929031042
0.115945385832
0.110908747694
0.119131702383
0.0835478929207
0.115736001655
0.11223712461
0.110415490544
0.11202331915
0.0846334040418
0.114571856663
0.112864198915
0.113758256929
0.115234018445
0.114076529319
0.116507909176
0.11963154302
0.109080865342
0.115143393518
0.110486022888
0.11276586917
0.112457723618
0.111348201357
0.110479429153
0.107069344659
0.0865263306723
0.0818151837191
0.10766944036
0.104981347464
0.110502075745
0.109497732103
0.109922495484
0.110616485114
0.116196564864
0.110898171418
0.0846968026408
0.112415910121
0.107402582189
0.0852327239028
0.10989050528
0.11184556201
0.109567058263
0.112865301182
0.107198851639
0.11095911162
0.11044722354
0.0836496109519
0.0864794608069
0.0817772830754
0.0867349246064
0.0629645626548
0.0828645455604
0.0781229430681
0.0856082724085
0.0831985159308
0.08471627659
0.0881198564627
0.0860679427093
0.0859907850445
0.0807501254587
0.0830439685727
0.0602046974124
0.0823079468685
0.0836330696656
0.0866949040699
0.0890151244838
0.082214419062
0.0813968996666
0.109979235752
0.11594711544
0.106822664239
0.115666276434
0.104154784186
0.113597114615
0.116428664401
0.110952888968
0.11259897266
0.104464451952
0.114565346578
0.11168666813
0.108835064229
0.114424318662
0.106025795638
0.107540262403
0.11220569606
0.105904044745
0.110704783577
0.125884685385
0.11016604509
0.111138225202
0.126238736057
0.107771560643
0.110665980921
0.127049618634
0.110460481477
0.102172366322
0.119205619126
0.120502132348
0.105868869827
0.101323388184
0.101208639536
0.10129004649
0.0983782509542
0.0994207699226
0.098376133263
0.0959347734156
0.0859013707607
0.0749451878655
0.085900658872
0.098385694328
0.0821002239641
0.105638990792
0.09461831302
0.0964971639111
0.136895044175
0.103552977934
0.0978606491125
0.125056626337
0.153971747826
0.153688982632
0.153340597644
0.126740718833
0.125134019069
0.0932644688085
0.0664110767612
0.0655984603208
0.084563376646
0.13472615371
0.104356384506
0.101945260249
0.117163616535
0.138563721019
0.113516225927
0.0654485925613
0.0955312527331
0.139964433381
0.136643750422
0.10307103755
0.0950895918237
0.129352570306
0.116865526571
0.104020315045
0.126194203308
0.104781084471
0.110204636316
0.101618566556
0.0940347249882
0.0796708955603
0.0883262972983
0.0647411483101
0.0614228800541
0.0735491071125
0.079820644893
0.100481897703
0.104410452451
0.103995470058
0.113708421953
0.10844062726
0.0720939709093
0.104056570914
0.105696627139
0.109786996643
0.10757553023
0.112724025715
0.12121356748
0.11948763608
0.11493159926
0.116304837261
0.115367296766
0.115464241383
0.11375959542
0.114918661604
0.112495400317
0.116399176865
0.0839039302073
0.116012955365
0.114530683923
0.115759052257
0.115077838573
0.108469710176
0.118081422621
0.115016675657
0.114940112177
0.114170615505
0.112749917476
0.113434113865
0.114634312241
0.116254889605
0.11256590632
0.116543924297
0.0839208515232
0.116205427685
0.114671054107
0.117877716589
0.11530348635
0.10562359506
0.120431442698
0.114729714918
0.120562480556
0.117398374935
0.115170144687
0.117820806575
0.112252702351
0.116781825348
0.112663954098
0.118382061839
0.113238565093
0.120257977561
0.115861336871
0.118326748516
0.121144112871
0.112106297966
0.119933829183
0.116623564328
0.117633929478
0.118475968074
0.111253873633
0.124146072787
0.116688590039
0.116036355343
0.112287594162
0.129558070866
0.115087585526
0.114501111196
0.145304921283
0.129658839677
0.10012640712
0.126638982281
0.116597497099
0.129695657136
0.111351209353
0.102820791376
0.100283274975
0.108060156341
0.100324637169
0.100443392149
0.0890923236935
0.0960361697146
0.0577186736725
0.0663165845413
0.0910748138578
0.145325549486
0.141682724441
0.128344560089
0.102144685157
0.0909197043836
0.0729402055564
0.0855120167799
0.0849134394192
0.113523205901
0.139007515845
0.150295590092
0.135192281146
0.111342909683
0.0748280360299
0.103753226401
0.111747755493
0.116295095209
0.0890587778569
0.117991228046
0.146372773381
0.118947572216
0.131206422042
0.118879091937
0.0354598310767
0.0338729184984
0.029937596505
0.0500891330439
0.0194825934593
0.0279949640148
0.0351080147408
0.0277246548238
0.046364680408
0.0560534935648
0.0456561731349
0.108906158777
0.0524013132488
0.0696353730033
0.0673601810016
0.0432778311646
0.0217208831105
0.0191395721031
0.0265416534699
0.022634054651
0.0302151118617
0.0430650556634
0.033123233872
0.0505045321905
0.0741673333788
0.0527604117559
0.065736455484
0.0583214588807
0.0926352294041
0.0355459927071
0.0365131917322
0.0869513517792
0.0902493023141
0.057614509055
0.0756107796759
0.0358247901553
0.0337753641291
0.0234606294953
0.0493817570637
0.0723804466181
0.0536160953853
0.0530417273639
0.0500498638001
0.0333845147044
0.0297045522628
0.0248201205289
0.0382319578346
0.0642942108471
0.0428343798465
0.0179854979126
0.0320042143492
