0.0914365412365
0.112830564983
0.202516480031
0.205050296397
0.267525075217
0.255936072479
0.218936198863
0.204447460294
0.266438722026
0.238770575578
0.214351919989
0.22010594172
0.21942678177
0.218845467735
0.24398534062
0.266389373229
0.215238668999
0.208058182826
0.275261023888
0.254986212388
0.233837433015
0.20277025528
0.269368339949
0.232444342928
0.110107501801
0.263631520542
0.263596663498
0.260701108206
0.248737694282
0.20991637913
0.216537168993
0.280625525479
0.205966930739
0.255475945549
0.279802827636
0.238936086575
0.226982872263
0.27080764359
0.232542196466
0.257597630978
0.254595807417
0.324850624112
0.305800768405
0.260011155322
0.294613848086
0.318724663329
0.258925952281
0.317292485557
0.314777678955
0.304480968678
0.263097621003
0.312236167871
0.323305993222
0.319582403887
0.268999289115
0.258502951495
0.26593697067
0.258750789091
0.262493914982
0.21649178012
0.216163506912
0.277330679706
0.311710182187
0.261349271675
0.318473443602
0.315584682438
0.324894984137
0.321232006229
0.263558567486
0.227977764044
0.319215712112
0.313283805186
0.320576341385
0.314299447259
0.316740551365
0.261514725788
0.259968377676
0.27847179136
0.259324342465
0.216315907574
0.263897337446
0.260671108793
0.265549723974
0.262283081753
0.311368274136
0.319872511415
0.308716954008
0.262753906278
0.298233732012
0.321234097031
0.259231806223
0.314430149856
0.314273791573
0.300128928134
0.263069410828
0.303465723426
0.245352934104
0.27501406188
0.205583422162
0.254812688515
0.280202408237
0.239130683264
0.229917025262
0.272882074612
0.263003407294
0.267461744637
0.267399649269
0.273554793862
0.246050344517
0.290288778067
0.368948848448
0.396199974033
0.26873757696
0.248632539706
0.31545862449
0.330794794295
0.320032522447
0.312472944655
0.261662533386
0.232768825795
0.156490251621
0.167442894479
0.179407256399
0.230765827867
0.330786699698
0.400783261561
0.365337775437
0.314870207493
0.325599445865
0.334025421522
0.252926191787
0.264910048798
0.287006133132
0.309655726811
0.232503383256
0.279293187459
0.247342447188
0.314171006966
0.307973694995
0.252411055792
0.305658699025
0.296463499441
0.253823700978
0.308291642445
0.311906911849
0.264448643474
0.258715296803
0.31922140871
0.301559209726
0.265973375887
0.262074746221
0.305968397514
0.253030610847
0.328357222739
0.310137936535
0.257978204161
0.355879606085
0.316500447432
0.253949897354
0.315995100171
0.270149876104
0.245432990077
0.158069906056
0.151979834145
0.367155723249
0.373242139557
0.303886067019
0.152479229593
0.193302804547
0.378490645648
0.225801780386
0.262859448053
0.22525943076
0.116991118886
0.0590313323137
0.173442914253
0.0906582896017
0.148576347315
0.201876762466
0.0335873364481
0.0489993496778
0.0589551246431
0.0553307069547
0.0530534084521
0.052211846205
0.0878952672432
0.141356863269
0.0239924632209
0.0199943709402
0.05452331325
0.0535283371587
0.0498973512916
0.0784427853298
0.0939750178745
0.0647599076423
0.121212251604
0.195380084348
0.143965612429
0.121776275595
0.0631801559745
0.0327613465268
0.0297982541062
0.0283623310832
0.0338095963203
0.0548767901553
0.0598672027458
0.0780984392951
0.0416136440656
0.0537065745123
0.0696017982974
0.057365128303
0.0738583852504
0.101442982073
0.237637899484
0.0431920180443
0.079873292977
0.0498141354406
0.087101844127
0.175386238668
0.156891428424
0.0404818327977
0.0624349072057
0.044153959945
0.0395569226642
0.0564437947981
0.0415455936903
0.0938935287218
0.0923685577677
