0.0862977538854
0.101767733998
0.200420327532
0.206019234723
0.267126610679
0.254721475634
0.21866607719
0.204200322397
0.266313384496
0.230707304687
0.204385716981
0.217140916687
0.218088225276
0.212382762707
0.2472742668
0.256818002312
0.219182218315
0.209164501117
0.278464429295
0.252768064649
0.232462550664
0.192439892076
0.238804039762
0.100196442691
0.26378237751
0.26360444708
0.260702658492
0.248499464218
0.209949053566
0.216603242778
0.280716384944
0.205965561337
0.255483461183
0.279810915781
0.238935913295
0.226977977062
0.270812478112
0.232507810608
0.257448017222
0.254439723014
0.324847362583
0.305808324097
0.260009293737
0.294614221987
0.318725060145
0.258925971116
0.317292895325
0.314777719175
0.304478872976
0.263088634598
0.312221121639
0.323192592845
0.319652071472
0.268944190329
0.258493767429
0.265951698305
0.258749313452
0.26249469597
0.216491820933
0.216163547752
0.277330638697
0.311710125415
0.261348995022
0.318470858716
0.315588061561
0.32487905158
0.321300295961
0.26366904744
0.228054133539
0.319133380945
0.31327719839
0.320565635214
0.31429860609
0.3167400236
0.261514608603
0.259968335975
0.278471793603
0.259324362573
0.21631593023
0.263897651913
0.260674124903
0.265530029588
0.262238792801
0.311374246171
0.31949857785
0.308701662576
0.26276408347
0.29823512059
0.321237032302
0.259232083399
0.314430520668
0.314275529228
0.300129328188
0.263156718278
0.303466663151
0.245260755495
0.274231520852
0.205583955524
0.254780196752
0.280165498476
0.239125205763
0.229976312959
0.272823975258
0.262237287501
0.267554396489
0.267434965954
0.272937171651
0.246769802357
0.289788874945
0.368892010739
0.395892822935
0.268529397979
0.248434038995
0.315184893696
0.330806116473
0.319479462307
0.312204056994
0.260354358531
0.230187441117
0.155814175289
0.167166246991
0.17831636747
0.229810500686
0.330678196012
0.405168641384
0.365588746084
0.313049357396
0.325327866328
0.333438008849
0.252860158251
0.269990816797
0.285238209418
0.302355320362
0.23190031031
0.277753581634
0.248291515817
0.296295708405
0.253650959355
0.311710687632
0.30873438575
0.25755546082
0.253500427562
0.320135635376
0.302637701924
0.265654769332
0.256573353306
0.249704474288
0.302428589072
0.30733135806
0.251787219651
0.305713410348
0.266410311583
0.245038636385
0.151093004719
0.36981777694
0.378215839259
0.297894262996
0.150363720082
0.252519655362
0.0856354590941
0.144827667604
0.0272890685126
0.0214915220452
0.0546685424649
0.0248082019583
0.0704743000282
0.137641019007
0.0244745483553
0.0228816980781
0.0427941086747
0.0617198134397
0.0891591245036
0.0609786503849
0.103353099135
0.191739635898
0.13549429948
0.092536559728
0.0623354911683
0.0324421572325
0.0280095048469
0.0317223766628
0.051015988721
0.037602752288
0.0311995470228
0.101409679588
0.237109037594
0.0433354290381
0.0850239557712
0.0682591044775
0.0865295014263
0.167285686826
0.155715812534
0.0456800562605
0.054153611369
0.0429123465355
0.0409886947845
0.0518474350942
0.0440200008461
0.0980487911308
0.0886666549396
0.13826181698
0.109919155221
0.18741240094
0.200301527809
0.0713762384288
0.086023211893
0.0430893526965
0.0344336252412
0.0344027359032
0.0463731289287
0.0693515231867
0.0924074442673
0.0696119998151
0.0648693674993
0.032045838255
0.046839218837
0.0345126856232
0.0338574196753
0.0344855254145
0.0299693467262
0.0177335346417
0.0180930544537
0.0192814228959
0.0188455155487
0.047991593496
0.0440253476073
0.0384459602023
0.0407198861418
0.0533530343043
0.0339443708187
0.192355498063
0.156250325764
0.0760127778209
0.0747983729182
0.0762441647151
0.0758302274704
0.0749979515661
0.114206879431
0.173450233715
0.152395454607
0.12994515504
0.154835472971
0.116158689157
0.103283405559
0.0864338040469
0.103543289633
0.147722242107
0.155847818427
0.106817913255
0.0943223629996
0.108958137979
0.0996539213221
0.107339853504
0.0956133764379
0.134162341416
0.126832950176
0.12553427956
0.133400034557
0.104508482534
0.0527919181587
0.0175810470818
0.0168353095816
0.0176342540665
0.0270427873632
0.0284994339583
0.0181024228644
0.0289313429784
0.0344902865119
0.0490946833524
0.0372431325391
