0.62308177829
0.618579681039
0.569061437088
0.661021872477
0.564232816963
0.55571084183
0.298348471852
0.557003101512
0.885959241291
0.893762955206
1.10594175092
1.0174262598
1.22087937858
1.10233142253
1.01837611912
1.07271229751
1.0287826309
1.14033572685
1.01648948386
0.983733209039
1.08603985807
0.914994904925
1.08630018368
1.2568148041
0.875743353274
0.750607348346
0.866181066762
0.748244230291
0.726048489584
1.31667122036
1.22305983489
1.50885290077
1.29200777473
1.22446317594
0.672697070649
0.309363608265
0.495973280772
0.178874438325
0.132703757438
0.178339663504
0.0755032216875
0.10604590907
0.0933828278904
0.288110449013
0.330584493227
0.269806047505
0.342265540498
0.566574065523
0.44629272226
0.0890540620085
0.0834015855997
0.213052219689
0.334117593918
0.0960601573401
0.0893137734323
0.0742594039337
0.101603699173
0.0912222291268
0.0729653327052
0.3377785564
0.75682202242
0.259126293053
0.307639927432
0.311123574796
0.258686347652
0.520068907027
0.349576027933
0.447447825811
0.354854443905
0.374493610251
0.307481943649
0.304057080164
0.199858703422
0.185069854714
0.115728762854
0.132002800332
0.259022345764
0.32932339243
0.306392142341
0.344220955704
0.289670972276
0.28236520836
0.0797595299527
0.251786807919
0.0503995748286
0.0496371410419
0.0507741314451
0.0525367804392
0.402127758793
0.360455916415
0.0429200068312
0.0322137648688
0.279450755113
0.331550753899
