0.18962423397
0.207633105035
0.226845477657
0.259799701807
0.215284837596
0.213035474039
0.253967295986
0.271202167992
0.218591160587
0.209302604602
0.264401307369
0.232832168944
0.193134838853
0.217810416575
0.195943968252
0.216736033123
0.241871582973
0.267421424483
0.215224719889
0.208989397402
0.275309663521
0.25617735436
0.234212498477
0.204234297431
0.271572940493
0.240066077973
0.218704666078
0.188627574744
0.264152258568
0.263581381709
0.2607634835
0.249278536493
0.210516023138
0.216740360919
0.28116257359
0.20642666936
0.251190007994
0.278028222942
0.238804767091
0.229124071334
0.270859762394
0.232798946836
0.258010068484
0.254403443127
0.324516909283
0.305786083717
0.260587967433
0.294568830065
0.313999038929
0.260218223358
0.31740911588
0.317693514122
0.304235528615
0.265896024305
0.312304028357
0.32365916541
0.319261821365
0.268912710632
0.258563603877
0.265981056591
0.258739417136
0.262446589059
0.215807429761
0.215550598336
0.277391540113
0.311751669545
0.261375524784
0.317703856974
0.314765726649
0.324960176532
0.32135085418
0.263432505917
0.22798700672
0.319187269324
0.313254275514
0.320571079398
0.31428158189
0.316759810624
0.261275320884
0.263208190754
0.281910659953
0.259308372957
0.217114708507
0.264407006755
0.260337196186
0.26563415749
0.262171821809
0.311332253108
0.319935247272
0.308719384335
0.262761724865
0.298264342955
0.321298982184
0.258526626696
0.309709792178
0.31425130364
0.300034513854
0.26311159673
0.303542178183
0.24552690465
0.27514493104
0.205613456755
0.254789811049
0.280046218914
0.239017503833
0.229925014912
0.274104464167
0.262343241517
0.266076953874
0.267197804661
0.282522183434
0.234634659069
0.298882880057
0.369796401339
0.39712171879
0.269758785516
0.249343173438
0.317306072138
0.332630310104
0.318045710453
0.313992209996
0.2658778075
0.23233548322
0.154829804799
0.165637453269
0.177827265072
0.230939212358
0.33029111788
0.401029662264
0.362098413393
0.312095393234
0.325485782757
0.333073552853
0.252888911374
0.264805672524
0.286946596034
0.311474582939
0.234160137709
0.281118612551
0.233055155614
0.251129156624
0.320060179888
0.324200564851
0.252073577055
0.318321435868
0.303815559663
0.262967191709
0.260807579218
0.306188222971
0.310576909953
0.264155444761
0.258314181574
0.3191093508
0.303356986212
0.267372904797
0.26171766299
0.306267811207
0.253811297415
0.329017573584
0.31129461295
0.258894156788
0.354773028008
0.315604396353
0.253806170372
0.312150241094
0.266521436476
0.285182404139
0.208161863939
0.249416778154
0.242297794433
0.159615317811
0.151534422706
0.216831933139
0.32003331363
0.274339810386
0.385028270818
0.365810920598
0.301486317001
0.153005525092
0.192351936442
0.368507795867
0.234107761994
0.303758451364
0.23584799854
0.133444370185
0.171160760716
0.0846696859597
0.114997635914
0.0997218446526
0.0964511406423
0.137767979574
0.180000973964
0.0930594032939
0.0945296683652
