0.451746035799
0.501910726402
0.517379653556
0.354666898815
0.514188216043
0.478096612605
0.552326202711
0.656907720057
0.555953771167
0.542425422282
0.458885667214
0.475656099517
0.494585535638
0.466687606702
0.477326918878
0.492994840835
0.421936864926
0.461070552577
0.507596813305
0.531360886031
0.464709943934
0.46848222666
0.626191378353
0.531695267948
0.503815790708
0.535766639291
0.653212942071
0.552197906031
0.459148858198
0.306784247821
0.351566015751
0.199348402452
0.198428287141
0.226294595278
0.236134739908
0.307268514275
0.348196311098
0.318815094226
0.291728503446
0.182518276585
0.181335696763
0.184410043352
0.207495299369
0.280448675299
0.274732052294
0.313190220882
0.304328057895
0.23394885305
0.266052760932
0.139560795503
0.181699666495
0.281243246695
0.329684276821
0.294257038711
0.161808130297
0.166570067341
0.201514001272
0.24702634418
0.155004747808
0.170056875235
0.205734630961
0.177884213921
0.386630392306
0.151727712193
0.151361255306
0.163717529516
0.201778577592
0.359768501391
0.299389056415
0.172770110696
0.110599145485
0.100682841721
0.0989115880201
0.150164282079
0.118107613955
0.0768621316892
0.0790087989827
0.0932859477416
0.0920957191635
0.0682350084086
0.0814736884003
0.0786643368204
0.133015371834
0.117967154235
0.080979966372
0.0691837411635
0.0918610645537
0.084967914506
0.189621152028
0.135526367592
0.105066227178
0.101585092862
0.281932196817
0.344506561675
0.16602650727
0.146506696996
0.166716177341
0.171807593905
0.170541711987
0.199773552203
0.188040481818
0.343997744835
0.395309690553
0.145486256857
0.169502918271
0.181174241361
0.196295805905
0.393694835602
0.275372565292
0.338831730152
0.281478896414
0.337078959645
0.135353953583
0.12094693205
0.153609117574
0.119067493429
0.260855156061
0.250891068435
0.138847636793
0.134066263021
0.122847577752
0.135094631353
0.230083667082
0.184649657607
0.153286312711
0.139825437172
0.135631085895
0.199472714284
0.293010347616
0.255620746978
0.316678302763
0.3322174966
0.155292626368
0.142091358436
0.160578047891
0.169348745097
0.159659229693
0.14114580593
0.151466819035
0.168111919299
0.295004613441
0.275991424244
0.15355012428
0.160240735679
0.142744187987
0.173209037569
0.279053812495
0.307131378689
0.242663055874
0.273603259907
0.202265333774
0.193425302234
0.190077794027
0.194333261716
0.192596362365
0.18803858275
0.189409503189
0.400015134336
0.106205951613
0.117187745301
0.10977562702
0.14887709253
0.121816565516
0.106907462531
0.139603324597
0.140183962415
0.136820591733
0.156886632021
0.316739751433
0.343076006017
0.319410555052
0.141829363181
0.135120169263
0.14564281851
0.189629729942
0.222890366383
0.126626827096
0.141771151341
0.155102575393
0.15082370538
0.333157802185
0.317694469897
0.305377720548
0.295536055981
0.120738560031
0.122594924084
0.130436891617
0.134338432458
0.158873764134
0.145875662663
0.170525765921
0.191838014851
0.0752178263589
0.0855431264765
0.0776041116644
0.0978429467795
0.348545129508
0.159613986667
0.131683602416
0.167269742728
0.0783910482479
0.0756612414963
