0.392578071049
0.403686054482
0.377167115221
0.366852096887
0.306538024034
0.315108839158
0.376374350877
0.393538666748
0.442816599357
0.314643951484
0.324156980616
0.457948896869
0.395897309514
0.441673817135
0.351649032798
0.295171502837
0.346722180955
0.213542544675
0.220274266405
0.249745434254
0.23880911566
0.204332497034
0.312546557146
0.288326768316
0.138085200998
0.156343623088
0.176967963414
0.277845261193
0.284379933741
0.149601682624
0.108851197854
0.187380639263
0.140508203268
0.162280933131
0.181779993961
0.132746227567
0.162686510242
0.216848423887
0.172465911094
0.319915192989
0.308105359658
0.0942899455993
0.0860151343592
0.0669895657961
0.0503575130573
0.0529211550477
0.101807311183
0.166368997318
0.181651601105
0.135468005344
0.142677612743
0.134308146877
0.220484271635
0.257202909679
0.20698910571
0.123774754112
0.184592807
0.160078605348
0.181832591656
0.129895136987
0.134288603485
0.218315611739
0.172505628329
0.158288955273
0.160804053801
0.283815581582
0.16218683481
0.163412537089
0.173737030344
0.25071888281
0.234288842687
0.148617584832
0.195235804995
0.172264937337
0.208323637143
0.232063322659
0.209433919423
0.18320122361
0.210023477384
0.191812332453
0.211927136854
0.168713794541
0.170387816984
0.184897867074
0.124333191336
0.140961518641
0.114045612614
0.0924963469715
0.139524266539
0.205177595201
0.18886618585
0.277546994969
0.247029431388
0.119082146406
0.11124088801
0.154623292373
0.151031021885
0.142877195902
0.211221041017
0.0711012308604
0.117690787905
0.0830856601002
0.188202849224
0.401838379483
0.302558287077
0.270899864381
0.220950643459
0.167169784048
0.217465847552
0.156522927043
0.186060960209
0.055875540345
0.0570088720244
0.0548266368955
0.0562602250685
0.189329440661
0.451896170171
0.110691919541
0.134567319379
0.122209859804
0.200649574123
0.112841382781
0.102309532485
0.0673126195018
0.0695306339938
0.0548264515351
0.049959578102
0.253172506668
0.242753433146
0.0996597927061
0.137050967329
0.199912234708
0.166271522011
0.269748021034
0.293255389275
0.167572675954
0.128948385421
0.1052083969
0.109445864465
0.103043466194
0.173996692002
0.164906152884
0.113414001717
0.10836854599
0.138114975028
0.11433138028
0.161799595184
0.191868671708
0.231866978087
0.215095366244
0.217428171844
0.0916010336755
0.145004432684
0.206915847906
0.117292476769
0.0915399737187
0.104567139123
0.0837464460723
0.121531235013
0.0988686341288
0.0775457895846
0.102550622213
0.108716108983
0.120744305258
0.152480597591
0.137017855083
0.113271454578
0.0937923001861
0.0725163360851
0.145050935982
0.142917114043
0.0946105372248
0.0425399043644
0.0398103754385
0.138549830904
0.113726118828
0.117760534708
0.0675527754643
0.0375862476381
0.0266563940935
0.044849645366
0.0341267170383
0.028194668986
0.0297889197299
0.0296135470517
0.0252392965034
0.219704337643
0.256661309612
0.111771949884
0.0857982228801
0.134854469564
0.166433324936
0.0419038985324
0.0329927442174
0.0396387300746
0.0404133390166
0.0390897477512
0.0454670855104
0.0517656187066
0.0778113768538
0.0423471450645
0.0845132910101
0.127878720158
0.0515231269893
0.0584961913141
0.249257224279
0.224520060372
0.182607306309
0.213307133063
0.0632907086445
0.0729159767755
0.0863463118028
0.0861174020426
0.0905343120159
0.119337924935
0.0990510419305
0.0963722932763
0.0739989940563
0.138451218913
0.141264311446
0.096361613541
0.0896816280269
0.105904992082
0.123022714784
0.0806557944905
0.0902252359199
0.101771739404
0.14499966026
0.111830595122
0.111002510424
0.106522688281
0.150210028933
0.0537999709334
0.0325520665324
0.0468586805543
0.0293638153232
0.113796366616
0.0665153753656
0.0752663339061
0.0528826386488
0.0407522480212
0.0345241075681
0.0356075450186
0.0574724097568
0.0281398323508
0.0489868803693
0.0872415862616
0.0741645701971
0.0682132162802
0.0447258387932
0.060910695266
0.0358187194285
0.0374914141836
0.0278997787752
0.0230401458866
0.0283413908946
0.0391923928255
0.041637423679
0.0253327813546
0.0302535761977
0.0243055080165
0.0286404238986
0.0262232447532
0.0307606214896
0.0221913467862
0.0456857419072
0.0411415071736
0.0201470483107
0.023793398416
0.0325716691931
0.0305435390095
0.0563364750018
0.028289766368
0.0249865575778
0.0283313198851
0.0206095526266
0.0539092933118
0.0550525202082
0.021448489999
0.0281075683818
0.0316838270787
0.0431510154386
0.0494622384786
0.0725631346073
0.0486195726672
0.181707721542
0.139514468888
0.0699172223614
0.125319592733
0.0673724130641
0.045239660336
0.0431878370435
0.0342086693259
0.0847064673218
0.0571235578106
0.0592593711684
0.0690324235331
0.0870916006395
0.0881200519227
0.0654904690062
0.0591203336115
0.0704220946983
0.0596616207147
0.0640840392404
0.0496640967146
0.0581514009203
0.064006601895
0.0927551588198
0.0915605176536
0.105558059437
0.111963047646
0.0606252818375
0.0571804909145
0.106515397797
0.0782751166099
0.0656792655901
0.0786824055976
0.0604800524154
0.0414726235832
0.0468317694015
0.0518867335623
0.0715275543733
0.0776372214481
0.0274546248074
0.0308018568338
0.0802961291996
0.0329926976496
0.112960560647
0.102705444367
0.119964739842
0.103902665653
0.218913949609
0.211607341517
0.0947355669477
0.101277463672
0.0671305550928
0.0883442891057
0.0310120377921
0.0373345506651
0.0454179153957
0.0490454876445
0.0815167705135
0.0814724751399
0.0863677955648
0.0746014777921
0.044552244134
0.0381466775741
0.0480557549256
0.0401078076272
0.0816141591634
0.0876215335111
0.0436118516084
0.0369476054878
0.0387253436708
0.0442886296736
0.0880931317387
0.0741624730625
0.0713519232121
0.088298218802
0.169849479513
0.189284826729
0.134729846394
0.121007448386
0.0221115872761
0.039004925739
0.0310544194132
0.0240144095755
0.034753152007
0.0307958376309
0.0209438874356
0.0195369786533
0.0224827800121
0.0142462079059
0.0150724284109
0.0161930677281
0.0166810200124
0.0240515063009
0.0355520603931
0.0165981362611
0.0172724265869
0.015867397
0.0141759421322
0.0173760647868
0.0144612922346
0.0542543341895
0.0389293090988
0.024185366794
0.022577593167
0.0408857591953
0.0316770043517
0.0592766914025
0.0764111787491
0.04346536175
0.0452128571431
0.0477191312532
0.0507695163495
0.0422227661427
0.0445356400106
0.0485850899248
0.0467677456872
0.125604635736
0.1191567501
0.0818388111564
0.0970188927232
0.0787803844797
0.0741777996665
0.0761989613291
0.0813996148536
0.153174777466
0.138845704008
0.0884650426798
0.0932395403671
0.0241534563171
0.0212196963825
0.0239107785693
0.0223108493567
0.0830352521304
0.0830318613695
0.144041943833
0.145304839074
0.0347061071958
0.0351280368421
0.0372509270918
0.0377900420847
0.0276989602043
0.0271620652905
