0.389390217529
0.393909305216
0.367764693968
0.355173567208
0.291667119133
0.369230516503
0.386057204926
0.437019833918
0.307330817712
0.308730500567
0.450743152108
0.39600129118
0.435356712395
0.287630315338
0.339926581771
0.213570294397
0.22050978168
0.251078848917
0.237873879714
0.203276486927
0.309160660536
0.286966400114
0.136454702082
0.156051542491
0.17477753123
0.274398646761
0.278232926751
0.104005591637
0.136716637852
0.158911159203
0.167452214826
0.13140627836
0.157449731516
0.205935703754
0.167789713319
0.297404363147
0.064797085067
0.0484143829795
0.0498794955359
0.0995205938201
0.162361357043
0.179205194324
0.130039265779
0.138002852993
0.133893625404
0.214581773538
0.250286243635
0.202093587574
0.120401746842
0.187510093175
0.154221611333
0.17509615004
0.126549894736
0.133767102155
0.21303860267
0.170883150677
0.153790117585
0.154404390361
0.151754007587
0.162272220954
0.169848736505
0.240488741473
0.222918127629
0.148884252479
0.195150390848
0.172660978265
0.208195199206
0.226186499423
0.204734358581
0.174899091392
0.20150635923
0.191924484913
0.213172500344
0.163014264505
0.15191730196
0.177651587273
0.119312536056
0.129376244856
0.10870748059
0.093384102319
0.140716845625
0.206473309443
0.188148162018
0.27078816539
0.24295635053
0.109723925164
0.105494834328
0.139350506319
0.136076749607
0.0666947543847
0.189766651403
0.389430861025
0.29936897741
0.267023902336
0.213983456431
0.165286355631
0.220481619089
0.0545318689221
0.0588709759019
0.0557457639919
0.0576345974189
0.189336065942
0.433943466016
0.116143815027
0.138763698857
0.127532405273
0.206577276737
0.101795124446
0.105939738625
0.0681879167196
0.0704925214845
0.0486318035227
0.250452985638
0.239636821755
0.101247977703
0.138697779547
0.203547801954
0.166873018436
0.252146379233
0.278750109444
0.168627947427
0.130653844437
0.106938556569
0.10900233649
0.104490188549
0.17844356697
0.167788034845
0.114572944758
0.110096955296
0.139577390052
0.113508180944
0.187053232603
0.232311901316
0.207576001387
0.212396240717
0.0937980057363
0.146152867495
0.204500661494
0.118571219971
0.0944327523041
0.108002823365
0.0849608341158
0.111654587124
0.0904257461283
0.0789153880339
0.10514402628
0.110412040417
0.122949323583
0.154284003963
0.137562751909
0.115470449704
0.0944702051736
0.0732642951354
0.148223868272
0.144814396061
0.0958332719054
0.0426319921883
0.0391935269366
0.132793773084
0.114874285017
0.119010586769
0.0707109141495
0.0389096196332
0.0274281972843
0.0464888050845
0.0341375388054
0.0274830815985
0.0296594130126
0.0279780276571
0.0247158318788
0.21868328665
0.257254575704
0.114476231952
0.0896981807059
0.140159797225
0.160837684925
0.0407200379086
0.0342783757622
0.040192736196
0.0367438938133
0.0376958224328
0.0464099524257
0.0492937904741
0.0741582724149
0.0492886412248
0.0337112986876
0.247406955301
0.223267752548
0.17948700881
0.20422456182
0.0647419424922
0.0769433361275
0.0877194156499
0.0895265567878
0.0833022945531
0.0729743332762
0.101758233104
0.0995901089249
0.0760586770193
0.145658837437
0.145602176436
0.0972587602958
0.0935338572613
0.109292444423
0.126739980198
0.0833942066857
0.0902076199747
0.101109073053
0.134670053948
0.108416951901
0.111104939574
0.108562429855
0.154353151263
0.0566094282711
0.0338254499911
0.0490310555863
0.0290411353723
0.114772155309
0.0687974760365
0.078763704438
0.0545229120342
0.0411432479283
0.0343278533529
0.0376828435845
0.0607364034771
0.0293242724519
0.0505979361665
0.0886067989548
0.0765601509866
0.0698149080514
0.0458233758846
0.0617238308803
0.0370136061622
0.0370373120356
0.0291519771558
0.0233624378988
0.0283837977767
0.0400519430327
0.0437257440875
0.026541888544
0.031381349163
0.0254508433343
0.0295549143723
0.0274479480182
0.0289707743894
0.0237070693729
0.0403861513206
0.0405135663058
0.0210139465296
0.0237808651797
0.0279120787643
0.0288318243729
0.0260133271765
0.0299755581268
0.0218205421729
0.0549255146031
0.0549119662103
0.022151472585
0.0301224111631
0.035058760429
0.0475424085062
0.049834071873
0.0712617404638
0.0456941905571
0.177422760932
0.137732327336
0.068360142354
0.120317807251
0.0739403369516
0.0482379770565
0.0453490887657
0.0355576699345
0.0913098569682
0.0600924164148
0.0614365717362
0.0736024813143
0.0860628529319
0.0858482659796
0.0704929193205
0.0614511407982
0.0749381586346
0.0631729669794
0.0681597087749
0.0513152327994
0.0608815252587
0.0678334631043
0.0945530022918
0.0942432626851
0.0970557845742
0.114272792405
0.0634567818558
0.0600568403229
0.107628482255
0.0809339445521
0.0684058048389
0.0816656933336
0.0659938911625
0.0447562388008
0.0494881979251
0.0568589478165
0.0741937948742
0.0816676183548
0.0295708703771
0.0319262787155
0.0801451571952
0.0334315169437
0.117744236295
0.103335317085
0.12821107946
0.105487482485
0.222291101561
0.203500092566
0.0949021312849
0.0974584664699
0.0682305982702
0.0934958217784
0.031884226679
0.0395580432776
0.0451531888551
0.0559197052463
0.0797587761256
0.0809919651095
0.0909403760938
0.0758793482264
0.0482980579764
0.0402727655383
0.0535830805261
0.0426919850316
0.0841505754657
0.0925825191987
0.0476664572844
0.0393399831526
0.0414600483442
0.0490842243419
0.0925317928796
0.075402088494
0.0715162513295
0.0927565824597
0.16778507677
0.193447104517
0.124109837835
0.0220733498751
0.0423939470373
0.031854197501
0.0236534144622
0.0370158657828
0.0336337664415
0.0216626633752
0.0195178640545
0.0235277745364
0.0153841222146
0.0157519297065
0.0166880610286
0.0173957910393
0.0237908501395
0.0339038714809
0.0172602996124
0.0176922612438
0.0168307384035
0.0146014189007
0.0189918940531
0.0146093547111
0.0567961308002
0.0401888921125
0.0256740921916
0.0234929884409
0.031052291444
0.0539253256246
0.0793109613487
0.0445711667841
0.0452094497513
0.0458816839746
0.0553914344293
0.0439544710813
0.0477811323598
0.0541454464963
0.0491533868304
0.129278750168
0.086147986027
0.0897618439549
0.0820921855306
0.0743719059504
0.0784183837292
0.0883334157677
0.163087556526
0.139539119921
0.0888037333757
0.0932614141488
0.0277742251041
0.0223729737425
0.0264872009713
0.0236633072025
0.0847125994336
0.149186543875
0.0368946275639
0.0368447351482
0.0383474018007
0.0398324696549
0.0314995726765
0.0301052762307
0.167776033196
0.160772210861
0.184055821652
0.185928591379
0.0773572319207
0.115037524023
0.0977102940965
0.0989666337964
0.0850130945424
0.0785324539228
0.0736846389725
0.0855593911471
0.0299089613391
0.0268550539154
0.02412516613
0.0325911472975
0.0513121897935
0.0404685890773
0.0783928853518
0.07090292533
0.0756327767374
0.0764506232295
0.0860073919478
0.077020823773
0.0523657177049
0.0541605208573
0.0557025219123
0.0624928073664
0.0629378200993
0.0673187928522
0.0256223776217
0.0238340868934
0.0214335629225
0.0272986401096
0.0688664046743
0.0880101578908
0.0526907446889
0.0521560270548
0.0560525345484
0.0543115119196
0.0241730456688
0.0498300513399
0.0885183172462
0.0872667510757
0.0254417404406
0.0215598205578
0.0203258957734
0.020257714317
0.0224227649847
0.0263316273198
0.078400070517
0.0655885063627
0.0201461809334
0.0184471993321
0.018085100509
0.0153426032485
0.0148032674526
0.0170255086447
0.0767151641547
0.0781400478334
0.0213574249451
0.0230558740933
0.0573896267912
0.0743325318314
0.0482735495196
0.0451470776772
0.0761707562297
0.0794722493475
