0.376080615402
0.364969896474
0.341092475963
0.293202990234
0.251071623935
0.345445387495
0.365029030412
0.415267882865
0.283483750226
0.268491701372
0.423895505104
0.389083502811
0.414926007261
0.129830116523
0.320872763396
0.185589337465
0.224383254651
0.233096725953
0.237542233471
0.183443274034
0.294446713617
0.249500550782
0.133653841723
0.215382272362
0.130508766988
0.145008391448
0.182312113974
0.144835502957
0.230574384049
0.0426694591393
0.0446044389122
0.0906601870944
0.156617287569
0.173918463388
0.108245082572
0.11810455889
0.122326922447
0.228866094403
0.187336580078
0.119452800961
0.125380768647
0.134303278785
0.142706383354
0.199880425364
0.147496662341
0.109400609816
0.165284967656
0.110760626976
0.111537056872
0.102860680396
0.0969081065432
0.145282451065
0.206945266633
0.182116413101
0.248597487853
0.230218201431
0.0827266093394
0.106681055269
0.0645624107203
0.194707186733
0.35636355962
0.271909921626
0.228462948344
0.182466778361
0.385055448861
0.125951769561
0.134237777367
0.111072623088
0.20480859398
0.0840961702824
0.067689749278
0.0693673099824
0.0427622053636
0.240642282606
0.227962836034
0.109500802187
0.142525447141
0.209179574863
0.164986650237
0.209145258898
0.230430883792
0.16907364947
0.135086659317
0.113683246062
0.112012913703
0.111920918332
0.189426636811
0.173834297535
0.11813657264
0.115650373844
0.141823659709
0.116911633637
0.170227260742
0.217146513249
0.18801722992
0.197118451466
0.083015875778
0.168045514524
0.118308008937
0.102072793142
0.102986342812
0.0863210503883
0.0757118671309
0.0787854584391
0.097291724094
0.0882562235071
0.118527323928
0.095458988995
0.0756851939901
0.153377472784
0.145470361091
0.090264727143
0.0395877121712
0.0353908996438
0.108762068251
0.119142277372
0.122931001653
0.0783903256642
0.0434483684298
0.0300630090332
0.0517725608389
0.0355486311935
0.0294155300299
0.0300380660682
0.0299356626675
0.0263361070748
0.215750634985
0.247897120348
0.121167951055
0.0980551527492
0.152121145562
0.0397869795957
0.0377425770566
0.0418762745439
0.0306855889505
0.0369710766763
0.0506052254594
0.0484033373913
0.0738532876586
0.0410451472618
0.0327250450712
0.238454353535
0.218364481481
0.16864640946
0.181211491445
0.0704444828866
0.0829079993162
0.0904824884547
0.0937919319644
0.066468881264
0.0663398965525
0.107312283988
0.108827534036
0.0878076499136
0.162276181951
0.154294969623
0.101363640092
0.10446354692
0.120511642524
0.133742802189
0.0885083613928
0.095493506504
0.100843204526
0.107029057197
0.0991680292226
0.0988632391097
0.112557044685
0.160737453314
0.0654407655148
0.0394087051049
0.0549406517562
0.0316548335474
0.10481134751
0.0730065688732
0.0896255780945
0.059486743937
0.0471127606583
0.0374173169281
0.0441730412632
0.0698526246025
0.0335436176586
0.0548336522607
0.0892461004199
0.0808200759266
0.0722401883182
0.048354019509
0.0651324195129
0.0408591586269
0.0385195159734
0.033657988483
0.0260079840697
0.0301237041651
0.0430327163376
0.0491632888406
0.0310493465005
0.0336303690608
0.030370141618
0.0303199478393
0.0301009646743
0.027801166553
0.0285244022399
0.0292045546755
0.0319202141092
0.0247284618956
0.0276311196854
0.0327488401487
0.0344646338088
0.0284062887413
0.0316922092017
0.0256050691233
0.0445911376101
0.048951486578
0.0257289007021
0.0339453527699
0.0407324481912
0.0552742401131
0.050650772487
0.0672124087538
0.04057793349
0.131723497713
0.119429564479
0.0631168114081
0.0851336400286
0.0799866570525
0.0563419378802
0.0510820892338
0.0415115912209
0.0896201060655
0.0675309337363
0.0664404512138
0.0832651213851
0.081745739513
0.0815366890535
0.0762738636734
0.0664503993429
0.0863847829101
0.0739706131673
0.07645063165
0.0576563406288
0.0607046069869
0.0785024338186
0.0931006922997
0.0856791903982
0.0967930704908
0.0698474458993
0.0688281118498
0.104953737062
0.087843337246
0.0772035217598
0.0871685250834
0.0793321575953
0.0551624041227
0.0590960071684
0.0687333767037
0.066006110618
0.0884854306176
0.0363413728356
0.0350680948528
0.0794311549882
0.03590986839
0.128835742966
0.1069766738
0.149263397883
0.109580718752
0.212268134691
0.17650063314
0.0797506086237
0.091792970875
0.0680457814052
0.0361930948951
0.0413717999077
0.0484264054664
0.0593816018769
0.0734635263871
0.0779313072677
0.0433143455239
0.0545840736763
0.0438468759076
0.0381248661971
0.052124006374
0.0557965172883
0.0759367446712
0.0971056651163
0.161458025014
0.200686315168
0.130011073906
0.023159359523
0.0492943833553
0.0349875485769
0.0247465216691
0.0448807141731
0.0434155407505
0.025377006989
0.0213131415793
0.0272545508805
0.0183263612628
0.0173997989263
0.0179494249952
0.0192744443454
0.026030024156
0.0352734564853
0.0194564508177
0.0195799972336
0.0194788159586
0.0169510875137
0.0228967181132
0.0162119817398
0.0650000849898
0.0451986379252
0.0295775723369
0.0263522393536
0.037314967189
0.0451293035911
0.0893647581992
0.0457660195541
0.0481542445601
0.0466304974863
0.0663253971517
0.0451160526008
0.0539849538262
0.0667740179495
0.0541223691892
0.153724991234
0.0828494566057
0.0618441877181
0.0999047616982
0.0784222381313
0.0850021996691
0.10527490817
0.181364693467
0.137329173284
0.094620999752
0.0923501741789
0.0373086465919
0.0261806180727
0.0321228242821
0.0266079642039
0.079870626623
0.133076099614
0.0318448826474
0.0326734609313
0.039934483264
0.0472255568197
0.040360303094
0.0363850384602
0.173724877679
0.158232042481
0.193557132142
0.196533472442
0.0750216874449
0.0858840415083
0.0892655207835
0.0720119299566
0.108314002214
0.0786974473207
0.0709576002398
0.104712163984
0.0407664530565
0.0341596161249
0.0285114481141
0.0491214333966
0.0374952578029
0.0956745515226
0.069717387176
0.0826710255497
0.0883538142816
0.107262414647
0.052677185793
0.0536373791884
0.0509939596937
0.0878686653594
0.0600427057804
0.0866198108553
0.0321387115083
0.0312973952883
0.0256972173677
0.0473509329355
0.0791678534379
0.0686847376763
0.0682486486035
0.0752566884346
0.063109518047
0.0254315170701
0.0382298180206
0.103050741374
0.100651591526
0.0307392160849
0.0230373038997
0.0218391868461
0.0235296674868
0.0261583825019
0.0445026162948
0.101050066944
0.0709998093086
0.023802729004
0.0232308118824
0.0246076199266
0.0184152294508
0.0180014382093
0.0234226367995
0.0940643608939
0.102632591661
0.0239165356086
0.0279609741342
0.0586283352319
0.088122592153
0.0496200493476
0.0507198559654
0.0729091407624
0.0793831940865
0.0778426204918
0.0841112389494
0.0531403733621
0.0477557192103
0.060945859363
0.0601938610335
0.0928282047699
0.0875412878705
0.0807070337375
0.0494676925143
0.0528038741175
0.0656078151184
0.0583787503481
0.0664532377038
0.0594713635946
0.0561086945487
0.0640955664112
0.0787462535985
0.132490186099
0.10348482883
0.105522278256
0.144430926801
0.0572716671111
0.0446633894505
0.0811377173774
0.082537201351
0.0512564249776
0.0613548006826
0.0661024274878
0.0684827272674
0.163726643452
0.25242768954
0.0281050616304
0.0249437430871
0.0325102573297
0.034142672891
0.0392647377555
0.0341384521759
0.0484165534728
0.0456822502778
0.0619477115517
0.052472817455
0.111577120846
0.120837323208
0.0652321770741
0.0696406880733
0.0618035118377
0.0494560834703
0.051197870947
0.0565388734006
0.104831371219
0.0820965198609
0.0850353718924
0.0831439514784
0.0584569053304
0.0557196348118
0.0677914438911
0.0731275136352
0.0496930127113
0.0387825732537
0.0508015457442
0.0420896876166
0.0779595563543
0.0762267607968
0.0548096247961
0.0637321718342
0.0337129343435
0.0373244841567
0.0587891018424
0.0441093280044
0.0539583920126
0.0481005248086
0.0501895939015
0.0422831875064
0.088627749293
0.0895255871597
0.0504403044455
0.0396119895046
0.0366810771498
0.0457297644545
0.0381883968295
0.0363617863383
0.0368480559994
0.0412167511643
0.0913407171021
0.0935802466158
0.128535718582
0.116082043267
0.0581278930893
0.0443768119439
0.0538062952751
0.0486539204179
0.130878598171
0.140825413951
0.0339689937203
0.0302011647632
0.0232105571006
0.0208223211522
0.0257346604985
0.0224230022797
0.0359001028646
0.0376557130201
0.0312497692694
0.0371504959848
0.0370335315909
0.0409068613735
0.0254819990658
0.0290792851692
0.0292407049118
0.0389752690168
0.0328376073044
0.0280981137346
0.0818843600559
0.0458851381651
0.0594493674282
0.0692493208596
0.0459056289162
0.0519571491024
0.0400408451681
0.0324460642408
0.0316464819064
0.0324922357364
0.0447453211863
0.0444759752025
0.0549660307231
0.0504517063703
0.0678750272693
0.0668654288062
0.111980293145
0.0924639781427
0.0818587774557
0.090958589982
0.0544620485484
0.0543355794311
0.0297129497706
0.0263600078471
0.0292448817679
0.0292388282801
0.0591155644681
0.0607800219466
0.074533909313
0.0817513701752
0.0309765918061
0.0276627179739
0.0244258952511
0.0285958379315
0.0245954312375
0.0218180037984
0.0205741274682
0.0225795503866
0.0323286059998
0.0276634488106
0.0310843544495
0.0390101820896
0.0427462073243
0.0439755281045
