0.474920803001
0.530789017461
0.52453774756
0.322124348468
0.525828244814
0.504207633331
0.554347460557
0.658893454952
0.556935848852
0.556592271106
0.476983033498
0.517634778987
0.528735816739
0.504679249594
0.522107107214
0.52764115374
0.530570370855
0.462539199438
0.554676016368
0.65694644202
0.550558251348
0.555901584069
0.55562066801
0.629681340083
0.505658046322
0.501997866413
0.656386833939
0.560522399061
0.557446351134
0.618704364469
0.540038098481
0.507011594445
0.553743472592
0.6593286278
0.559580057649
0.555512555548
0.48393016454
0.484122082909
0.301679410291
0.344400001549
0.194782731465
0.193968886571
0.226175712071
0.23131774747
0.303259866324
0.347824982032
0.334252642446
0.296412204325
0.180555686008
0.179361678509
0.182210329593
0.208694559832
0.289555790757
0.286551675535
0.325503364689
0.300814736793
0.259360989975
0.282571301016
0.146116737094
0.179380791174
0.29055139128
0.329175715059
0.283251516533
0.315114116161
0.166802019931
0.165657595189
0.202568686515
0.264389220983
0.152619764134
0.165158884933
0.195290550659
0.17796173431
0.37771302461
0.14903623461
0.148177685344
0.164216335866
0.191092944958
0.358549270092
0.338735946987
0.307583971379
0.177890503992
0.105449793707
0.098730266183
0.097137362026
0.135334869828
0.10522682742
0.0759301832176
0.0783726267746
0.0889660928352
0.0889370406912
0.0679228095464
0.0789360837182
0.080047720504
0.122123872524
0.109200040699
0.0724234524972
0.0685878644355
0.0873659263563
0.0829046502725
0.179501301476
0.136911485927
0.100222044003
0.0973656130168
0.282880640746
0.333076791168
0.166656204359
0.150505459196
0.158748308907
0.160435976846
0.158451235483
0.180784339679
0.176603411801
0.352496521791
0.382220027545
0.146197690302
0.160050333873
0.180830001268
0.17969321226
0.378508560663
0.381954096247
0.298205406185
0.338618300714
0.285590708249
0.342207434476
0.133663808721
0.125611667969
0.14361980814
0.12286952971
0.27413047625
0.276165905081
0.13434825497
0.13057198092
0.121287304952
0.134360148027
0.217161155439
0.188062921608
0.13691602425
0.140299352958
0.141110816243
0.182073479085
0.277792728048
0.260168850019
0.30712706182
0.315052636872
0.144447953672
0.142417511901
0.146046018013
0.150237311449
0.145319699562
0.141371535437
0.142544565682
0.149091011877
0.296993260428
0.286933169677
0.140473231025
0.146125634337
0.135522392786
0.148389915544
0.273935378904
0.310776832411
0.258340488118
0.26662001891
0.185546690145
0.181979846839
0.179210713495
0.18193583929
0.177889394685
0.174871988949
0.183967456515
0.41757520206
0.0954508716637
0.102906982084
0.097257360073
0.113274779662
0.0986891822921
0.0936500658185
