0.0340191364902
0.0340191364902
0.0340191364903
0.0340191364903
0.0361411904186
0.0361411904186
0.0361411904186
0.0361411904186
0.0301111828456
0.0301111828457
0.0301111828457
0.0301111828458
0.0370238209016
0.0370238209015
0.0370238209015
0.0370238209015
0.0341880891826
0.0341880891826
0.0341880891826
0.0341880891827
0.0337673649581
0.0337673649582
0.0337673649581
0.0337673649582
0.0350217933096
0.0350217933096
0.0350217933095
0.0350217933098
0.0377963666414
0.0377963666414
0.0377963666414
0.0377963666415
0.0337393609073
0.0337393609071
0.0337393609071
0.0337393609071
0.0335538528775
0.0335538528775
0.0335538528775
0.0335538528775
0.0298176990124
0.0298176990125
0.0298176990125
0.0298176990125
0.03281652885
0.03281652885
0.0328165288501
0.03281652885
0.0295768370435
0.0295768370435
0.0295768370434
0.0295768370435
0.031046016842
0.031046016842
0.031046016842
0.0310460168421
0.0336957751878
0.0336957751878
0.0336957751877
0.0336957751878
0.0308316476247
0.0308316476247
0.0308316476247
0.0308316476247
0.0333582494956
0.0333582494955
0.0333582494955
0.0333582494955
0.0334102930898
0.0334102930898
0.0334102930898
0.0334102930898
0.0373618749665
0.0373618749665
0.0373618749665
0.0373618749665
0.0332633850612
0.0332633850612
0.0332633850612
0.0332633850612
0.0347732948206
0.0347732948207
0.0347732948206
0.0347732948207
0.030954275666
0.0309542756661
0.0309542756661
0.0309542756661
0.0294710813077
0.0294710813077
0.0294710813078
0.0294710813077
0.0309869555078
0.0309869555079
0.0309869555079
0.0309869555078
0.0290866406984
0.0290866406984
0.0290866406985
0.0290866406983
0.034845020064
0.034845020064
0.034845020064
0.0348450200641
0.040887213367
0.040887213367
0.040887213367
0.040887213367
0.0345066950963
0.0345066950963
0.0345066950963
0.0345066950963
0.0347521768175
0.0347521768175
0.0347521768176
0.0347521768175
0.0368132424845
0.0368132424845
0.0368132424845
0.0368132424845
0.0346448468556
0.0346448468556
0.0346448468555
0.0346448468556
0.0310418466184
0.0310418466184
0.0310418466184
0.0310418466184
0.0102532107833
0.0102532107833
0.0102532107833
0.0102532107833
0.0108315669259
0.0108315669259
0.0108315669259
0.0108315669259
0.0201927111525
0.0201927111526
0.0201927111526
0.0201927111526
0.0197740488372
0.0197740488372
0.0197740488373
0.0197740488372
0.0152729774181
0.0152729774181
0.0152729774182
0.0152729774181
0.00813923436332
0.00813923436332
0.00813923436332
0.00813923436339
0.0104555885113
0.0104555885113
0.0104555885113
0.0104555885113
0.0105043395221
0.0105043395221
0.0105043395221
0.0105043395221
0.0177567644587
0.0177567644587
0.0177567644587
0.0177567644587
0.0177940282411
0.017794028241
0.017794028241
0.017794028241
0.00257116641629
0.00257116641629
0.00257116641629
0.00257116641629
0.00965168475734
0.00965168475734
0.00965168475734
0.00965168475734
0.00573390258026
0.00573390258026
0.00573390258026
0.00573390258026
0.00618811642992
0.00618811642989
0.00618811642986
0.00618811642989
0.00387678997087
0.00387678997087
0.00387678997087
0.00387678997086
0.00510937797713
0.00510937797713
0.00510937797713
0.00510937797713
0.00610658248082
0.00610658248083
0.00610658248083
0.00610658248083
0.0058672125913
0.0058672125913
0.0058672125913
0.0058672125913
0.0092091467291
0.00920914672907
0.00920914672905
0.00920914672908
0.00873125564462
0.00873125564462
0.00873125564462
0.00873125564462
0.01045082421
0.01045082421
0.01045082421
0.01045082421
0.0112710585123
0.0112710585123
0.0112710585123
0.0112710585123
0.0226539869095
0.0226539869095
0.0226539869095
0.0226539869095
0.0208576160035
0.0208576160035
0.0208576160035
0.0208576160035
0.0180433626014
0.0180433626014
0.0180433626014
0.0180433626014
0.0209161308524
0.0209161308524
0.0209161308524
0.0209161308524
0.0238503880427
0.0238503880427
0.0238503880427
0.0238503880427
0.00909660616953
0.00909660616953
0.00909660616953
0.00909660616953
0.0106038578676
0.0106038578676
0.0106038578676
0.0106038578676
0.00851298324771
0.00851298324772
0.00851298324773
0.0085129832477
0.00385014410732
0.00385014410732
0.00385014410732
0.00385014410732
0.00390550201599
0.00390550201599
0.00390550201599
0.00390550201599
0.00635321769686
0.00635321769687
0.00635321769687
0.00635321769687
0.00631944538735
0.00631944538735
0.00631944538735
0.00631944538736
0.00668684282831
0.00668684282832
0.00668684282833
0.00668684282833
0.00644815205216
0.00644815205216
0.00644815205216
0.00644815205216
0.010432990378
0.010432990378
0.010432990378
0.010432990378
0.00747599739296
0.00747599739297
0.00747599739294
0.00747599739299
0.0227324802012
0.0227324802012
0.0227324802012
0.0227324802012
0.0199471535577
0.0199471535577
0.0199471535577
0.0199471535577
0.00907561954055
0.00907561954055
0.00907561954055
0.00907561954055
0.0067460491984
0.0067460491984
0.0067460491984
0.0067460491984
0.0108360605991
0.0108360605991
0.0108360605991
0.0108360605991
0.00720161309003
0.00720161309004
0.00720161309004
0.00720161309005
0.0158243961549
0.0158243961549
0.0158243961549
0.0158243961547
0.0119937591154
0.0119937591154
0.0119937591154
0.0119937591154
0.0135221725532
0.0135221725532
0.0135221725531
0.0135221725531
0.00388102902577
0.00388102902579
0.00388102902579
0.00388102902577
0.00336979408158
0.00336979408154
0.00336979408154
0.00336979408154
0.00525198127422
0.00525198127422
0.00525198127422
0.00525198127422
0.00721155737078
0.00721155737078
0.00721155737078
0.00721155737078
0.00624235660096
0.00624235660093
0.00624235660094
0.00624235660091
0.00575659149371
0.00575659149371
0.00575659149372
0.00575659149371
0.00836585041478
0.00836585041478
0.00836585041478
0.00836585041478
0.00569122389668
0.00569122389668
0.00569122389668
0.00569122389668
0.00800677112291
0.00800677112289
0.00800677112284
0.00800677112289
0.0109338092113
0.0109338092113
0.0109338092113
0.0109338092113
0.00708872320755
0.00708872320749
0.00708872320749
0.00708872320747
0.0110176424279
0.0110176424279
0.0110176424279
0.0110176424279
0.00954936383993
0.00954936383993
0.00954936383993
0.00954936383993
0.00933364858053
0.00933364858055
0.00933364858057
0.00933364858055
0.00712012622243
0.00712012622243
0.00712012622243
0.00712012622243
0.0175962791588
0.0175962791588
0.0175962791587
0.0175962791588
0.0189467441908
0.0189467441908
0.0189467441909
0.0189467441908
0.00706524676608
0.00706524676606
0.00706524676606
0.00706524676605
0.00801519077901
0.00801519077901
0.00801519077901
0.00801519077901
0.00914944183179
0.00914944183179
0.00914944183179
0.00914944183179
0.00736278256354
0.00736278256354
0.00736278256354
0.00736278256354
0.017356666465
0.0173566664649
0.017356666465
0.017356666465
0.0197776255154
0.0197776255154
0.0197776255154
0.0197776255154
0.0100617966362
0.0100617966362
0.0100617966362
0.0100617966362
0.00988391073948
0.00988391073948
0.00988391073948
0.00988391073948
0.00997895401572
0.00997895401572
0.00997895401572
0.00997895401572
0.0115953728326
0.0115953728326
0.0115953728326
0.0115953728326
0.0108787541143
0.0108787541143
0.0108787541143
0.0108787541143
0.0110631068746
0.0110631068746
0.0110631068746
0.0110631068746
0.012726103767
0.012726103767
0.012726103767
0.012726103767
0.0127401679803
0.0127401679803
0.0127401679803
0.0127401679803
0.0199424190245
0.0199424190245
0.0199424190245
0.0199424190245
0.0176945191004
0.0176945191004
0.0176945191004
0.0176945191004
0.018947187242
0.018947187242
0.018947187242
0.0189471872421
0.0200757400191
0.0200757400191
0.0200757400191
0.0200757400191
0.0208264913662
0.0208264913662
0.0208264913662
0.0208264913662
0.0181477900012
0.0181477900012
0.0181477900012
0.0181477900012
0.00446405744046
0.00446405744051
0.00446405744049
0.00446405744049
0.0041770547959
0.0041770547959
0.0041770547959
0.0041770547959
0.00419500948962
0.00419500948962
0.00419500948964
0.00419500948958
0.00406546139068
0.00406546139068
0.00406546139068
0.00406546139068
0.00260464998667
0.00260464998667
0.00260464998667
0.00260464998667
0.00195305871843
0.00195305871844
0.00195305871844
0.00195305871844
0.00215930685813
0.00215930685813
0.00215930685814
0.00215930685814
0.00215792215339
0.00215792215339
0.00215792215341
0.0021579221534
0.00278348014449
0.0027834801445
0.0027834801445
0.0027834801445
0.00277915910787
0.00277915910787
0.00277915910787
0.00277915910787
0.00412671774356
0.00412671774356
0.00412671774356
0.00412671774356
0.00425335722649
0.00425335722655
0.00425335722655
0.00425335722655
0.00420014324361
0.00420014324361
0.00420014324361
0.00420014324361
0.00450002469166
0.00450002469165
0.00450002469164
0.00450002469167
0.0185193326658
0.0185193326658
0.0185193326658
0.0185193326657
0.019324670906
0.0193246709061
0.0193246709061
0.0193246709061
0.0105600550096
0.0105600550096
0.0105600550096
0.0105600550096
0.0101949152857
0.0101949152857
0.0101949152857
0.0101949152857
0.0114324742332
0.0114324742332
0.0114324742332
0.0114324742332
0.0113359852183
0.0113359852183
0.0113359852183
0.0113359852183
0.0176426379593
0.0176426379593
0.0176426379593
0.0176426379592
0.0197350884738
0.0197350884738
0.0197350884738
0.0197350884737
0.0198498127176
0.0198498127176
0.0198498127176
0.0198498127175
0.00240487233169
0.00240487233169
0.00240487233169
0.00240487233169
0.00172631274565
0.00172631274565
0.00172631274565
0.00172631274565
0.00155867831114
0.00155867831115
0.00155867831114
0.00155867831113
0.00171538545112
0.00171538545112
0.00171538545112
0.00171538545112
0.00112371201278
0.00112371201278
0.00112371201278
0.00112371201278
0.00131896113036
0.00131896113036
0.00131896113036
0.00131896113036
0.00140748983268
0.00140748983268
0.00140748983268
0.00140748983268
0.00158246046967
0.00158246046967
0.00158246046967
0.00158246046967
0.00131326935365
0.00131326935365
0.00131326935365
0.00131326935365
0.00119560378602
0.00119560378602
0.00119560378602
0.00119560378602
0.00100196372577
0.00100196372577
0.00100196372577
0.00100196372577
0.00157422322988
0.0015742232299
0.00157422322991
0.00157422322989
0.00177018915744
0.00177018915744
0.00177018915744
0.00177018915744
0.00251839491767
0.00251839491766
0.00251839491765
0.00251839491768
0.00143292471135
0.00143292471134
0.00143292471131
0.00143292471134
0.00131509959454
0.00131509959454
0.00131509959454
0.00131509959454
0.0013777623702
0.0013777623702
0.0013777623702
0.0013777623702
0.00162668286595
0.00162668286594
0.00162668286594
0.00162668286595
0.00158616077638
0.00158616077638
0.00158616077638
0.00158616077638
0.00147912770161
0.00147912770161
0.00147912770161
0.00147912770161
0.00213020745804
0.00213020745804
0.00213020745804
0.00213020745804
0.00146773982158
0.00146773982158
0.00146773982158
0.00146773982158
0.00159294855651
0.00159294855651
0.00159294855651
0.00159294855651
0.00136562411056
0.00136562411056
0.00136562411056
0.00136562411056
0.0012408353755
0.00124083537551
0.00124083537552
0.00124083537553
0.00221579980664
0.00221579980664
0.00221579980664
0.00221579980664
0.00238268643958
0.00238268643958
0.00238268643958
0.00238268643958
0.00185646755161
0.00185646755161
0.00185646755161
0.00185646755161
0.00144341337523
0.00144341337523
0.00144341337523
0.00144341337523
0.00144765025447
0.00144765025447
0.00144765025447
0.00144765025447
0.00192812648783
0.00192812648783
0.00192812648783
0.00192812648783
0.00196312494191
0.00196312494191
0.00196312494191
0.00196312494191
0.00351073380996
0.00351073380999
0.00351073380996
0.00351073380999
0.00338289691157
0.00338289691157
0.00338289691157
0.00338289691157
0.0026351863952
0.0026351863952
0.00263518639523
0.0026351863952
0.00261972499262
0.00261972499262
0.00261972499262
0.00261972499262
0.0164464979794
0.0164464979794
0.0164464979794
0.0164464979794
0.0189135945703
0.0189135945703
0.0189135945703
0.0189135945703
0.0180425102797
0.0180425102797
0.0180425102797
0.0180425102798
0.0188107662785
0.0188107662784
0.0188107662784
0.0188107662784
0.0106531172743
0.0106531172743
0.0106531172743
0.0106531172743
0.00977385537371
0.00977385537371
0.00977385537371
0.00977385537371
0.00988376580441
0.00988376580441
0.00988376580441
0.00988376580441
0.0106895405905
0.0106895405905
0.0106895405905
0.0106895405905
0.00946118243694
0.00946118243694
0.00946118243694
0.00946118243694
0.00769146914158
0.00769146914158
0.00769146914158
0.00769146914158
0.00769730197661
0.00769730197661
0.00769730197661
0.00769730197661
0.00831817086361
0.00831817086361
0.00831817086361
0.00831817086361
0.0187291488113
0.0187291488113
0.0187291488113
0.0187291488113
0.0175461333261
0.0175461333261
0.0175461333261
0.0175461333261
0.0175165689432
0.0175165689432
0.0175165689431
0.0175165689431
0.0158839230135
0.0158839230135
0.0158839230135
0.0158839230135
0.0111654916083
0.0111654916083
0.0111654916083
0.0111654916083
0.0106005879823
0.0106005879823
0.0106005879823
0.0106005879823
0.0109371760814
0.0109371760814
0.0109371760814
0.0109371760814
0.0105410647958
0.0105410647958
0.0105410647958
0.0105410647958
0.0191132570666
0.0191132570666
0.0191132570665
0.0191132570665
0.00549775447008
0.00549775447008
0.00549775447008
0.00549775447008
0.00442190667994
0.00442190667994
0.00442190667994
0.00442190667994
0.00218686521125
0.00218686521125
0.00218686521125
0.00218686521125
0.00207838610533
0.00207838610533
0.00207838610533
0.00207838610533
0.00240535005447
0.00240535005447
0.00240535005447
0.00240535005447
0.00246583617247
0.00246583617247
0.00246583617247
0.00246583617247
0.0114697954433
0.0114697954433
0.0114697954433
0.0114697954433
0.0105282279266
0.0105282279266
0.0105282279266
0.0105282279266
0.00317844050242
0.00317844050242
0.00317844050242
0.00317844050242
0.00286935523354
0.00286935523354
0.00286935523354
0.00286935523354
0.00171591390792
0.00171591390792
0.00171591390792
0.00171591390792
0.00126424093403
0.00126424093403
0.00126424093403
0.00126424093403
0.00139241883051
0.00139241883051
0.00139241883051
0.00139241883051
0.00145471801999
0.00145471801999
0.00145471801999
0.00145471801999
0.00642352933948
0.00642352933948
0.00642352933948
0.00642352933948
0.00571391278086
0.00571391278086
0.00571391278086
0.00571391278086
0.00357680749032
0.00357680749033
0.00357680749032
0.00357680749033
0.0044261273171
0.0044261273171
0.0044261273171
0.00442612731712
0.00340975900048
0.00340975900048
0.00340975900048
0.00340975900048
0.00743141975097
0.00743141975096
0.00743141975099
0.00743141975098
0.00482486306969
0.0048248630697
0.00482486306971
0.00482486306968
0.00488186827325
0.00488186827325
0.00488186827328
0.00488186827324
0.00362947903296
0.00362947903296
0.00362947903297
0.00362947903298
0.0051765131534
0.0051765131534
0.0051765131534
0.0051765131534
0.00226126206525
0.00226126206525
0.00226126206525
0.00226126206525
0.00229203439073
0.00229203439074
0.00229203439076
0.00229203439074
0.00138619655343
0.00138619655343
0.00138619655343
0.00138619655343
0.00163330085298
0.00163330085299
0.00163330085298
0.00163330085299
0.00168791661745
0.00168791661745
0.00168791661745
0.00168791661745
0.00143705165454
0.00143705165454
0.00143705165454
0.00143705165454
0.0180462295918
0.0180462295918
0.0180462295918
0.0180462295918
0.0179207586309
0.0179207586309
0.0179207586309
0.0179207586309
0.00951356104091
0.00951356104087
0.00951356104088
0.00951356104084
0.00914686886292
0.00914686886292
0.00914686886292
0.00914686886292
0.00967324022776
0.00967324022776
0.00967324022776
0.00967324022776
0.00920521722624
0.00920521722624
0.00920521722624
0.00920521722624
0.0088306706399
0.0088306706399
0.0088306706399
0.0088306706399
0.00835022904846
0.00835022904846
0.00835022904846
0.00835022904846
0.00789038602101
0.00789038602101
0.00789038602101
0.00789038602101
0.00837453919295
0.00837453919295
0.00837453919295
0.00837453919295
0.0148720191075
0.0148720191075
0.0148720191075
0.0148720191076
0.0157265436526
0.0157265436525
0.0157265436525
0.0157265436525
0.0184040490682
0.0184040490682
0.0184040490682
0.0184040490683
0.0186397308337
0.0186397308336
0.0186397308336
0.0186397308337
0.00388820385713
0.00388820385713
0.00388820385711
0.00388820385712
0.00389943891296
0.00389943891296
0.00389943891296
0.00389943891296
0.00400697174345
0.00400697174345
0.00400697174345
0.00400697174345
0.00329786106951
0.00329786106951
0.00329786106951
0.00329786106951
0.00342087797512
0.00342087797512
0.00342087797512
0.00342087797512
0.00375981384676
0.00375981384676
0.00375981384676
0.00375981384676
0.00368513219308
0.00368513219309
0.00368513219308
0.00368513219309
0.00421299459861
0.00421299459861
0.00421299459861
0.00421299459861
0.00149221838661
0.00149221838661
0.00149221838661
0.00149221838661
0.00118021280334
0.00118021280334
0.00118021280333
0.00118021280335
0.00119154738361
0.00119154738361
0.00119154738361
0.00119154738361
0.00107138224994
0.00107138224993
0.00107138224992
0.00107138224993
0.00116276313854
0.00116276313854
0.00116276313854
0.00116276313854
0.00110196513536
0.00110196513536
0.00110196513536
0.00110196513536
0.00123049830182
0.00123049830182
0.00123049830182
0.00123049830182
0.00103162462855
0.00103162462855
0.00103162462855
0.00103162462855
0.00261488978379
0.0026148897838
0.00261488978378
0.00261488978381
0.00226881784818
0.00226881784816
0.00226881784816
0.00226881784816
0.00661671145151
0.00661671145151
0.00661671145151
0.00661671145151
0.00715923556377
0.00715923556377
0.00715923556377
0.00715923556377
0.00628812953963
0.00628812953963
0.00628812953963
0.00628812953964
0.00602172971094
0.00602172971095
0.00602172971095
0.00602172971095
0.00590777768803
0.00590777768803
0.00590777768803
0.00590777768803
0.00656561658264
0.00656561658264
0.00656561658264
0.00656561658264
0.00960999137789
0.00960999137789
0.00960999137789
0.00960999137789
0.00889441994498
0.00889441994498
0.00889441994498
0.00889441994498
0.00718679856939
0.00718679856939
0.00718679856939
0.00718679856939
0.00664784790373
0.00664784790373
0.00664784790373
0.00664784790373
0.00410173705087
0.00410173705087
0.00410173705087
0.00410173705087
0.00470662974351
0.00470662974351
0.00470662974351
0.00470662974351
0.00535091332569
0.00535091332569
0.0053509133257
0.00535091332571
0.00309107894888
0.00309107894888
0.00309107894888
0.00309107894888
0.0083053905134
0.0083053905134
0.0083053905134
0.0083053905134
0.0082455297302
0.00824552973018
0.00824552973014
0.00824552973018
0.00122247417508
0.00122247417509
0.0012224741751
0.0012224741751
0.00132082447429
0.00132082447429
0.00132082447429
0.00132082447429
0.0104915282386
0.0104915282385
0.0104915282385
0.0104915282385
0.00994713056406
0.00994713056406
0.00994713056406
0.00994713056406
