0.0347740310531
0.0347740310531
0.034774031053
0.0347740310531
0.0409849769275
0.0409849769275
0.0409849769275
0.0409849769276
0.0332636607861
0.033263660786
0.033263660786
0.0332636607861
0.0345146817909
0.0345146817909
0.0345146817909
0.0345146817909
0.0347051832495
0.0347051832496
0.0347051832496
0.0347051832496
0.0359866468834
0.0359866468834
0.0359866468834
0.0359866468834
0.0309178606692
0.0309178606692
0.0309178606691
0.0309178606692
0.0331887609812
0.0331887609812
0.0331887609812
0.0331887609811
0.0344257916387
0.0344257916387
0.0344257916387
0.0344257916387
0.0408934149876
0.0408934149876
0.0408934149875
0.0408934149876
0.0349956900263
0.0349956900262
0.0349956900262
0.0349956900262
0.0349998638235
0.0349998638234
0.0349998638234
0.0349998638235
0.0350156994853
0.0350156994853
0.0350156994854
0.0350156994853
0.0398514071913
0.0398514071912
0.0398514071912
0.0398514071912
0.0345029261806
0.0345029261806
0.0345029261806
0.0345029261806
0.0341935998997
0.0341935998997
0.0341935998997
0.0341935998997
0.0312317472607
0.0312317472607
0.0312317472607
0.0312317472607
0.0338759452706
0.0338759452706
0.0338759452705
0.0338759452706
0.0308053450783
0.0308053450783
0.0308053450783
0.0308053450783
0.0323851199821
0.0323851199821
0.0323851199821
0.032385119982
0.0306285091291
0.0306285091291
0.0306285091291
0.0306285091291
0.038427221229
0.0384272212291
0.0384272212291
0.0384272212291
0.0346870435552
0.0346870435552
0.0346870435553
0.0346870435552
0.0347890157739
0.0347890157738
0.0347890157738
0.0347890157738
0.0336066922402
0.0336066922402
0.0336066922402
0.0336066922402
0.0300068394703
0.0300068394703
0.0300068394703
0.0300068394703
0.0372886658088
0.0372886658088
0.0372886658088
0.0372886658088
0.0324642936451
0.0324642936451
0.032464293645
0.0324642936452
0.034110402908
0.0341104029081
0.034110402908
0.0341104029081
0.0340294092939
0.0340294092939
0.0340294092939
0.0340294092939
0.039076865706
0.039076865706
0.0390768657061
0.039076865706
0.0339477878703
0.0339477878704
0.0339477878704
0.0339477878705
0.0348738603086
0.0348738603087
0.0348738603087
0.0348738603087
0.0323019079554
0.0323019079553
0.0323019079553
0.0323019079553
0.030771854498
0.030771854498
0.030771854498
0.030771854498
0.0364534026356
0.0364534026356
0.0364534026356
0.0364534026356
0.0324015813904
0.0324015813904
0.0324015813903
0.0324015813903
0.030575858282
0.030575858282
0.030575858282
0.030575858282
0.0348574376737
0.0348574376737
0.0348574376738
0.0348574376737
0.0411580470594
0.0411580470594
0.0411580470594
0.0411580470592
0.0346524290309
0.0346524290309
0.0346524290309
0.0346524290309
0.0348882062631
0.0348882062631
0.0348882062632
0.0348882062631
0.0386743351079
0.0386743351079
0.0386743351079
0.0386743351079
0.0347044875929
0.0347044875929
0.0347044875929
0.0347044875929
0.0324959933951
0.0324959933951
0.0324959933951
0.032495993395
0.0104191707651
0.0104191707651
0.0104191707651
0.0104191707651
0.0113854670776
0.0113854670776
0.0113854670775
0.0113854670776
0.0121799315186
0.0121799315186
0.0121799315186
0.0121799315186
0.0138810375411
0.0138810375411
0.0138810375411
0.0138810375411
0.0213422267032
0.0213422267031
0.0213422267032
0.0213422267031
0.0205055419838
0.0205055419838
0.0205055419838
0.0205055419838
0.0162003261196
0.0162003261196
0.0162003261196
0.0162003261196
0.00917262090005
0.00917262090005
0.00917262090005
0.00917262090005
0.0107323901732
0.0107323901732
0.0107323901732
0.0107323901732
0.0105156312413
0.0105156312413
0.0105156312413
0.0105156312413
0.0181155474246
0.0181155474246
0.0181155474246
0.0181155474246
0.0181354429045
0.0181354429045
0.0181354429045
0.0181354429045
0.00323282771759
0.00323282771759
0.00323282771759
0.00323282771759
0.00690576390518
0.00690576390518
0.00690576390518
0.00690576390518
0.010145005302
0.010145005302
0.010145005302
0.010145005302
0.00666242996635
0.00666242996635
0.00666242996635
0.00666242996635
0.00569012958739
0.00569012958739
0.00569012958739
0.00569012958739
0.00668916667758
0.00668916667759
0.00668916667759
0.00668916667759
0.00677264234109
0.00677264234109
0.00677264234109
0.0067726423411
0.00404655564204
0.00404655564204
0.00404655564203
0.00404655564204
0.00393800624132
0.00393800624132
0.00393800624132
0.00393800624132
0.00420095567699
0.00420095567699
0.00420095567699
0.00420095567699
0.00425685084298
0.00425685084298
0.00425685084298
0.00425685084298
0.00513343606035
0.00513343606035
0.00513343606035
0.00513343606035
0.00577858087715
0.00577858087715
0.00577858087715
0.00577858087715
0.0056797765656
0.0056797765656
0.0056797765656
0.0056797765656
0.00923222191046
0.00923222191046
0.00923222191046
0.00923222191046
0.00900713000262
0.00900713000262
0.00900713000262
0.00900713000262
0.0100120686215
0.0100120686215
0.0100120686215
0.0100120686215
0.0115251244613
0.0115251244613
0.0115251244613
0.0115251244613
0.0234840329834
0.0234840329834
0.0234840329834
0.0234840329834
0.0209269592898
0.0209269592898
0.0209269592898
0.0209269592898
0.0177198411027
0.0177198411027
0.0177198411027
0.0177198411027
0.021447885009
0.021447885009
0.021447885009
0.021447885009
0.0208949424537
0.0208949424537
0.0208949424537
0.0208949424537
0.0234180499696
0.0234180499696
0.0234180499696
0.0234180499696
0.0116322208616
0.0116322208616
0.0116322208616
0.0116322208616
0.00908999751914
0.00908999751914
0.00908999751914
0.00908999751914
0.0100280386081
0.0100280386081
0.0100280386081
0.0100280386081
0.0089694156673
0.0089694156673
0.00896941566727
0.00896941566733
0.0218224130713
0.0218224130713
0.0218224130713
0.0218224130713
0.00370402352981
0.00370402352981
0.00370402352981
0.00370402352981
0.00373497663467
0.00373497663467
0.00373497663467
0.00373497663467
0.00648696445725
0.00648696445725
0.00648696445725
0.00648696445725
0.00645030299516
0.00645030299516
0.00645030299516
0.00645030299517
0.00653747009087
0.00653747009085
0.00653747009083
0.00653747009085
0.00634026148252
0.00634026148252
0.00634026148252
0.00634026148252
0.0101370207135
0.0101370207135
0.0101370207135
0.0101370207135
0.00680349903278
0.00680349903278
0.00680349903278
0.00680349903278
0.0220912452141
0.0220912452141
0.0220912452141
0.0220912452141
0.0201720890955
0.0201720890955
0.0201720890955
0.0201720890955
0.00927792976347
0.00927792976347
0.00927792976347
0.00927792976347
0.00796519538053
0.00796519538053
0.00796519538053
0.00796519538053
0.0099159843206
0.0099159843206
0.0099159843206
0.0099159843206
0.00792135886313
0.0079213588631
0.0079213588631
0.00792135886307
0.01836900944
0.01836900944
0.01836900944
0.01836900944
0.0166325673704
0.0166325673704
0.0166325673704
0.0166325673704
0.011646704095
0.011646704095
0.011646704095
0.011646704095
0.0133271515488
0.0133271515488
0.0133271515488
0.0133271515488
0.00374918718439
0.00374918718438
0.00374918718438
0.00374918718439
0.00358060290344
0.00358060290348
0.00358060290348
0.00358060290348
0.00532796366834
0.00532796366834
0.00532796366834
0.00532796366834
0.00703904464963
0.00703904464963
0.00703904464963
0.00703904464963
0.0049679838508
0.0049679838508
0.0049679838508
0.0049679838508
0.00496604410603
0.00496604410603
0.00496604410603
0.00496604410603
0.00574295345773
0.00574295345773
0.00574295345773
0.00574295345773
0.0103220340075
0.0103220340075
0.0103220340075
0.0103220340075
0.00646314979953
0.00646314979953
0.00646314979955
0.00646314979951
0.00579174003018
0.00579174003018
0.00579174003018
0.00579174003017
0.0086006838873
0.0086006838873
0.0086006838873
0.0086006838873
0.012202161947
0.012202161947
0.012202161947
0.012202161947
0.00916371230469
0.00916371230469
0.00916371230462
0.00916371230469
0.00808061023639
0.00808061023639
0.00808061023639
0.00808061023646
0.00995300883095
0.00995300883095
0.00995300883095
0.00995300883095
0.00758775307668
0.0075877530767
0.00758775307664
0.0075877530767
0.0102943150151
0.0102943150151
0.0102943150151
0.0102943150151
0.00950948270552
0.00950948270552
0.00950948270552
0.00950948270552
0.00927697988228
0.00927697988228
0.00927697988228
0.00927697988228
0.00763751819993
0.00763751819993
0.00763751819993
0.00763751819993
0.0177208687752
0.0177208687752
0.0177208687752
0.0177208687752
0.0185456494873
0.0185456494873
0.0185456494874
0.0185456494874
0.00751087169744
0.00751087169746
0.00751087169746
0.00751087169749
0.00813889000181
0.00813889000181
0.00813889000181
0.00813889000181
0.00886719461696
0.00886719461696
0.00886719461696
0.00886719461696
0.00902037021656
0.00902037021657
0.00902037021654
0.0090203702166
0.0179498603107
0.0179498603107
0.0179498603108
0.0179498603107
0.0195425387382
0.0195425387382
0.0195425387382
0.0195425387382
0.0098789176944
0.00987891769436
0.00987891769433
0.00987891769437
0.00968866823389
0.00968866823389
0.00968866823389
0.00968866823389
0.00955575600661
0.00955575600661
0.00955575600661
0.00955575600661
0.0106170689244
0.0106170689244
0.0106170689244
0.0106170689244
0.010750089143
0.010750089143
0.010750089143
0.010750089143
0.0110733873301
0.0110733873301
0.0110733873301
0.0110733873301
0.011875453802
0.011875453802
0.011875453802
0.011875453802
0.0119099688335
0.0119099688335
0.0119099688335
0.0119099688335
0.0191140806603
0.0191140806603
0.0191140806603
0.0191140806603
0.0177205269647
0.0177205269647
0.0177205269647
0.0177205269647
0.0186252378958
0.0186252378958
0.0186252378958
0.0186252378958
0.0192637243319
0.0192637243319
0.0192637243319
0.0192637243319
0.0198028688148
0.0198028688148
0.0198028688148
0.0198028688148
0.0191746164088
0.0191746164088
0.0191746164086
0.0191746164088
0.00418572132901
0.00418572132897
0.004185721329
0.00418572132896
0.00425150542765
0.00425150542765
0.00425150542765
0.00425150542765
0.00402005324759
0.00402005324759
0.00402005324759
0.00402005324759
0.00520032852257
0.00520032852257
0.00520032852257
0.00520032852257
0.0152490203033
0.0152490203033
0.0152490203033
0.0152490203034
0.00483781582036
0.00483781582036
0.00483781582036
0.00483781582036
0.00216123817722
0.00216123817722
0.00216123817723
0.00216123817723
0.00174605611908
0.00174605611908
0.00174605611908
0.00174605611908
0.0018026968086
0.0018026968086
0.00180269680859
0.0018026968086
0.00178861113997
0.00178861113997
0.00178861113997
0.00178861113997
0.00243824872902
0.00243824872902
0.00243824872902
0.00243824872902
0.00243801903778
0.00243801903778
0.00243801903778
0.00243801903778
0.00472323120117
0.00472323120117
0.00472323120117
0.00472323120117
0.00956679494451
0.00956679494451
0.00956679494451
0.00956679494451
0.00484921461463
0.00484921461463
0.00484921461463
0.00484921461463
0.00400767844882
0.0040076784488
0.00400767844878
0.0040076784488
0.00412490955872
0.00412490955872
0.00412490955872
0.00412490955872
0.00412271556891
0.00412271556892
0.00412271556893
0.0041227155689
0.0179111938448
0.0179111938448
0.0179111938448
0.0179111938448
0.0179482883493
0.0179482883493
0.0179482883493
0.0179482883493
0.00996284370673
0.00996284370673
0.00996284370673
0.00996284370673
0.00995822286869
0.00995822286869
0.00995822286869
0.00995822286869
0.0102318675319
0.0102318675319
0.0102318675319
0.0102318675319
0.0101699220639
0.0101699220639
0.0101699220639
0.0101699220639
0.016849185627
0.016849185627
0.0168491856269
0.016849185627
0.0163602074902
0.0163602074902
0.0163602074902
0.0163602074902
0.0186417377177
0.0186417377177
0.0186417377177
0.0186417377178
0.0187171147208
0.0187171147208
0.0187171147208
0.0187171147209
0.0021360206293
0.00213602062931
0.00213602062931
0.00213602062933
0.00174638847714
0.00174638847714
0.00174638847714
0.00174638847714
0.00148721770282
0.00148721770282
0.00148721770282
0.00148721770282
0.00185789099238
0.00185789099238
0.00185789099238
0.00185789099238
0.00131677850699
0.00131677850699
0.00131677850696
0.00131677850699
0.00137729665314
0.00137729665315
0.00137729665315
0.00137729665316
0.00132969417259
0.00132969417259
0.00132969417259
0.00132969417259
0.00161491675308
0.00161491675308
0.00161491675308
0.00161491675308
0.00117022172852
0.00117022172852
0.00117022172852
0.00117022172852
0.00114276754185
0.00114276754185
0.00114276754185
0.00114276754185
0.00112145275912
0.00112145275912
0.00112145275913
0.00112145275913
0.00148527604388
0.00148527604388
0.00148527604387
0.00148527604389
0.00201379361378
0.00201379361378
0.00201379361377
0.00201379361378
0.00349120590255
0.00349120590255
0.00349120590255
0.00349120590255
0.00104624052467
0.00104624052467
0.00104624052467
0.00104624052467
0.00349998197517
0.00349998197517
0.00349998197517
0.00349998197517
0.00134494182517
0.00134494182517
0.00134494182517
0.00134494182517
0.00142736829374
0.00142736829374
0.00142736829374
0.00142736829374
0.00159567916836
0.00159567916836
0.00159567916836
0.00159567916836
0.00158812904747
0.00158812904747
0.00158812904747
0.00158812904747
0.00250495113534
0.00250495113534
0.00250495113534
0.00250495113534
0.00199073484406
0.00199073484406
0.00199073484406
0.00199073484405
0.0012080930512
0.0012080930512
0.0012080930512
0.0012080930512
0.00117848268177
0.00117848268177
0.00117848268177
0.00117848268177
0.00115005244509
0.00115005244509
0.00115005244509
0.00115005244508
0.00114329788746
0.00114329788746
0.00114329788746
0.00114329788746
0.00202999670746
0.00202999670746
0.00202999670746
0.00202999670746
0.00234608266652
0.00234608266652
0.00234608266652
0.00234608266652
0.00229508009439
0.00229508009439
0.00229508009439
0.00229508009439
0.00195845246812
0.00195845246812
0.00195845246812
0.00195845246812
0.00157112068855
0.00157112068855
0.00157112068855
0.00157112068855
0.00152374853548
0.00152374853548
0.00152374853548
0.00152374853548
0.00173194121205
0.00173194121205
0.00173194121205
0.00173194121205
0.00180645910795
0.00180645910795
0.00180645910795
0.00180645910795
0.00343037791763
0.00343037791765
0.00343037791768
0.00343037791766
0.00307531152708
0.00307531152708
0.00307531152708
0.00307531152708
0.00228332398918
0.00228332398919
0.00228332398919
0.0022833239892
0.00231347110782
0.00231347110782
0.00231347110782
0.00231347110782
0.00249298751711
0.00249298751711
0.00249298751711
0.00249298751711
0.0025245808881
0.0025245808881
0.0025245808881
0.0025245808881
