0.00864943849127
0.0107430507713
0.00797053977102
0.00802380610789
0.0218786993022
0.0241382789508
0.0155574847945
0.0193997611147
0.00685871384203
0.00724792087192
0.0151086757656
0.0166849531627
0.00515054635918
0.00477877617514
0.00924000716411
0.0165172026209
0.0119944260047
0.0079428006169
0.0147590852061
0.0209225178805
0.0221983675841
0.00364302575971
0.00320247351162
0.00255206952319
0.00365686706742
0.00407366121041
0.00360829159243
0.00205921104423
0.00536787170036
0.00413380908327
0.00313703762321
0.00299629565827
0.003174985167
0.00419266347157
0.00362516992077
0.0237811139594
0.0238152340167
0.00840785248064
0.0020754372678
0.00195634504851
0.00771217953364
0.0226022757413
0.0167766968335
0.017657635234
0.0011761935037
0.00859092619898
0.00791162825717
0.00684697466788
0.00235746881133
0.000941575598027
0.00539170243998
0.00269445313074
0.00373990129653
0.0235114755346
0.025356149284
0.0103684195341
0.0152605913794
0.0163860248165
0.013647304435
0.0137553627332
0.0143433188626
0.0165276445731
0.0181918643662
0.0142351221958
0.0156846853486
0.00969902901971
0.0136857808229
0.0223474239163
0.0225176435128
0.00123838475995
0.001190332818
0.0187635866704
0.0148887384427
0.0107543889162
0.00828141275208
0.0123537911342
0.0149942456988
0.00726228715066
0.00723772372935
0.0165580113432
0.0114545273219
0.0197987855073
0.0167354240251
0.021562746208
0.0130276254336
0.00964595945751
0.012744780364
0.0103882921391
0.0176454222634
0.0156373986793
0.0131379532881
0.0197648967772
0.0204439841807
0.00905340492799
0.0181327673948
0.0185553242752
0.0253273579733
0.0188766982956
0.00165415700595
0.00202102370351
0.0258851427644
0.0210062177054
0.0200138159321
0.0219153845009
0.0312630733576
0.0262264664199
0.0237420602702
0.0249877361831
0.0298810063626
0.0281387596923
0.00349393093243
0.00778144989794
0.0091525754676
0.0070653313391
0.0029339977595
0.00298037200642
0.00419533512446
0.00570145782665
0.00216399503254
0.00174544066088
0.00475357811719
0.00513475674911
0.00740962798603
0.00688496711153
0.00588126061831
0.0225952993488
0.0202782341285
0.0204209076548
0.00364326858172
0.00610888828852
0.00641749292364
0.00220539461215
0.00602002467638
0.00140085933006
0.0288433422663
0.00941953715157
0.0121983749519
0.00907535135479
0.00942950011976
0.0128949513394
0.0114417602649
0.00890919218047
0.0100601835771
0.0102340355084
0.00943205944699
0.00700684683505
0.0097176615529
0.0270725558661
0.00265359027577
0.00325854971433
0.00234999524902
0.00297892426662
0.0028328096286
0.0196942895685
0.0161810851073
0.0216491967354
0.0184188492773
0.00123303749735
0.0223682554577
0.0219011130018
0.0214344530283
0.0169359062046
0.0226082921955
0.0208900585024
0.0190099951631
0.0203211931525
0.0125482804847
0.0103964561287
0.00909066531262
0.010506735662
0.00650107759235
0.00705981067991
0.00548868398707
0.00594306907362
0.00417629345255
0.00499314546066
0.00693145616842
0.0214422457719
0.00217086015651
0.00591731884041
0.00548630988994
0.00521080005039
0.00621866030574
0.002090239296
0.0208184832626
0.0214375947098
0.00232587785184
0.00196724389041
0.0221122756394
0.0166944522026
0.0195251774641
0.0199619842886
0.0192427366444
0.0275152984282
0.0245360579507
0.00413807614688
0.00349393147929
0.00305625155469
0.00277619880443
0.00234624725444
0.00332314799075
0.00333841136842
0.019511601928
0.00209763450707
0.00216227945456
0.00390496579
0.00629019643385
0.00455849806063
0.00430871459652
0.00347614804716
0.00446505958689
0.00673865871958
0.0011956537807
0.00108479430509
0.000958760313839
0.00111763900562
0.000759717531814
0.0015237187524
0.00217791750021
0.00239629219972
0.0021176260215
0.0023457824902
0.00231254291225
0.00130128952855
0.00836524095271
0.00600770570848
0.00565084679399
0.00584558252682
0.00481647473638
0.00481040585518
0.00455736640707
0.00542078313303
0.00418885510533
0.00381714067744
0.00416830039406
0.00492779739366
0.00375370885493
0.00418676081284
0.00361215013333
0.00377865338274
0.00310743419055
0.00339732153756
0.00275290676236
0.00493139589611
0.00217504142418
0.00238069581926
0.00298792266898
0.00452222987734
0.00585863732322
0.00206471979331
0.00156945229708
0.00159658628189
0.0141983472939
0.00269255646267
0.0177463329662
0.0157634074082
0.0132743010523
0.0135253394083
0.0195630980451
0.0186266269719
0.00661434371738
0.00418103931294
0.00278638668296
0.000778121945058
0.000726349066339
0.000819162090694
0.00117286244111
0.0055708246478
0.006417488898
0.00656866663481
0.00522240969275
0.00875865902154
0.00278943998408
0.003378156833
0.0205298613175
0.0130526466745
0.000882426930613
0.000878756079818
0.00104631147786
0.0189449094539
0.0118888108254
0.0137435842125
0.0164418137716
0.0197396165319
0.0136147041748
0.00291083231687
0.00327961903178
0.00312323820479
0.00278849923714
0.0113555727904
0.00974089513736
0.00839103394265
0.00775252873833
0.00898465591221
0.00197323092126
0.00133174582659
0.00145843454532
0.0011530734837
0.000498454459997
0.000915017533358
0.00426164981917
0.00288787926966
0.00304085573698
0.00329693209764
0.00307626593305
0.00494918999334
0.00395002855332
0.00265595708534
0.0027328835653
0.00269623010978
0.0033626279893
0.00424649462739
0.00531565675221
0.00489705969122
0.00428490718841
0.00391736122306
0.00331331545557
0.00264898535924
0.00358905094511
0.00477157157796
0.00260213402201
0.00185311386182
0.0154616152222
0.0151880124581
0.00739074098248
0.00977882673825
0.00828177942131
0.0035975600282
0.00176988173702
0.00431902971766
0.00364521091989
0.00365100047781
0.00514812161848
0.0196259673122
0.0262321630555
0.0013187025113
0.0117291052241
0.0129159666758
0.00968408883564
0.0137331895323
0.0120202267895
0.0139306585969
0.0133989683561
0.0103024245397
0.00669370022861
0.00623754872196
0.00482853961372
0.00406246006794
0.0034969461621
0.0104078338509
0.0177906757751
0.0145143375221
0.0135577775382
0.0190679785217
0.0203880470468
0.00573959209206
0.00642206164692
0.00334591012465
0.00447817528528
0.000461612994146
0.000384099903394
0.000675871698525
0.000369704828354
0.0159164997561
0.0138358190752
0.0250486081689
0.0197195896839
0.000776566707028
0.000627740118307
0.00040011297136
0.000527120716542
0.000874335282269
0.000489422457616
0.000559267977893
0.000376497531093
0.0105388305208
0.00931492993059
0.00218006736117
0.00321613624781
0.00957179434881
0.00747796443233
0.0119777901906
0.00635791590987
0.00842238618859
0.00884578507591
0.00507742181949
0.00964913696567
0.00667881979971
0.00599080941976
0.00974946979756
0.00783373764494
0.0061856499484
0.00627649779705
0.00614177475773
0.00648403914749
0.00552478036391
0.00225175324098
0.00070944276839
0.00119305587382
0.00121355519969
0.000914098090944
0.00365060432452
0.00279470134292
0.00318700000698
0.00077266727894
0.000898245464576
0.0189504685304
0.0141188206952
0.000470382312294
0.00086877036724
0.000980425484548
0.00578537572299
0.00825145217774
0.00302403922176
0.0185440825737
0.0170955398404
0.0131533272741
0.0153117007733
0.0147401788204
0.0146467905762
0.0154620261156
0.00188168857393
0.0106456594953
0.00749886080737
0.00983669940207
0.00864363513249
0.00853715409364
0.00771041629615
0.00849047443969
0.0183907299036
0.0116393450043
0.00700298720656
0.00638155568523
0.00906387692003
0.00628981192386
0.0068506522532
0.0111752844167
0.0091272536846
0.00788533512618
0.0116666729524
0.0132479842931
0.011395536341
0.00816747138144
0.00991144174991
0.00578937821193
0.00420622518493
0.00410530849724
0.0042709535901
0.00530311310997
0.00445240694762
0.00603147711144
0.00982337405957
0.00869936408802
0.00839655678876
0.0120032408622
0.00742030866978
0.00495976107725
0.00492190263839
0.00489146039979
0.0044277339782
0.0100304239558
0.00549102540943
0.00451488486941
0.00463190183586
0.00497613511128
0.0111355832262
0.0143979254313
0.0078264067227
0.00907692558316
0.00925938539261
0.0101280524846
0.00825937785272
0.00817300548061
0.0076250764042
0.0090836980946
0.0106036673885
0.0112178245382
0.00103692818446
0.000912807310062
0.000824604131899
0.000837076851625
0.0010564920515
0.00225861693528
0.00158114154677
0.00274072595298
0.00289370503552
0.00272009176842
0.00779960545193
0.00894013450025
0.0118540325484
0.00965873945398
0.0011100641788
0.00822466046508
0.00747725505934
0.0102739334663
0.00894133066677
0.0120747700316
0.00298802733652
0.00251307858712
0.00296215690037
0.00215098782332
0.00087822760353
0.00107239324574
0.017939841151
0.00136432099783
0.00243553551573
0.0119586865392
0.0144724631316
0.0187301869566
0.00231373337091
0.00388886424475
0.00258507405583
0.00448447262271
0.00448307332405
0.00675245337095
0.00630683061883
0.00124005469213
0.00149223300457
0.0053316272234
0.00129762462566
0.00252422788858
0.00223247333252
0.00228210284651
0.00246059813037
0.00243962880144
0.0102135434996
0.00943888655088
0.0169276149563
0.00221188888762
0.00176613175706
0.00169282984371
0.00212957685205
0.00277495178465
0.00233504250158
0.000982129977796
0.000700827611332
0.00117103998302
0.000907446037272
0.00230442731639
0.00244726120071
0.00267078945648
0.00193750542035
0.00169986353262
0.00169280574848
0.00195570607417
0.0018421472238
0.00211840856755
0.00333540640729
0.00186352892637
0.00241309277751
0.00198845495655
0.00198593195733
0.0019505258512
0.0111274619824
0.00293798338565
0.00245222286858
0.000653141766147
0.0106450668687
0.0101193245844
0.00184883901537
0.0084203684321
0.00902458495261
0.00792697962298
0.00810059881931
0.00340765875887
0.00642248867971
0.00189282869757
0.00210176648473
0.00520960899119
0.00539416212683
0.0112177937906
0.00832643849349
0.000870178442258
0.00839035459034
0.0110419411773
0.000944523188292
0.00117554805418
0.00221557342305
0.00188468026164
0.000928045876572
0.000770027261759
0.000795449363138
0.000849416258775
0.00431590773994
0.00366890430357
0.00569110492617
0.00108382409324
0.000863044376359
0.000816202651972
0.00110971135729
0.00199775128546
0.00114654426248
0.0108977608035
0.0138646690013
0.00662003815703
0.00529053945355
0.00645929024496
0.00830526406365
0.00992441570043
0.0045061787075
0.00262521549162
0.00136509537592
0.00104002891133
0.00104355360905
0.00163000121014
0.00363297803304
0.00304054729929
0.0031676960169
0.00374164138457
0.0043370389528
0.0134378183831
0.0138994553345
0.0150634715251
0.00552520026267
0.00339603214664
0.00339100440848
0.00300639243009
0.00660424907328
0.006552495074
0.00948433806594
0.0100012189104
0.00434694644002
0.00096103704321
0.00105501294935
0.00143053482161
0.00104789480977
0.00104268676852
0.00113196594709
0.00124628451995
0.00171552968369
0.000962638655211
0.000972835207974
0.00132815691772
0.00126719861129
0.001255550925
0.00309670468292
0.00190528993372
0.00251274255144
0.00239354000277
0.0100954985163
0.00923167263217
0.0107727173376
0.0119110372913
0.00391458597298
0.00311813740611
0.00183778162611
0.00173516599614
0.00150951119057
0.00116420633698
0.00115998293369
0.00167587533366
0.00132455437533
0.00122301758521
0.00191525452384
0.00107819176665
0.000838644665657
0.00104913015819
0.000881993123924
0.00122443459922
0.00156393664394
0.00145878895222
0.00626331022575
0.00105607722353
0.000915595434938
0.000774913829841
0.000739829857416
0.000969893478523
0.000803803791723
0.00124837081827
0.0133325176144
0.0124217752507
0.00161333413998
0.00154178778189
0.000845481255443
0.000868107389936
0.0010737253317
0.000915743227376
0.00961444529173
0.00341258240792
0.00210964789098
0.00145283135228
0.00171379152367
0.00134118529572
0.00132790018658
0.000975780927396
0.00133545910588
0.00134109724376
0.00133469889111
0.00198411781801
0.00457508373314
0.00535089514807
0.00393318544774
0.00408316763949
0.00442363173625
0.00448799171598
0.00581523635413
0.00520147836394
0.00487449686087
0.00392951872874
0.00815987664189
0.00410876481189
0.00426729811526
0.00463255462938
0.00651012508047
0.0113213320166
0.00356618278436
0.00412032909445
0.00139790210136
0.00188619598278
0.00166640458746
0.000582568572014
0.000545918694361
0.000603538694149
0.000698480856898
0.00106939837356
0.00116061269527
0.00174013324825
0.0010136613121
0.0016051497671
0.00103205149984
0.00118643847751
0.000717486289504
0.000882677401365
0.00670747886197
0.00176903680268
0.00188222064669
0.00188907047789
0.00139320288451
0.00192835079034
0.00272750762526
0.00259490605692
0.00104908596927
0.000895544977429
0.000964041382939
0.000972124705484
0.00104605579742
0.00145590212086
0.00149942987226
0.00129088346976
0.0012609766035
0.00110288618179
0.00064966841322
0.000461839984884
0.00067723469883
0.000454923037393
0.000906784872769
0.000838144908455
0.00108313301199
0.000595647416442
0.000442283284867
0.000740684996605
0.00348500140548
0.00255643392395
0.00326194291213
0.00148466447126
0.00135626701621
0.00903762082026
0.00769194450734
0.00465860352344
0.0056640528582
0.0012815414232
0.00140049131857
0.000838023604127
0.000680530523424
0.00258699811371
0.00243774706476
0.0019193034464
0.00210149555347
0.00212047418125
0.0036978599783
0.00282863664776
0.00256041755954
0.00273895656574
0.00218637151658
0.00180597571821
0.00225682705299
0.00175824657848
0.000591202317734
0.00685646243087
0.00539533700904
0.00855373216778
0.0100249183101
0.00684160191865
0.0104100371356
0.0121461458882
0.00137312446811
0.000933000943823
0.000970992920991
0.00126502664812
0.000785489568661
0.000966663427411
0.00122714057816
0.00105055791971
0.00108625893738
0.00132168861131
0.0010236327799
0.00118284971099
0.000929361058019
0.00263514147197
0.00315121185235
0.00159443165524
0.00156392343032
0.00213189700587
0.000496346591372
0.000519117171941
0.00311083777473
0.00267156782069
0.00220563759955
0.00387574973865
0.00403929374385
0.00336584451699
0.00452935237462
0.00294523866669
0.011233416534
0.0127061403506
0.0115513264388
0.0125978202084
0.0179715157878
0.00527591819443
0.00857624006265
0.00103505016843
0.00079538528777
0.000889953019752
0.0010183978144
0.00345198808648
0.00386346112584
0.00590862344909
0.00405611380585
0.00117858902261
0.0105139297904
0.0038514834838
0.00385229631173
0.00474747043499
0.00319685509384
0.0040938905567
0.00282718244516
0.00332869624415
0.00356986261128
0.0024574748335
0.00968820979252
0.00755101929449
0.00230119716531
0.00279979520625
0.00303839763339
0.00322221622011
0.00514822932942
0.00512817582155
0.00315360915848
0.000708340642936
0.000575486782742
0.000725334955655
0.000655395733737
0.000726413455459
0.000767345770237
0.00316080444918
0.00199778316203
0.00203331058738
0.00122930516426
0.00138665763308
0.0179688931034
0.00573759030369
0.00676687671345
0.00571203853149
0.00722430768139
0.00926225953556
0.00654931592437
0.00906785186863
0.00709334737454
0.00727069863683
0.00894699124514
0.010022726841
0.0115720324183
0.0126333777921
0.0105346528432
0.0123118925528
0.0123609261132
0.000841717264095
0.00402031866583
0.00540319663216
0.00140529937455
0.00103298357745
0.00110209782062
0.00110868393244
0.00449658625547
0.0038068739548
0.00309859589552
0.00518782651807
0.00620201476563
0.00818038562632
0.00807468524622
0.00692362523066
0.0109619950334
0.00802359348467
0.00272326443077
0.00318274166473
0.00372291684148
0.00426787930556
0.00419136446296
0.00111404848627
0.000790760620794
0.000674613068709
0.00080218764723
0.000710309478197
0.0265005001283
0.0177512930377
0.0152912386488
0.0122379381423
0.0140052740312
0.000960518842115
0.000707559787575
0.000842666456077
0.00099462356812
0.00852102725823
0.00420500472785
0.0111973560495
0.0106836622805
0.00990355690279
0.0105107737834
0.00838250904721
0.00931466550931
0.0110746233518
0.015237519557
0.0153094090029
0.0177179454858
0.0131147976627
0.0151608874873
0.0156088687211
0.0112189245384
0.0108906836815
0.00925084970614
0.010545453029
0.00567921512848
0.0152956920723
0.0181851375822
0.00105385012429
0.0144171205157
0.0149792750541
0.00914827812165
0.00637264148515
0.00836487249754
0.00883584841295
0.0137475212847
0.012741309331
0.00678061406199
0.00305635985291
0.00208929726918
0.0129341704747
0.0129361504871
0.0146645574589
0.0141342533374
0.0190047919932
0.0181386587463
0.00116125948356
0.00135056019924
0.00130529721881
0.000928539336011
0.000948983893494
0.000953485176049
0.00130815994722
0.0011960070953
0.00340288526706
0.00279705646853
0.00310389283898
0.00433400223723
0.00200794972098
0.00179976874629
0.00258989700622
0.00197794305599
0.0042537617319
0.00542353802875
0.00233215201026
0.00200910577278
0.00192145428862
0.0022872296424
0.00315115492648
0.00197480620928
0.00348506041862
0.00358858348334
0.0128650543473
0.0113925134271
0.00517997673614
0.00415955717103
0.00396543086131
0.00476333978649
0.00570319480781
0.0039373899354
0.00236548755728
0.0025023520437
0.00395990841445
0.00438830149556
0.00557044596364
0.0010000705722
0.00110083855324
0.00231439478271
0.00285541650214
0.00211149320489
0.002733640412
0.0045912592999
0.00270411459474
0.00469138494673
0.00322093602949
0.00289667747841
0.00342499919743
0.00453648049312
0.00336027159803
0.000230274863542
0.00251253412747
0.00288173412351
0.00233857216525
0.00238433836218
0.0141459148277
0.00351528280638
0.000650092634617
0.000572111961184
0.00537153698943
0.00426143876029
0.00398371180679
0.00484076389293
0.00615323365847
0.000716468360302
0.000671801979149
0.00184903705249
0.00131457927649
0.00101456533382
0.000956730615972
0.000897037886593
0.0010030063052
0.000884541794455
0.000718931209417
0.000742640777188
0.000688822189408
0.000864814075072
0.000820213991567
0.0120053702052
0.0102986661929
0.000735162806696
0.000808890372516
0.000879792559109
0.000940267407687
0.00347090662328
0.00310900317108
0.00415150332962
0.00497655568774
0.00334685553248
0.00266093391679
0.00133650185917
0.00317094604408
0.00132571351574
0.00133809963299
0.00156136717641
0.00155164893716
0.00125501672388
0.00109956215384
0.00128425613624
0.00145391048356
0.00102281264804
0.00092852528073
0.00117830655174
0.00105234355935
0.00339122677954
0.00279799187864
0.00282822156726
0.00264141351924
0.00305942808473
0.00307031733657
0.00289667441571
0.0032365136406
0.00220468664242
0.00109014937294
0.00115466777288
0.00103650574875
0.00625611388192
0.00774370923698
0.00341018204918
0.00346179831258
0.00299026457561
0.00293280358761
0.00823743863029
0.00724221585017
0.00166845351007
0.00212322767314
0.00473168996591
0.0038664259157
0.000947943313971
0.000860746975611
0.00211553278669
0.00186317132028
0.00187497186547
0.00228030559921
0.00219568353696
0.00407276850523
0.00391092584237
0.00373623551551
0.000672319316807
0.000863076994307
0.00488476154632
0.00703500665844
0.00083391717585
0.00101783483685
0.00115519310856
0.0101217140428
0.00928140706506
0.00878525272733
0.00487411933413
0.0060135594601
0.00747173531813
0.00107159017519
0.00119592028243
0.00152202111857
0.00133430231582
0.00153772570347
0.0014687815542
0.00403621689148
0.00343484882549
0.00427995316416
0.00539151996822
0.00767581176019
0.0066928413487
0.00806178401798
0.00706683685922
0.00214799431038
0.00280868729005
0.00525061875493
0.0017252165808
0.00193846160231
0.00222699949326
0.00187095849832
0.00949312365221
0.00813113226442
0.00751017827031
0.00808108230518
0.00725403527297
0.00537744310712
0.00569588474577
0.0047207542349
0.00515158281183
0.00622297812627
0.00611491222001
0.00448740185552
0.0044357669619
0.00490969631626
0.00523217051959
0.00422994849146
0.00482067341933
0.00735509722955
0.00585498069563
0.00147930282174
0.00127388883812
0.00153673948139
0.00173946801542
0.00172021950931
0.00244386047549
0.00201590213732
0.00161928772932
0.00124942458753
0.00186131561547
0.00126302466222
0.00150099967482
0.00141010562352
0.00169534420655
0.00154214161908
0.00186605969405
0.00203131182032
0.0024285688801
0.00171787603498
0.0016825377923
0.00215160132987
0.00354470638908
0.0142253307965
0.0147902339949
0.00504906994562
0.00438765066828
0.00147324176395
0.0012453587911
0.0186237956608
0.0184881330127
0.00120618018664
0.00124448639097
0.0139849872048
0.0132997803137
0.0084130574543
0.00652512463122
0.0079093061698
0.0075378922435
0.00935342565841
0.00986610920956
0.0118019632084
0.0154941014514
0.0136227622149
0.0156491974769
0.0147190580186
0.00658897266047
0.00561189675779
0.0118097872009
0.0115187960784
0.00914288421687
0.00994937138111
0.00929729268043
0.00902975633434
0.0074540656589
0.00560768151773
0.00720399341076
0.00738401768418
0.0156739067459
0.00881288331168
0.0101565504576
0.0121339544662
0.010058414406
0.014638813294
0.0115096665902
0.0102619616718
0.0100493719456
0.0125631233112
0.0116287277271
0.0146039529556
0.0119401865864
0.0125590980755
0.013824226695
0.0159538011821
0.0130924148621
0.0129805070298
0.00808332251812
0.00727472168625
0.010076561852
0.00808004731027
0.0107720222946
0.0133690354769
0.00879733163699
0.00724807377208
0.00641230808061
0.00643528487241
0.00693551969157
0.0111027755978
0.0110609567307
0.009665328284
0.0119729827814
0.0153384776721
0.01733987377
0.0132958702511
0.0167156771486
0.0085657352239
0.00822798656864
0.0081406778834
0.00595674022787
0.00297843354111
0.00340309511219
0.00435540731559
0.00329670786848
0.0032242468724
0.00264331751045
0.00306652903299
0.00300005178442
0.00831367913532
0.00670851136413
0.00920674295037
0.00636773334443
0.00171030755419
0.00170175367476
0.00138412744686
0.00139293805342
0.00174691433483
0.00146760996957
0.00215840758077
0.00188538966967
0.00204728179547
0.00135130810037
0.00117068505091
0.00119555440397
0.00103925264742
0.00122591135525
0.00142096922949
0.00116534016313
0.001325497637
0.000828128980878
0.00101669895027
0.000712600046722
0.00087391683636
0.000888136189848
0.00558970276224
0.00741864298043
0.0130617850341
0.00654434595099
0.0065692159953
0.00690096551214
0.0076138040882
0.000663594160444
0.0005476567962
0.000941614028937
0.000974615668337
0.000508105752603
0.000898935609901
0.000539382307842
0.000861370227802
0.000882422742584
0.000730817091733
0.00111639168331
0.000870544291908
0.000878087907569
0.000616373855213
0.000950445414973
0.000740410528673
0.000618892106566
0.000712565467212
0.000742184721925
0.00403198125286
0.00109458315991
0.00112243641483
0.00103489083529
0.0013588528346
0.00150658641029
0.00122167568978
0.00112023686252
0.00113847606034
0.00197882685682
0.00350718125499
0.00360487997045
0.00226135302329
0.00201763141786
0.00194053875592
0.000725463624498
0.000184101236003
0.000229670477489
0.000286881421706
0.000346594692236
0.00017297968
0.000200056330257
0.000336380293924
0.000386630363165
0.00029236473844
0.000244389847401
0.000349065118437
0.00119755065524
0.00105783207203
0.00438945107953
0.00381880038946
0.00298096114776
0.00307442508809
0.00331827026067
0.00413485889581
0.00197223708926
0.00221722072294
0.00178238592077
0.0104084900221
0.00940903567919
0.0086165015388
0.00785072014528
0.00641493803082
0.00718586318891
0.00305459162787
0.00358993890472
0.00217047969791
0.00184557483214
0.00244853821044
0.00262018261533
0.00295182089896
0.0039435483754
0.00298778920208
0.00364870304443
0.00344075896009
0.00448346092403
0.00512773426462
0.00537517515965
0.0049784190136
0.00323291375699
0.00489722432327
0.00386971589233
0.00341007924952
0.00489072363542
0.00309337079496
0.00391859066781
0.00499786934646
0.00383862548523
0.000766672285745
0.000677420055179
0.00230934045671
0.00229166833483
0.00227546661736
0.00395907648811
0.00325382838632
0.0077500654468
0.00477445661917
0.00395047153749
0.00374547591166
0.00299614612973
0.00310715804554
0.00237972859669
0.0169041496802
0.0149754045866
0.00413145720589
0.00598226637676
0.00958161808977
0.00993182502353
0.00844542174499
0.00996909559679
0.00924923016525
0.00950480898755
0.0116633627061
0.0102182085612
0.0101682835167
0.00909954618417
0.00152697893834
0.00109617516769
0.00616303719751
0.00833536744144
0.00607032530302
0.0067582562152
0.00102220007948
0.0014352336076
0.00324966950113
0.00328094187319
0.000346491817005
0.000572723302403
0.00244093768333
0.00847166807636
0.0120669405291
0.0113488862998
0.00601031764646
0.00475381869775
0.00485085436146
0.0057103950538
0.00656032991316
0.000910585480906
0.000685407625671
0.000844248861206
0.000580966675606
0.000747058488943
0.00704697967312
0.00494034230188
0.00373570361438
0.0040708727091
0.0043847057314
0.00356381879288
0.0029906382196
0.00183291790789
0.00305907195238
0.00508327462174
0.00211329829859
0.00170193072321
0.00199850569856
0.00187890214009
0.00694826973821
0.013010982521
0.0102617412618
0.0116888001753
0.00847547910778
0.00591921611913
0.00704432725087
0.00783712934285
0.0010764999977
0.00104171968172
0.000721759940895
0.00086433498351
0.000850132338477
0.000663733266965
0.000681331596416
0.000726143929398
0.00107578015308
0.00156179971723
0.000755204098748
0.000838669012623
0.00102056198082
0.00116930469452
0.00190301207772
0.00193266092081
0.00216410950393
0.00229668877289
0.00227568185259
0.00230430665687
0.00219630212382
0.0095053471961
0.00990812481933
0.0113795066614
0.0117397157978
0.0148780145538
0.0147410082151
0.00411500817802
0.00709251263088
0.00857922375449
0.00677813972849
0.00592105821732
0.0068264125829
0.0068283425809
0.0093817106969
0.00841926720909
0.00778618726552
0.00810799642707
0.00630475536382
0.00814294558307
0.00757274844243
0.00749901814764
0.006019706779
0.00639875611608
0.00544818351987
0.00471818730235
0.00428082483177
0.0093021941966
0.00531429753359
0.00575077861739
0.0105102210237
0.00853161695307
0.0111976191908
0.0108830452707
0.0114953259789
0.013551009012
0.00502181336012
0.00473516526442
0.0113308085055
0.0136580266376
0.00145715458867
0.00105559746667
0.000944644226932
0.00109476556291
0.0149427217103
0.0137612292868
0.00353870349256
0.00494172487075
0.00319607746373
0.00499842566264
0.00230000885569
0.00202805774535
0.00189319706519
0.00230745591182
0.000194751696573
0.000252129069348
0.000349887392745
0.00357528202377
0.00375425322623
0.00538892266778
0.00323301769457
0.00907712385849
0.00766968899787
0.00848903187775
0.00934790756399
0.00372459125634
0.00338709736706
0.00225697877076
0.000468165215111
0.000314381209875
0.000366001175567
0.000385319629065
0.00448838690926
0.00421819939268
0.00247813868913
0.00211611288841
0.00269340738316
0.00248347743277
0.00217173802396
0.00234528695669
0.0020873640574
0.00174252490191
0.00175662404171
0.00254108474613
0.00283637980837
0.00218499510234
0.0010771181254
0.000984265487691
0.000794102686495
0.00109347344665
0.00115320219519
0.000801894621217
0.00106293673872
0.00091707471382
0.000756565956865
0.00263098928889
0.00201523611601
0.00156342014357
0.00236403058992
0.00162498064844
0.00259781209404
0.00335490308053
0.00154953042147
0.00158956195522
0.00102652925475
0.000893961160683
0.00119615620223
0.000847813027251
0.00124865962255
0.0011916333476
0.00252726445878
0.00188268814054
0.00202060006308
0.00213079784065
0.000547305300591
0.000256881877563
0.000598417261877
0.000296484366246
0.000351131217617
0.000430083585891
0.000526963331899
0.000446002383526
0.00657775120307
0.00562645343458
0.00284528788056
0.00231244569624
0.00215487935337
0.003340234977
0.00286140341387
0.00241867338953
0.00385901224477
0.0040701895256
0.00273939628098
0.00212646330599
0.0028797457311
0.00389369080963
0.00277334323492
0.00343318575348
0.00323447656025
0.00474069535414
0.00498621426693
0.00403298824234
0.00318596168454
0.00296536423349
0.00220006969632
0.00223312603943
0.00286980646651
0.00344320809501
0.000339073421635
0.000485494028274
0.00038387105246
0.0006848070045
0.000609404570157
0.000380749759113
0.000384147291984
0.00236675812167
0.00236663145643
0.0023217425059
0.0023219907178
0.00286290266058
0.00358835137173
0.00409596374294
0.00585707370238
0.00544244375296
0.00470147018697
0.00336052153441
0.00217075516396
0.0021897920186
0.00276214374204
0.00377218590231
0.00314517931344
0.00526068152498
0.00460465310301
0.00138702122131
0.00129819864006
0.00382408282317
0.00389086151141
0.00151412477162
0.000881925334675
0.00117912417255
0.00520231957886
0.00421208935108
0.00294610700966
0.00286027681149
0.00295772326943
0.0038764197858
0.00267532649846
0.00203696207129
0.00209274473553
0.00234277180689
0.00281293804112
0.00327978039768
0.000908632793253
0.000824766060998
0.000919457292897
0.0011006207386
0.000759379347213
0.000731498381215
0.000775032601965
0.00392236952188
0.00398092027797
0.00367410244055
0.00369726878682
0.00109963099798
0.00105038118217
0.0010400333261
0.000344327981628
0.000724519210988
0.000354441210016
0.000305903105237
0.000210017514837
0.000102350186294
0.000244627994737
0.000101686846261
0.00012460538519
0.0117149071663
0.011439759484
0.000792829258291
0.000973105513236
0.00531593979146
0.00362642097475
0.00867075666179
0.00708023405762
0.000806407429559
0.000663184295481
0.00118165133385
0.0008242055331
0.00315700352978
0.00412742465368
0.000620075130216
0.000665306022401
0.00288021619826
0.00285776412914
0.00235783844437
0.00234033978336
0.000464760661017
0.000436530095152
0.000563497288087
0.00865674898138
0.011451254273
0.00929091103093
0.00887213752316
0.00142540449442
0.00124057672677
0.00230165020363
0.00209046821653
0.00184153926056
0.00160783701656
0.00171783759079
0.00209239547945
0.00294693435976
0.00169184164353
0.00199548457538
0.00215073140529
0.00341302800808
0.00376501741564
0.00392614762141
0.00429807316408
0.00310013393924
0.00725635187672
0.0057532539137
0.00434185996219
0.00491818160721
0.00472188024528
0.00652923816045
0.0132037302618
0.00773526077843
0.00245549637655
0.00197962029392
0.00416120361238
0.00883608990771
0.00732292477426
0.00116109155809
0.00053602095026
0.000459909480632
0.000507153831258
0.000755703867971
0.000560499748673
0.000511853462618
0.000386518955212
0.000506609481394
0.000349249393572
0.000532476980129
0.000995293819026
0.00101206964635
0.00243862131608
0.00249462471061
0.00217317527981
0.0017587097262
0.000149431127169
0.00018923655486
0.000172057823667
0.000331332316881
0.000535150081164
0.000395161722331
0.000178884424269
0.000160379464262
0.000161287170802
0.000123543544804
0.000134330159178
0.000104949062048
0.000180596073747
0.000114254454189
0.000227196316408
0.000180366094258
0.000160160633086
0.000218481485593
0.000151086380869
0.000151482734725
0.000358711371356
0.000221622772614
0.000185418175687
0.0001696544173
0.000123378691064
7.79611664007e-05
9.5365189462e-05
0.000106814236525
0.000292851109868
0.000369485203645
0.00348297073374
0.0150493412812
0.0140796843282
0.00176150869525
0.00233925478353
0.00170286311353
0.00122603415765
0.00131248507356
0.00126568947028
0.00270875227991
0.00296937371161
0.0036404951805
0.0033479894949
0.00191766559943
0.00181944211504
0.00153595520172
0.00246634084781
0.00120537791999
0.00110747120916
0.00653289969835
0.00400597690899
0.00310492053746
0.00425040981242
0.00369650173909
0.00838969206245
0.00592686546134
0.0062770220584
0.00609087095209
0.00469326811666
0.00532854157325
0.00501109246655
0.00367310992444
0.00275090544158
0.0145157306845
0.0170553731928
0.0019749342111
0.00152436995325
0.00218004692765
0.00189333552368
0.00907861144593
0.00838993812057
0.00917474038059
0.00940165317203
0.012779219248
0.0123018740622
0.0105854470092
0.0114453748365
0.0104483104215
0.00858802958984
0.00788394288112
0.00820077107193
0.0088231362537
0.00850836113158
0.00961380728282
0.00801197922937
0.0088943312053
0.00915663388331
0.00166270751139
0.00144886488549
0.00136956129666
0.00128464364699
0.00196881886625
0.00247695421232
0.0151747642701
0.0123357184597
0.0100410422875
0.00771764463131
0.00961729312829
0.00775145849225
0.0123669404717
0.00903012551948
0.00795987690149
0.0107801821403
0.00820484478593
0.0146273979005
0.0106219288898
0.0129726511611
0.0147286876749
0.0150177264066
0.0157440143767
0.000279459917817
0.000330443532013
0.000320007148154
0.000295745308691
0.00168189990913
0.00166173471359
0.00386153932231
0.00309098968954
0.00437776931094
0.00323317815642
0.00735971965625
0.00642372461733
0.00588262404144
0.00796364242584
0.00838616442418
0.00667087039259
0.00591482613484
0.00674143608275
0.00687179612564
0.00692031730413
0.00861008562622
0.00829961803143
0.0149300819107
0.0158178149035
0.0109677978126
0.00880490760505
0.00714253737105
0.00609200748718
0.00641944527931
0.00530768407369
0.00870242774186
0.0110154581378
0.000603113647526
0.000373662758562
0.000729623724182
0.000852339762005
0.0132404312946
0.0088852624317
0.00764729640222
0.0102007308613
0.00466212326879
0.00412190703906
0.00492714335953
0.00494380081356
0.00034870698947
0.000306620507373
0.000431497836596
0.000333588018213
0.00813628505225
0.00889436458604
0.000437821234522
0.000559701371632
0.00258677897216
0.00192565896417
0.00164897291063
0.0127977847379
0.0118963079265
0.000305840329186
0.000254746108393
0.00027498268832
0.000232132116851
0.000336371247555
0.000484990154703
0.000428315985709
0.000560930957765
0.000364144963888
0.000488392720162
0.000371728899355
0.000281700801018
0.00461756627342
0.00541373254909
0.000266842715487
0.000317765593427
0.000280326947866
0.00039331524562
0.00674655488468
0.00610772345628
0.00666383878198
0.00563883456576
0.00830769379546
0.0105828124758
0.000327510984909
0.000370114440607
0.000331476884729
0.000534646610316
0.000448312797218
0.000323793292609
0.000436089573169
0.00039149617114
0.000436277731526
0.000297218413279
0.000353511907412
0.000375381366881
0.00052380861668
0.00048031741228
0.00510844446174
0.00518362493012
0.00276202720822
0.00228357871032
0.00265216596481
0.00300680143257
0.00536849429272
0.00460212000799
0.0038089386405
0.00371337172658
0.00572824816229
0.00553274756913
0.00270639354988
0.0021487354457
0.00247469258991
0.000531427929659
0.000601453454563
0.0119938163572
0.0117285500091
0.00120088761128
0.000902893925155
0.00111074496152
0.00121226158062
0.00184672537795
0.00174437179376
0.00130590228345
0.0014487516562
0.000576871497953
0.000497893685269
0.0011830920555
0.00120420546686
0.00093715732966
0.000830285570987
0.000847079619003
0.000801038416561
0.00372552215494
0.00269951998893
0.00192072112432
0.00110155471455
0.00293236809869
0.00267987768333
0.00200821855388
0.00224051885928
0.0018041239758
0.00197351972506
0.00191068502431
0.00263105775772
0.00438241631729
0.00296762367275
0.000358380166091
0.000461302692321
0.000218343555191
0.000316468956208
0.000324383674235
0.000405950279507
0.00145950515157
0.00131173744643
0.0015725354198
0.00127792339324
0.00131193085618
0.00117747750207
0.00127202934256
0.00145155302807
0.0012308552269
0.00119493993994
0.00158617877445
0.00148311532063
0.00159214657352
0.00181586295474
0.00184641102308
0.00179966369803
0.00279252949438
0.00299153886723
0.00231494120415
0.00182736944892
0.00183815889791
0.00206051277331
0.00453286510713
0.00300897607293
0.0021412707184
0.00204945424118
0.00552221567749
0.00678685353931
0.000559155699541
0.00048087687141
0.000539270221185
0.000548522087811
0.00314150333849
0.00317109129737
0.00199165687355
0.00160916063124
0.0017737254278
0.00158102602522
0.00487814015647
0.00390896382154
0.00253137594361
0.00266088481734
0.00261076903665
0.00240852060077
0.00212077507384
0.00247137488859
0.0133702852998
0.01106716172
0.000450029001088
0.000557163422992
0.000381925522961
0.000273076753542
0.000283690630342
0.000352052650097
0.000571746098157
0.000493451679124
0.00317965627871
0.00350479137682
0.00292632679118
0.00226304147204
0.00259370216962
0.00415732237842
0.00360382924463
0.00275523056671
0.00409091538567
0.00294262535365
0.00318465489699
0.00317727807005
0.00371303979859
0.00377323807786
0.00513704059937
0.00416725530801
0.00345858303756
0.00659693777731
0.00549247060674
0.000365824467587
0.000236946892321
0.002035063834
0.00293158398934
0.00163928269066
0.0016352381546
0.00519843887528
0.00673968508543
0.00643728977643
0.00922651188791
0.00430657149018
0.00445836810842
0.000311150176986
0.000417908900777
0.00445411144062
0.00376680823559
0.00138526956041
0.00126406201309
0.00130230986744
0.00117173628062
0.00253046906564
0.0032230724614
0.000646856049336
0.000683522135637
0.000639746766816
0.000627563197942
0.00182835120769
0.00173684922877
0.000861623076953
0.000692631419661
0.000823923251334
0.0020936961431
0.0026838174695
0.000880237037947
0.000906033981637
0.00117026919824
0.0010791538862
0.00571173468635
0.0050027273694
0.00471569258714
0.00502977562962
0.00121767254201
0.00125608205145
0.000833521576735
0.000774421011484
0.0099645406595
0.0127604557903
0.0111801871068
0.00873036487168
0.00025430950153
0.000190103200862
0.00024425141247
0.000279286582067
0.000415509907049
0.000637443869904
0.000242710097798
0.000670562940246
0.00037314700403
0.000472564651044
0.00272315555842
0.00247221718515
0.000452422707091
0.000298435636279
0.000484933170055
0.000228377330921
0.000190425711864
0.000173777950175
8.76612005902e-05
7.68611870046e-05
5.94037853541e-05
0.000116016228694
5.31760731461e-05
5.64610131609e-05
4.60101549945e-05
7.46189134307e-05
4.47583572509e-05
3.84201336181e-05
3.53782119517e-05
4.24089237468e-05
0.000111748204289
8.54801977948e-05
0.000189614715049
0.000255855396797
0.00019748943628
7.50324208068e-05
0.000109682953413
5.85292796969e-05
7.57723741137e-05
5.71860237974e-05
6.22722126117e-05
5.62821338948e-05
9.26541189277e-05
0.000108241361765
4.5381871187e-05
4.67795187325e-05
5.77684923233e-05
3.7885111847e-05
5.33668412953e-05
7.04092744375e-05
8.82315775824e-05
4.89372526991e-05
0.000645353090196
0.00675884548753
0.00767353480548
0.000369118059224
0.000268541792982
0.000220102645645
0.000269981650524
0.000307072687526
0.000255959808277
3.43520222322e-05
4.75610824833e-05
5.10025877025e-05
4.24453032307e-05
5.30441448106e-05
4.78246611922e-05
4.63370572329e-05
4.4540163349e-05
6.88363497399e-05
7.81948570404e-05
8.05672113619e-05
7.93653336615e-05
0.00421987913803
0.00331314426399
0.00455316250806
0.0037142512298
0.00426052550235
0.00419026219059
0.00580116377909
0.00628211254662
0.00375732276587
0.00441344443892
0.00347249285846
0.00328192569486
0.00235141825691
0.00192324214371
0.00240829707154
0.00229775611122
0.00151914199568
0.00138291389777
0.00160852675282
0.00173503018077
0.00295743830939
0.00221615294178
0.0118884735661
0.012184203569
0.00802167731059
0.00829665699034
0.014528778441
0.0142896231393
0.00281299970106
0.00234074996232
0.00249476008073
0.00258700182088
0.00755625352167
0.00711980129651
0.00754989537245
0.0079122727003
0.00749199921194
0.00695660082659
0.00790421259314
0.00765406892972
0.00134027402967
0.00121721417932
0.00150921746237
0.00161039413914
0.00212482904258
0.00273553756243
0.00183213665831
0.00136632404973
0.0132055843344
0.0133066064848
0.0112915283211
0.0120088863139
0.01245383132
0.0103940426239
0.0109031513294
0.0155571352245
0.00590050913918
0.00526518142856
0.00735917867772
0.00632644385222
0.00686212622133
0.00740976244557
0.000938588898911
0.00076732925962
0.00105828116348
0.000638466737351
0.00427866054182
0.00424315042671
0.00454491388619
0.00405229204109
0.00191556921589
0.00209611591611
0.00141137423095
0.00149342707527
0.00178117523293
0.00169457988561
0.00845530857606
0.00738140421938
0.00853082163801
0.00744286179611
0.00380032199719
0.0038560716595
0.00171150440089
0.0015896064216
0.00150221771598
0.00173616139273
0.0022105086644
0.00242289697814
0.00160470070972
0.00152112993623
0.00167251508918
0.00174189247827
0.00689300643017
0.00610934032377
0.012295099409
0.0107980361377
0.00314091888551
0.00333137878255
0.00132464734551
0.00098905007663
0.000758099399587
0.000616270325747
0.000772421402552
0.000725977532829
0.00110659163127
0.00121336031266
0.00103549829415
0.00119536453238
0.0011435822467
0.00116928012821
0.00540695788621
0.0148396871063
0.00922297973377
0.00883183302531
0.00573128977968
0.00587006184143
0.00536904810038
0.0055567275652
0.0113030751502
0.0214039540717
0.0108518353627
0.00998313500328
0.000866806953873
0.000950065629676
0.000996149007954
0.00101385817956
0.000521685073747
0.000430775628297
0.000476789234898
0.000566163170999
0.00107335357966
0.000889509781469
0.000615608793639
0.000670276051564
0.000453615894061
0.000400018848866
0.00049893923676
0.000489397157799
0.00238976584114
0.00252156141263
0.001877617084
0.00154329795837
0.00176333891868
0.001983435663
0.00280417088
0.00244762334697
0.00146411044853
0.00119535445176
0.0014790616347
0.00136906172616
0.00081807176312
0.000661029154894
0.000831214141971
0.000578906549782
0.00117324051101
0.00145724108008
0.00269894455713
0.00279909183163
0.00141407464461
0.00114377575274
0.000919700448515
0.000878359231579
0.00101976818694
0.000995733263332
0.00193101139367
0.00192939509248
0.00166410163671
0.00195980535492
0.00161854276592
0.00138355648271
0.00136392479742
0.00144625000125
0.00110520735074
0.00127617421116
0.00154993451573
0.00127863121841
0.00223237916293
0.00180813955182
0.00150280229496
0.00332497889096
0.00309822509573
0.00360132517831
0.00312408145591
0.00230795485104
0.000763201774117
0.00072372760548
0.0010404066267
0.00086470397486
0.0013542353582
0.00135165015612
0.00148810576086
0.00148833525891
0.0013073223168
0.00131043149406
0.00104044791486
0.00104922134241
0.00122110250308
0.00108891376456
0.00660958495033
0.00632323651838
0.00153223258379
0.00146993146983
0.00158563613325
0.00146548003695
0.00133810746421
0.00198186463913
0.000692219505061
0.000551889044091
0.000149041800405
0.000152014292616
0.000172074375443
0.000186699870259
0.000307404792852
0.000314660940658
0.000759942853119
0.000672282271779
0.0020102793695
0.00189911213758
0.000439231502771
0.000410735143478
0.000415076854733
0.000457846109401
0.000322806659197
0.000298470826526
0.000304234090427
0.000396355583629
0.00107793479764
0.000972883927973
0.00252007462431
0.00317188848119
0.00176629147726
0.00127871476707
0.000848760372612
0.000995454808485
0.000607753953805
0.000532663644989
0.00051291617743
0.000622441179182
0.00102545239908
0.000929158355138
0.00102126472155
0.00115728798629
0.00194130657601
0.00171041754365
0.000617736599877
0.00054902743002
0.000551076320445
0.000673639327164
0.00103750101744
0.000799953410007
0.00188731277916
0.00156194073792
0.00193206194326
0.00266933877546
0.00270034348829
0.00267683167491
0.00198575180016
0.00232459541961
0.00133965289856
0.00160269361202
0.00162028226623
0.00177498078281
0.00400455291279
0.00444538970792
0.00322747159329
0.00271008555751
0.00288996442632
0.00331136722859
0.00868955927936
0.00911495575854
0.000510440802185
0.000467719217386
0.000497053276584
0.000584383766394
0.00217304930851
0.00237960616461
0.0020906564818
0.00208954200083
0.000595727136945
0.000675171284441
0.000497969278528
0.000515865124227
0.000451921010748
0.000574293631379
0.000855677621653
0.000687146543174
0.00101371296927
0.00101151098868
0.000874802980194
0.000976327686763
0.000818576981105
0.000688383108271
0.00091014524232
0.000787015649084
0.00056962620544
0.000636256370579
0.00233724296643
0.00200943701451
0.00122971542191
0.00151262460529
0.00100398194047
0.00146468642479
0.000780086583768
0.000536417865328
0.000540830580093
0.000584712489215
0.00070185470255
0.000692020511686
0.000396774053509
0.00038447000082
0.000469895791118
0.000464185165343
0.0101073232122
0.0103013797675
0.00179046641606
0.00178534934682
0.00111062889178
0.000967126787845
0.000977486561168
0.00122923403872
0.00145491341508
0.00141660887401
0.00127791294734
0.0016657491741
0.000719035348705
0.000761910388998
0.00268726205077
0.00297534458615
0.000685030296885
0.00077191976681
0.000720413866421
0.000744833606576
0.00142515459574
0.00129910465107
0.000729034517605
0.000789471524818
0.000577373190689
0.00038001700228
0.000442682697205
0.000497646594851
0.00308930319265
0.0029876544785
0.000862592142224
0.000992644729682
0.00453498237633
0.0101111712306
0.00301585885365
0.00285119095072
0.00258252045499
0.00288117695045
0.0027659803828
0.00233625356526
0.00183511914838
0.00187570218405
0.00206329658594
0.00226469060006
0.00459154477104
0.00545710732527
0.00302264225708
0.00234239549045
0.00254633359013
0.00259452651547
0.0102756990169
0.00972256053022
0.000824504229099
0.000670200881111
0.000700518067404
0.000750033037196
0.00538456466078
0.00552599315068
0.00114840423295
0.00130872430509
0.00050066374286
0.000465601572545
0.000502411090709
0.000563523378516
0.000613084714944
0.000676782650956
0.000584710656526
0.000475786590714
0.000473219885826
0.000600527100499
0.00081097482302
0.000965105903766
0.000572711323317
0.000616446035543
0.000574660947047
0.000829661331088
0.00165032944498
0.00182637895906
0.00126672715536
0.00127484844331
0.00150246911146
0.00143189904328
0.00181878873852
0.00160966670825
0.00137271718629
0.00165032352799
0.00138029123619
0.00216950796349
0.00407314081392
0.00269975141971
0.00125496470692
0.00137418753905
0.00395749430508
0.00332215456442
0.00632065644696
0.00626217537975
0.00158547774213
0.00175029212015
0.000851157670756
0.000914859353687
0.00162434941181
0.00195657037382
0.00507211429814
0.00434488491781
0.00379160823103
0.00419304108107
0.00400669176124
0.00264663975675
0.00304495821782
0.00234151321668
0.00300811937051
0.0035802298195
0.00414579111854
0.00683952216621
0.00193850659911
0.00187469965838
0.000194406539105
0.000231220611353
8.45685424249e-05
0.000218736389546
9.31159893103e-05
0.00012577339685
0.00011848184176
0.00014546141568
0.00055402470793
0.000534420023429
0.000424212483915
0.000415163673869
0.000446031464006
0.00056726189282
0.000629779653272
0.000527637903166
0.000583279343332
0.000683898787746
0.00201861169906
0.00197927494074
0.00021759190781
0.000208113743436
0.00227837743049
0.00227781324567
0.000252268067099
0.00022505445758
9.98705640487e-05
9.52539318925e-05
0.000103245737816
8.76061314237e-05
0.000172995318243
0.000202778499371
0.00019479835248
0.00017560887818
0.000190689979977
0.000253870098763
0.000747959631304
0.000788585142145
0.000349252522688
0.000286434924884
0.000309375790934
0.000365471152343
0.00063151599498
0.000546218888059
0.000477565199995
0.000420560876593
0.000664162065067
0.00071543404198
6.8243576465e-05
6.68925138792e-05
6.2082066517e-05
5.84933601259e-05
7.93087467943e-05
5.7383257895e-05
0.000236952798698
0.000193801134636
9.80685927268e-05
0.000131220552136
0.000417270412701
0.000334609484251
0.000384604026443
0.000408236925142
0.000485304509669
0.000362295197493
0.000422894751167
0.000515182585938
0.000296663604633
0.000257415796193
0.000235344395738
0.000336191846034
0.00283972309724
0.00280074997763
0.000977482762729
0.000676207703013
0.00165191114726
0.0018203051917
0.000784184242506
0.000734417273605
0.000546155465492
0.000507152754906
0.00076945241202
0.000493888223422
0.00352841490668
0.0036103903586
0.0058741935901
0.0103088988973
0.00187075942326
0.00168748073616
0.00147867726361
0.0015469026391
0.0094361215154
0.0096085585678
0.00981595653438
0.00867600877734
0.00777479501881
0.00849381620568
0.00163733317516
0.00161312998964
0.00189484813116
0.00168694239556
0.00101129182799
0.000654632743944
0.000701465367376
0.00084701818871
0.00106732668269
0.000788497567494
0.001330410724
0.0017692922522
0.00147396042502
0.00148489797338
0.00117825906883
0.00115690872327
0.00117552218525
0.00136308788107
0.00165324741184
0.00148246736974
0.00158966620158
0.00202767031211
0.00102625030255
0.000949529538903
0.000656163691611
0.000722865154079
0.00073553430255
0.000694944903857
0.000708781683971
0.000965682206291
0.000915729566572
0.000693392209152
0.000181154376102
0.000154439840588
0.000160873384082
0.000354932745108
0.00019824426812
0.000159875418399
0.000125840406864
0.000161979328104
0.00020895685252
0.000157467209858
0.000412383910572
0.000433113505472
