0.139283537288
0.165364078621
0.139350802879
0.139284387406
0.139284916656
0.160310883358
0.137476878123
0.13742644378
0.13928380774
0.165363689766
0.139331615195
0.139286300614
0.139285916108
0.165363926759
0.139382853984
0.139286323696
0.139281287784
0.165360949368
0.139281085207
0.139281434263
0.139280930831
0.165360471032
0.139281154177
0.139281386052
0.139280779039
0.165360461439
0.139281439825
0.139281079526
0.139280710873
0.165360235492
0.139281067642
0.139281160074
0.137471290118
0.16037633088
0.139273582992
0.137491923548
0.139281290875
0.165360220138
0.13928089383
0.139280862228
0.139280672362
0.165360276066
0.139281444395
0.139281088592
0.139382869001
0.165363554555
0.139285570805
0.139285878308
0.137514046063
0.160321223895
0.13751533079
0.13928850495
0.139280434815
0.165359170672
0.139279729992
0.139280901033
0.139280970941
0.165359958429
0.139280981446
0.139280777563
0.139280916474
0.165359878259
0.139280629709
0.139281414688
0.139348098756
0.165308170705
0.139232140902
0.139285729305
0.139279694739
0.165359833704
0.139281258215
0.139280576506
0.139349889598
0.165363668918
0.139283436855
0.139285168606
0.0749996208307
0.0750052451924
0.0459751414284
0.0453874948463
0.045972659979
0.0459766455427
0.0749882028859
0.0749945771796
0.0749880686151
0.0749879000529
