0.00209605714475
0.00209605714475
0.00209605714475
0.00209605714475
0.00307466363689
0.00307466363689
0.00307466363689
0.00307466363689
0.00323888381462
0.00323888381462
0.00323888381462
0.00323888381462
0.00395249377891
0.00395249377891
0.00395249377891
0.00395249377891
0.00297316699422
0.00297316699422
0.00297316699422
0.00297316699422
0.00356150323321
0.00356150323321
0.00356150323321
0.00356150323321
0.00724383389412
0.00724383389412
0.00724383389412
0.00724383389412
0.00998371766323
0.00998371766323
0.00998371766323
0.00998371766323
0.0121234742849
0.0121234742849
0.0121234742849
0.0121234742849
0.0100151848984
0.0100151848985
0.0100151848985
0.0100151848985
0.00208942369993
0.00208942369993
0.00208942369993
0.00208942369993
0.00923661803236
0.00923661803236
0.00923661803236
0.00923661803236
0.00825507394672
0.00825507394672
0.00825507394672
0.00825507394672
0.00620601827196
0.00620601827196
0.00620601827196
0.00620601827196
0.00541715675493
0.00541715675493
0.00541715675493
0.00541715675493
0.0059541874517
0.0059541874517
0.0059541874517
0.0059541874517
0.000811878233714
0.000811878233714
0.000811878233714
0.000811878233714
0.00440246378104
0.00440246378105
0.00440246378106
0.00440246378103
0.00374021829696
0.00374021829696
0.00374021829698
0.00374021829694
0.00055903617196
0.00055903617196
0.00055903617196
0.00055903617196
0.00573964648042
0.00573964648042
0.00573964648042
0.00573964648042
0.00415496151371
0.00415496151371
0.00415496151371
0.00415496151371
0.00382831399822
0.00382831399822
0.00382831399822
0.00382831399822
0.00467700202882
0.00467700202882
0.00467700202882
0.00467700202882
0.00257928557247
0.00257928557247
0.00257928557247
0.00257928557247
0.000655571292205
0.000655571292205
0.000655571292205
0.000655571292205
0.00359383371642
0.00359383371642
0.00359383371642
0.00359383371642
0.00613919385151
0.00613919385151
0.00613919385151
0.00613919385151
0.000729795818749
0.000729795818749
0.000729795818749
0.000729795818749
0.00392135673808
0.00392135673808
0.00392135673808
0.00392135673808
0.00364920710258
0.00364920710258
0.00364920710258
0.00364920710258
0.00383773905694
0.00383773905694
0.00383773905694
0.00383773905694
0.000941612274204
0.000941612274204
0.000941612274204
0.000941612274181
0.000807514623739
0.000807514623742
0.000807514623753
0.00080751462375
0.00520447284881
0.00520447284881
0.00520447284881
0.00520447284881
0.00304760747739
0.00304760747739
0.00304760747739
0.00304760747739
0.00299298181738
0.00299298181738
0.00299298181738
0.00299298181738
0.00188381275965
0.00188381275965
0.00188381275965
0.00188381275965
0.00144025022106
0.00144025022106
0.00144025022106
0.00144025022106
0.00381538464362
0.00381538464362
0.00381538464362
0.00381538464362
0.00261495257396
0.00261495257396
0.00261495257396
0.00261495257396
0.00328906309711
0.00328906309711
0.00328906309711
0.00328906309711
0.00393451651111
0.00393451651111
0.00393451651111
0.00393451651111
0.00622941569984
0.00622941569984
0.00622941569984
0.00622941569984
0.00121121281104
0.00121121281104
0.00121121281104
0.00121121281104
0.00453083510497
0.00453083510499
0.00453083510499
0.00453083510496
0.00565616301241
0.00565616301241
0.00565616301244
0.00565616301238
0.00674917106791
0.0067491710679
0.00674917106789
0.00674917106793
0.000867701723463
0.000867701723463
0.000867701723463
0.000867701723463
0.00216903604897
0.00216903604897
0.00216903604897
0.00216903604897
0.00211772212936
0.00211772212936
0.00211772212936
0.00211772212936
0.00183533937362
0.00183533937362
0.00183533937362
0.00183533937362
0.00231857356434
0.00231857356434
0.00231857356434
0.00231857356434
0.00153957400857
0.00153957400857
0.00153957400857
0.00153957400857
0.00174836465878
0.00174836465878
0.00174836465878
0.00174836465878
0.00194480760944
0.0019448076094
0.0019448076094
0.00194480760941
0.00118767267556
0.00118767267556
0.00118767267556
0.00118767267556
0.00149812105236
0.00149812105236
0.00149812105236
0.00149812105236
0.00123617965818
0.00123617965818
0.00123617965818
0.00123617965818
0.00105528167431
0.00105528167431
0.00105528167431
0.00105528167431
0.00338229291106
0.00338229291106
0.00338229291106
0.00338229291106
0.0032038595718
0.0032038595718
0.0032038595718
0.0032038595718
0.00251058418441
0.00251058418441
0.00251058418441
0.00251058418441
0.00288909631467
0.00288909631467
0.00288909631467
0.00288909631467
0.0027948915232
0.0027948915232
0.0027948915232
0.0027948915232
0.00497553731783
0.00497553731783
0.00497553731783
0.00497553731783
0.00412654089051
0.00412654089051
0.00412654089051
0.00412654089051
0.0031019522475
0.0031019522475
0.0031019522475
0.0031019522475
0.00175765680706
0.00175765680706
0.00175765680706
0.00175765680706
0.00300601313182
0.00300601313182
0.00300601313182
0.00300601313182
0.00409462122272
0.00409462122272
0.00409462122272
0.00409462122272
0.00211695802781
0.00211695802781
0.00211695802781
0.00211695802781
0.004566787869
0.004566787869
0.004566787869
0.004566787869
0.00655924043705
0.00655924043705
0.00655924043705
0.00655924043705
0.0055095298896
0.0055095298896
0.00550952988965
0.0055095298896
0.00784253887798
0.00784253887804
0.00784253887805
0.00784253887804
0.00156149606184
0.00156149606184
0.00156149606184
0.00156149606184
0.00107049615439
0.00107049615439
0.00107049615439
0.00107049615439
0.000921295229986
0.000921295229986
0.000921295229986
0.000921295229986
0.00199531567152
0.00199531567152
0.00199531567152
0.00199531567152
0.00181582645639
0.00181582645639
0.00181582645639
0.00181582645639
0.00200776415217
0.00200776415217
0.00200776415217
0.00200776415217
0.00230074878527
0.00230074878527
0.00230074878527
0.00230074878527
0.00201508515953
0.00201508515953
0.00201508515953
0.00201508515953
0.0024609007811
0.0024609007811
0.0024609007811
0.0024609007811
0.00416866252215
0.00416866252215
0.00416866252215
0.00416866252215
0.000517441731527
0.000517441731527
0.000517441731527
0.000517441731527
0.000514432686004
0.000514432686004
0.000514432686004
0.000514432686004
0.00121129756034
0.00121129756034
0.00121129756034
0.00121129756034
0.00133557662692
0.00133557662692
0.00133557662692
0.00133557662692
0.00149245318727
0.00149245318727
0.00149245318727
0.00149245318727
0.00070548794211
0.00070548794211
0.00070548794211
0.00070548794211
0.000982157419977
0.00098215741999
0.00098215742
0.000982157419987
0.00103642374327
0.00103642374328
0.00103642374329
0.00103642374328
0.00147925489503
0.00147925489503
0.00147925489503
0.00147925489503
0.00119482847027
0.00119482847027
0.00119482847027
0.00119482847027
0.000887318284661
0.000887318284661
0.000887318284661
0.000887318284661
0.000859429650143
0.000859429650143
0.000859429650143
0.000859429650143
0.000838275451902
0.00083827545189
0.000838275451881
0.000838275451893
0.00106239417737
0.00106239417737
0.00106239417737
0.00106239417737
0.00209673044134
0.00209673044134
0.00209673044134
0.00209673044134
0.00130310861066
0.00130310861066
0.00130310861066
0.00130310861066
0.00115479075172
0.00115479075172
0.00115479075172
0.00115479075172
0.00126614859255
0.00126614859255
0.00126614859255
0.00126614859255
0.0081671123934
0.00816711239343
0.00816711239346
0.00816711239343
0.0078961940132
0.0078961940132
0.0078961940132
0.0078961940132
0.00789888993111
0.00789888993108
0.00789888993105
0.00789888993108
0.0077567243687
0.0077567243687
0.0077567243687
0.0077567243687
0.00302434349301
0.00302434349301
0.00302434349301
0.00302434349301
0.00132877024322
0.00132877024322
0.00132877024322
0.00132877024322
0.000858464290804
0.000858464290804
0.000858464290804
0.000858464290804
0.000940524280692
0.000940524280692
0.000940524280692
0.000940524280692
0.00523855966623
0.00523855966619
0.00523855966619
0.00523855966619
0.00381220080081
0.00381220080081
0.0038122008008
0.00381220080081
0.00387475589239
0.00387475589239
0.00387475589239
0.00387475589239
0.00360440305199
0.00360440305199
0.00360440305199
0.00360440305199
0.00353765451082
0.00353765451082
0.00353765451082
0.00353765451082
0.00411259919662
0.00411259919662
0.00411259919662
0.00411259919662
0.00331346220396
0.00331346220396
0.00331346220396
0.00331346220396
0.00500743787967
0.00500743787967
0.00500743787967
0.00500743787967
0.00606534272581
0.00606534272581
0.00606534272581
0.00606534272581
0.00378857987751
0.00378857987751
0.00378857987751
0.00378857987751
0.00363743176256
0.00363743176256
0.00363743176256
0.00363743176256
0.00345179753578
0.00345179753578
0.00345179753578
0.00345179753578
0.00460488387842
0.00460488387842
0.00460488387842
0.00460488387842
0.00598760738986
0.00598760738986
0.00598760738986
0.00598760738986
0.00562909301583
0.00562909301583
0.00562909301583
0.00562909301583
0.00729279274385
0.00729279274385
0.00729279274385
0.00729279274385
0.00671796114073
0.00671796114073
0.00671796114073
0.00671796114073
0.00493456479082
0.00493456479082
0.00493456479082
0.00493456479082
0.0040772807893
0.0040772807893
0.0040772807893
0.0040772807893
0.00474517077987
0.00474517077987
0.00474517077987
0.00474517077987
0.0100928721023
0.0100928721023
0.0100928721023
0.0100928721023
0.000558677728933
0.000558677728933
0.000558677728933
0.000558677728933
0.000541303143214
0.000541303143214
0.000541303143214
0.000541303143214
0.000526205716079
0.000526205716079
0.000526205716079
0.000526205716079
0.00258165858792
0.00258165858792
0.00258165858792
0.00258165858792
0.00251172507692
0.00251172507692
0.00251172507692
0.00251172507692
0.0027719019966
0.0027719019966
0.0027719019966
0.0027719019966
0.00239941287742
0.00239941287742
0.00239941287742
0.00239941287742
0.00245296424177
0.00245296424177
0.00245296424177
0.00245296424177
0.00243742849757
0.00243742849757
0.00243742849757
0.00243742849757
0.00367215391739
0.00367215391739
0.00367215391739
0.00367215391739
0.00591729380098
0.00591729380098
0.00591729380098
0.00591729380098
0.000605509073949
0.000605509073949
0.000605509073949
0.000605509073949
0.000625801824653
0.000625801824653
0.000625801824653
0.000625801824653
0.00401535103468
0.00401535103468
0.00401535103468
0.00401535103468
0.00428629336343
0.00428629336343
0.00428629336343
0.00428629336343
0.00412378201624
0.00412378201624
0.00412378201624
0.00412378201624
0.00435069618277
0.00435069618277
0.00435069618277
0.00435069618277
0.00452977328033
0.00452977328033
0.00452977328033
0.00452977328033
0.00830682544625
0.00830682544625
0.00830682544625
0.00830682544625
0.00136567169599
0.00136567169599
0.00136567169599
0.00136567169599
0.00140839421538
0.00140839421538
0.00140839421538
0.00140839421538
0.00849839562724
0.00849839562728
0.00849839562731
0.00849839562727
0.00774674656368
0.00774674656368
0.00774674656371
0.00774674656365
0.000514516228168
0.000514516228168
0.000514516228168
0.000514516228168
0.000493276893617
0.000493276893617
0.000493276893617
0.000493276893617
0.000626365902275
0.000626365902275
0.000626365902275
0.000626365902275
0.000549514703774
0.000549514703774
0.000549514703774
0.000549514703774
0.00066335742182
0.00066335742182
0.00066335742182
0.00066335742182
0.000860226905754
0.000860226905754
0.000860226905754
0.000860226905754
0.00159069469113
0.00159069469113
0.00159069469113
0.00159069469113
0.00201462504941
0.00201462504941
0.00201462504941
0.00201462504941
0.00176319835915
0.00176319835915
0.00176319835915
0.00176319835915
0.0022487210768
0.0022487210768
0.0022487210768
0.0022487210768
0.00216086244931
0.00216086244931
0.00216086244931
0.00216086244931
0.00206621990321
0.00206621990321
0.00206621990321
0.00206621990321
0.00153564545021
0.00153564545021
0.00153564545021
0.00153564545021
0.00161412712762
0.00161412712762
0.00161412712762
0.00161412712762
0.00248106237512
0.00248106237512
0.00248106237512
0.00248106237512
0.00149694702253
0.00149694702253
0.00149694702253
0.00149694702253
0.00113236858616
0.00113236858616
0.00113236858616
0.00113236858616
0.00123946783046
0.00123946783046
0.00123946783046
0.00123946783046
0.00122662743919
0.00122662743919
0.00122662743919
0.00122662743919
0.000945434568717
0.000945434568717
0.000945434568717
0.000945434568717
0.00133268990868
0.00133268990868
0.00133268990868
0.00133268990868
0.000857092830933
0.000857092830933
0.000857092830933
0.000857092830933
0.00105693312315
0.00105693312315
0.00105693312316
0.00105693312314
0.00166768277319
0.00166768277319
0.00166768277319
0.00166768277319
0.000610099396578
0.000610099396578
0.000610099396578
0.000610099396578
0.000512777621855
0.000512777621855
0.000512777621855
0.000512777621855
0.00121703673081
0.00121703673081
0.00121703673081
0.00121703673081
0.000918918456434
0.000918918456434
0.000918918456434
0.000918918456434
0.000786144039641
0.000786144039641
0.000786144039641
0.000786144039641
0.00201522066478
0.00201522066478
0.00201522066478
0.00201522066478
0.00186052525879
0.00186052525879
0.00186052525879
0.00186052525879
0.00777638368797
0.00777638368794
0.00777638368791
0.00777638368794
0.00710701912705
0.00710701912705
0.00710701912705
0.00710701912705
0.00763294233796
0.00763294233797
0.00763294233799
0.00763294233794
0.00812498833994
0.00812498833994
0.00812498833994
0.00812498833994
0.00745130677685
0.00745130677685
0.00745130677685
0.00745130677685
0.00814278580118
0.00814278580118
0.00814278580118
0.00814278580118
0.0085231843822
0.0085231843822
0.00852318438222
0.00852318438217
0.00778902308638
0.00778902308638
0.0077890230864
0.00778902308635
0.0156756507764
0.0156756507764
0.0156756507764
0.0156756507764
0.00897125898602
0.00897125898602
0.00897125898602
0.00897125898602
0.00394189814352
0.00394189814352
0.00394189814352
0.00394189814352
0.0044386310585
0.0044386310585
0.0044386310585
0.0044386310585
0.0046682225079
0.00466822250789
0.00466822250789
0.00466822250789
0.0062761315284
0.0062761315284
0.0062761315284
0.0062761315284
0.00659590200747
0.00659590200745
0.00659590200743
0.00659590200748
0.00505998803833
0.00505998803839
0.00505998803839
0.00505998803839
0.00476427285352
0.00476427285352
0.00476427285352
0.00476427285352
0.002141476103
0.002141476103
0.002141476103
0.002141476103
0.00219306596823
0.00219306596823
0.00219306596823
0.00219306596823
0.000862687630762
0.000862687630762
0.000862687630762
0.000862687630762
0.00108239911992
0.00108239911992
0.00108239911992
0.00108239911992
0.00316351671683
0.00316351671683
0.00316351671683
0.00316351671683
0.00934228170587
0.00934228170587
0.00934228170593
0.00934228170587
0.00705097424994
0.00705097424994
0.00705097424994
0.00705097424994
0.00565543972035
0.00565543972035
0.00565543972035
0.00565543972035
0.0032256729129
0.0032256729129
0.0032256729129
0.0032256729129
0.00295067942014
0.00295067942015
0.00295067942016
0.00295067942016
0.00324718504698
0.00324718504703
0.00324718504703
0.00324718504703
0.0036305619093
0.0036305619093
0.0036305619093
0.0036305619093
0.00441584388557
0.00441584388557
0.00441584388557
0.00441584388557
0.00517518556431
0.00517518556431
0.00517518556431
0.00517518556431
0.00906162676098
0.00906162676098
0.00906162676098
0.00906162676098
0.010108403467
0.010108403467
0.010108403467
0.010108403467
0.00618943981804
0.00618943981804
0.00618943981804
0.00618943981804
0.0038986402885
0.0038986402885
0.0038986402885
0.0038986402885
0.0024767475574
0.0024767475574
0.0024767475574
0.0024767475574
0.00473973957504
0.00473973957504
0.00473973957504
0.00473973957504
0.00769313535104
0.00769313535104
0.00769313535104
0.00769313535104
0.00702944498234
0.00702944498234
0.00702944498234
0.00702944498234
0.000700930985094
0.000700930985094
0.000700930985093
0.000700930985095
0.00050104388016
0.00050104388016
0.000501043880159
0.000501043880159
0.000395478112642
0.000395478112642
0.000395478112642
0.000395478112642
0.00605274171787
0.00605274171787
0.00605274171787
0.00605274171787
0.00579748445588
0.00579748445588
0.00579748445588
0.00579748445588
0.0048360456229
0.0048360456229
0.0048360456229
0.0048360456229
0.00409220300012
0.00409220300012
0.00409220300012
0.00409220300012
0.0039794856014
0.0039794856014
0.0039794856014
0.0039794856014
0.00368827330632
0.00368827330632
0.00368827330632
0.00368827330632
0.00326445949222
0.00326445949222
0.00326445949222
0.00326445949222
0.00576562209448
0.00576562209448
0.00576562209448
0.00576562209448
0.00700938539701
0.00700938539701
0.00700938539701
0.00700938539701
0.00346304672987
0.00346304672987
0.00346304672987
0.00346304672987
0.00420268485866
0.00420268485866
0.00420268485866
0.00420268485866
0.00439880785237
0.00439880785237
0.00439880785237
0.00439880785237
0.00442131759718
0.00442131759718
0.00442131759718
0.00442131759718
0.00452840159703
0.00452840159703
0.00452840159703
0.00452840159703
0.0057861876736
0.0057861876736
0.0057861876736
0.00578618767365
0.00379008312149
0.00379008312149
0.00379008312149
0.00379008312149
0.00420719465248
0.00420719465248
0.00420719465248
0.00420719465248
0.00411452044606
0.00411452044606
0.00411452044606
0.00411452044606
0.00609467858636
0.00609467858638
0.00609467858638
0.0060946785864
0.00736252607082
0.00736252607082
0.00736252607082
0.00736252607082
0.00732611185452
0.00732611185452
0.00732611185452
0.00732611185452
0.00735809574697
0.00735809574697
0.00735809574697
0.00735809574697
0.00629943462005
0.00629943462005
0.00629943462005
0.00629943462005
0.00481691425512
0.00481691425512
0.00481691425512
0.00481691425512
0.00741501077176
0.00741501077174
0.00741501077174
0.00741501077172
0.00217749579049
0.00217749579049
0.00217749579049
0.00217749579049
0.00202283255259
0.00202283255259
0.00202283255259
0.00202283255259
0.00246686160694
0.00246686160694
0.00246686160694
0.00246686160694
0.000749447955851
0.000749447955851
0.000749447955851
0.000749447955851
0.00298328684925
0.00298328684925
0.00298328684925
0.00298328684925
0.00782483716962
0.00782483716962
0.00782483716962
0.00782483716962
0.00827098986419
0.00827098986419
0.00827098986419
0.00827098986419
0.00554792804078
0.00554792804076
0.00554792804073
0.00554792804076
0.00466169262384
0.00466169262387
0.00466169262386
0.00466169262388
0.0036178803463
0.0036178803463
0.0036178803463
0.0036178803463
0.00558725601426
0.00558725601424
0.00558725601424
0.00558725601422
0.00433474454118
0.00433474454118
0.00433474454118
0.00433474454118
0.00393847763522
0.00393847763522
0.00393847763522
0.00393847763522
0.00627097380834
0.00627097380834
0.00627097380834
0.00627097380834
0.00569647708839
0.00569647708837
0.00569647708836
0.00569647708835
0.00434622807744
0.00434622807744
0.00434622807744
0.00434622807744
0.00495236159599
0.00495236159599
0.00495236159599
0.00495236159599
0.00430655320731
0.00430655320731
0.00430655320731
0.00430655320731
0.00797423543337
0.0079742354334
0.00797423543343
0.0079742354334
0.00855279815675
0.00855279815675
0.00855279815675
0.00855279815675
0.00159287661626
0.00159287661626
0.00159287661626
0.00159287661626
0.00124572083574
0.00124572083574
0.00124572083573
0.00124572083575
0.00242128091891
0.00242128091891
0.00242128091891
0.00242128091891
0.00334643272816
0.00334643272816
0.00334643272816
0.00334643272816
0.00377958955176
0.00377958955176
0.00377958955176
0.00377958955176
0.00603285995822
0.00603285995822
0.00603285995822
0.00603285995822
0.00441774908538
0.00441774908538
0.00441774908538
0.00441774908538
0.00391682987132
0.00391682987132
0.00391682987132
0.00391682987132
0.00326876431999
0.00326876431999
0.00326876431999
0.00326876431999
0.00569006973566
0.00569006973566
0.00569006973566
0.00569006973566
0.006784427544
0.00678442754399
0.00678442754399
0.00678442754399
0.00352592711339
0.00352592711339
0.00352592711339
0.00352592711339
0.00280317444965
0.00280317444965
0.00280317444965
0.00280317444965
0.00462312934503
0.00462312934503
0.00462312934503
0.00462312934503
0.00506800209808
0.00506800209808
0.00506800209808
0.00506800209808
0.00448707825103
0.00448707825103
0.00448707825103
0.00448707825103
0.00749109435122
0.00749109435119
0.00749109435121
0.00749109435118
0.00593981391877
0.00593981391877
0.00593981391877
0.00593981391877
0.00118129536353
0.00118129536353
0.00118129536353
0.00118129536353
0.00082180510783
0.00082180510783
0.00082180510783
0.00082180510783
0.000827278486468
0.000827278486468
0.000827278486468
0.000827278486468
0.00078178709309
0.00078178709309
0.00078178709309
0.00078178709309
0.00099982997167
0.00099982997167
0.00099982997167
0.00099982997167
0.00118502312946
0.00118502312946
0.00118502312946
0.00118502312946
0.00774257580138
0.00774257580136
0.00774257580133
0.00774257580135
0.00720804185799
0.00720804185799
0.00720804185799
0.00720804185799
0.00818419827746
0.00818419827746
0.00818419827746
0.00818419827746
0.00677301614492
0.00677301614492
0.00677301614492
0.00677301614492
0.00727973288082
0.00727973288082
0.00727973288082
0.00727973288082
0.00739175243254
0.00739175243258
0.0073917524326
0.00739175243256
0.00581277723997
0.00581277723996
0.00581277723996
0.00581277723996
0.00770584898579
0.00770584898579
0.00770584898579
0.00770584898579
0.00948310428062
0.00948310428062
0.00948310428062
0.00948310428062
0.0082134774443
0.00821347744427
0.00821347744425
0.00821347744428
0.00974278671431
0.00974278671435
0.00974278671434
0.00974278671436
0.00557779501047
0.00557779501047
0.00557779501047
0.00557779501047
0.00726273541816
0.00726273541816
0.00726273541817
0.00726273541816
0.00596618680771
0.00596618680772
0.00596618680771
0.00596618680772
0.00674552506777
0.00674552506777
0.00674552506777
0.00674552506777
0.00730379698854
0.00730379698854
0.00730379698854
0.00730379698854
0.00643433166579
0.00643433166579
0.00643433166578
0.00643433166579
0.00659112867931
0.00659112867931
0.00659112867931
0.00659112867931
0.0113521719902
0.0113521719903
0.0113521719903
0.0113521719903
0.0152251943257
0.0152251943257
0.0152251943257
0.0152251943257
0.00895840629503
0.00895840629508
0.00895840629511
0.00895840629508
0.00755593347492
0.00755593347489
0.00755593347492
0.00755593347489
0.00747354251237
0.00747354251237
0.00747354251237
0.00747354251237
0.00638361384192
0.00638361384192
0.00638361384192
0.00638361384192
0.0074964184994
0.0074964184994
0.0074964184994
0.0074964184994
0.0071960920965
0.0071960920965
0.0071960920965
0.0071960920965
0.00828261186158
0.00828261186158
0.00828261186158
0.00828261186158
0.00829974613575
0.00829974613578
0.00829974613582
0.00829974613579
0.00126877941939
0.00126877941939
0.00126877941939
0.00126877941939
0.00203617255237
0.00203617255238
0.00203617255238
0.00203617255238
0.00213458779005
0.00213458779004
0.00213458779005
0.00213458779004
0.00938926477918
0.00938926477925
0.00938926477925
0.00938926477925
0.00935310504298
0.00935310504298
0.00935310504298
0.00935310504298
0.0080694747687
0.00806947476865
0.00806947476862
0.00806947476867
0.00188101223626
0.00188101223625
0.00188101223626
0.00188101223628
0.00160136149512
0.00160136149512
0.00160136149512
0.00160136149512
0.00114554539616
0.00114554539616
0.00114554539616
0.00114554539616
0.00144047377101
0.00144047377101
0.001440473771
0.00144047377102
0.00119566133209
0.00119566133209
0.00119566133209
0.00119566133209
0.0011091166772
0.0011091166772
0.0011091166772
0.0011091166772
0.00124769778321
0.00124769778321
0.00124769778321
0.00124769778321
0.00139114017765
0.00139114017765
0.00139114017765
0.00139114017765
0.00138005563482
0.00138005563482
0.00138005563482
0.00138005563482
0.00151631127678
0.00151631127678
0.00151631127678
0.00151631127678
0.00238408596778
0.00238408596778
0.00238408596778
0.00238408596778
0.000341703490827
0.000341703490826
0.000341703490826
0.000341703490826
0.000306722982408
0.000306722982408
0.000306722982408
0.000306722982408
0.000878351500614
0.000878351500614
0.000878351500614
0.000878351500614
0.000525791937589
0.000525791937589
0.000525791937589
0.000525791937589
0.0083429719423
0.0083429719423
0.0083429719423
0.0083429719423
0.00168030479626
0.00168030479625
0.00168030479625
0.00168030479626
0.00127589286969
0.00127589286969
0.00127589286969
0.00127589286969
0.0017419297778
0.0017419297778
0.0017419297778
0.0017419297778
0.00223239912674
0.00223239912674
0.00223239912674
0.00223239912674
0.00156995892951
0.00156995892951
0.00156995892951
0.00156995892953
0.00223287003316
0.00223287003316
0.00223287003316
0.0022328700332
0.00207723618692
0.00207723618696
0.00207723618696
0.00207723618696
0.00711092565545
0.00711092565545
0.00711092565545
0.00711092565544
0.00654580440278
0.00654580440278
0.00654580440278
0.00654580440278
0.00712790027161
0.00712790027161
0.00712790027161
0.00712790027161
0.00206467601751
0.00206467601751
0.00206467601751
0.00206467601751
0.00195167547994
0.00195167547994
0.00195167547994
0.00195167547994
0.00160653332147
0.00160653332147
0.00160653332147
0.00160653332147
0.00768138827647
0.00768138827647
0.00768138827647
0.00768138827647
0.00714702997498
0.00714702997498
0.00714702997498
0.00714702997498
0.00816170043803
0.00816170043803
0.00816170043803
0.00816170043803
0.00191101815714
0.00191101815714
0.00191101815714
0.00191101815714
0.0014354750746
0.0014354750746
0.0014354750746
0.0014354750746
0.00160230096934
0.00160230096934
0.00160230096934
0.00160230096934
0.00122814711541
0.00122814711541
0.00122814711541
0.00122814711541
0.00261048470164
0.00261048470164
0.00261048470164
0.00261048470164
0.00238612066312
0.00238612066312
0.00238612066312
0.00238612066312
0.00731592834602
0.00731592834602
0.00731592834602
0.00731592834602
0.00704549081261
0.00704549081261
0.00704549081261
0.00704549081261
0.00511526878113
0.00511526878113
0.00511526878113
0.00511526878113
0.00516503772728
0.00516503772728
0.00516503772728
0.00516503772728
0.000699608968636
0.000699608968636
0.000699608968636
0.000699608968636
0.00180603254221
0.00180603254221
0.00180603254221
0.00180603254221
0.0093849165115
0.00938491651147
0.00938491651147
0.00938491651145
0.00827856601844
0.00827856601844
0.00827856601844
0.0082785660185
0.00148501109854
0.00148501109854
0.00148501109854
0.00148501109854
0.000520424007344
0.000520424007344
0.000520424007344
0.000520424007344
0.00969582916754
0.00969582916757
0.00969582916759
0.00969582916756
0.00787804122304
0.00787804122304
0.00787804122304
0.00787804122304
0.00231867159048
0.00231867159048
0.00231867159044
0.00231867159048
0.00327441848159
0.00327441848157
0.00327441848157
0.00327441848159
0.00235317315503
0.00235317315504
0.00235317315504
0.00235317315504
0.00289186963161
0.00289186963161
0.00289186963161
0.00289186963161
0.0028743119714
0.0028743119714
0.00287431197141
0.0028743119714
0.00292485840236
0.00292485840236
0.00292485840236
0.00292485840236
0.0033638416404
0.0033638416404
0.0033638416404
0.0033638416404
0.0028572437853
0.0028572437853
0.0028572437853
0.0028572437853
0.00244373106602
0.00244373106602
0.00244373106602
0.00244373106602
0.00293713919639
0.00293713919639
0.00293713919639
0.00293713919639
0.00360006723892
0.00360006723892
0.00360006723892
0.00360006723892
0.00321069950118
0.00321069950118
0.00321069950118
0.00321069950118
0.00218520973675
0.00218520973675
0.00218520973675
0.00218520973675
0.00258449064673
0.00258449064673
0.00258449064673
0.00258449064673
0.00835554179868
0.00835554179874
0.00835554179876
0.00835554179874
0.00124841093403
0.00124841093403
0.00124841093403
0.00124841093403
0.000861610965589
0.000861610965589
0.000861610965589
0.000861610965589
0.000871042623133
0.000871042623133
0.000871042623133
0.000871042623133
0.00105275719977
0.00105275719977
0.00105275719977
0.00105275719977
0.000645889721322
0.00064588972132
0.00064588972132
0.00064588972132
0.000693199713756
0.000693199713756
0.000693199713758
0.000693199713756
0.000661524213061
0.000661524213057
0.000661524213052
0.000661524213065
0.00556248688253
0.00556248688253
0.00556248688253
0.00556248688253
0.00413125384271
0.00413125384271
0.00413125384271
0.00413125384271
0.00544733856816
0.00544733856816
0.00544733856816
0.00544733856816
0.00468318888767
0.00468318888767
0.00468318888767
0.00468318888767
0.000300093630268
0.000300093630268
0.000300093630268
0.000300093630268
0.000353159901477
0.000353159901471
0.000353159901475
0.000353159901472
0.000730982876434
0.000730982876429
0.000730982876424
0.000730982876419
0.000426529636065
0.000426529636065
0.000426529636065
0.000426529636065
0.00608015914573
0.00608015914577
0.00608015914577
0.0060801591458
0.00583111229077
0.00583111229075
0.00583111229075
0.00583111229077
0.00528086645096
0.00528086645094
0.00528086645093
0.00528086645092
0.0051992747249
0.0051992747249
0.0051992747249
0.0051992747249
0.00509361458745
0.00509361458745
0.00509361458745
0.00509361458745
0.0048855739359
0.0048855739359
0.0048855739359
0.0048855739359
0.00634091412559
0.00634091412562
0.00634091412561
0.0063409141256
0.00587989661417
0.00587989661417
0.00587989661422
0.00587989661415
0.00418046961057
0.00418046961057
0.00418046961057
0.00418046961057
0.00518951993599
0.00518951993599
0.005189519936
0.00518951993599
0.00626141676058
0.00626141676058
0.00626141676058
0.00626141676058
0.00585741910699
0.00585741910699
0.00585741910699
0.00585741910699
0.0055337815962
0.00553378159618
0.00553378159618
0.00553378159614
0.00579063793556
0.00579063793556
0.00579063793556
0.00579063793556
0.00286720147616
0.00286720147616
0.00286720147616
0.00286720147616
0.0041860065629
0.0041860065629
0.0041860065629
0.0041860065629
0.00356366734734
0.00356366734734
0.00356366734734
0.00356366734734
0.00294502824013
0.00294502824013
0.00294502824013
0.00294502824013
0.00254323330376
0.00254323330376
0.00254323330376
0.00254323330376
0.0030010869979
0.0030010869979
0.0030010869979
0.0030010869979
0.00314335906887
0.00314335906887
0.00314335906887
0.00314335906887
0.00260327732707
0.00260327732707
0.00260327732707
0.00260327732707
0.00222478683926
0.00222478683926
0.00222478683923
0.00222478683926
0.0022680705452
0.0022680705452
0.0022680705452
0.0022680705452
0.00690833440059
0.00690833440059
0.00690833440056
0.00690833440063
0.00165064562885
0.00165064562885
0.00165064562885
0.00165064562885
0.0019277389672
0.0019277389672
0.0019277389672
0.0019277389672
0.00190192230239
0.00190192230239
0.00190192230239
0.00190192230239
0.00195828138772
0.00195828138772
0.00195828138772
0.00195828138772
0.00157716089558
0.00157716089558
0.00157716089558
0.00157716089558
0.00220515747776
0.00220515747776
0.00220515747777
0.00220515747775
0.000750195242154
0.000750195242154
0.000750195242154
0.000750195242154
0.000725845944922
0.000725845944922
0.000725845944922
0.000725845944922
0.00113800441631
0.00113800441631
0.00113800441631
0.00113800441631
0.000890291718008
0.000890291718008
0.000890291718008
0.00089029171803
0.00721191784232
0.00721191784228
0.00721191784226
0.00721191784229
0.000835458611016
0.000835458611016
0.000835458611016
0.000835458611016
0.00173194889278
0.00173194889278
0.00173194889278
0.00173194889278
0.00173475665349
0.00173475665349
0.00173475665349
0.00173475665349
0.00204038594144
0.00204038594144
0.00204038594144
0.00204038594144
0.00167259415327
0.00167259415327
0.00167259415327
0.00167259415327
0.00176869073127
0.00176869073127
0.00176869073127
0.00176869073127
0.00160746497657
0.00160746497657
0.00160746497657
0.00160746497657
0.00133979978655
0.00133979978654
0.00133979978654
0.00133979978652
0.000735147260326
0.000735147260326
0.000735147260326
0.000735147260326
0.000658783353488
0.000658783353488
0.000658783353488
0.000658783353488
0.000539263232928
0.000539263232928
0.000539263232928
0.000539263232928
0.000635899993949
0.000635899993949
0.000635899993949
0.000635899993949
0.000596906133945
0.000596906133945
0.000596906133945
0.000596906133945
0.00546829325083
0.00546829325083
0.00546829325083
0.00546829325083
0.0061972549373
0.0061972549373
0.0061972549373
0.0061972549373
0.00666410132536
0.00666410132536
0.00666410132536
0.00666410132536
0.00600118603034
0.00600118603034
0.00600118603034
0.00600118603034
0.00078599389528
0.00078599389528
0.00078599389528
0.00078599389528
0.000772259398492
0.000772259398492
0.000772259398492
0.000772259398492
0.000527486198813
0.000527486198813
0.000527486198813
0.000527486198813
0.0064961603367
0.0064961603367
0.0064961603367
0.0064961603367
0.00824819842191
0.00824819842191
0.00824819842191
0.00824819842191
0.000457671314921
0.000457671314919
0.000457671314924
0.000457671314927
0.00078017614003
0.00078017614003
0.00078017614003
0.00078017614003
0.00579552630629
0.00579552630629
0.00579552630629
0.00579552630629
0.00577448696902
0.00577448696902
0.00577448696902
0.00577448696902
0.00562808439171
0.00562808439171
0.00562808439171
0.00562808439171
0.00384267275371
0.00384267275371
0.00384267275371
0.00384267275371
0.00426017102666
0.00426017102666
0.00426017102666
0.00426017102666
0.00448898855502
0.00448898855502
0.00448898855502
0.00448898855502
0.00678676090704
0.00678676090704
0.00678676090704
0.00678676090704
0.00751345375453
0.0075134537545
0.0075134537545
0.00751345375453
0.00572526693938
0.00572526693943
0.00572526693943
0.00572526693943
0.00492871104826
0.00492871104826
0.00492871104826
0.00492871104826
0.0056096567566
0.0056096567566
0.0056096567566
0.0056096567566
0.00461426632687
0.00461426632687
0.00461426632687
0.00461426632687
0.00622913957293
0.00622913957292
0.00622913957293
0.00622913957292
0.00542856923947
0.00542856923947
0.00542856923947
0.00542856923947
0.00556985477382
0.00556985477382
0.00556985477382
0.00556985477382
0.00735178879357
0.00735178879357
0.00735178879357
0.00735178879357
0.00614152630575
0.00614152630575
0.00614152630575
0.00614152630575
0.00103816522685
0.00103816522685
0.00103816522685
0.00103816522685
0.00155719539437
0.00155719539437
0.00155719539437
0.00155719539437
0.00115222161102
0.00115222161103
0.00115222161102
0.00115222161104
0.00141375895339
0.00141375895339
0.00141375895339
0.00141375895339
0.00111519508428
0.00111519508428
0.00111519508428
0.00111519508425
0.000698365566061
0.000698365566061
0.000698365566061
0.000698365566061
0.000784867644004
0.000784867644004
0.000784867644004
0.000784867644004
0.00059438036805
0.00059438036805
0.00059438036805
0.00059438036805
0.000843068525518
0.000843068525518
0.000843068525516
0.000843068525517
0.000848342757768
0.000848342757768
0.000848342757768
0.000848342757768
0.00604560555823
0.00604560555823
0.00604560555823
0.00604560555823
0.00610037951231
0.00610037951231
0.00610037951231
0.00610037951231
0.000773674090787
0.000773674090787
0.000773674090787
0.000773674090787
0.000832712486095
0.000832712486096
0.000832712486086
0.000832712486106
0.00126837697786
0.00126837697786
0.00126837697786
0.00126837697786
0.0015741232977
0.00157412329767
0.00157412329767
0.00157412329767
0.000979359568646
0.000979359568646
0.000979359568646
0.000979359568646
0.00101279407547
0.00101279407547
0.00101279407547
0.00101279407547
0.000757143721832
0.000757143721832
0.000757143721835
0.000757143721831
0.00196918399605
0.00196918399608
0.00196918399605
0.00196918399608
0.00228815315176
0.00228815315176
0.00228815315175
0.0022881531518
0.00061118261784
0.00061118261784
0.00061118261784
0.00061118261784
0.000536721915777
0.000536721915777
0.000536721915777
0.000536721915777
0.000693666483051
0.000693666483051
0.000693666483051
0.000693666483051
0.000544957072962
0.000544957072962
0.000544957072962
0.000544957072962
0.000151492034443
0.000151492034443
0.000151492034443
0.000151492034443
0.00029828207037
0.00029828207037
0.00029828207037
0.000298282070383
0.000367658250885
0.000367658250885
0.000367658250885
0.000367658250885
0.000337520632136
0.000337520632136
0.000337520632136
0.000337520632136
0.000453096501331
0.000453096501331
0.000453096501331
0.000453096501331
0.000377181179818
0.000377181179818
0.000377181179818
0.000377181179818
0.000548354530377
0.000548354530377
0.000548354530377
0.00054835453036
0.000599277843278
0.000599277843278
0.000599277843278
0.000599277843278
0.000673779738343
0.000673779738343
0.000673779738343
0.000673779738343
0.000606184266033
0.000606184266033
0.000606184266033
0.000606184266033
0.000739025865064
0.000739025865064
0.000739025865064
0.000739025865064
0.000841625314483
0.000841625314483
0.000841625314483
0.000841625314483
0.000737881892917
0.000737881892917
0.000737881892917
0.000737881892917
0.000738045284361
0.000738045284361
0.000738045284361
0.000738045284361
0.000809007720442
0.000809007720442
0.000809007720442
0.000809007720442
0.00079896941257
0.00079896941257
0.00079896941257
0.00079896941257
0.000749239610061
0.000749239610061
0.000749239610061
0.000749239610061
0.000721027353404
0.000721027353404
0.000721027353404
0.000721027353404
0.000638446638233
0.000638446638233
0.000638446638233
0.000638446638233
0.000710569210841
0.000710569210841
0.000710569210841
0.000710569210841
0.00059087344555
0.00059087344555
0.00059087344555
0.00059087344555
0.00722775564043
0.00722775564043
0.00722775564043
0.00722775564043
0.000478010284479
0.000478010284479
0.000478010284479
0.000478010284479
0.000847490463786
0.000847490463786
0.000847490463786
0.000847490463786
0.000879491186397
0.000879491186397
0.000879491186397
0.000879491186397
0.000802277358297
0.000802277358297
0.000802277358297
0.000802277358297
0.000576774804571
0.000576774804571
0.000576774804571
0.000576774804571
0.00428354935479
0.00428354935479
0.00428354935479
0.00428354935479
0.00476972781914
0.00476972781914
0.00476972781914
0.00476972781914
0.00512965880011
0.00512965880009
0.00512965880012
0.00512965880008
0.00518200233207
0.00518200233207
0.00518200233207
0.00518200233207
0.00557029323796
0.00557029323796
0.00557029323796
0.00557029323796
0.00569504008636
0.00569504008636
0.00569504008639
0.00569504008633
0.000915134719295
0.000915134719295
0.000915134719295
0.000915134719295
0.000397923036082
0.000397923036082
0.000397923036082
0.000397923036082
0.000486700611789
0.000486700611789
0.000486700611789
0.000486700611789
0.000488436700007
0.000488436700007
0.000488436700007
0.000488436700007
0.000548462207775
0.000548462207775
0.000548462207775
0.000548462207775
0.00277158211839
0.00277158211839
0.00277158211839
0.00277158211839
0.00199239232678
0.00199239232678
0.00199239232678
0.00199239232678
0.00139537494823
0.00139537494823
0.00139537494823
0.00139537494823
0.00138803580855
0.00138803580855
0.00138803580855
0.00138803580855
0.00143834777472
0.00143834777472
0.00143834777472
0.00143834777472
0.0012479710773
0.0012479710773
0.0012479710773
0.0012479710773
0.00121138584998
0.00121138584998
0.00121138584998
0.00121138584998
0.00130705347086
0.00130705347086
0.00130705347086
0.00130705347086
0.00141307100243
0.00141307100243
0.00141307100243
0.00141307100243
0.00120078353135
0.00120078353135
0.00120078353135
0.00120078353135
0.00101731183607
0.00101731183607
0.00101731183607
0.00101731183607
0.00106268291348
0.00106268291348
0.00106268291348
0.00106268291348
0.00103291455799
0.00103291455799
0.00103291455799
0.00103291455799
0.00145674819487
0.00145674819487
0.00145674819487
0.00145674819487
0.0011836784873
0.0011836784873
0.0011836784873
0.0011836784873
0.00109852881381
0.00109852881381
0.00109852881381
0.00109852881381
0.00114531033985
0.00114531033985
0.00114531033985
0.00114531033985
0.00142579468884
0.00142579468884
0.00142579468884
0.00142579468884
0.000601478912743
0.000601478912743
0.000601478912743
0.000601478912743
0.000604488706495
0.000604488706495
0.000604488706495
0.000604488706495
0.000470703831268
0.000470703831268
0.000470703831268
0.000470703831268
0.000508734314822
0.000508734314822
0.000508734314822
0.000508734314822
0.000613545706926
0.000613545706926
0.000613545706926
0.000613545706926
0.000695935192027
0.000695935192027
0.000695935192027
0.000695935192027
0.00071977792724
0.00071977792724
0.00071977792724
0.00071977792724
0.000563019372914
0.000563019372914
0.000563019372914
0.000563019372914
0.00149747362207
0.00149747362207
0.00149747362207
0.00149747362207
0.00135576469167
0.00135576469167
0.00135576469167
0.00135576469167
0.00133897356892
0.00133897356892
0.00133897356892
0.00133897356892
0.00184721139128
0.00184721139128
0.00184721139128
0.00184721139128
0.0014705372305
0.0014705372305
0.0014705372305
0.0014705372305
0.00198194638337
0.00198194638337
0.00198194638337
0.00198194638337
0.00106622468014
0.00106622468014
0.00106622468014
0.00106622468014
0.000925773528427
0.000925773528427
0.000925773528427
0.000925773528427
0.00098675660674
0.00098675660674
0.00098675660674
0.00098675660674
0.000981709866
0.000981709866
0.000981709866
0.000981709866
0.00195697098973
0.00195697098973
0.00195697098973
0.00195697098973
0.00168311443877
0.00168311443877
0.00168311443877
0.00168311443877
0.00084758462095
0.00084758462095
0.00084758462095
0.00084758462095
0.000738813070817
0.000738813070817
0.000738813070817
0.000738813070817
0.000758724930466
0.000758724930466
0.000758724930466
0.000758724930466
0.000803045908602
0.000803045908602
0.000803045908602
0.000803045908602
0.00101956890614
0.00101956890614
0.00101956890614
0.00101956890614
0.000791049720187
0.000791049720187
0.000791049720187
0.000791049720187
0.00174927485579
0.00174927485579
0.00174927485579
0.00174927485579
0.00177905077192
0.00177905077192
0.00177905077192
0.00177905077192
0.00151591442448
0.00151591442448
0.00151591442448
0.00151591442448
0.00149026547954
0.00149026547954
0.00149026547954
0.00149026547954
0.00158507946861
0.00158507946861
0.00158507946861
0.00158507946861
0.00210623332482
0.00210623332482
0.00210623332482
0.00210623332482
0.00060923888389
0.00060923888389
0.00060923888389
0.00060923888389
0.000504493466077
0.00050449346607
0.000504493466061
0.000504493466068
0.000758713921827
0.000758713921827
0.000758713921827
0.000758713921827
0.000768955125532
0.000768955125532
0.000768955125532
0.000768955125532
0.000626227718005
0.000626227718005
0.000626227718005
0.000626227718005
0.000591672329366
0.000591672329366
0.000591672329366
0.000591672329366
0.000687408137567
0.000687408137567
0.000687408137567
0.000687408137567
0.00517203020258
0.00517203020259
0.00517203020261
0.00517203020262
0.00102144289872
0.00102144289872
0.00102144289872
0.00102144289872
0.0010032300078
0.0010032300078
0.0010032300078
0.0010032300078
0.00112870276458
0.00112870276458
0.00112870276458
0.00112870276458
0.00152745830689
0.00152745830689
0.00152745830689
0.00152745830689
0.00137153857403
0.00137153857403
0.00137153857403
0.00137153857403
0.00535052274103
0.00535052274103
0.00535052274102
0.00535052274103
0.00372336141061
0.00372336141058
0.00372336141059
0.0037233614106
0.00320481585246
0.0032048158525
0.0032048158525
0.00320481585246
0.00380688872901
0.00380688872902
0.00380688872903
0.00380688872904
0.00450913308511
0.00450913308511
0.00450913308517
0.00450913308512
0.00458341781669
0.00458341781669
0.00458341781669
0.00458341781669
0.00465896342166
0.00465896342166
0.00465896342166
0.00465896342166
0.00248485371106
0.00248485371107
0.00248485371103
0.00248485371105
0.00108141701142
0.00108141701143
0.00108141701144
0.00108141701142
0.000358407057726
0.000358407057726
0.000358407057726
0.000358407057726
0.000356527822828
0.000356527822828
0.000356527822828
0.000356527822828
0.000664314845429
0.000664314845428
0.00066431484543
0.000664314845428
0.000294941144813
0.000294941144813
0.000294941144813
0.000294941144813
0.000310101141788
0.000310101141788
0.000310101141788
0.000310101141788
0.000190995242413
0.000190995242413
0.000190995242413
0.000190995242413
0.000178247086951
0.000178247086951
0.000178247086951
0.000178247086951
0.000189364350719
0.000189364350718
0.000189364350718
0.000189364350718
0.000163110140219
0.000163110140219
0.000163110140219
0.000163110140219
0.000345150208035
0.00034515020805
0.00034515020805
0.00034515020805
0.00129195357083
0.00129195357083
0.00129195357083
0.00129195357083
0.00159248566264
0.00159248566264
0.00159248566264
0.00159248566264
0.00208290671337
0.00208290671337
0.00208290671337
0.00208290671337
0.00177791352279
0.00177791352279
0.00177791352279
0.00177791352279
0.00168834066448
0.00168834066448
0.00168834066448
0.00168834066448
0.00187860575984
0.00187860575984
0.00187860575984
0.00187860575984
0.00245680768223
0.00245680768223
0.00245680768223
0.00245680768223
0.00259664501639
0.00259664501639
0.00259664501639
0.00259664501639
0.00191805487735
0.00191805487735
0.00191805487735
0.00191805487735
0.000707077197657
0.000707077197657
0.000707077197657
0.000707077197657
0.000910406773878
0.000910406773878
0.000910406773878
0.000910406773878
0.0010073193509
0.00100731935091
0.0010073193509
0.00100731935091
0.00102002457854
0.00102002457854
0.00102002457854
0.00102002457854
0.00493434229534
0.00493434229534
0.00493434229534
0.00493434229534
0.00418747508011
0.00418747508011
0.00418747508011
0.0041874750801
0.000330820915201
0.000330820915208
0.000330820915214
0.000330820915207
0.000266898380693
0.000266898380693
0.000266898380693
0.000266898380693
0.000282110282921
0.000282110282922
0.000282110282909
0.000282110282922
0.00438147920094
0.00438147920094
0.00438147920094
0.00438147920094
0.00332286030279
0.00332286030279
0.00332286030279
0.00332286030279
0.0042388495251
0.0042388495251
0.0042388495251
0.0042388495251
0.00353384754414
0.00353384754414
0.00353384754414
0.00353384754414
0.00630850991435
0.00630850991435
0.00630850991435
0.00630850991435
0.00615614529962
0.00615614529962
0.00615614529962
0.00615614529962
0.00370036418311
0.00370036418311
0.00370036418311
0.00370036418311
0.000707021600373
0.000707021600373
0.000707021600373
0.000707021600373
0.00082576093853
0.00082576093853
0.00082576093853
0.00082576093853
0.000915032075455
0.000915032075455
0.000915032075455
0.000915032075455
0.000993276770607
0.000993276770607
0.000993276770607
0.000993276770607
0.00093841326865
0.00093841326865
0.00093841326865
0.00093841326865
0.00378429859862
0.00378429859862
0.00378429859862
0.00378429859862
0.00242058069218
0.00242058069218
0.00242058069218
0.00242058069218
0.00200828307514
0.00200828307514
0.00200828307514
0.00200828307514
0.00222563961498
0.00222563961498
0.00222563961498
0.00222563961498
0.00213244111164
0.00213244111164
0.00213244111164
0.00213244111164
0.000493446223943
0.000493446223943
0.000493446223943
0.000493446223943
0.000325979146692
0.000325979146692
0.000325979146692
0.000325979146692
0.00039658738248
0.00039658738248
0.00039658738248
0.00039658738248
0.000381745341324
0.000381745341324
0.000381745341324
0.000381745341324
0.000325492017464
0.000325492017464
0.000325492017464
0.000325492017464
0.000237788493346
0.000237788493346
0.000237788493346
0.000237788493346
0.000300301023339
0.000300301023339
0.000300301023339
0.000300301023339
0.00319638337083
0.00319638337083
0.00319638337083
0.00319638337083
0.00203001820302
0.00203001820302
0.00203001820302
0.00203001820302
0.00119131563217
0.00119131563217
0.00119131563217
0.00119131563217
0.000966403885509
0.000966403885509
0.000966403885509
0.000966403885507
0.000838137490615
0.000838137490615
0.000838137490616
0.000838137490616
0.00123543413309
0.00123543413309
0.00123543413309
0.00123543413309
0.00173608173528
0.00173608173528
0.00173608173528
0.00173608173528
0.00168106412972
0.00168106412972
0.00168106412972
0.00168106412972
0.0006922403784
0.0006922403784
0.0006922403784
0.0006922403784
0.000752210649878
0.000752210649878
0.000752210649878
0.000752210649878
0.0011754474292
0.0011754474292
0.0011754474292
0.0011754474292
0.00105962325212
0.00105962325212
0.0010596232521
0.00105962325212
0.0022503290999
0.0022503290999
0.0022503290999
0.0022503290999
0.00136260474551
0.00136260474551
0.00136260474551
0.00136260474551
0.00155582220022
0.00155582220022
0.00155582220022
0.00155582220022
0.00144942138206
0.00144942138206
0.00144942138206
0.00144942138206
0.00154065441014
0.00154065441014
0.00154065441014
0.00154065441014
0.00165191567441
0.00165191567441
0.00165191567442
0.00165191567441
0.00236984787185
0.00236984787185
0.00236984787185
0.00236984787185
0.00261612687185
0.00261612687185
0.00261612687185
0.00261612687185
0.00289737107066
0.00289737107066
0.00289737107066
0.00289737107066
0.000987818469679
0.000987818469679
0.000987818469679
0.000987818469679
0.000679257981806
0.000679257981806
0.000679257981806
0.000679257981806
0.000807024850022
0.000807024850022
0.000807024850022
0.000807024850022
0.000654105173149
0.000654105173149
0.000654105173149
0.000654105173149
0.00105406722584
0.00105406722584
0.00105406722584
0.00105406722584
0.00151404478602
0.00151404478602
0.00151404478602
0.00151404478602
0.000767399173035
0.000767399173035
0.000767399173035
0.000767399173035
0.00150299205796
0.00150299205796
0.00150299205796
0.00150299205796
0.00164188948237
0.00164188948237
0.00164188948237
0.00164188948237
0.00137386630681
0.00137386630681
0.00137386630681
0.00137386630681
0.0010987278475
0.0010987278475
0.0010987278475
0.0010987278475
0.00108772246648
0.00108772246648
0.00108772246648
0.00108772246648
0.000909428347703
0.000909428347703
0.000909428347703
0.000909428347703
0.000760686446463
0.000760686446463
0.000760686446463
0.000760686446463
0.000801243808757
0.000801243808757
0.000801243808757
0.000801243808757
0.0009411765555
0.0009411765555
0.0009411765555
0.0009411765555
0.00154601111405
0.00154601111405
0.00154601111405
0.00154601111405
0.000701528903292
0.000701528903292
0.000701528903292
0.000701528903292
0.000572416967693
0.000572416967693
0.000572416967693
0.000572416967693
0.000845504307418
0.000845504307418
0.000845504307418
0.000845504307418
0.000470827907472
0.000470827907472
0.000470827907472
0.000470827907472
0.00208465306946
0.00208465306946
0.00208465306946
0.00208465306946
0.00196593389634
0.00196593389634
0.00196593389634
0.00196593389634
0.0037470876624
0.0037470876624
0.00374708766238
0.00374708766235
0.00444448408461
0.00444448408461
0.00444448408461
0.00444448408461
0.00195554211451
0.00195554211451
0.00195554211451
0.00195554211451
0.00186363855776
0.00186363855776
0.00186363855776
0.00186363855776
0.00223856614345
0.00223856614345
0.00223856614345
0.00223856614345
0.00230507132712
0.00230507132712
0.00230507132712
0.00230507132712
0.00103700149556
0.00103700149556
0.00103700149556
0.00103700149556
0.000690730261015
0.000690730261015
0.000690730261015
0.000690730261015
0.00119809917999
0.00119809917999
0.00119809917999
0.00119809917999
0.000989322020372
0.000989322020372
0.000989322020372
0.000989322020372
0.00122033336396
0.00122033336396
0.00122033336396
0.00122033336396
0.00106683324943
0.00106683324943
0.00106683324943
0.00106683324943
0.00209992134785
0.00209992134785
0.00209992134785
0.00209992134785
0.00226890159173
0.00226890159173
0.00226890159173
0.00226890159173
0.00617928806452
0.00617928806452
0.00617928806452
0.00617928806452
0.00692037454552
0.00692037454552
0.00692037454552
0.00692037454552
0.000448934104563
0.000448934104563
0.000448934104563
0.000448934104563
0.000331275118976
0.000331275118976
0.000331275118976
0.000331275118976
0.00391806921677
0.00391806921678
0.00391806921678
0.00391806921676
0.00500298570672
0.00500298570676
0.00500298570676
0.00500298570676
0.00464841022024
0.00464841022024
0.00464841022024
0.00464841022024
0.00401272292808
0.00401272292808
0.00401272292808
0.00401272292808
0.00283568670322
0.00283568670322
0.00283568670322
0.00283568670322
0.00249491032547
0.00249491032547
0.00249491032547
0.00249491032547
0.00266645095441
0.00266645095441
0.00266645095441
0.00266645095441
0.00209433761473
0.00209433761473
0.00209433761473
0.00209433761473
0.00166387173069
0.00166387173069
0.00166387173069
0.00166387173069
0.00177464942988
0.00177464942988
0.00177464942988
0.00177464942988
0.00149696195865
0.00149696195865
0.00149696195865
0.00149696195865
0.0011482514448
0.0011482514448
0.0011482514448
0.0011482514448
0.00132172016553
0.00132172016553
0.00132172016553
0.00132172016553
0.00116099728194
0.00116099728194
0.00116099728194
0.00116099728194
0.00157790449292
0.00157790449292
0.00157790449292
0.00157790449292
0.00181547557838
0.00181547557838
0.00181547557838
0.00181547557838
0.00260504482256
0.00260504482256
0.00260504482256
0.00260504482256
0.0025211521079
0.0025211521079
0.0025211521079
0.0025211521079
0.0040779559669
0.0040779559669
0.0040779559669
0.0040779559669
0.00364822472918
0.00364822472918
0.00364822472918
0.00364822472918
0.00371341790757
0.00371341790757
0.00371341790757
0.00371341790757
0.00435952836263
0.00435952836263
0.00435952836263
0.00435952836263
0.00547719557636
0.00547719557636
0.00547719557636
0.00547719557636
0.00528554495595
0.00528554495595
0.00528554495595
0.00528554495595
0.00126983463446
0.00126983463446
0.00126983463446
0.00126983463446
0.00145540031979
0.00145540031979
0.00145540031979
0.00145540031979
0.000914199437866
0.000914199437866
0.000914199437866
0.000914199437866
0.000867523179161
0.000867523179161
0.000867523179161
0.000867523179161
0.00129706482496
0.00129706482494
0.00129706482494
0.00129706482496
0.00109778252816
0.00109778252816
0.00109778252816
0.00109778252816
0.000143026671941
0.000143026671941
0.000143026671941
0.000143026671941
0.000193025923632
0.000193025923632
0.000193025923632
0.000193025923632
0.000140536886179
0.000140536886179
0.000140536886179
0.000140536886179
0.00019917884485
0.00019917884485
0.00019917884485
0.00019917884485
0.000190671653247
0.000190671653247
0.000190671653247
0.000190671653247
0.000213468973114
0.000213468973114
0.000213468973114
0.000213468973114
0.000251816695253
0.000251816695253
0.000251816695253
0.000251816695253
0.000322164424949
0.000322164424948
0.000322164424943
0.000322164424942
0.000241013431951
0.000241013431951
0.000241013431951
0.000241013431951
0.000186227433699
0.000186227433699
0.000186227433699
0.000186227433699
0.000158429552446
0.000158429552446
0.000158429552446
0.000158429552446
0.000176783796424
0.000176783796424
0.000176783796424
0.000176783796424
0.0002350325233
0.0002350325233
0.000235032523299
0.000235032523299
0.000258888637111
0.000258888637111
0.000258888637111
0.000258888637111
0.000131947396052
0.000131947396052
0.000131947396052
0.000131947396052
0.000195796576528
0.000195796576528
0.000195796576528
0.000195796576528
0.00429947881404
0.00429947881404
0.00429947881404
0.00429947881404
0.00375515503924
0.00375515503924
0.00375515503924
0.00375515503924
0.00179096625093
0.00179096625094
0.00179096625093
0.00179096625093
0.00140268699462
0.00140268699462
0.00140268699462
0.00140268699462
0.00115416894041
0.00115416894041
0.00115416894041
0.00115416894041
0.00091001816655
0.00091001816655
0.00091001816655
0.00091001816655
0.000354714883663
0.000354714883663
0.000354714883663
0.000354714883663
0.000279727545418
0.000279727545417
0.000279727545417
0.000279727545417
0.00626461687582
0.00626461687582
0.00626461687582
0.00626461687582
0.00514551311376
0.00514551311376
0.00514551311376
0.00514551311376
0.00028564414612
0.00028564414612
0.00028564414612
0.00028564414612
0.000225962141464
0.000225962141464
0.000225962141464
0.000225962141464
0.00023163748405
0.00023163748405
0.00023163748405
0.00023163748405
0.000141222752159
0.000141222752159
0.000141222752159
0.000141222752159
0.000114028053152
0.000114028053152
0.000114028053152
0.000114028053152
0.000135373223292
0.000135373223292
0.000135373223292
0.000135373223292
0.000125647097172
0.000125647097172
0.000125647097172
0.000125647097171
0.000297014247952
0.000297014247952
0.000297014247952
0.000297014247952
0.000148679335271
0.000148679335271
0.000148679335271
0.000148679335271
0.000193031906579
0.000193031906578
0.000193031906578
0.000193031906578
0.000150464718859
0.000150464718859
0.000150464718859
0.000150464718859
0.000215538319906
0.000215538319906
0.000215538319906
0.000215538319906
0.000262387791817
0.000262387791817
0.000262387791817
0.000262387791817
0.00340723762637
0.00340723762637
0.00340723762637
0.00340723762637
0.00348700979788
0.00348700979788
0.00348700979788
0.00348700979788
0.000729016925146
0.000729016925146
0.000729016925146
0.000729016925146
0.00102065094799
0.00102065094799
0.00102065094799
0.00102065094799
0.0024148382277
0.0024148382277
0.0024148382277
0.0024148382277
0.00243633569313
0.00243633569313
0.00243633569313
0.00243633569313
0.00186528860601
0.00186528860601
0.00186528860603
0.001865288606
0.0022148814985
0.00221488149848
0.00221488149849
0.0022148814985
0.00158541124943
0.00158541124943
0.00158541124943
0.00158541124943
0.00156586095121
0.00156586095121
0.00156586095118
0.00156586095122
0.00185174264997
0.00185174264997
0.00185174264997
0.00185174264997
0.00111595512399
0.00111595512399
0.00111595512399
0.00111595512399
0.00198251692652
0.00198251692652
0.00198251692652
0.00198251692652
0.00143208165818
0.00143208165818
0.00143208165818
0.00143208165818
0.00143033990966
0.00143033990966
0.00143033990966
0.00143033990966
0.00207172667594
0.00207172667594
0.00207172667594
0.00207172667594
0.00165785598238
0.00165785598238
0.00165785598238
0.00165785598238
0.00124736399233
0.00124736399233
0.00124736399233
0.00124736399233
0.00129096948032
0.00129096948032
0.00129096948032
0.00129096948032
0.00154555434924
0.00154555434924
0.00154555434924
0.00154555434924
0.00200171144811
0.00200171144811
0.00200171144811
0.00200171144811
0.0014149734031
0.0014149734031
0.0014149734031
0.0014149734031
0.000567059008018
0.000567059008018
0.000567059008018
0.000567059008018
0.000225244520976
0.000225244520976
0.000225244520976
0.000225244520976
0.000356647106788
0.000356647106788
0.000356647106788
0.000356647106788
0.000327628855701
0.000327628855701
0.000327628855701
0.000327628855701
0.000425229812767
0.000425229812767
0.000425229812767
0.000425229812767
0.000445842287047
0.000445842287047
0.000445842287047
0.000445842287047
0.00442793870464
0.00442793870464
0.00442793870464
0.00442793870464
0.00484688815385
0.00484688815385
0.00484688815385
0.00484688815385
0.000475883412366
0.000475883412366
0.000475883412366
0.000475883412366
0.000379630324374
0.000379630324374
0.000379630324374
0.000379630324374
0.000425437369931
0.000425437369931
0.000425437369931
0.000425437369931
0.000991522095861
0.000991522095861
0.000991522095861
0.000991522095861
0.000975073955375
0.000975073955375
0.000975073955375
0.000975073955375
0.000805209905852
0.000805209905852
0.000805209905852
0.000805209905852
0.000959946267248
0.00095994626724
0.000959946267255
0.000959946267233
0.00134321331317
0.00134321331317
0.00134321331317
0.00134321331317
0.000844696548667
0.000844696548667
0.000844696548667
0.000844696548667
0.000301350240994
0.000301350240994
0.000301350241007
0.000301350240994
0.000271463677273
0.000271463677285
0.000271463677285
0.000271463677282
0.000317974957118
0.000317974957118
0.000317974957118
0.000317974957118
0.000256489068892
0.000256489068892
0.000256489068892
0.000256489068892
0.000251263917616
0.000251263917615
0.000251263917615
0.000251263917605
0.000262276474275
0.000262276474275
0.000262276474275
0.000262276474275
0.000387533916286
0.000387533916286
0.000387533916286
0.000387533916286
0.00441345675619
0.0044134567562
0.00441345675617
0.00441345675619
0.0039946558622
0.0039946558622
0.0039946558622
0.0039946558622
0.000236500623027
0.000236500623027
0.000236500623027
0.000236500623027
0.000283894388656
0.000283894388656
0.000283894388656
0.000283894388656
0.000186522273362
0.000186522273362
0.000186522273362
0.000186522273362
0.000140731968153
0.000140731968153
0.000140731968153
0.000140731968153
0.000191624590295
0.000191624590296
0.000191624590296
0.000191624590296
0.000228460041348
0.000228460041348
0.000228460041348
0.000228460041348
0.00140711573195
0.00140711573195
0.00140711573195
0.00140711573195
0.00191873460699
0.00191873460699
0.00191873460699
0.00191873460699
0.000824501593546
0.000824501593546
0.000824501593546
0.000824501593546
0.000915533092913
0.000915533092913
0.000915533092913
0.000915533092938
0.0059125311587
0.0059125311587
0.0059125311587
0.0059125311587
0.00441816253854
0.00441816253854
0.00441816253854
0.00441816253854
0.00729240085923
0.00729240085923
0.00729240085923
0.00729240085923
0.00732014046493
0.00732014046493
0.00732014046493
0.00732014046493
0.00421141506826
0.00421141506826
0.00421141506826
0.00421141506826
0.00367444047025
0.00367444047025
0.00367444047025
0.00367444047025
0.00411128798463
0.00411128798463
0.00411128798463
0.00411128798463
0.00363328916711
0.00363328916711
0.00363328916711
0.00363328916711
0.00204286866994
0.00204286866994
0.00204286866994
0.00204286866994
0.00193338657914
0.00193338657914
0.00193338657914
0.00193338657914
0.000301729025649
0.000301729025649
0.000301729025649
0.000301729025649
0.000283468054726
0.000283468054726
0.000283468054726
0.000283468054726
0.000323153983732
0.000323153983732
0.000323153983732
0.000323153983732
0.00029894922297
0.000298949222971
0.000298949222982
0.000298949222971
0.000571268465477
0.000571268465477
0.000571268465477
0.000571268465477
0.000687021937026
0.000687021937026
0.000687021937026
0.000687021937026
0.00066647687163
0.00066647687163
0.00066647687163
0.00066647687163
0.00237160142679
0.00237160142679
0.00237160142679
0.00237160142679
0.00187803907537
0.00187803907537
0.00187803907537
0.00187803907537
0.00250263108569
0.00250263108569
0.00250263108569
0.00250263108569
0.00211395757922
0.00211395757922
0.00211395757922
0.00211395757922
0.00218069371059
0.00218069371059
0.00218069371059
0.00218069371059
0.00266811536167
0.00266811536167
0.00266811536167
0.00266811536167
0.00168310118632
0.00168310118632
0.00168310118632
0.00168310118632
0.00182425414758
0.00182425414758
0.00182425414758
0.00182425414758
0.00184091350696
0.00184091350696
0.00184091350696
0.00184091350696
0.00214733122552
0.00214733122552
0.00214733122552
0.00214733122552
0.00580613373479
0.00580613373479
0.00580613373479
0.00580613373479
0.00416945964626
0.00416945964626
0.00416945964626
0.00416945964626
0.00183912602224
0.00183912602224
0.00183912602224
0.00183912602224
0.001838730196
0.001838730196
0.001838730196
0.001838730196
0.00224194886154
0.00224194886154
0.00224194886154
0.00224194886154
0.00178668921039
0.00178668921039
0.00178668921039
0.00178668921039
0.00247408348907
0.00247408348907
0.00247408348907
0.00247408348907
0.00257556993277
0.00257556993277
0.00257556993277
0.00257556993277
0.00213774648844
0.00213774648844
0.00213774648844
0.00213774648844
0.00205528653271
0.00205528653271
0.00205528653271
0.00205528653271
0.00274990053908
0.00274990053908
0.00274990053908
0.00274990053908
0.00243775818537
0.00243775818537
0.00243775818537
0.00243775818537
0.00301568663889
0.00301568663889
0.00301568663889
0.00301568663889
0.00244487547011
0.00244487547011
0.00244487547011
0.00244487547011
0.00218695462132
0.00218695462132
0.00218695462132
0.00218695462132
0.00229449966802
0.00229449966802
0.00229449966802
0.00229449966802
0.0014246196689
0.0014246196689
0.00142461966891
0.0014246196689
0.00111613870182
0.00111613870182
0.00111613870182
0.00111613870182
0.00114870130743
0.00114870130743
0.00114870130743
0.00114870130743
0.00124583656387
0.00124583656387
0.00124583656386
0.00124583656388
0.00138658073588
0.00138658073589
0.0013865807359
0.00138658073589
0.0013301853325
0.0013301853325
0.0013301853325
0.0013301853325
0.00120893496339
0.00120893496339
0.00120893496339
0.00120893496339
0.00157556786764
0.00157556786764
0.00157556786764
0.00157556786764
0.00239761557059
0.00239761557059
0.00239761557059
0.00239761557059
0.0025038776112
0.0025038776112
0.0025038776112
0.0025038776112
0.00270106685217
0.00270106685217
0.00270106685217
0.00270106685217
0.00205063078883
0.00205063078883
0.00205063078883
0.00205063078883
0.00288647404294
0.00288647404294
0.00288647404294
0.00288647404294
0.00191810562504
0.00191810562504
0.00191810562504
0.00191810562504
0.00197009068452
0.00197009068452
0.00197009068452
0.00197009068452
0.00247044728648
0.00247044728648
0.00247044728648
0.00247044728648
0.00206109107178
0.00206109107178
0.00206109107178
0.00206109107178
0.0011745643633
0.00117456436331
0.00117456436332
0.00117456436331
0.00112968135764
0.00112968135762
0.00112968135763
0.00112968135762
0.00114166425657
0.00114166425657
0.00114166425657
0.00114166425657
0.00108529591124
0.00108529591124
0.00108529591124
0.00108529591124
0.00265362198187
0.00265362198187
0.00265362198187
0.00265362198187
0.00263973182667
0.00263973182667
0.00263973182667
0.00263973182667
0.001594088698
0.001594088698
0.001594088698
0.001594088698
0.00149149523975
0.00149149523975
0.00149149523975
0.00149149523975
0.00171134567311
0.00171134567311
0.00171134567311
0.00171134567311
0.00159361020998
0.00159361020998
0.00159361020998
0.00159361020998
0.00320857678123
0.00320857678123
0.00320857678123
0.00320857678123
0.00210891302951
0.00210891302951
0.00210891302951
0.00210891302951
0.00187016010331
0.00187016010333
0.00187016010332
0.00187016010332
0.00133223317574
0.00133223317574
0.00133223317574
0.00133223317574
0.00135283072267
0.00135283072266
0.00135283072265
0.00135283072266
0.00253734498955
0.00253734498955
0.00253734498955
0.00253734498955
0.00387723941003
0.00387723941003
0.00387723941003
0.00387723941003
0.001993629563
0.001993629563
0.001993629563
0.001993629563
0.00239385736214
0.00239385736214
0.00239385736214
0.00239385736214
0.00222444936383
0.00222444936383
0.00222444936383
0.00222444936383
0.00231311073489
0.00231311073489
0.00231311073489
0.00231311073489
0.00155074012914
0.00155074012914
0.00155074012914
0.00155074012914
0.00162160679456
0.00162160679456
0.00162160679456
0.00162160679456
0.00158510468904
0.00158510468904
0.00158510468904
0.00158510468904
0.00189675519157
0.00189675519157
0.00189675519157
0.00189675519157
0.00274202509114
0.00274202509114
0.00274202509114
0.00274202509115
0.00294381043947
0.00294381043947
0.00294381043947
0.00294381043947
0.000343680631637
0.000343680631637
0.000343680631637
0.000343680631637
0.000336407698782
0.000336407698782
0.000336407698782
0.000336407698782
0.000240604794486
0.000240604794486
0.000240604794486
0.000240604794486
0.000205299896078
0.000205299896078
0.000205299896078
0.000205299896078
0.000261422281999
0.000261422281999
0.000261422281999
0.000261422281999
0.000269833805297
0.000269833805297
0.000269833805297
0.000269833805297
0.000494568082359
0.000494568082359
0.000494568082359
0.000494568082359
0.000425320253656
0.000425320253656
0.000425320253656
0.000425320253656
0.000565414882495
0.000565414882495
0.000565414882495
0.000565414882495
0.000545734708014
0.000545734708005
0.000545734708009
0.000545734708
0.000772480288852
0.000772480288852
0.000772480288852
0.000772480288852
0.000707246540766
0.000707246540766
0.000707246540766
0.000707246540766
0.00230718198452
0.00230718198452
0.00230718198452
0.00230718198456
0.00214993193053
0.00214993193053
0.00214993193052
0.00214993193056
0.00278428220111
0.00278428220111
0.0027842822011
0.0027842822011
0.00217249964909
0.00217249964909
0.00217249964909
0.00217249964909
0.000330100624011
0.000330100624011
0.000330100624011
0.000330100624011
0.000373345636105
0.000373345636105
0.000373345636105
0.000373345636105
0.00191734034903
0.00191734034903
0.00191734034903
0.00191734034903
0.00185100379503
0.00185100379503
0.00185100379503
0.00185100379503
0.00230106411021
0.00230106411021
0.00230106411021
0.00230106411021
0.00227125037805
0.00227125037805
0.00227125037806
0.00227125037804
0.0041517076527
0.0041517076527
0.0041517076527
0.0041517076527
0.000765965604964
0.000765965604961
0.000765965604951
0.000765965604954
0.000483276836236
0.000483276836241
0.000483276836239
0.000483276836234
0.000497733154135
0.000497733154135
0.000497733154127
0.000497733154149
0.000466613240937
0.000466613240937
0.000466613240937
0.000466613240937
0.000299204950903
0.000299204950903
0.000299204950903
0.000299204950903
0.000282178492922
0.000282178492922
0.000282178492922
0.000282178492922
0.000351074622112
0.000351074622112
0.000351074622112
0.000351074622112
0.000354203645121
0.000354203645121
0.000354203645121
0.000354203645121
0.000466724347496
0.000466724347496
0.000466724347496
0.000466724347496
0.000381777740561
0.000381777740561
0.000381777740561
0.000381777740561
0.00483568904802
0.00483568904802
0.00483568904802
0.00483568904802
0.00513637102896
0.00513637102896
0.00513637102896
0.00513637102896
0.000541987501617
0.000541987501617
0.000541987501617
0.000541987501617
0.000405478827761
0.000405478827761
0.000405478827761
0.000405478827761
0.000464799090216
0.000464799090216
0.000464799090216
0.000464799090216
0.000442277847494
0.000442277847494
0.000442277847494
0.000442277847494
0.000912588633505
0.000912588633505
0.000912588633505
0.000912588633505
0.000914458148045
0.000914458148045
0.000914458148045
0.000914458148045
0.000749821980585
0.000749821980585
0.000749821980585
0.000749821980585
0.000698818864939
0.000698818864939
0.000698818864939
0.000698818864939
0.00331863033516
0.00331863033516
0.00331863033522
0.00331863033516
0.00355043341891
0.00355043341892
0.00355043341892
0.00355043341891
0.00522058094173
0.00522058094173
0.00522058094173
0.00522058094173
0.00594245800021
0.00594245800021
0.00594245800021
0.00594245800021
0.000657050237407
0.000657050237415
0.000657050237425
0.000657050237417
0.000806360004439
0.000806360004439
0.000806360004439
0.00080636000444
0.00117932170318
0.00117932170318
0.00117932170318
0.00117932170318
0.00133152548218
0.00133152548218
0.00133152548218
0.00133152548218
0.00121697365353
0.00121697365353
0.00121697365353
0.00121697365353
0.000976160622105
0.000976160622105
0.000976160622105
0.000976160622105
0.000861087459711
0.000861087459711
0.000861087459711
0.000861087459711
0.000859798361331
0.000859798361331
0.000859798361331
0.000859798361331
0.00125126273862
0.00125126273864
0.00125126273862
0.00125126273864
0.00124286043663
0.00124286043663
0.00124286043663
0.00124286043663
0.000430197555413
0.000430197555413
0.000430197555413
0.000430197555413
0.00038977091364
0.00038977091364
0.00038977091364
0.00038977091364
0.00170385450933
0.00170385450933
0.00170385450933
0.00170385450933
0.0013880276991
0.0013880276991
0.0013880276991
0.0013880276991
0.00047089919307
0.00047089919307
0.00047089919307
0.00047089919307
0.000587343865004
0.000587343865012
0.000587343865012
0.000587343865019
0.000484723157397
0.000484723157397
0.000484723157397
0.000484723157396
0.000480713796859
0.000480713796859
0.000480713796859
0.000480713796859
0.000586433678082
0.000586433678082
0.000586433678082
0.000586433678082
0.00050517745969
0.00050517745969
0.00050517745969
0.000505177459691
0.000657246286007
0.000657246286014
0.000657246286023
0.000657246286014
0.000786346915799
0.000786346915799
0.000786346915799
0.000786346915799
0.000777698210651
0.000777698210651
0.000777698210651
0.000777698210651
0.00253723919155
0.00253723919155
0.00253723919155
0.00253723919155
0.00292683293374
0.00292683293374
0.00292683293374
0.00292683293374
0.00397056277923
0.00397056277923
0.00397056277918
0.00397056277923
0.00391304574208
0.00391304574204
0.00391304574204
0.00391304574204
0.000525055731658
0.000525055731658
0.000525055731658
0.000525055731658
0.000509956887576
0.000509956887576
0.000509956887576
0.000509956887576
0.000465661819968
0.000465661819968
0.000465661819968
0.000465661819968
0.000363859852514
0.000363859852514
0.000363859852514
0.000363859852514
0.000381545283395
0.000381545283395
0.000381545283395
0.000381545283395
0.000456654539689
0.000456654539689
0.000456654539689
0.000456654539689
0.000677121551335
0.000677121551335
0.000677121551335
0.000677121551335
0.000608763380181
0.000608763380181
0.000608763380181
0.000608763380181
0.000230688378772
0.000230688378772
0.000230688378772
0.000230688378772
0.000163682690159
0.000163682690159
0.000163682690159
0.000163682690159
0.000368982654164
0.000368982654164
0.000368982654164
0.000368982654164
0.000306435942215
0.000306435942215
0.000306435942215
0.000306435942215
0.000505378946508
0.000505378946508
0.000505378946508
0.000505378946508
0.000590368289633
0.000590368289633
0.000590368289633
0.000590368289633
0.000546011405593
0.000546011405593
0.000546011405593
0.000546011405593
0.000616808337106
0.000616808337106
0.000616808337106
0.000616808337106
0.000477739280341
0.000477739280341
0.000477739280341
0.000477739280341
0.000474811629859
0.000474811629859
0.000474811629859
0.000474811629859
0.000404037309048
0.000404037309048
0.000404037309048
0.000404037309048
0.000510241575844
0.000510241575844
0.000510241575844
0.000510241575844
0.000510816873515
0.000510816873515
0.000510816873515
0.000510816873515
0.000610652010222
0.000610652010222
0.000610652010222
0.000610652010222
0.000488573533039
0.000488573533039
0.000488573533043
0.000488573533025
0.000837282571254
0.000837282571254
0.000837282571254
0.000837282571254
0.000790164838176
0.000790164838176
0.000790164838176
0.000790164838176
0.000463236174003
0.000463236174003
0.000463236174003
0.000463236174003
0.000510081122087
0.000510081122066
0.000510081122066
0.000510081122066
0.000474420291851
0.000474420291851
0.000474420291851
0.000474420291851
0.000552901357307
0.000552901357307
0.000552901357307
0.000552901357307
0.000523592045279
0.000523592045279
0.000523592045279
0.000523592045279
0.00322395523062
0.00322395523062
0.00322395523062
0.00322395523062
0.00326226809488
0.0032622680949
0.00326226809489
0.00326226809489
0.000697618358009
0.000697618358008
0.000697618358008
0.000697618358008
0.000542724413079
0.000542724413079
0.000542724413077
0.000542724413077
0.00025992649527
0.00025992649527
0.00025992649527
0.000259926495282
0.000245228692536
0.000245228692537
0.000245228692533
0.000245228692532
0.00247883892249
0.00247883892249
0.00247883892249
0.00247883892249
0.00229402163872
0.00229402163872
0.00229402163872
0.00229402163872
0.000477380212671
0.000477380212671
0.000477380212671
0.000477380212671
0.00250140111488
0.00250140111488
0.00250140111488
0.00250140111488
0.0022320539596
0.0022320539596
0.0022320539596
0.0022320539596
0.0018630854734
0.0018630854734
0.0018630854734
0.0018630854734
0.00212871806505
0.00212871806505
0.00212871806505
0.00212871806505
0.00141392277393
0.00141392277392
0.0014139227739
0.00141392277392
0.00122003001058
0.00122003001058
0.00122003001058
0.00122003001058
0.000938867034784
0.000938867034784
0.000938867034783
0.000938867034785
0.000941809795796
0.000941809795795
0.000941809795794
0.000941809795795
0.0018212775381
0.0018212775381
0.0018212775381
0.0018212775381
0.00171855641989
0.00171855641989
0.00171855641989
0.00171855641989
0.000585918937618
0.000585918937618
0.000585918937618
0.000585918937618
0.000593780811644
0.000593780811644
0.000593780811644
0.000593780811644
0.00084136960557
0.00084136960557
0.00084136960557
0.00084136960557
0.000536310909935
0.000536310909935
0.000536310909935
0.000536310909935
0.0013225699002
0.0013225699002
0.0013225699002
0.0013225699002
0.00119490062868
0.00119490062868
0.00119490062868
0.00119490062868
0.00253916758765
0.00253916758764
0.00253916758767
0.00253916758766
0.00193652314043
0.00193652314043
0.00193652314043
0.00193652314043
0.00031383630897
0.00031383630897
0.00031383630897
0.00031383630897
0.00222584177156
0.00222584177156
0.00222584177156
0.00222584177156
0.00254451078895
0.00254451078895
0.00254451078895
0.00254451078895
0.000213761343081
0.000213761343081
0.000213761343081
0.000213761343081
0.000260412713989
0.000260412713989
0.000260412713989
0.000260412713989
0.000498829055658
0.000498829055658
0.000498829055658
0.000498829055658
0.0005121392439
0.0005121392439
0.0005121392439
0.0005121392439
0.000220098526799
0.000220098526799
0.000220098526799
0.000220098526799
0.000173845471102
0.000173845471102
0.000173845471102
0.000173845471102
0.000196567580425
0.000196567580425
0.000196567580425
0.000196567580425
0.000198505200648
0.000198505200648
0.000198505200648
0.000198505200648
0.00143765213656
0.00143765213656
0.00143765213656
0.00143765213656
0.00121571206908
0.00121571206908
0.00121571206911
0.00121571206908
0.0012349285528
0.00123492855283
0.00123492855283
0.00123492855283
0.00140845266761
0.00140845266761
0.00140845266763
0.0014084526676
0.000243649349139
0.000243649349139
0.000243649349139
0.000243649349139
0.000234551546698
0.000234551546703
0.000234551546697
0.000234551546704
0.000217138450552
0.000217138450547
0.000217138450548
0.000217138450551
0.000290951418548
0.000290951418548
0.000290951418546
0.000290951418558
0.000645583738944
0.000645583738944
0.000645583738944
0.000645583738944
0.000603188727972
0.000603188727972
0.000603188727972
0.000603188727972
0.00061852779561
0.00061852779561
0.00061852779561
0.00061852779561
0.000681042412348
0.000681042412348
0.000681042412348
0.000681042412348
0.00341395422748
0.00341395422748
0.00341395422748
0.00341395422748
0.00362111387455
0.00362111387455
0.00362111387455
0.00362111387455
0.00160269511877
0.00160269511879
0.0016026951188
0.00160269511879
0.00126429220135
0.00126429220135
0.00126429220135
0.00126429220135
0.00142949430376
0.00142949430376
0.00142949430376
0.00142949430376
0.00166436315454
0.00166436315454
0.00166436315454
0.00166436315454
0.00323267945884
0.00323267945884
0.00323267945884
0.00323267945884
0.00334769682809
0.00334769682809
0.00334769682809
0.00334769682809
0.00137509134153
0.00137509134153
0.00137509134153
0.00137509134153
0.0014513868937
0.0014513868937
0.0014513868937
0.0014513868937
0.00143240118726
0.00143240118726
0.00143240118726
0.00143240118726
0.00160153359188
0.00160153359188
0.00160153359188
0.00160153359188
0.000432371913415
0.000432371913415
0.000432371913415
0.000432371913415
0.000290863621385
0.000290863621385
0.000290863621385
0.000290863621385
0.000258789584518
0.000258789584518
0.000258789584518
0.000258789584518
0.000339324400712
0.000339324400712
0.000339324400712
0.000339324400712
0.000660990603426
0.000660990603426
0.000660990603433
0.00066099060344
0.000720003603742
0.000720003603742
0.000720003603742
0.000720003603742
0.000907199287062
0.000907199287062
0.000907199287062
0.000907199287062
0.000878681934086
0.000878681934086
0.000878681934086
0.000878681934086
0.000861738964745
0.000861738964745
0.000861738964745
0.000861738964745
0.00109598162401
0.00109598162401
0.00109598162401
0.00109598162401
0.00111930033045
0.00111930033045
0.00111930033045
0.00111930033045
0.00106036005296
0.00106036005296
0.00106036005296
0.00106036005296
0.00263798925049
0.00263798925049
0.00263798925049
0.00263798925049
0.0034209205807
0.0034209205807
0.0034209205807
0.0034209205807
0.00197415577091
0.00197415577091
0.00197415577091
0.00197415577091
0.00193360874283
0.00193360874283
0.00193360874283
0.00193360874283
0.00195230227791
0.00195230227791
0.00195230227791
0.00195230227791
0.00200988191189
0.00200988191189
0.00200988191189
0.00200988191189
0.00288127440935
0.00288127440935
0.00288127440935
0.00288127440935
0.0027355922533
0.0027355922533
0.0027355922533
0.0027355922533
0.00217545418117
0.00217545418117
0.00217545418117
0.00217545418117
0.00210220231392
0.00210220231392
0.00210220231392
0.00210220231392
0.0043522209536
0.0043522209536
0.0043522209536
0.0043522209536
0.00418961099972
0.00418961099972
0.00418961099972
0.00418961099972
0.000607626249555
0.000607626249555
0.000607626249555
0.000607626249555
0.000545522295613
0.000545522295613
0.000545522295613
0.000545522295613
0.00127369205618
0.00127369205619
0.0012736920562
0.00127369205619
0.00126219791942
0.00126219791942
0.00126219791942
0.00126219791942
0.00165064619809
0.00165064619809
0.00165064619809
0.00165064619809
0.00152272715232
0.00152272715232
0.00152272715232
0.00152272715232
0.00355119074726
0.00355119074726
0.00355119074726
0.00355119074726
0.00388072564242
0.00388072564241
0.0038807256424
0.00388072564239
0.00166865724269
0.00166865724269
0.00166865724269
0.00166865724269
0.00172045851226
0.00172045851226
0.00172045851226
0.00172045851226
0.00101636236215
0.00101636236215
0.00101636236215
0.00101636236215
0.000808140427954
0.000808140427954
0.000808140427954
0.000808140427954
0.000921076674924
0.000921076674924
0.000921076674924
0.000921076674924
0.000925874628457
0.000925874628455
0.000925874628464
0.000925874628447
0.00173258980207
0.00173258980207
0.00173258980207
0.00173258980207
0.00160933570167
0.00160933570167
0.00160933570167
0.00160933570167
0.00193249429611
0.00193249429611
0.00193249429611
0.00193249429611
0.00198455988979
0.00198455988979
0.00198455988979
0.00198455988979
0.0012125169434
0.0012125169434
0.0012125169434
0.0012125169434
0.00168539495451
0.00168539495451
0.00168539495451
0.00168539495451
0.000344882368721
0.000344882368721
0.000344882368721
0.000344882368721
0.000273903086704
0.000273903086704
0.000273903086704
0.000273903086704
0.000336295297564
0.000336295297564
0.000336295297564
0.000336295297564
0.00034668234386
0.00034668234386
0.00034668234386
0.00034668234386
0.000364523477762
0.000364523477762
0.000364523477762
0.000364523477762
0.00041290528108
0.00041290528108
0.00041290528108
0.00041290528108
0.000301172315559
0.000301172315559
0.000301172315559
0.000301172315559
0.000253231107757
0.000253231107757
0.000253231107757
0.000253231107757
0.000315503081123
0.000315503081123
0.000315503081123
0.000315503081123
0.000293264681223
0.000293264681223
0.000293264681223
0.000293264681223
0.000437495932312
0.000437495932312
0.000437495932312
0.000437495932312
0.000459897080618
0.000459897080618
0.000459897080618
0.000459897080618
0.00027819230196
0.00027819230196
0.00027819230196
0.00027819230196
0.000268400224917
0.000268400224917
0.000268400224917
0.000268400224917
0.000251456008037
0.000251456008037
0.000251456008037
0.000251456008037
0.000318220068201
0.000318220068201
0.000318220068201
0.000318220068201
0.000423123693082
0.000423123693082
0.000423123693082
0.000423123693082
0.000399103812445
0.00039910381245
0.000399103812457
0.000399103812453
0.000615527768131
0.000615527768131
0.000615527768131
0.000615527768131
0.000544977156099
0.000544977156099
0.000544977156099
0.000544977156099
0.000572940902695
0.000572940902695
0.000572940902695
0.000572940902695
0.000622066640922
0.000622066640922
0.000622066640922
0.000622066640922
0.00228976323947
0.00228976323947
0.00228976323947
0.00228976323947
0.00228127832179
0.00228127832179
0.00228127832183
0.00228127832179
0.0024245844238
0.00242458442382
0.00242458442381
0.00242458442382
0.00265540281306
0.00265540281308
0.00265540281309
0.00265540281307
0.000730219158926
0.000730219158936
0.000730219158932
0.000730219158941
0.000852212870428
0.000852212870428
0.000852212870428
0.000852212870428
0.00117183112378
0.00117183112378
0.00117183112378
0.00117183112378
0.00109264979463
0.00109264979463
0.00109264979463
0.00109264979463
0.000535815187267
0.000535815187267
0.000535815187267
0.000535815187267
0.000518068788228
0.000518068788228
0.000518068788229
0.000518068788228
0.000311195160724
0.000311195160725
0.000311195160725
0.000311195160725
0.000253514126265
0.000253514126265
0.000253514126265
0.000253514126265
0.000284473566317
0.000284473566317
0.000284473566317
0.000284473566317
0.000394599001286
0.00039459900129
0.000394599001283
0.000394599001287
0.000680832598476
0.000680832598476
0.000680832598476
0.000680832598476
0.000586054610992
0.000586054610992
0.000586054610992
0.000586054610992
0.000433386016703
0.000433386016703
0.000433386016703
0.000433386016703
0.000472228014139
0.000472228014139
0.000472228014139
0.000472228014139
0.000413171105553
0.000413171105553
0.000413171105553
0.000413171105553
0.000447012980358
0.000447012980358
0.000447012980358
0.000447012980358
0.000231580800373
0.000231580800373
0.000231580800373
0.000231580800373
0.000221463723852
0.000221463723852
0.000221463723852
0.000221463723852
0.000259445884035
0.000259445884035
0.000259445884035
0.000259445884035
0.00022237724264
0.00022237724264
0.00022237724264
0.00022237724264
0.00210940180072
0.00210940180072
0.00210940180072
0.00210940180072
0.00253736920843
0.00253736920843
0.00253736920843
0.00253736920843
0.000401927557457
0.000401927557464
0.000401927557461
0.000401927557468
0.00041223766815
0.00041223766815
0.00041223766815
0.00041223766815
0.000502594348918
0.000502594348918
0.000502594348918
0.000502594348918
0.00049920991168
0.00049920991168
0.00049920991168
0.00049920991168
0.000442409760268
0.000442409760268
0.000442409760268
0.000442409760268
0.000463583991226
0.000463583991226
0.000463583991226
0.000463583991226
0.00287492591409
0.00287492591408
0.00287492591408
0.00287492591408
0.00276415103501
0.00276415103502
0.00276415103505
0.00276415103502
0.000341569966514
0.000341569966514
0.000341569966514
0.000341569966514
0.000282850919169
0.000282850919169
0.000282850919169
0.000282850919169
0.000167130745185
0.000167130745185
0.000167130745185
0.000167130745185
0.000154464343333
0.000154464343333
0.000154464343333
0.000154464343333
0.000200251494146
0.000200251494146
0.000200251494146
0.000200251494146
0.000174931621365
0.000174931621365
0.000174931621365
0.000174931621365
0.000369431237912
0.000369431237912
0.000369431237914
0.000369431237912
0.000402438912183
0.000402438912183
0.000402438912183
0.000402438912183
0.00340319392366
0.00340319392366
0.00340319392366
0.00340319392366
0.00357540353359
0.00357540353359
0.00357540353359
0.00357540353359
0.00246011280836
0.00246011280836
0.00246011280836
0.00246011280836
0.00210826335572
0.00210826335572
0.00210826335572
0.00210826335572
0.000384017632614
0.000384017632614
0.000384017632614
0.000384017632614
0.000394936034766
0.000394936034766
0.000394936034766
0.000394936034766
0.00025841065833
0.00025841065833
0.00025841065833
0.00025841065833
0.000211838955686
0.000211838955686
0.000211838955686
0.000211838955686
0.000235822279571
0.000235822279571
0.000235822279571
0.000235822279571
0.000208420488032
0.000208420488032
0.000208420488032
0.000208420488032
0.00304985353751
0.00304985353751
0.00304985353751
0.00304985353751
0.00339209951067
0.00339209951067
0.00339209951067
0.00339209951067
0.000211300399522
0.000211300399522
0.000211300399521
0.000211300399522
0.000225506735101
0.000225506735101
0.000225506735101
0.0002255067351
0.000856332594047
0.000856332594046
0.000856332594055
0.000856332594054
0.000912735847542
0.000912735847542
0.000912735847542
0.000912735847542
0.000489420954149
0.000489420954149
0.000489420954149
0.000489420954149
0.000414573631746
0.000414573631746
0.000414573631747
0.000414573631745
0.00041880602101
0.000418806021011
0.000418806021011
0.000418806021012
0.000461421298882
0.000461421298884
0.000461421298884
0.000461421298884
0.000293900863032
0.000293900863032
0.000293900863032
0.000293900863032
0.000277596596704
0.000277596596704
0.000277596596704
0.000277596596704
0.000305659036671
0.000305659036671
0.000305659036671
0.000305659036671
0.000285433394767
0.000285433394767
0.000285433394767
0.000285433394767
0.000291402969378
0.000291402969378
0.000291402969378
0.000291402969378
0.00035454771888
0.00035454771888
0.00035454771888
0.00035454771888
0.00112099981708
0.00112099981708
0.00112099981708
0.00112099981708
0.00132731193646
0.00132731193646
0.00132731193646
0.00132731193646
0.000734843613582
0.000734843613582
0.000734843613582
0.000734843613582
0.000928657785049
0.000928657785049
0.000928657785049
0.000928657785049
0.000867646734163
0.000867646734163
0.000867646734163
0.000867646734163
0.000891189993662
0.000891189993662
0.000891189993662
0.000891189993662
0.00143607404836
0.00143607404836
0.00143607404836
0.00143607404836
0.00180553556304
0.00180553556304
0.00180553556304
0.00180553556304
0.0012831855942
0.0012831855942
0.0012831855942
0.0012831855942
0.00124089661391
0.00124089661391
0.00124089661391
0.00124089661391
0.00118555508025
0.00118555508025
0.00118555508025
0.00118555508025
0.00160482947249
0.00160482947249
0.00160482947249
0.00160482947249
0.00104211731709
0.00104211731709
0.00104211731709
0.00104211731709
0.00108780129902
0.00108780129902
0.00108780129902
0.00108780129902
0.00119310792256
0.00119310792256
0.00119310792256
0.00119310792256
0.00140823809912
0.00140823809912
0.00140823809912
0.00140823809912
0.0013987247402
0.0013987247402
0.0013987247402
0.0013987247402
0.00124391814737
0.00124391814737
0.00124391814737
0.00124391814737
0.00328994995253
0.00328994995253
0.00328994995253
0.00328994995253
0.00357568909387
0.00357568909387
0.00357568909387
0.00357568909387
0.0010936123964
0.0010936123964
0.0010936123964
0.0010936123964
0.000840875459147
0.000840875459147
0.000840875459147
0.000840875459147
0.0010189167606
0.0010189167606
0.0010189167606
0.0010189167606
0.000833534735086
0.000833534735076
0.000833534735087
0.000833534735078
0.00115612996087
0.00115612996087
0.00115612996087
0.00115612996087
0.00130888706034
0.00130888706034
0.00130888706034
0.00130888706034
0.000479711406329
0.000479711406329
0.000479711406329
0.000479711406329
0.000435154599142
0.000435154599142
0.000435154599142
0.000435154599142
0.000581160012629
0.000581160012629
0.000581160012629
0.000581160012629
0.000514096974366
0.000514096974366
0.000514096974366
0.000514096974366
0.000372952706099
0.000372952706099
0.000372952706099
0.000372952706099
0.000484703050962
0.000484703050951
0.000484703050955
0.000484703050957
0.00018413644928
0.00018413644928
0.00018413644928
0.00018413644928
0.00029196845795
0.00029196845795
0.00029196845795
0.00029196845795
0.000110718436027
0.000110718436027
0.000110718436027
0.000110718436027
0.000113546047939
0.000113546047939
0.000113546047939
0.000113546047939
0.000132374723698
0.000132374723698
0.000132374723698
0.000132374723698
0.000126589087848
0.000126589087848
0.000126589087848
0.000126589087848
0.000343857307987
0.000343857307987
0.000343857307987
0.000343857307987
0.000373553560505
0.000373553560505
0.000373553560505
0.000373553560505
0.000374405838265
0.000374405838265
0.000374405838265
0.000374405838265
0.00041956364068
0.00041956364068
0.00041956364068
0.00041956364068
0.00040565968823
0.00040565968823
0.00040565968823
0.00040565968823
0.000335870354626
0.000335870354626
0.000335870354626
0.000335870354626
0.000292939363157
0.000292939363157
0.000292939363157
0.000292939363157
0.000225308986857
0.000225308986857
0.000225308986857
0.000225308986857
0.000241834994685
0.000241834994685
0.000241834994685
0.000241834994685
0.000214104975282
0.000214104975282
0.000214104975282
0.000214104975282
0.000255555005829
0.000255555005829
0.000255555005829
0.000255555005829
0.000263691925208
0.000263691925208
0.000263691925208
0.000263691925208
0.00172966447145
0.00172966447145
0.00172966447145
0.00172966447145
0.00191592707102
0.00191592707102
0.00191592707104
0.00191592707101
0.00045457390857
0.00045457390857
0.00045457390857
0.00045457390857
0.000476588641694
0.000476588641689
0.000476588641688
0.000476588641696
0.000353793424523
0.000353793424523
0.000353793424509
0.000353793424523
0.000306491291754
0.000306491291762
0.000306491291762
0.000306491291762
0.000328956895316
0.000328956895313
0.000328956895319
0.000328956895316
0.000389506457438
0.000389506457438
0.000389506457438
0.000389506457438
0.000628544583023
0.000628544583023
0.000628544583023
0.000628544583023
0.000664138034555
0.000664138034555
0.000664138034555
0.000664138034555
0.000343507879886
0.000343507879886
0.000343507879886
0.000343507879886
0.000385269568068
0.000385269568068
0.000385269568068
0.000385269568068
0.000215688586641
0.000215688586641
0.000215688586641
0.000215688586641
0.000259609166805
0.000259609166805
0.000259609166805
0.000259609166805
0.000255190511702
0.000255190511702
0.000255190511702
0.000255190511702
0.000278962873323
0.000278962873323
0.000278962873323
0.000278962873323
0.0003475903348
0.0003475903348
0.0003475903348
0.0003475903348
0.000402296915568
0.000402296915568
0.000402296915568
0.000402296915568
0.000400202983782
0.000400202983782
0.000400202983782
0.000400202983782
0.000311640992568
0.000311640992568
0.000311640992568
0.000311640992568
0.000288025709087
0.000288025709087
0.000288025709087
0.000288025709087
0.000281936200933
0.000281936200933
0.000281936200933
0.000281936200933
0.000113492095606
0.000113492095606
0.000113492095606
0.000113492095606
0.000102079720733
0.000102079720733
0.000102079720733
0.000102079720733
0.00011382192109
0.00011382192109
0.00011382192109
0.00011382192109
9.16329948872e-05
9.16329948872e-05
9.16329948872e-05
9.16329948872e-05
0.000184795265818
0.000184795265818
0.000184795265818
0.000184795265818
0.000143859222875
0.000143859222875
0.000143859222875
0.000143859222875
0.000182755881142
0.000182755881142
0.000182755881142
0.000182755881142
0.000117049785903
0.000117049785903
0.000117049785903
0.000117049785903
0.00014506152496
0.00014506152496
0.00014506152496
0.00014506152496
0.00016355746449
0.00016355746449
0.00016355746449
0.00016355746449
0.000172642406992
0.000172642406992
0.000172642406992
0.000172642406992
0.000186524042961
0.000186524042961
0.000186524042961
0.000186524042961
0.00135405807087
0.00135405807087
0.00135405807087
0.00135405807087
0.00120296778371
0.00120296778373
0.00120296778372
0.00120296778373
0.000146189306583
0.000146189306582
0.000146189306582
0.000146189306582
0.000120200015954
0.000120200015955
0.000120200015955
0.000120200015955
0.000138587748446
0.000138587748446
0.000138587748447
0.000138587748447
0.000159510704704
0.000159510704704
0.000159510704704
0.000159510704704
0.000675619520027
0.000675619520027
0.000675619520027
0.000675619520027
0.000786051129681
0.000786051129681
0.000786051129681
0.000786051129681
0.000400884561262
0.000400884561262
0.000400884561262
0.000400884561262
0.000361519194202
0.000361519194202
0.000361519194202
0.000361519194202
0.00155247831588
0.00155247831588
0.00155247831588
0.00155247831588
0.00140654013582
0.00140654013582
0.00140654013582
0.00140654013582
0.000943782878386
0.000943782878386
0.000943782878386
0.000943782878386
0.00102913212258
0.00102913212258
0.00102913212258
0.00102913212258
0.00029188233544
0.00029188233544
0.00029188233544
0.00029188233544
0.00031032081558
0.00031032081558
0.00031032081558
0.00031032081558
0.000207750840628
0.000207750840628
0.000207750840628
0.000207750840628
0.00021570158172
0.00021570158172
0.00021570158172
0.00021570158172
0.00048759061153
0.000487590611529
0.000487590611523
0.000487590611523
0.00047395081292
0.00047395081292
0.00047395081292
0.00047395081292
0.000313303978308
0.000313303978308
0.000313303978308
0.000313303978308
0.000481428435452
0.000481428435452
0.000481428435452
0.000481428435452
0.000446009566629
0.000446009566629
0.000446009566629
0.000446009566629
0.000582920517411
0.000582920517411
0.000582920517411
0.000582920517411
0.00142143335435
0.00142143335435
0.00142143335435
0.00142143335435
0.00191937925012
0.00191937925011
0.00191937925011
0.00191937925011
0.00121157520001
0.00121157520001
0.00121157519999
0.00121157520002
0.00101074610146
0.00101074610146
0.00101074610146
0.00101074610146
0.000529667903559
0.000529667903559
0.000529667903559
0.000529667903559
0.000645646269291
0.000645646269291
0.000645646269291
0.000645646269291
0.00046521672556
0.00046521672556
0.00046521672556
0.00046521672556
0.00034934041206
0.00034934041206
0.00034934041206
0.000349340412058
0.000381523923369
0.000381523923369
0.000381523923369
0.000381523923369
0.00044596283543
0.00044596283543
0.000445962835432
0.000445962835431
0.000372001522768
0.000372001522768
0.000372001522768
0.000372001522768
0.000291898610085
0.000291898610085
0.000291898610085
0.000291898610075
0.00187466525681
0.00187466525681
0.00187466525681
0.00187466525681
0.00158751429104
0.00158751429104
0.00158751429104
0.00158751429104
0.00144237598374
0.00144237598374
0.00144237598374
0.00144237598374
0.00136192697176
0.00136192697176
0.00136192697176
0.00136192697176
0.00206471035987
0.00206471035987
0.00206471035987
0.00206471035987
0.00226937270662
0.00226937270662
0.00226937270662
0.00226937270662
0.00195698553282
0.00195698553282
0.00195698553282
0.00195698553282
0.00179015692765
0.00179015692765
0.00179015692765
0.00179015692765
0.00244586052954
0.00244586052954
0.00244586052954
0.00244586052954
0.00244432018614
0.00244432018614
0.00244432018614
0.00244432018614
0.000237889180421
0.000237889180421
0.000237889180421
0.000237889180421
0.000177179063434
0.000177179063434
0.000177179063434
0.000177179063434
0.00019166583791
0.00019166583791
0.00019166583791
0.00019166583791
0.000227559387057
0.000227559387057
0.000227559387057
0.000227559387057
0.000563666237636
0.000563666237636
0.000563666237636
0.000563666237636
0.000248740846064
0.000248740846064
0.000248740846064
0.000248740846064
0.000229028615493
0.000229028615493
0.000229028615493
0.000229028615493
0.000259017371787
0.000259017371787
0.000259017371787
0.000259017371787
0.000168296808484
0.000168296808484
0.000168296808484
0.000168296808484
0.00015640208009
0.00015640208009
0.00015640208009
0.00015640208009
0.000181373749075
0.000181373749075
0.000181373749075
0.000181373749075
0.000161824851906
0.000161824851906
0.000161824851906
0.000161824851906
0.000281518062934
0.000281518062934
0.000281518062934
0.000281518062934
0.000274378890274
0.000274378890274
0.000274378890274
0.000274378890274
0.000464546789949
0.00046454678995
0.000464546789949
0.00046454678995
0.000504890756807
0.000504890756807
0.000504890756806
0.000504890756806
0.000349758892863
0.000349758892863
0.000349758892863
0.000349758892863
0.000431468729098
0.000431468729098
0.000431468729098
0.000431468729098
0.00035084225409
0.00035084225409
0.00035084225409
0.00035084225409
0.000432726584015
0.000432726584015
0.000432726584015
0.000432726584015
0.000194191515921
0.000194191515921
0.000194191515923
0.000194191515921
0.000158717674074
0.000158717674074
0.000158717674074
0.000158717674074
