0.0186475294777
0.00998497617285
0.0145761596023
0.0145047241576
0.0176458803632
0.0129949572884
0.0154382287211
0.032506475822
0.041456086687
0.0507206358063
0.0417372253642
0.00842626050035
0.0379981918581
0.00334794258937
0.0342956206513
0.0249473516981
0.0218654258504
0.0257978791851
0.00483380260187
0.00478663457259
0.00384298920441
0.0178841778738
0.015163613009
0.00354662162314
0.0251407967723
0.0170574006647
0.0155974654191
0.0188136141924
0.0105286035355
0.00299618513085
0.0251796395949
0.022419810189
0.0155810172684
0.02580427392
0.0193853617344
0.0257654462392
0.00304134563877
0.00469640701809
0.0168616219695
0.0149420504107
0.0164227384736
0.0046586228899
0.00429131907735
0.00386410117963
0.023292231926
0.0132751963554
0.0130337387186
0.0151942441701
0.00810734855983
0.00817675813777
0.00630353022322
0.017876375742
0.0110459427469
0.0152743689764
0.0211983077651
0.0261380952357
0.0210868185677
0.0173077084493
0.026071248906
0.0058455640991
0.0162170117199
0.0199134742517
0.0239325135035
0.02754151883
0.0315120073453
0.00363030125484
0.00412186786292
0.00883798471889
0.008680050925
0.00745190619178
0.00982265751333
0.00645660131167
0.00763353740823
0.00961423091863
0.00830740434177
0.0050519026149
0.00618432202013
0.00503930801127
0.0045888206968
0.0142985353583
0.0131129469244
0.011200753221
0.0103794497307
0.0115828602723
0.0124742796272
0.0213570517114
0.0178951886096
0.0285210454762
0.0142445094306
0.0118549205489
0.012657152715
0.0073115651413
0.013377212244
0.0179425738771
0.0272368959311
0.0079739054734
0.0116460268894
0.0198842884295
0.0280319394632
0.0225408061142
0.0329529810039
0.00721493790065
0.00398727640623
0.00439971453805
0.00452266716394
0.0082738086482
0.00714142574845
0.00822275032163
0.00930330885562
0.00815061715677
0.010164346173
0.0170409800355
0.00285263821027
0.00229639466579
0.00232049983646
0.00485374309299
0.00532421700857
0.00635166397976
0.00390754381931
0.00310247869883
0.00350912792495
0.00431800087909
0.00318599413479
0.00340747822253
0.00784693570111
0.00509461395779
0.0346207123972
0.00632664763892
0.00523167312621
0.00369901779576
0.00327480136762
0.00553219253887
0.00357653673174
0.00472281887308
0.00840952611756
0.00521715864584
0.00510131866695
0.0058102887703
0.00946639965543
0.0348611493609
0.0314198640905
0.0318187895082
0.0313908182614
0.0120322599246
0.00373998625699
0.003854591015
0.00525117196558
0.0038430135198
0.00417627004161
0.00425070769653
0.0221798479786
0.0160101386939
0.0159181673273
0.014253508331
0.0138265299389
0.0162361250418
0.013061953835
0.021411382563
0.0258221728454
0.0151728991498
0.0145940531488
0.0137011992765
0.0185220246645
0.0242678260677
0.0226147358116
0.0286637278031
0.027075000345
0.0195643580919
0.0161250509158
0.0187374700168
0.0408922598405
0.00238662777393
0.00216006546044
0.00245498369322
0.0101445123759
0.0100431776338
0.0110958432092
0.00940033965433
0.00973345204839
0.00976199476947
0.0146415216868
0.023437957782
0.0029999032871
0.00271336273715
0.00277139341771
0.00242296094213
0.00334311407267
0.0156410664399
0.0180788473761
0.0173074750503
0.0167463866343
0.017307030571
0.0179966192038
0.0351339930234
0.00566198053305
0.00570218885295
0.0343895396161
0.0330398156844
0.00231070428891
0.00194531105879
0.00254225437009
0.00233605031347
0.00275031610857
0.00348545520174
0.0101478241872
0.00794945987509
0.00672375249507
0.00901462164802
0.00818757834309
0.00956871956531
0.0061956716105
0.00628475883426
0.0104164765068
0.00651004970252
0.00452759342743
0.00497507551027
0.00495624323825
0.00425706413449
0.00553689233635
0.00370418909116
0.00464493879602
0.00652455206425
0.00275140325742
0.0021336852643
0.00504984748161
0.00324666803184
0.00385679012521
0.00341164489821
0.00316187640785
0.00322147022906
0.00817432081341
0.0073958809701
0.0324656621677
0.0286608804447
0.0303790592423
0.0325634616834
0.0296671583025
0.0322606762696
0.0341878788016
0.0321748328423
0.0666307630119
0.0354457787225
0.0159570778553
0.0178732182544
0.0197338478264
0.0248149010558
0.0259724772285
0.0210627745706
0.0198098327593
0.0207617639165
0.00906658425222
0.00893864881992
0.00386938692242
0.00430993432788
0.0127789094968
0.0383971407563
0.0281428803397
0.0227723587318
0.0124597049488
0.0110385912277
0.0121824162526
0.0136642204446
0.0168315406793
0.0211482917245
0.0383324230642
0.0418753071801
0.0245323308132
0.015421911931
0.00990242350348
0.0189967762962
0.0313898452144
0.0286673251091
0.00337254121141
0.00239205301527
0.00203791986041
0.00217782683457
0.00182996957235
0.0246800518494
0.0232020902238
0.0198675804882
0.0158924802427
0.0156260963379
0.0144115032006
0.0129710918259
0.0239800846081
0.0288718722781
0.0135889353256
0.0169118727049
0.0175985374871
0.0177619541546
0.0183045801447
0.0230743597384
0.0153440170921
0.0168723861301
0.0163916571028
0.0240749131378
0.0291646571659
0.0307803701364
0.0290199837411
0.0249278862249
0.0203775681348
0.0292719187213
0.00881515047484
0.00834448872457
0.0101225490252
0.00340313371802
0.00322747985833
0.0125037058861
0.0328915950931
0.0334975949016
0.0229703120692
0.0196085571216
0.0158869432949
0.0250747242341
0.02227584007
0.0174512120541
0.0154218092724
0.0244309093084
0.022731756463
0.017463224014
0.0199315968689
0.017614727115
0.0340000551689
0.0348734452325
0.00627882994217
0.00493649400847
0.0101790558923
0.0137272447642
0.016299366856
0.0241848976413
0.0175110557157
0.0156284031971
0.0131941348887
0.0227149351966
0.027417679612
0.0161775484981
0.0112562544775
0.0181104193918
0.0204009344594
0.0184091370312
0.0172186708908
0.0298094666398
0.0238567438609
0.00461940774611
0.0032481025902
0.00330219105165
0.00364900547843
0.00394246125342
0.00455689185634
0.0314939815652
0.0295257349259
0.0328996776973
0.0277231092588
0.0292983714888
0.0295353551097
0.0242969398396
0.0306594668592
0.0374285656946
0.0327416397486
0.03825161253
0.0230119746755
0.0291053365924
0.024535453484
0.0269762478944
0.0293815072341
0.0261706814717
0.0264791898786
0.0449316125218
0.0637753093899
0.0355639515726
0.0301298752182
0.0298849168378
0.0256908535135
0.030694830079
0.0293701667525
0.0335557879425
0.0335627535055
0.00535597839871
0.00812805574368
0.00834027386716
0.0381523025985
0.0377232969277
0.0323728394136
0.00786638118934
0.006290385564
0.0044002344196
0.00556411301062
0.00542012160549
0.00465078656276
0.0049966486955
0.00552169269802
0.00550492251114
0.00596236268965
0.0097365556852
0.00142583004692
0.0014088603518
0.00428227045373
0.00271048079014
0.00331102525796
0.00228034017055
0.0343364994496
0.00664325711495
0.00529464323231
0.00721869567332
0.00896095559065
0.0063982173242
0.0090929214047
0.00837235198606
0.0289761100056
0.0283122880717
0.0314479407696
0.0085298508278
0.00803035187562
0.00648316092888
0.0313262483271
0.0254138123037
0.0288086339306
0.0329812903037
0.00751166153177
0.00567898434544
0.00671196384406
0.0051832070046
0.0111638022808
0.00955700147813
0.0305662213551
0.0291245915238
0.0204650696268
0.0201880748876
0.00292024517582
0.00734953762431
0.0374615824037
0.033611435717
0.00658823360497
0.00159075205455
0.00243906611212
0.0393149279237
0.0318430583651
0.00913953147638
0.0129774331874
0.00956969928221
0.0114160458152
0.0113033572268
0.0113156709483
0.0137256689786
0.0113488465197
0.0096533788703
0.0110849072061
0.0132907707899
0.0123360585268
0.00885417130223
0.0102381560639
0.0339848943279
0.00500696016659
0.00357883529106
0.00357376443132
0.00436999921443
0.00276015893342
0.00302627463986
0.00280059504604
0.00718080613203
0.00720859803169
0.0221382244245
0.0167948549024
0.0217572785603
0.0188238667652
0.00118104047192
0.00147111349135
0.00316458531571
0.00204684636084
0.00243906818103
0.0252271224131
0.0236624987951
0.020388234678
0.0201985822549
0.0200528840069
0.0207147119671
0.025665500705
0.0242741850008
0.0186062141276
0.0213275367745
0.0247593732344
0.0231168391199
0.022172883014
0.023036618551
0.00447815431515
0.0154787051312
0.0173215811703
0.0148752640466
0.011693394057
0.0099703237235
0.0118389703226
0.0125573333292
0.0106508789195
0.00837662518507
0.00919736178467
0.0101805582184
0.00930455902258
0.0284388326957
0.00806299162732
0.0119868640398
0.0209745315686
0.0176861290154
0.00903480492934
0.00800910686365
0.00800720840299
0.00688559510609
0.00929535421694
0.0101831162345
0.00296303885792
0.00284797443928
0.00442607120175
0.00354015455081
0.0288878387789
0.0267460788931
0.0121789784058
0.00844807622638
0.00368164647015
0.00685435933035
0.00711455517778
0.00793890179832
0.00649978824919
0.006817964733
0.00731112558161
0.00543889934774
0.00335253980151
0.0029325169063
0.00289064323729
0.00212520822712
0.00266941226245
0.00236526474322
0.0218887114497
0.0241208158036
0.0263906946305
0.0240200579243
0.00323911727788
0.00333972146858
0.00277300975927
0.0261091595228
0.0327816738542
0.00192638232099
0.00325199741875
0.0225280112546
0.0226856814379
0.021767181259
0.0153683819721
0.0169364996185
0.0178761545681
0.0274242460512
0.0309783859878
0.0232428207215
0.0198930595681
0.0224721310199
0.0186005838647
0.0255462260979
0.0219424281172
0.0226069261972
0.0283157285485
0.02411041955
0.00429418219032
0.00610146579578
0.00450420654887
0.00545120421326
0.00468486435241
0.00263651570284
0.00306167863987
0.00236778552925
0.00321633559428
0.00322184350298
0.0239604920296
0.0241357332118
0.00314116696193
0.00343814457493
0.00537831164921
0.00600664154164
0.00365041367865
0.00382563921778
0.00282725931432
0.00813288544665
0.00970727849267
0.00390187545999
0.00270188106336
0.00246065815767
0.00281308643346
0.00297661517339
0.0022149344515
0.00135008805931
0.00133724839332
0.0013747387347
0.00140365152843
0.00154507849741
0.00147126398101
0.00189220614309
0.00156159905829
0.00252157172321
0.00233698566269
0.0025801102424
0.00247400115122
0.00310336788916
0.00342153655458
0.00311023124875
0.00298892554954
0.00348581628178
0.00317165305775
0.00299632901568
0.00312077547207
0.00262892280529
0.0028325781252
0.00254516743601
0.0294830293179
0.00239253704366
0.00481511438183
0.00341099574674
0.00379777900115
0.00332759669313
0.00253062780409
0.0170285436297
0.0189474101018
0.0203517561916
0.020319369592
0.0221732992168
0.0239901604515
0.0027174327209
0.00357593484906
0.00311983007304
0.00164358593304
0.00160969360932
0.00208188765785
0.00188504158204
0.0023234094684
0.0110911864313
0.0127606928079
0.00807139538686
0.00557302998639
0.00554328085554
0.00579581903116
0.00487604985497
0.00473146096729
0.00497982834654
0.00559329910135
0.00464610055427
0.00401033269069
0.00420806477102
0.00405520867173
0.00577664487506
0.00469772223707
0.00433040033335
0.00447328064271
0.00577434553661
0.00242733559605
0.00239963063619
0.00189346228202
0.00198171396433
0.00243208942037
0.00272959400334
0.00291952223548
0.00242119590701
0.00593734705092
0.00538868730087
0.00536564292443
0.00714570165047
0.00652895206211
0.00774423577428
0.00406672861356
0.00351038958341
0.00374803275631
0.00383981947724
0.00898376322897
0.00717012937649
0.00318326814584
0.00308199522175
0.00312156465571
0.00347377852303
0.00341920574382
0.00445318991366
0.00451648831627
0.00309982647522
0.00718415381187
0.00719650193192
0.00592418200701
0.0058479560523
0.00623177011292
0.00807944647529
0.00238392356706
0.00215636260873
0.00303581128852
0.00308469365801
0.00244742282449
0.00229971444561
0.00316484709583
0.0206820775827
0.004061111166
0.0039191659919
0.00463825197636
0.00450910097503
0.00595963248122
0.00540730124533
0.0025681471039
0.0222529083046
0.0146211729055
0.012852704403
0.015173128912
0.017186113053
0.0177886284489
0.0180557278058
0.0109521475462
0.0041901961642
0.00147395740222
0.00157960570611
0.00277423530408
0.00139047491581
0.00123970973731
0.00077067498694
0.000657470728526
0.000662425195039
0.000596573013237
0.0015479675098
0.00164128420893
0.00171567628243
0.00253533772144
0.00345600912018
0.00217391752252
0.00148655311944
0.00184068507182
0.00119040461571
0.00535325218763
0.00645028104864
0.00880658946021
0.00715626079148
0.00709728123894
0.00748300853735
0.00998731038767
0.010054221213
0.00759626728419
0.00293473937285
0.00348062129438
0.00400128467654
0.00402902635369
0.0190783509759
0.0166381913828
0.00145452342195
0.00119563577605
0.00107731804289
0.0170315867292
0.0135990424722
0.0165339803823
0.0141894211128
0.0247332629094
0.0245549050636
0.0151052034901
0.00290842289776
0.00312124652044
0.00345344603012
0.00368930664341
0.00440522429742
0.0157215109555
0.00955483221159
0.00787212903647
0.00863886018422
0.00821975162985
0.00183721833271
0.00127856930417
0.00163704939598
0.00157734693153
0.00121570794798
0.000977058304034
0.00132242859043
0.00117029633688
0.012772987152
0.00828346431365
0.00459154402657
0.00375792420453
0.00328917600972
0.00450412118973
0.0075031117139
0.0074696238047
0.0027759702485
0.00295675240364
0.00436065895946
0.00428481634294
0.00889665279687
0.00878304098126
0.00585200967246
0.00590399433534
0.00555278360001
0.00571319843026
0.00635563931104
0.0100249929835
0.0104535507292
0.0124123980502
0.00372760313925
0.00268861222669
0.00318177542162
0.00261000201827
0.00442484158456
0.00669112774593
0.00303750504576
0.00558627888747
0.00638193861527
0.00517680613065
0.00430986441433
0.00423472064775
0.00320094158035
0.00280743789698
0.00320815685004
0.00396638501623
0.00678132627522
0.00268216472585
0.00225167266917
0.00316267054779
0.00212966886273
0.00802430494167
0.00771281807968
0.0144288742376
0.00192633983592
0.0171217687481
0.00787610125878
0.00742750728816
0.00860291721928
0.00900960050386
0.00515971074009
0.00427182796624
0.0024981357467
0.00271380548441
0.00480119835576
0.00389847348832
0.00531763715605
0.00428447701158
0.00815102667974
0.00871767715199
0.0269816795684
0.0282741122322
0.002034767898
0.00192170632281
0.0158305156898
0.0191966558194
0.0170949896356
0.0151753893943
0.00985943903371
0.00865090238143
0.0095842590656
0.00742516458465
0.00632628136126
0.00701466174585
0.00605455107002
0.00437492398224
0.00500811170009
0.00454208901784
0.00621948789137
0.00690931438309
0.010380397218
0.00999465799664
0.015582712994
0.0145060973657
0.0146626406747
0.0164782899518
0.0207078572386
0.0200454435594
0.00492250480994
0.00546405616285
0.00339147052051
0.00316210464386
0.00449465282565
0.00389290447465
0.000543726941222
0.000759134444502
0.000541833460192
0.000704901446744
0.000704995214223
0.000816735483427
0.000959068497735
0.00150042526821
0.000862654346121
0.000686060069676
0.000542989815793
0.000648508583265
0.000907171458484
0.00105568132973
0.000462196518083
0.000777843773986
0.0167759322
0.0152786176744
0.00670391724063
0.00545086558604
0.00430259830743
0.00357144294689
0.00147450777703
0.00115334866401
0.0244552118981
0.0206455469237
0.00113200962867
0.000954581237181
0.000997338566069
0.000509633353338
0.000430783196114
0.000517303814871
0.000468291479585
0.00124135666356
0.000577312146069
0.000772796769227
0.00060971690224
0.000989141553899
0.00110629780916
0.0132542775598
0.0132818015114
0.00300697166132
0.00400123567513
0.00933197528958
0.00951582096693
0.00741737327403
0.0095185477693
0.00768185843212
0.00600711015583
0.00602194798547
0.00656842297977
0.00676254034411
0.00618681212796
0.0072857344513
0.0055378173088
0.0056524507261
0.00754887358648
0.00575142528162
0.00418747971961
0.00443929719183
0.00519777361091
0.00789317769312
0.00618178431128
0.00255613807103
0.000960271083697
0.0014054104661
0.00131553590498
0.00170631262147
0.00180488521358
0.0174408597229
0.0188302373473
0.0023518832259
0.0020890817376
0.00156796484264
0.00164130524264
0.00387705186506
0.00388422333
0.00324748854062
0.00421957019894
0.00499694492693
0.00331518356345
0.00120253954812
0.00106627939247
0.00119980223117
0.000954916951872
0.000969592823982
0.0010542096212
0.00154504393447
0.00137661229825
0.0167275337443
0.0154726263293
0.0010976540757
0.00124000492487
0.000702350828183
0.000523052368852
0.000733181824951
0.00115529694365
0.00560817379232
0.00733748764733
0.00343454204191
0.00326525004346
0.00392565534162
0.00401920415233
0.0106239426418
0.0100679940309
0.0242046152546
0.0180887684811
0.0273208910379
0.0273742157474
0.015509379064
0.0143498775472
0.0153776334098
0.014181570462
0.00441011228068
0.00536667876956
0.00827875108315
0.00757220217373
0.00116706122647
0.0011335824496
0.00145555715804
0.00129101667319
0.00240903059954
0.00251176965359
0.00272952831202
0.00285368485125
0.00907070569274
0.00788280064602
0.00941895450707
0.00848522164285
0.00924782663419
0.0114915994297
0.00660308464818
0.00697498957035
0.00696139710421
0.00783421548832
0.0215497758813
0.0171500798425
0.00679707929014
0.00687399919435
0.00779968964018
0.00675626190413
0.0115326680422
0.0130769309652
0.00968954884137
0.00845960019444
0.00830678111416
0.00967900757589
0.0101153025643
0.00990492050095
0.0101816446654
0.00897350885672
0.00834790420517
0.00918103604243
0.00554422839413
0.00472626666763
0.00481579461356
0.00507690964132
0.00535059053771
0.00526320935847
0.00491573218983
0.00581547186845
0.00974930066389
0.00950043175699
0.0150438923706
0.0122134693166
0.00872362570804
0.0124006536957
0.00743489672744
0.00783289273329
0.00904933511917
0.00810022721904
0.00444345231151
0.00434248420914
0.00442157621058
0.00428746207677
0.010203853394
0.0105134188366
0.00589761786237
0.00532440008164
0.00586275431158
0.00555983476073
0.0121558348744
0.0120397440259
0.00847307922283
0.009347226996
0.00535088463244
0.00543950473113
0.00963557033608
0.0155259712238
0.00793106099752
0.00918551450832
0.00831523617822
0.00853441555782
0.00532363124903
0.00557981833943
0.0053829750949
0.0062630252841
0.0110256253514
0.0125208942607
0.00140759714683
0.00151029945233
0.00108211250498
0.000852434154729
0.00098857296273
0.00104641069472
0.00200783961773
0.00162389355715
0.00198758300492
0.00202857479806
0.0028173922158
0.00292344616865
0.00882246999483
0.00849020231255
0.0101338443519
0.00860638670743
0.00181865037812
0.00179549984415
0.00766413234907
0.00753413492882
0.00860609770286
0.00882533634235
0.0169716775313
0.0184051296514
0.00270519951677
0.00173344005671
0.00166453372516
0.00174571647687
0.00113601667256
0.00108694348533
0.00127895027029
0.00142865806722
0.00171330224302
0.00150342715237
0.0204140432713
0.0206293704189
0.00184102857469
0.00148754374188
0.0016859878737
0.00158949798976
0.00338045181676
0.00342230307184
0.00278782247991
0.00266659595391
0.0134640655177
0.0136432358064
0.0209007846398
0.0226744256244
0.00291650151321
0.00294853746423
0.00446036912862
0.00551510476114
0.00369585958432
0.0032207513558
0.00284383577233
0.00287251297246
0.00442692463539
0.00435390658429
0.00225227214366
0.00227805100886
0.00178759051793
0.00172465533177
0.00171535472932
0.00167384776449
0.00637976372663
0.00534625173458
0.00197526054402
0.00189445187962
0.00226978791096
0.00181012783178
0.00183372501343
0.00202562065898
0.00188058223474
0.00287694615449
0.00255718599121
0.00260854343023
0.00304051639708
0.00326633644028
0.00998669124471
0.0109905859739
0.0151836833655
0.0150251084
0.00196369195158
0.00192425250501
0.00158026424625
0.00135218652455
0.00139957039544
0.00158718411362
0.00254172604218
0.00232865359907
0.00107165569459
0.000651237531515
0.00139330966149
0.0013505917227
0.00185311362282
0.00204729181566
0.00201616423598
0.00221292396163
0.00162891794411
0.00168485156942
0.00150994549805
0.00179605507353
0.00203386125065
0.00243193026487
0.00203069837755
0.00336941239343
0.00272314828971
0.00182761725077
0.00179861988502
0.00188401995256
0.00213399167734
0.0018579321313
0.0122678710145
0.012253219882
0.00246000143786
0.00212555896981
0.00106427579863
0.000923967003836
0.00935117892325
0.00878390950865
0.00227804840973
0.00252026692076
0.00969878211901
0.00928221429496
0.00714765807202
0.00788840657344
0.0052216299087
0.00471345327614
0.0037439955064
0.00365328178286
0.0073441084651
0.00701550418596
0.00216462040734
0.00214655400015
0.00303223355858
0.00228479670628
0.0050098135858
0.00411059729493
0.00917023101278
0.00766755535353
0.00123100000428
0.00117354820576
0.00854807312361
0.00957933637176
0.000773534458576
0.000883218664346
0.00185637675412
0.00193549362182
0.00075392830929
0.000671722149192
0.000713981833681
0.000825837601969
