0.00515322970908
0.00515322970908
0.00515322970908
0.00515322970908
0.00286235750679
0.00286235750679
0.00286235750679
0.00286235750679
0.00296305326181
0.00296305326181
0.00296305326181
0.00296305326181
0.0041201865839
0.0041201865839
0.0041201865839
0.0041201865839
0.00461442750258
0.00461442750258
0.00461442750258
0.00461442750258
0.00472473562336
0.00472473562337
0.00472473562337
0.00472473562338
0.00620291175792
0.00620291175792
0.00620291175792
0.00620291175792
0.00440321653388
0.00440321653388
0.00440321653388
0.00440321653388
0.00500098920426
0.00500098920427
0.00500098920427
0.00500098920428
0.00961313901277
0.00961313901277
0.00961313901277
0.00961313901277
0.00987456588031
0.00987456588031
0.00987456588031
0.00987456588031
0.0108645808232
0.0108645808232
0.0108645808232
0.0108645808232
0.012151098629
0.012151098629
0.012151098629
0.012151098629
0.0136276688131
0.0136276688131
0.0136276688131
0.0136276688131
0.0142017099869
0.0142017099869
0.0142017099869
0.0142017099869
0.0121596945978
0.0121596945978
0.0121596945978
0.0121596945978
0.00225124159211
0.00225124159211
0.00225124159211
0.00225124159211
0.00228206375563
0.00228206375563
0.00228206375563
0.00228206375563
0.00350905093019
0.00350905093019
0.00350905093019
0.00350905093019
0.010292456722
0.010292456722
0.010292456722
0.010292456722
0.00117538347886
0.00117538347885
0.00117538347885
0.00117538347886
0.000894365902058
0.00089436590204
0.00089436590204
0.000894365902032
0.00114343115993
0.00114343115993
0.00114343115993
0.0011434311599
0.00133893869888
0.0013389386989
0.0013389386989
0.0013389386989
0.000460972362598
0.000460972362598
0.000460972362598
0.000460972362598
0.0148095930896
0.0148095930896
0.0148095930896
0.0148095930896
0.011209274686
0.011209274686
0.011209274686
0.011209274686
0.00950135913066
0.00950135913066
0.00950135913066
0.00950135913066
0.00635534674533
0.00635534674533
0.00635534674533
0.00635534674533
0.00561564578559
0.0056156457856
0.0056156457856
0.00561564578564
0.00827673863266
0.00827673863267
0.00827673863267
0.00827673863266
0.00803209958371
0.0080320995837
0.00803209958369
0.00803209958373
0.0014037900108
0.0014037900108
0.0014037900108
0.0014037900108
0.00141609383509
0.00141609383509
0.00141609383509
0.00141609383509
0.00276169603334
0.00276169603334
0.00276169603334
0.00276169603334
0.00151804606733
0.00151804606733
0.00151804606733
0.00151804606733
0.00129545513947
0.00129545513947
0.00129545513947
0.00129545513947
0.00189229092654
0.00189229092654
0.00189229092654
0.00189229092654
0.00470980632588
0.00470980632588
0.00470980632588
0.00470980632592
0.00396887743671
0.00396887743676
0.00396887743676
0.00396887743676
0.00125845092205
0.00125845092205
0.00125845092205
0.00125845092205
0.0076418995864
0.0076418995864
0.0076418995864
0.0076418995864
0.00880633946622
0.00880633946622
0.00880633946622
0.00880633946622
0.0074952744279
0.0074952744279
0.0074952744279
0.0074952744279
0.0046047642907
0.0046047642907
0.00460476429065
0.00460476429067
0.00407645591844
0.00407645591844
0.00407645591844
0.00407645591844
0.00477774412097
0.00477774412097
0.00477774412097
0.00477774412097
0.00275000669737
0.00275000669737
0.00275000669737
0.00275000669737
0.00128175427457
0.00128175427457
0.00128175427457
0.00128175427457
0.00111296366051
0.00111296366051
0.00111296366051
0.00111296366051
0.00691096345831
0.00691096345831
0.00691096345831
0.00691096345831
0.00609125685525
0.00609125685525
0.00609125685525
0.00609125685525
0.00425860434484
0.00425860434484
0.00425860434484
0.00425860434484
0.000963539995669
0.000963539995667
0.000963539995667
0.000963539995667
0.00913179385652
0.00913179385652
0.00913179385652
0.00913179385652
0.00533686635522
0.00533686635522
0.00533686635522
0.00533686635522
0.00731024007891
0.00731024007891
0.00731024007891
0.00731024007891
0.00847425191976
0.00847425191976
0.00847425191976
0.00847425191976
0.00696302557127
0.00696302557127
0.00696302557127
0.00696302557127
0.00529308645541
0.00529308645541
0.00529308645541
0.00529308645541
0.00675059374751
0.00675059374751
0.00675059374751
0.00675059374751
0.00611305934265
0.00611305934265
0.00611305934265
0.00611305934265
0.00609620653483
0.00609620653483
0.00609620653483
0.00609620653483
0.0081601514604
0.0081601514604
0.0081601514604
0.0081601514604
0.000941945973146
0.000941945973146
0.000941945973146
0.000941945973126
0.00120139726641
0.00120139726642
0.00120139726642
0.00120139726641
0.00526617610359
0.00526617610359
0.00526617610359
0.00526617610359
0.00414220398531
0.00414220398531
0.00414220398531
0.00414220398531
0.00474215794118
0.00474215794118
0.00474215794118
0.00474215794118
0.0061364965825
0.0061364965825
0.0061364965825
0.0061364965825
0.00130565747119
0.00130565747119
0.00130565747122
0.00130565747119
0.00114105988636
0.00114105988636
0.00114105988636
0.00114105988634
0.00105193395604
0.00105193395605
0.00105193395606
0.00105193395606
0.00596536180426
0.00596536180426
0.00596536180426
0.00596536180426
0.00346922253348
0.00346922253348
0.00346922253348
0.00346922253348
0.00393958938442
0.00393958938442
0.00393958938442
0.00393958938442
0.00447715450599
0.00447715450599
0.00447715450599
0.00447715450599
0.00431057344388
0.00431057344388
0.00431057344388
0.00431057344388
0.00839926629458
0.00839926629458
0.00839926629458
0.00839926629458
0.00269177445008
0.00269177445008
0.00269177445008
0.00269177445008
0.00245516655205
0.00245516655205
0.00245516655205
0.00245516655205
0.00179100369071
0.00179100369071
0.00179100369071
0.00179100369071
0.00570604134384
0.00570604134385
0.00570604134386
0.00570604134389
0.00416146563464
0.00416146563465
0.00416146563465
0.00416146563466
0.00302594170221
0.00302594170221
0.00302594170221
0.00302594170221
0.00371293922995
0.00371293922995
0.00371293922995
0.00371293922995
0.00317556584986
0.00317556584986
0.00317556584986
0.00317556584989
0.00379800879552
0.00379800879548
0.00379800879548
0.00379800879548
0.00504536438937
0.00504536438937
0.00504536438937
0.00504536438937
0.00328190696047
0.00328190696047
0.00328190696047
0.00328190696047
0.00455658159856
0.00455658159856
0.00455658159856
0.00455658159856
0.00573288347691
0.00573288347691
0.00573288347691
0.00573288347691
0.00674331641244
0.00674331641244
0.00674331641244
0.00674331641244
0.00560909569446
0.00560909569446
0.00560909569446
0.00560909569446
0.00486060156097
0.00486060156097
0.00486060156097
0.00486060156097
0.00676784553185
0.00676784553185
0.00676784553185
0.00676784553185
0.00169800932205
0.00169800932205
0.00169800932205
0.00169800932205
0.00300331622483
0.00300331622483
0.00300331622483
0.00300331622483
0.00602353284206
0.00602353284206
0.00602353284206
0.00602353284206
0.00483091815138
0.00483091815138
0.00483091815138
0.00483091815138
0.00441760453955
0.00441760453955
0.00441760453955
0.00441760453955
0.00508308000643
0.00508308000643
0.00508308000643
0.00508308000643
0.0048961347942
0.0048961347942
0.0048961347942
0.0048961347942
0.00679818767002
0.00679818767003
0.00679818766998
0.00679818767003
0.00728560187316
0.00728560187316
0.00728560187316
0.00728560187316
0.00438514852613
0.00438514852613
0.00438514852613
0.00438514852613
0.00781651227827
0.00781651227827
0.00781651227827
0.00781651227827
0.00507671709384
0.0050767170938
0.00507671709379
0.0050767170938
0.0061605082867
0.0061605082867
0.00616050828667
0.00616050828673
0.00725803426254
0.00725803426256
0.00725803426257
0.00725803426252
0.00837653203846
0.00837653203846
0.00837653203846
0.00837653203846
0.00241432357885
0.00241432357885
0.00241432357885
0.00241432357885
0.00261451360262
0.00261451360262
0.00261451360262
0.00261451360262
0.00145612408754
0.00145612408754
0.00145612408754
0.00145612408754
0.000996794130375
0.000996794130375
0.000996794130375
0.000996794130375
0.00108347584472
0.00108347584472
0.00108347584472
0.00108347584472
0.00228451404403
0.00228451404403
0.00228451404403
0.00228451404403
0.00237997980634
0.00237997980634
0.00237997980634
0.00237997980634
0.00255080605451
0.00255080605451
0.00255080605451
0.00255080605451
0.00209905544596
0.00209905544596
0.00209905544596
0.00209905544596
0.00275972390098
0.00275972390098
0.00275972390098
0.00275972390098
0.00200983377413
0.00200983377413
0.00200983377413
0.00200983377413
0.00194842801786
0.00194842801786
0.00194842801786
0.00194842801786
0.00215075188967
0.00215075188967
0.00215075188967
0.00215075188967
0.00285691644695
0.00285691644695
0.00285691644695
0.00285691644695
0.00281048059106
0.00281048059106
0.00281048059106
0.00281048059109
0.00143716281744
0.00143716281744
0.00143716281744
0.00143716281744
0.00170340308839
0.00170340308839
0.00170340308839
0.00170340308839
0.00168870576807
0.00168870576807
0.00168870576807
0.00168870576807
0.0014411556913
0.0014411556913
0.0014411556913
0.0014411556913
0.0026114824938
0.0026114824938
0.0026114824938
0.0026114824938
0.00163536318752
0.00163536318752
0.00163536318752
0.00163536318752
0.00434160915316
0.00434160915316
0.00434160915316
0.00434160915316
0.00476539012133
0.00476539012133
0.00476539012133
0.00476539012133
0.00231023106695
0.00231023106695
0.00231023106695
0.00231023106695
0.00390713502353
0.00390713502353
0.00390713502353
0.00390713502353
0.0033405661447
0.0033405661447
0.0033405661447
0.0033405661447
0.0027440467072
0.0027440467072
0.0027440467072
0.0027440467072
0.00251026089931
0.00251026089931
0.00251026089931
0.00251026089931
0.00293439973459
0.00293439973459
0.00293439973459
0.00293439973459
0.00305263829853
0.00305263829853
0.00305263829853
0.00305263829853
0.00555279387704
0.00555279387704
0.00555279387704
0.00555279387704
0.00452304957372
0.00452304957372
0.00452304957372
0.00452304957372
0.00473723656818
0.00473723656818
0.00473723656818
0.00473723656818
0.00758678989429
0.00758678989429
0.00758678989429
0.00758678989435
0.00428622623208
0.00428622623208
0.00428622623208
0.00428622623208
0.00535639421546
0.00535639421546
0.00535639421546
0.00535639421546
0.00394725503156
0.00394725503156
0.00394725503156
0.00394725503156
0.0030993492789
0.0030993492789
0.0030993492789
0.0030993492789
0.00377318614202
0.00377318614202
0.00377318614204
0.003773186142
0.00314846060847
0.00314846060847
0.00314846060847
0.00314846060847
0.00255559808603
0.00255559808603
0.00255559808605
0.002555598086
0.00224812427104
0.00224812427104
0.00224812427104
0.00224812427104
0.00324801856909
0.00324801856909
0.00324801856909
0.00324801856909
0.00346652495437
0.00346652495437
0.00346652495437
0.00346652495437
0.00476420826367
0.00476420826364
0.00476420826362
0.00476420826365
0.00719394669175
0.00719394669175
0.00719394669175
0.00719394669175
0.00298398793918
0.00298398793918
0.00298398793918
0.00298398793918
0.00288296956024
0.00288296956024
0.00288296956024
0.00288296956024
0.00538097161444
0.00538097161444
0.00538097161444
0.00538097161444
0.00700271373407
0.00700271373407
0.00700271373407
0.00700271373407
0.00798720365239
0.00798720365239
0.00798720365239
0.00798720365239
0.00637630224909
0.00637630224909
0.00637630224903
0.00637630224909
0.00894553390414
0.00894553390413
0.00894553390415
0.00894553390412
0.00671332007967
0.00671332007961
0.00671332007961
0.00671332007961
0.00202541091371
0.00202541091371
0.00202541091371
0.00202541091371
0.00138604156408
0.00138604156408
0.00138604156408
0.00138604156408
0.00105061036667
0.00105061036667
0.00105061036667
0.00105061036667
0.00115801847213
0.00115801847213
0.00115801847213
0.00115801847213
0.00232160771928
0.00232160771928
0.00232160771928
0.00232160771928
0.00169935106277
0.00169935106277
0.00169935106277
0.00169935106277
0.00218124245364
0.00218124245364
0.00218124245364
0.00218124245364
0.00239927080361
0.00239927080361
0.00239927080361
0.00239927080361
0.00201426346928
0.00201426346928
0.00201426346928
0.00201426346928
0.00279750521132
0.00279750521132
0.00279750521132
0.00279750521132
0.00415685672601
0.00415685672601
0.00415685672601
0.00415685672601
0.00349926065151
0.00349926065151
0.00349926065151
0.00349926065151
0.00427550724892
0.00427550724892
0.00427550724892
0.00427550724892
0.00393720890206
0.00393720890206
0.00393720890206
0.00393720890206
0.00570277414613
0.00570277414613
0.00570277414613
0.00570277414613
0.000810090403439
0.000810090403459
0.000810090403444
0.000810090403469
0.000653948062798
0.000653948062806
0.000653948062818
0.000653948062807
0.000642202178725
0.000642202178725
0.000642202178727
0.000642202178725
0.000842658143971
0.000842658143973
0.000842658143998
0.000842658143973
0.00071293024471
0.000712930244697
0.000712930244701
0.000712930244689
0.00165511749647
0.00165511749647
0.00165511749647
0.00165511749649
0.00121214457631
0.00121214457631
0.00121214457631
0.00121214457631
0.00121048630348
0.00121048630348
0.00121048630348
0.00121048630348
0.00129400274032
0.00129400274032
0.00129400274032
0.00129400274032
0.00178400950788
0.00178400950788
0.00178400950788
0.00178400950788
0.00867361261672
0.00867361261672
0.00867361261672
0.00867361261672
0.0010502025705
0.0010502025705
0.0010502025705
0.0010502025705
0.000736620933751
0.000736620933751
0.000736620933751
0.000736620933751
0.000839345338938
0.000839345338938
0.000839345338938
0.000839345338938
0.00129142819332
0.00129142819332
0.00129142819333
0.0012914281933
0.000930935930022
0.00093093593004
0.00093093593004
0.000930935930044
0.000910856251053
0.000910856251053
0.000910856251053
0.000910856251055
0.00099601655839
0.000996016558373
0.000996016558373
0.000996016558372
0.000845238785639
0.00084523878565
0.000845238785656
0.000845238785645
0.00815162432603
0.00815162432603
0.00815162432603
0.00815162432603
0.00716399816886
0.00716399816886
0.00716399816886
0.00716399816886
0.00709127397302
0.00709127397306
0.00709127397307
0.00709127397306
0.0019586536005
0.0019586536005
0.0019586536005
0.0019586536005
0.00207810519902
0.00207810519902
0.00207810519902
0.00207810519902
0.00128126793687
0.00128126793688
0.0012812679369
0.00128126793689
0.00105295329329
0.00105295329329
0.00105295329329
0.00105295329329
0.00833890012897
0.00833890012897
0.00833890012897
0.00833890012897
0.00880502999677
0.0088050299968
0.00880502999678
0.00880502999682
0.00198905099939
0.00198905099936
0.00198905099936
0.00198905099935
0.00191903595031
0.00191903595032
0.00191903595032
0.0019190359503
0.00140411136287
0.00140411136287
0.00140411136287
0.00140411136287
0.000911408117072
0.000911408117072
0.000911408117072
0.000911408117072
0.000802705299649
0.000802705299649
0.000802705299649
0.000802705299649
0.00137275581508
0.0013727558151
0.00137275581509
0.0013727558151
0.00107447550056
0.00107447550055
0.00107447550054
0.00107447550055
0.00118605654712
0.00118605654712
0.00118605654712
0.00118605654712
0.00209195287584
0.00209195287584
0.00209195287584
0.00209195287584
0.0013072673259
0.0013072673259
0.0013072673259
0.0013072673259
0.00129999638316
0.00129999638316
0.00129999638316
0.00129999638316
0.00180164070198
0.00180164070198
0.00180164070198
0.00180164070198
0.0020689073331
0.0020689073331
0.0020689073331
0.0020689073331
0.0031693073058
0.0031693073058
0.0031693073058
0.0031693073058
0.00206227197668
0.00206227197668
0.00206227197666
0.00206227197667
0.00856165992881
0.00856165992881
0.00856165992881
0.00856165992881
0.00773531361494
0.00773531361494
0.00773531361494
0.00773531361494
0.00799424903717
0.00799424903717
0.00799424903717
0.00799424903717
0.00801434418567
0.00801434418567
0.00801434418567
0.00801434418567
0.00306163638517
0.00306163638517
0.00306163638517
0.00306163638517
0.00102124348364
0.00102124348364
0.00102124348364
0.00102124348364
0.000972354804925
0.000972354804927
0.000972354804927
0.000972354804927
0.00127907871192
0.00127907871192
0.00127907871192
0.00127907871192
0.000955459271896
0.000955459271896
0.000955459271896
0.000955459271896
0.00105590471332
0.00105590471332
0.00105590471332
0.00105590471332
0.00108190625588
0.00108190625588
0.00108190625588
0.00108190625588
0.0057592267958
0.0057592267958
0.0057592267958
0.0057592267958
0.0049403663534
0.0049403663534
0.0049403663534
0.0049403663534
0.00425653296054
0.00425653296054
0.00425653296054
0.00425653296054
0.00344352315217
0.00344352315217
0.00344352315217
0.00344352315217
0.00346037956475
0.00346037956475
0.00346037956475
0.00346037956475
0.00310734509107
0.00310734509107
0.00310734509107
0.00310734509107
0.00374913131583
0.00374913131583
0.00374913131583
0.00374913131583
0.00312946999684
0.00312946999684
0.00312946999684
0.00312946999684
0.0148743024355
0.0148743024355
0.0148743024355
0.0148743024355
0.00587201676188
0.00587201676188
0.00587201676188
0.00587201676188
0.00691617363107
0.00691617363107
0.00691617363107
0.00691617363107
0.00374491121422
0.00374491121422
0.00374491121422
0.00374491121422
0.00359453524764
0.00359453524764
0.00359453524764
0.00359453524764
0.00334249580166
0.00334249580166
0.00334249580166
0.00334249580166
0.00455269262772
0.00455269262772
0.00455269262772
0.00455269262772
0.00627424666627
0.00627424666627
0.00627424666627
0.00627424666627
0.00575411260499
0.00575411260499
0.00575411260499
0.00575411260499
0.00684355924982
0.00684355924982
0.00684355924982
0.00684355924982
0.00701303518092
0.00701303518092
0.00701303518092
0.00701303518092
0.00473413009072
0.00473413009072
0.00473413009072
0.00473413009072
0.00392187861664
0.00392187861664
0.00392187861664
0.00392187861664
0.00447670195521
0.00447670195521
0.00447670195521
0.00447670195524
0.010502444927
0.010502444927
0.010502444927
0.010502444927
0.00102072934071
0.00102072934071
0.00102072934071
0.00102072934071
0.00067460385943
0.00067460385943
0.00067460385943
0.00067460385943
0.000499736130189
0.000499736130189
0.000499736130189
0.000499736130189
0.000675449757555
0.000675449757555
0.000675449757555
0.000675449757555
0.000564490757129
0.000564490757129
0.000564490757129
0.000564490757129
0.00242571120128
0.00242571120128
0.00242571120128
0.00242571120128
0.00248189432924
0.00248189432924
0.00248189432924
0.00248189432924
0.0027197995915
0.0027197995915
0.0027197995915
0.0027197995915
0.00231196843873
0.00231196843873
0.00231196843873
0.00231196843873
0.00246447950661
0.00246447950661
0.00246447950661
0.00246447950661
0.00247029214231
0.00247029214231
0.00247029214231
0.00247029214231
0.00362666234536
0.00362666234536
0.00362666234536
0.00362666234536
0.00566784781307
0.00566784781307
0.00566784781307
0.00566784781307
0.00084513432098
0.00084513432098
0.00084513432098
0.00084513432098
0.000827311219972
0.000827311219972
0.000827311219972
0.000827311219972
0.000643775780016
0.000643775780016
0.000643775780016
0.000643775780016
0.000669680974953
0.000669680974953
0.000669680974953
0.000669680974953
0.000619935332913
0.000619935332913
0.000619935332913
0.000619935332913
0.000877778897963
0.000877778897963
0.000877778897963
0.000877778897963
0.00391843541877
0.00391843541877
0.00391843541877
0.00391843541877
0.00453746011862
0.00453746011862
0.00453746011862
0.00453746011862
0.00442006461011
0.00442006461011
0.00442006461011
0.00442006461011
0.00432291446843
0.00432291446843
0.00432291446843
0.00432291446843
0.00429375434117
0.00429375434113
0.00429375434113
0.00429375434113
0.00439437895387
0.00439437895387
0.00439437895387
0.00439437895387
0.00961727003549
0.00961727003549
0.00961727003549
0.00961727003549
0.00939738503975
0.00939738503975
0.00939738503975
0.00939738503975
0.00158909345799
0.00158909345799
0.00158909345799
0.00158909345799
0.00148189272531
0.00148189272531
0.00148189272531
0.00148189272531
0.00865368817967
0.00865368817967
0.00865368817967
0.00865368817967
0.00873989649641
0.00873989649641
0.00873989649641
0.00873989649641
0.000576035147386
0.000576035147386
0.000576035147386
0.000576035147386
0.000479053785809
0.000479053785809
0.000479053785809
0.000479053785809
0.000657059313661
0.000657059313661
0.000657059313661
0.000657059313661
0.000633524893223
0.000633524893223
0.000633524893223
0.000633524893223
0.000773246221259
0.000773246221259
0.000773246221259
0.000773246221259
0.000929942440094
0.000929942440094
0.000929942440094
0.000929942440094
0.00242558905889
0.00242558905889
0.00242558905889
0.00242558905889
0.00180961869992
0.00180961869992
0.00180961869992
0.00180961869992
0.00158425920633
0.00158425920633
0.00158425920633
0.00158425920633
0.0022339340137
0.0022339340137
0.0022339340137
0.0022339340137
0.00203731439501
0.00203731439501
0.00203731439501
0.00203731439501
0.00233551742354
0.00233551742354
0.00233551742354
0.00233551742354
0.00157189365224
0.00157189365224
0.00157189365224
0.00157189365224
0.00148113185144
0.00148113185144
0.00148113185144
0.00148113185144
0.00150821341153
0.00150821341153
0.00150821341153
0.00150821341153
0.00295098372694
0.00295098372694
0.00295098372694
0.00295098372694
0.00213696212243
0.00213696212243
0.00213696212243
0.00213696212243
0.00111733558414
0.00111733558414
0.00111733558414
0.00111733558414
0.00123739849016
0.00123739849016
0.00123739849016
0.00123739849016
0.00125045517201
0.00125045517201
0.00125045517201
0.00125045517201
0.001153203864
0.001153203864
0.001153203864
0.001153203864
0.00151056001094
0.00151056001094
0.00151056001094
0.00151056001094
0.00109439017787
0.00109439017787
0.00109439017787
0.00109439017787
0.00161279884805
0.00161279884805
0.00161279884805
0.00161279884805
0.0011536706062
0.0011536706062
0.0011536706062
0.0011536706062
0.0015399198351
0.0015399198351
0.0015399198351
0.0015399198351
0.000705406251808
0.000705406251808
0.000705406251808
0.000705406251808
0.000659236837875
0.000659236837875
0.000659236837875
0.000659236837875
0.00132909722936
0.00132909722936
0.00132909722936
0.00132909722936
0.00119040536152
0.00119040536153
0.00119040536151
0.00119040536152
0.000868904098908
0.0008689040989
0.000868904098901
0.000868904098892
0.00114067698924
0.00114067698924
0.00114067698924
0.00114067698924
0.000997932028142
0.000997932028142
0.000997932028142
0.000997932028142
0.00082473897301
0.00082473897301
0.00082473897301
0.00082473897301
0.00078988193034
0.00078988193034
0.00078988193034
0.00078988193034
0.00212587725405
0.00212587725405
0.00212587725405
0.00212587725405
0.00174718024649
0.00174718024649
0.00174718024649
0.00174718024649
0.00798590347382
0.00798590347381
0.0079859034738
0.00798590347377
0.00732452368554
0.00732452368547
0.00732452368547
0.00732452368547
0.00752885178676
0.00752885178675
0.00752885178673
0.00752885178671
0.00810207902383
0.00810207902383
0.00810207902383
0.00810207902383
0.00740348153091
0.00740348153091
0.00740348153091
0.00740348153091
0.0078502091156
0.0078502091156
0.0078502091156
0.0078502091156
0.00842427967783
0.00842427967783
0.0084242796778
0.00842427967786
0.00828847809332
0.00828847809333
0.00828847809336
0.0082884780933
0.01941115375
0.01941115375
0.01941115375
0.01941115375
0.00835449056877
0.00835449056877
0.00835449056877
0.00835449056877
0.00404005084458
0.00404005084458
0.00404005084458
0.00404005084458
0.0045466356894
0.0045466356894
0.0045466356894
0.0045466356894
0.00502739785296
0.00502739785296
0.00502739785296
0.00502739785296
0.00601587087235
0.00601587087235
0.00601587087235
0.00601587087235
0.00623814980124
0.00623814980124
0.00623814980124
0.00623814980124
0.00522635218758
0.00522635218758
0.00522635218758
0.00522635218758
0.00502502449354
0.00502502449354
0.00502502449354
0.00502502449354
0.00523101961374
0.00523101961374
0.00523101961374
0.00523101961374
0.00251128002156
0.00251128002156
0.00251128002156
0.00251128002156
0.00244819196133
0.00244819196133
0.00244819196133
0.00244819196133
0.00107658661524
0.00107658661524
0.00107658661524
0.00107658661524
0.00106934205541
0.00106934205541
0.00106934205541
0.00106934205541
0.00326489239353
0.00326489239353
0.00326489239353
0.00326489239353
0.00815264754013
0.00815264754011
0.0081526475401
0.00815264754014
0.0103135849713
0.0103135849713
0.0103135849713
0.0103135849713
0.00718309567918
0.00718309567918
0.00718309567918
0.00718309567918
0.0063334060914
0.0063334060914
0.0063334060914
0.0063334060914
0.00563580718504
0.00563580718504
0.00563580718504
0.00563580718504
0.00604775524
0.00604775524
0.00604775524
0.00604775524
0.00289649362905
0.00289649362905
0.00289649362905
0.00289649362905
0.00246168160911
0.00246168160911
0.00246168160912
0.00246168160909
0.00275169696829
0.00275169696829
0.00275169696829
0.00275169696829
0.00312197100231
0.00312197100235
0.00312197100235
0.00312197100235
0.0055511441557
0.0055511441557
0.0055511441557
0.0055511441557
0.00554751113694
0.00554751113694
0.00554751113694
0.00554751113694
0.0104879022244
0.0104879022244
0.0104879022244
0.0104879022244
0.0112427874659
0.0112427874659
0.0112427874659
0.0112427874659
0.00582932939598
0.00582932939598
0.00582932939598
0.00582932939598
0.00379815587486
0.00379815587486
0.00379815587486
0.00379815587486
0.00231042326
0.00231042326
0.00231042326
0.00231042326
0.00470239154255
0.00470239154255
0.00470239154255
0.00470239154255
0.00827196004995
0.00827196004995
0.00827196004995
0.00827196004995
0.00747477485529
0.00747477485529
0.00747477485529
0.00747477485529
0.000960874525529
0.000960874525529
0.000960874525531
0.000960874525528
0.000577784110032
0.000577784110032
0.000577784110032
0.000577784110032
0.000565497837457
0.000565497837457
0.000565497837457
0.000565497837457
0.000600742572985
0.000600742572985
0.000600742572985
0.000600742572985
0.000567498101634
0.000567498101634
0.000567498101634
0.000567498101634
0.00644538805523
0.00644538805526
0.00644538805524
0.00644538805526
0.00595684465725
0.00595684465725
0.00595684465725
0.00595684465725
0.00536357315375
0.00536357315375
0.00536357315375
0.00536357315375
0.00368235505271
0.00368235505271
0.00368235505271
0.00368235505271
0.00367820582825
0.00367820582825
0.00367820582825
0.00367820582825
0.0033688605672
0.0033688605672
0.0033688605672
0.0033688605672
0.00315239112987
0.00315239112987
0.00315239112987
0.00315239112987
0.00664210888275
0.00664210888275
0.00664210888275
0.00664210888275
0.00775393715359
0.00775393715359
0.00775393715359
0.00775393715359
0.00322494620353
0.00322494620353
0.00322494620353
0.00322494620353
0.00433356946879
0.00433356946879
0.00433356946879
0.00433356946879
0.00436381862053
0.00436381862053
0.00436381862053
0.00436381862053
0.00451081436488
0.00451081436488
0.00451081436488
0.00451081436488
0.00467283336014
0.00467283336014
0.00467283336014
0.00467283336014
0.00568722674946
0.00568722674946
0.00568722674946
0.00568722674945
0.00397313683095
0.00397313683095
0.00397313683095
0.00397313683095
0.00427782916624
0.00427782916624
0.00427782916624
0.00427782916624
0.00408653390778
0.00408653390778
0.00408653390778
0.00408653390778
0.00579307814164
0.00579307814163
0.00579307814164
0.00579307814163
0.00315281887418
0.00315281887418
0.00315281887418
0.00315281887418
0.00378792262531
0.00378792262531
0.00378792262531
0.00378792262531
0.00720724662663
0.00720724662663
0.00720724662663
0.00720724662663
0.00891016208931
0.00891016208931
0.00891016208931
0.00891016208931
0.00692161946502
0.00692161946502
0.00692161946502
0.00692161946502
0.00610851133311
0.00610851133311
0.00610851133311
0.00610851133311
0.00555271687374
0.00555271687374
0.00555271687374
0.00555271687374
0.0069706255114
0.00697062551135
0.00697062551139
0.00697062551132
0.00249972865544
0.00249972865544
0.00249972865544
0.00249972865544
0.00236502257259
0.00236502257259
0.00236502257259
0.00236502257259
0.0023825159138
0.0023825159138
0.0023825159138
0.0023825159138
0.00259999910766
0.00259999910766
0.00259999910766
0.00259999910766
0.00088037545352
0.00088037545352
0.00088037545352
0.00088037545352
0.000789867170652
0.00078986717065
0.000789867170651
0.00078986717065
0.00351927111584
0.00351927111584
0.00351927111584
0.00351927111584
0.00826102264841
0.00826102264841
0.00826102264841
0.00826102264841
0.00867674715795
0.00867674715795
0.00867674715795
0.00867674715795
0.00589812210084
0.00589812210084
0.00589812210084
0.00589812210084
0.00523870795871
0.00523870795871
0.00523870795871
0.00523870795871
0.00392301831295
0.00392301831295
0.00392301831295
0.00392301831295
0.00600823356571
0.00600823356571
0.00600823356571
0.00600823356571
0.00527374553182
0.0052737455318
0.0052737455318
0.00527374553178
0.00434546407887
0.00434546407887
0.00434546407887
0.00434546407887
0.00386852867691
0.00386852867691
0.00386852867691
0.00386852867691
0.00569154104086
0.00569154104086
0.00569154104086
0.00569154104086
0.00557623809815
0.00557623809815
0.00557623809815
0.00557623809816
0.00441047824356
0.00441047824356
0.00441047824356
0.00441047824356
0.00493687176415
0.00493687176415
0.00493687176415
0.00493687176415
0.00473129760626
0.00473129760626
0.00473129760626
0.00473129760626
0.00889749768116
0.00889749768119
0.00889749768123
0.00889749768119
0.00902945381745
0.00902945381745
0.00902945381745
0.00902945381745
0.00141286019095
0.00141286019095
0.00141286019095
0.00141286019095
0.00121674657145
0.00121674657145
0.00121674657145
0.00121674657145
0.00266640634793
0.00266640634793
0.00266640634793
0.00266640634793
0.00342753480681
0.00342753480681
0.00342753480681
0.00342753480681
0.00500535673107
0.00500535673107
0.00500535673107
0.00500535673107
0.00495959787697
0.00495959787697
0.00495959787697
0.00495959787697
0.00607579528294
0.00607579528294
0.00607579528294
0.00607579528294
0.00422100044057
0.00422100044057
0.00422100044057
0.00422100044057
0.00387267144331
0.00387267144331
0.00387267144331
0.00387267144331
0.00354162269795
0.00354162269795
0.00354162269795
0.00354162269795
0.00551031055676
0.00551031055676
0.00551031055676
0.00551031055676
0.0068742155915
0.00687421559153
0.00687421559153
0.00687421559153
0.00628826203076
0.00628826203076
0.00628826203076
0.00628826203076
0.0043493034079
0.0043493034079
0.0043493034079
0.0043493034079
0.0027998730157
0.0027998730157
0.0027998730157
0.0027998730157
0.00424305501039
0.00424305501041
0.00424305501038
0.0042430550104
0.00490427332165
0.00490427332163
0.00490427332163
0.00490427332165
0.00449176034407
0.00449176034407
0.00449176034407
0.00449176034407
0.00488806773003
0.00488806773003
0.00488806773003
0.00488806773003
0.0073175845553
0.00731758455529
0.0073175845553
0.00731758455529
0.00596366760453
0.00596366760453
0.00596366760453
0.00596366760453
0.00102482099857
0.00102482099857
0.00102482099857
0.00102482099857
0.000781832053963
0.000781832053963
0.000781832053963
0.000781832053963
0.00076932092884
0.00076932092884
0.00076932092884
0.00076932092884
0.000909930708961
0.000909930708961
0.000909930708961
0.000909930708961
0.000929223297032
0.000929223297032
0.000929223297032
0.000929223297032
0.000995605474465
0.000995605474465
0.000995605474465
0.000995605474465
0.00818903259266
0.00818903259264
0.00818903259261
0.00818903259263
0.00787165839682
0.00787165839682
0.00787165839682
0.00787165839682
0.00829201540302
0.00829201540302
0.00829201540302
0.00829201540302
0.00749396014165
0.00749396014162
0.00749396014165
0.00749396014159
0.0129982627826
0.0129982627826
0.0129982627826
0.0129982627826
0.00827035632809
0.00827035632809
0.00827035632809
0.00827035632809
0.00761968851166
0.00761968851162
0.00761968851162
0.00761968851159
0.00735139832325
0.00735139832325
0.00735139832329
0.00735139832322
0.00717571451167
0.00717571451174
0.00717571451172
0.00717571451175
0.00754379141848
0.00754379141848
0.00754379141848
0.00754379141848
0.00896019244774
0.00896019244774
0.00896019244774
0.00896019244774
0.00798058339202
0.00798058339202
0.00798058339202
0.00798058339202
0.00901123216497
0.00901123216493
0.00901123216493
0.00901123216494
0.00602325395962
0.00602325395962
0.00602325395962
0.00602325395962
0.00727886740355
0.00727886740355
0.00727886740355
0.00727886740355
0.00663433234088
0.00663433234088
0.00663433234088
0.00663433234088
0.00668833001583
0.00668833001583
0.00668833001583
0.00668833001583
0.00721036840562
0.00721036840562
0.00721036840562
0.00721036840562
0.00673049365229
0.00673049365229
0.00673049365231
0.00673049365228
0.0066180969141
0.0066180969141
0.0066180969141
0.0066180969141
0.010595848418
0.010595848418
0.0105958484179
0.010595848418
0.0179115224866
0.0179115224866
0.0179115224866
0.0179115224866
0.0086758463957
0.0086758463957
0.0086758463957
0.0086758463957
0.00746032792378
0.00746032792378
0.00746032792378
0.00746032792378
0.00746905056448
0.00746905056447
0.00746905056447
0.00746905056448
0.00656185402801
0.00656185402801
0.00656185402801
0.00656185402801
0.00828856822512
0.00828856822512
0.00828856822512
0.00828856822512
0.00786392031258
0.00786392031258
0.00786392031258
0.00786392031258
0.00869715848093
0.00869715848093
0.00869715848093
0.00869715848093
0.00869430041066
0.00869430041069
0.00869430041072
0.0086943004107
0.00148930652317
0.00148930652317
0.00148930652317
0.00148930652317
0.00211047343018
0.00211047343018
0.00211047343018
0.00211047343018
0.00197515730075
0.00197515730075
0.00197515730075
0.00197515730075
0.00242608773134
0.00242608773134
0.00242608773134
0.00242608773134
0.00205661587338
0.00205661587338
0.00205661587338
0.00205661587338
0.00988337746504
0.00988337746504
0.00988337746504
0.00988337746504
0.0096396531132
0.0096396531132
0.0096396531132
0.0096396531132
0.0081405443669
0.00814054436685
0.00814054436683
0.00814054436687
0.0106042929638
0.0106042929638
0.0106042929638
0.0106042929638
0.00205657189255
0.00205657189253
0.00205657189254
0.00205657189251
0.00183470307623
0.00183470307623
0.00183470307623
0.00183470307623
0.00103301255745
0.00103301255745
0.00103301255745
0.00103301255745
0.00125482241986
0.00125482241985
0.00125482241985
0.00125482241986
0.00131918819955
0.00131918819955
0.00131918819955
0.00131918819955
0.00149706435096
0.00149706435096
0.00149706435096
0.00149706435096
0.00127137768308
0.00127137768308
0.00127137768308
0.00127137768308
0.00118805752672
0.00118805752672
0.00118805752672
0.00118805752672
0.00136306523121
0.00136306523121
0.00136306523121
0.00136306523121
0.00130023560518
0.00130023560518
0.00130023560518
0.00130023560518
0.00164264774818
0.00164264774818
0.00164264774818
0.00164264774818
0.00246125473746
0.00246125473746
0.00246125473746
0.00246125473746
0.000703784364264
0.000703784364264
0.000703784364264
0.000703784364264
0.000744213661048
0.000744213661048
0.000744213661046
0.000744213661048
0.000412706709872
0.000412706709873
0.000412706709873
0.000412706709873
0.000363636247289
0.000363636247289
0.000363636247289
0.000363636247289
0.000384762935369
0.000384762935369
0.000384762935369
0.000384762935369
0.00047890735507
0.00047890735507
0.00047890735507
0.00047890735507
0.00059025028699
0.00059025028699
0.00059025028699
0.00059025028699
0.001120779866
0.001120779866
0.001120779866
0.00112077986603
0.000712147028325
0.000712147028335
0.00071214702833
0.00071214702834
0.000880285566204
0.000880285566204
0.000880285566204
0.000880285566204
0.000532127774171
0.000532127774171
0.000532127774171
0.000532127774171
0.00920224927094
0.00920224927094
0.00920224927096
0.00920224927092
0.00157568813794
0.00157568813793
0.00157568813793
0.00157568813794
0.00142645942227
0.00142645942227
0.00142645942227
0.00142645942227
0.00180392802392
0.00180392802392
0.00180392802392
0.00180392802392
0.00208167744368
0.00208167744368
0.00208167744368
0.00208167744368
0.00202734798553
0.00202734798553
0.00202734798553
0.00202734798553
0.00170585827079
0.00170585827079
0.00170585827079
0.00170585827079
0.00215548182549
0.00215548182549
0.00215548182549
0.00215548182549
0.00172712508289
0.00172712508289
0.00172712508289
0.00172712508289
0.0022924649342
0.0022924649342
0.0022924649342
0.00229246493423
0.00206914970226
0.00206914970229
0.00206914970229
0.00206914970229
0.001212743832
0.001212743832
0.001212743832
0.001212743832
0.00139791371482
0.00139791371482
0.00139791371482
0.00139791371482
0.0074672747696
0.0074672747696
0.0074672747696
0.0074672747696
0.00776941202503
0.00776941202503
0.00776941202503
0.00776941202503
0.00755874187988
0.00755874187988
0.00755874187988
0.00755874187988
0.00822091932366
0.00822091932366
0.00822091932366
0.00822091932366
0.00237061049009
0.00237061049009
0.00237061049009
0.00237061049009
0.00209912450912
0.00209912450912
0.00209912450912
0.00209912450912
0.00248690484834
0.00248690484834
0.00248690484834
0.00248690484834
0.00187815246099
0.00187815246099
0.00187815246098
0.00187815246099
0.00811430363503
0.00811430363503
0.00811430363503
0.00811430363503
0.00729733388018
0.00729733388018
0.00729733388018
0.00729733388018
0.00726627497634
0.00726627497634
0.00726627497634
0.00726627497634
0.00846171014963
0.00846171014963
0.00846171014963
0.00846171014963
0.00164769381771
0.00164769381771
0.00164769381771
0.00164769381771
0.00129736293249
0.00129736293249
0.00129736293249
0.00129736293249
0.00150624123781
0.00150624123781
0.00150624123781
0.00150624123781
0.00137660205616
0.00137660205616
0.00137660205616
0.00137660205616
0.00268348278941
0.00268348278941
0.00268348278941
0.00268348278941
0.00235637021405
0.00235637021405
0.00235637021405
0.00235637021405
0.00764520657211
0.00764520657211
0.00764520657211
0.00764520657211
0.00763146207397
0.00763146207397
0.00763146207397
0.00763146207397
0.00506113833983
0.00506113833983
0.00506113833983
0.00506113833983
0.00465256311923
0.00465256311923
0.00465256311923
0.00465256311923
0.00078496580113
0.00078496580113
0.00078496580113
0.00078496580113
0.00167912954405
0.00167912954405
0.00167912954405
0.00167912954405
0.00181279533961
0.00181279533961
0.00181279533961
0.00181279533961
0.00913856164078
0.00913856164082
0.00913856164081
0.00913856164085
0.00866962914394
0.00866962914398
0.00866962914401
0.00866962914398
0.00248032354417
0.00248032354417
0.00248032354417
0.00248032354417
0.00210996361579
0.00210996361579
0.00210996361579
0.00210996361579
0.000561190724226
0.000561190724226
0.000561190724226
0.000561190724226
0.000572499530155
0.000572499530155
0.000572499530155
0.000572499530155
0.00057771791946
0.00057771791946
0.00057771791946
0.00057771791946
0.000798520066145
0.000798520066145
0.000798520066145
0.000798520066145
0.0100780844885
0.0100780844885
0.0100780844885
0.0100780844885
0.00825202218167
0.00825202218167
0.00825202218167
0.00825202218167
0.00219492131782
0.00219492131782
0.00219492131782
0.00219492131782
0.00313660459761
0.00313660459761
0.00313660459761
0.00313660459761
0.00280545119058
0.00280545119058
0.00280545119058
0.00280545119058
0.00303854101853
0.00303854101853
0.00303854101853
0.00303854101853
0.00266798567816
0.00266798567814
0.00266798567817
0.00266798567815
0.00257578591801
0.00257578591801
0.00257578591801
0.00257578591801
0.00351085088348
0.00351085088348
0.00351085088348
0.00351085088348
0.00342578219783
0.00342578219783
0.00342578219783
0.00342578219783
0.00226454718921
0.00226454718921
0.00226454718921
0.00226454718921
0.00236158473449
0.00236158473449
0.00236158473449
0.00236158473449
0.00271712056372
0.00271712056372
0.00271712056372
0.00271712056372
0.00263616161119
0.00263616161119
0.00263616161119
0.00263616161119
0.00226418731578
0.00226418731578
0.00226418731578
0.00226418731578
0.00245204935537
0.00245204935537
0.00245204935537
0.00245204935537
0.0105739869191
0.0105739869191
0.0105739869191
0.0105739869191
0.00904572519232
0.00904572519238
0.0090457251924
0.00904572519238
0.0012275144656
0.0012275144656
0.0012275144656
0.0012275144656
0.00096954949721
0.00096954949721
0.00096954949721
0.00096954949721
0.000997952632456
0.000997952632456
0.000997952632456
0.000997952632456
0.00118201347448
0.00118201347448
0.00118201347448
0.00118201347448
0.00159109467552
0.00159109467552
0.00159109467552
0.00159109467552
0.000725538158864
0.000725538158864
0.000725538158866
0.000725538158863
0.00064303943862
0.000643039438625
0.000643039438616
0.000643039438628
0.000986476211863
0.000986476211863
0.000986476211863
0.000986476211863
0.000612752247102
0.000612752247098
0.000612752247079
0.000612752247098
0.00190516964946
0.00190516964946
0.00190516964946
0.00190516964946
0.00180143962327
0.00180143962327
0.00180143962327
0.00180143962327
0.00542056367187
0.00542056367187
0.00542056367187
0.00542056367187
0.0045132321919
0.0045132321919
0.0045132321919
0.0045132321919
0.00558099470135
0.00558099470135
0.00558099470135
0.00558099470135
0.00483915163918
0.00483915163922
0.00483915163923
0.00483915163922
0.00114195881339
0.00114195881339
0.00114195881339
0.00114195881339
0.000402097395984
0.000402097395984
0.000402097395984
0.000402097395984
0.000292201116801
0.000292201116802
0.000292201116802
0.000292201116803
0.000585719802089
0.000585719802088
0.000585719802088
0.000585719802088
0.000524899217848
0.000524899217848
0.000524899217848
0.000524899217848
0.000492075401787
0.000492075401787
0.000492075401787
0.000492075401787
0.000709103896772
0.000709103896772
0.00070910389676
0.00070910389675
0.000495467971382
0.000495467971382
0.000495467971382
0.000495467971382
0.000597804711322
0.000597804711322
0.000597804711322
0.000597804711322
0.00693076750265
0.00693076750265
0.00693076750265
0.00693076750265
0.00605504707451
0.00605504707451
0.00605504707451
0.00605504707451
0.00459964292359
0.00459964292361
0.00459964292361
0.00459964292363
0.00462182472861
0.00462182472861
0.00462182472861
0.00462182472861
0.00460631943933
0.00460631943933
0.00460631943933
0.00460631943933
0.00466981545574
0.00466981545574
0.00466981545574
0.00466981545574
0.006487132696
0.00648713269601
0.00648713269601
0.00648713269601
0.0063571112892
0.0063571112892
0.0063571112892
0.0063571112892
0.0049770734656
0.0049770734656
0.0049770734656
0.0049770734656
0.00567005601636
0.00567005601637
0.00567005601639
0.00567005601638
0.00597224903779
0.00597224903779
0.00597224903779
0.00597224903779
0.00551963075528
0.00551963075528
0.00551963075528
0.00551963075528
0.00540950656733
0.00540950656734
0.00540950656737
0.00540950656736
0.00553778114116
0.00553778114115
0.00553778114119
0.00553778114118
0.00109623815648
0.00109623815646
0.00109623815646
0.00109623815646
0.00108696481406
0.00108696481406
0.00108696481406
0.00108696481406
0.00527948550432
0.00527948550434
0.00527948550433
0.00527948550435
0.00468456213366
0.00468456213366
0.00468456213366
0.00468456213366
0.00175271272001
0.00175271272001
0.00175271272001
0.00175271272001
0.0015878266446
0.0015878266446
0.0015878266446
0.0015878266446
0.00470802106928
0.00470802106928
0.00470802106928
0.00470802106928
0.00504936808938
0.00504936808938
0.00504936808938
0.00504936808938
0.00406823146501
0.00406823146501
0.00406823146501
0.00406823146501
0.00399663066404
0.00399663066404
0.00399663066404
0.00399663066404
0.00284283176694
0.00284283176694
0.00284283176694
0.00284283176694
0.00241886055231
0.00241886055231
0.00241886055231
0.00241886055231
0.00287363088778
0.00287363088778
0.00287363088778
0.00287363088778
0.00311694403623
0.00311694403623
0.00311694403623
0.00311694403623
0.00429150566312
0.00429150566314
0.00429150566316
0.00429150566315
0.00516262519304
0.00516262519304
0.00516262519304
0.00516262519304
0.00279034161167
0.00279034161167
0.00279034161167
0.00279034161167
0.00284323568968
0.00284323568968
0.00284323568968
0.00284323568968
0.00218335045286
0.00218335045286
0.00218335045286
0.00218335045286
0.00246686898824
0.00246686898824
0.00246686898824
0.00246686898822
0.00239413147116
0.00239413147116
0.00239413147116
0.00239413147116
0.00251777343825
0.00251777343825
0.00251777343825
0.00251777343825
0.00688103671922
0.00688103671922
0.00688103671914
0.00688103671922
0.00759818818379
0.00759818818372
0.00759818818372
0.00759818818372
0.00531019303665
0.00531019303665
0.00531019303663
0.00531019303667
0.00309566083669
0.00309566083669
0.00309566083669
0.00309566083669
0.00264061724629
0.00264061724629
0.00264061724629
0.00264061724629
0.00223022105295
0.00223022105295
0.00223022105295
0.00223022105295
0.00284041699599
0.00284041699599
0.00284041699599
0.00284041699599
0.00516330833575
0.00516330833575
0.00516330833575
0.00516330833575
0.0043589175675
0.0043589175675
0.0043589175675
0.0043589175675
0.00225570950484
0.00225570950484
0.00225570950484
0.00225570950484
0.00212412110048
0.00212412110048
0.00212412110048
0.00212412110048
0.00194422300947
0.00194422300947
0.00194422300947
0.00194422300947
0.00174790427532
0.00174790427532
0.00174790427532
0.00174790427532
0.00211442825375
0.00211442825375
0.00211442825375
0.00211442825375
0.00228779668942
0.00228779668943
0.00228779668941
0.00228779668944
0.000738351804083
0.000738351804083
0.000738351804083
0.000738351804083
0.000698092480821
0.000698092480821
0.000698092480821
0.000698092480821
0.000992491953926
0.000992491953926
0.000992491953926
0.000992491953926
0.000941367234378
0.000941367234386
0.000941367234387
0.000941367234396
0.00713891905875
0.00713891905879
0.00713891905881
0.00713891905878
0.0069088251562
0.0069088251562
0.0069088251562
0.0069088251562
0.00313975184451
0.00313975184453
0.00313975184451
0.00313975184453
0.002738811817
0.002738811817
0.002738811817
0.002738811817
0.000925221021923
0.000925221021923
0.000925221021923
0.000925221021923
0.00165150603172
0.00165150603172
0.00165150603172
0.00165150603172
0.00186632650343
0.00186632650343
0.00186632650343
0.00186632650343
0.00178056289268
0.00178056289268
0.00178056289268
0.00178056289268
0.00154393131371
0.00154393131371
0.00154393131371
0.00154393131371
0.00161833093495
0.00161833093495
0.00161833093495
0.00161833093495
0.00165918444438
0.00165918444438
0.00165918444438
0.00165918444438
0.00166775725494
0.00166775725494
0.00166775725494
0.00166775725494
0.00076250612747
0.00076250612747
0.00076250612747
0.00076250612747
0.000696718792236
0.000696718792236
0.000696718792236
0.000696718792236
0.000618472249129
0.000618472249129
0.000618472249129
0.000618472249129
0.00047241165158
0.00047241165158
0.00047241165158
0.00047241165158
0.000571037722297
0.000571037722297
0.000571037722297
0.000571037722297
0.000538134090656
0.000538134090656
0.000538134090656
0.000538134090656
0.00553604952365
0.00553604952365
0.00553604952365
0.00553604952365
0.00549192265305
0.00549192265305
0.00549192265305
0.00549192265305
0.00630371654239
0.00630371654239
0.00630371654239
0.00630371654239
0.00592127755895
0.00592127755895
0.00592127755892
0.00592127755898
0.000784544504611
0.000784544504611
0.000784544504611
0.000784544504611
0.000785483679253
0.000785483679253
0.000785483679253
0.000785483679253
0.000867145398541
0.000867145398541
0.000867145398541
0.000867145398541
0.000653220895793
0.000653220895793
0.000653220895793
0.000653220895793
0.00660197125547
0.00660197125547
0.00660197125547
0.00660197125547
0.00785955148086
0.00785955148086
0.00785955148086
0.00785955148086
0.000564736089121
0.000564736089121
0.000564736089121
0.000564736089121
0.000808532451022
0.000808532451011
0.000808532451025
0.000808532451008
0.00513843628951
0.00513843628951
0.00513843628951
0.00513843628951
0.00526180844104
0.00526180844104
0.00526180844104
0.00526180844104
0.0048891803304
0.0048891803304
0.0048891803304
0.0048891803304
0.0038739417349
0.0038739417349
0.0038739417349
0.0038739417349
0.00412132153388
0.00412132153388
0.00412132153388
0.00412132153388
0.00434335345317
0.00434335345317
0.00434335345317
0.00434335345317
0.00705288894397
0.00705288894396
0.00705288894396
0.00705288894391
0.00834823405583
0.00834823405583
0.00834823405583
0.00834823405584
0.0061642126938
0.00616421269383
0.00616421269384
0.00616421269382
0.00513740654335
0.00513740654335
0.00513740654335
0.00513740654335
0.0055745348115
0.0055745348115
0.0055745348115
0.0055745348115
0.0048207866798
0.0048207866798
0.0048207866798
0.0048207866798
0.00683811958742
0.00683811958744
0.00683811958747
0.00683811958746
0.00567335410215
0.00567335410215
0.00567335410215
0.00567335410215
0.00579129647364
0.00579129647364
0.00579129647364
0.00579129647364
0.00625308492143
0.00625308492143
0.00625308492143
0.00625308492143
0.00563251896078
0.00563251896078
0.00563251896078
0.00563251896078
0.0011361641473
0.0011361641473
0.0011361641473
0.0011361641473
0.001359263366
0.001359263366
0.001359263366
0.001359263366
0.00103054556302
0.00103054556303
0.00103054556302
0.00103054556303
0.00123277966622
0.00123277966622
0.00123277966622
0.00123277966622
0.00101987489267
0.00101987489267
0.00101987489267
0.00101987489267
0.000562064319144
0.000562064319156
0.000562064319171
0.000562064319159
0.000689105506936
0.000689105506936
0.000689105506936
0.000689105506936
0.000592054806579
0.000592054806575
0.000592054806578
0.000592054806583
0.00077836099959
0.00077836099958
0.000778360999582
0.000778360999574
0.000758952938272
0.000758952938272
0.000758952938272
0.000758952938272
0.00572363196544
0.00572363196544
0.00572363196544
0.00572363196544
0.00574913581648
0.00574913581647
0.00574913581648
0.00574913581647
0.000743128342238
0.000743128342238
0.000743128342238
0.000743128342238
0.000923444179361
0.000923444179363
0.000923444179343
0.000923444179363
0.00157645885646
0.00157645885646
0.00157645885646
0.00157645885646
0.00124115416704
0.00124115416704
0.00124115416704
0.00124115416704
0.00120681139061
0.00120681139061
0.00120681139061
0.00120681139061
0.00165402851442
0.00165402851442
0.00165402851442
0.00165402851442
0.00104212827791
0.00104212827791
0.00104212827792
0.0010421282779
0.000750426390215
0.000750426390215
0.000750426390215
0.000750426390215
0.000794501486536
0.000794501486535
0.000794501486535
0.000794501486535
0.000635206452804
0.000635206452805
0.000635206452805
0.000635206452806
0.00217053293282
0.0021705329328
0.00217053293282
0.00217053293281
0.0024240669273
0.00242406692729
0.00242406692729
0.00242406692724
0.000857636228935
0.000857636228935
0.000857636228935
0.000857636228935
0.000656038979843
0.000656038979858
0.000656038979858
0.000656038979861
0.000620221619759
0.000620221619759
0.000620221619759
0.000620221619773
0.000677557323384
0.000677557323376
0.000677557323376
0.000677557323384
0.000537927774951
0.000537927774951
0.000537927774951
0.000537927774951
0.000567515169218
0.000567515169218
0.000567515169218
0.000567515169218
0.000706875855996
0.000706875855988
0.000706875855984
0.000706875855992
0.000660077749655
0.000660077749655
0.000660077749655
0.000660077749655
0.000547668910564
0.000547668910555
0.000547668910564
0.000547668910555
0.000568692148607
0.00056869214861
0.00056869214861
0.00056869214861
0.000392622681712
0.000392622681712
0.000392622681712
0.000392622681712
0.000350330169722
0.000350330169722
0.000350330169722
0.000350330169722
0.000276118211121
0.000276118211121
0.000276118211121
0.000276118211121
0.000283724367788
0.000283724367788
0.000283724367788
0.000283724367788
0.000391517717284
0.000391517717284
0.000391517717291
0.000391517717277
0.000327179644631
0.000327179644625
0.000327179644625
0.000327179644619
0.000398618889887
0.000398618889887
0.000398618889887
0.000398618889887
0.000367822854966
0.000367822854966
0.000367822854966
0.000367822854966
0.000528670051021
0.000528670051016
0.000528670051012
0.000528670051008
0.000496014146208
0.000496014146208
0.000496014146208
0.000496014146208
0.000524745432154
0.000524745432154
0.000524745432154
0.000524745432154
0.000571073953392
0.000571073953392
0.000571073953392
0.000571073953392
0.000883411913125
0.000883411913125
0.000883411913125
0.000883411913125
0.000980382680969
0.000980382680969
0.000980382680969
0.000980382680969
0.000899927898213
0.000899927898213
0.000899927898213
0.000899927898213
0.000732126302878
0.000732126302878
0.000732126302878
0.000732126302878
0.000931223100939
0.000931223100939
0.000931223100939
0.000931223100939
0.000849668904371
0.00084966890438
0.000849668904378
0.000849668904373
0.000776229876948
0.000776229876948
0.000776229876948
0.000776229876948
0.000735337590159
0.000735337590159
0.000735337590159
0.000735337590159
0.00074680139634
0.00074680139634
0.00074680139634
0.00074680139634
0.000934260165713
0.000934260165713
0.000934260165713
0.000934260165713
0.000788549134273
0.000788549134273
0.000788549134273
0.000788549134273
0.000689290831742
0.000689290831742
0.000689290831742
0.000689290831742
0.000699013074889
0.000699013074889
0.000699013074889
0.000699013074889
0.000692206356053
0.000692206356053
0.000692206356053
0.000692206356053
0.00775822317396
0.00775822317396
0.00775822317396
0.00775822317396
0.00810510516401
0.00810510516401
0.00810510516401
0.00810510516401
0.00130416401615
0.00130416401615
0.00130416401615
0.00130416401615
0.00125411957545
0.00125411957545
0.00125411957545
0.00125411957545
0.000631624326199
0.000631624326199
0.000631624326199
0.000631624326199
0.00122873592856
0.00122873592856
0.00122873592856
0.00122873592856
0.000876673130669
0.000876673130669
0.000876673130669
0.000876673130669
0.000963421866934
0.000963421866934
0.000963421866934
0.000963421866934
0.000869361097545
0.000869361097545
0.000869361097545
0.000869361097545
0.00081351075052
0.00081351075052
0.00081351075052
0.00081351075052
0.00428415335293
0.00428415335294
0.00428415335297
0.00428415335296
0.00457816633198
0.00457816633198
0.00457816633198
0.00457816633198
0.00472717019593
0.00472717019593
0.00472717019593
0.00472717019593
0.00469063023001
0.00469063023001
0.00469063023001
0.00469063023001
0.00539508937616
0.00539508937616
0.00539508937616
0.00539508937616
0.00619309926008
0.00619309926011
0.00619309926009
0.00619309926013
0.000730873051062
0.000730873051062
0.000730873051062
0.000730873051062
0.000902281831218
0.000902281831218
0.000902281831218
0.000902281831218
0.00083142713754
0.00083142713754
0.00083142713754
0.00083142713754
0.000706638875718
0.000706638875718
0.000706638875718
0.000706638875718
0.000387754229715
0.000387754229715
0.000387754229715
0.000387754229715
0.000372847159836
0.000372847159836
0.000372847159836
0.000372847159836
0.00046951119103
0.00046951119103
0.00046951119103
0.00046951119103
0.000426540000333
0.00042654000034
0.000426540000333
0.00042654000034
0.000652069447792
0.000652069447791
0.000652069447791
0.000652069447791
0.000692436689154
0.000692436689154
0.000692436689152
0.000692436689153
0.00272216452346
0.00272216452349
0.00272216452349
0.0027221645235
0.00303104323296
0.00303104323295
0.00303104323296
0.00303104323297
0.00184219307994
0.00184219307994
0.00184219307994
0.00184219307994
0.00147061559065
0.00147061559065
0.00147061559065
0.00147061559065
0.00144091552205
0.00144091552205
0.00144091552205
0.00144091552205
0.00156213306494
0.00156213306494
0.00156213306494
0.00156213306494
0.00112189108986
0.00112189108986
0.00112189108986
0.00112189108986
0.00106323290574
0.00106323290574
0.00106323290574
0.00106323290574
0.00106614522581
0.00106614522581
0.00106614522581
0.00106614522581
0.00126452000805
0.00126452000805
0.00126452000805
0.00126452000805
0.00102191117029
0.00102191117029
0.00102191117029
0.00102191117029
0.000973166394162
0.000973166394162
0.000973166394162
0.000973166394162
0.00105896936876
0.00105896936876
0.00105896936876
0.00105896936876
0.000956378014651
0.000956378014651
0.000956378014651
0.000956378014651
0.00137308551715
0.00137308551715
0.00137308551716
0.00137308551713
0.00120872294388
0.00120872294387
0.00120872294387
0.00120872294386
0.00102192335441
0.00102192335441
0.00102192335441
0.00102192335441
0.00108357646055
0.00108357646055
0.00108357646055
0.00108357646055
0.00161999858469
0.00161999858469
0.00161999858469
0.00161999858469
0.00181188950009
0.00181188950009
0.00181188950009
0.00181188950009
0.000588981726183
0.000588981726183
0.000588981726183
0.000588981726183
0.000625008768137
0.000625008768123
0.000625008768127
0.000625008768123
0.000442056464069
0.000442056464069
0.000442056464069
0.000442056464069
0.000463774826262
0.000463774826262
0.000463774826262
0.000463774826262
0.000536940281766
0.000536940281766
0.000536940281766
0.000536940281766
0.000574858010296
0.000574858010296
0.000574858010296
0.000574858010296
0.000698770481629
0.000698770481629
0.000698770481629
0.000698770481629
0.000607835097728
0.000607835097728
0.000607835097728
0.000607835097728
0.00153807472953
0.00153807472953
0.00153807472953
0.00153807472953
0.00134315162118
0.00134315162118
0.00134315162118
0.00134315162118
0.0013442980725
0.0013442980725
0.0013442980725
0.0013442980725
0.00153237963879
0.00153237963879
0.00153237963879
0.00153237963879
0.00159128821901
0.00159128821901
0.00159128821901
0.00159128821901
0.00156775516956
0.00156775516956
0.00156775516953
0.00156775516956
0.00164504449171
0.00164504449171
0.00164504449171
0.00164504449171
0.0017463812295
0.0017463812295
0.0017463812295
0.0017463812295
0.000856441807239
0.000856441807239
0.000856441807239
0.000856441807239
0.000773080081852
0.000773080081852
0.000773080081852
0.000773080081852
0.000823174029665
0.000823174029665
0.000823174029665
0.000823174029665
0.000854983365652
0.000854983365652
0.000854983365652
0.000854983365652
0.00227003232016
0.00227003232016
0.00227003232016
0.00227003232016
0.00211783444664
0.00211783444664
0.00211783444664
0.00211783444664
0.000687443215943
0.000687443215943
0.000687443215943
0.000687443215943
0.000687204434409
0.000687204434401
0.000687204434407
0.000687204434403
0.000726656749091
0.000726656749091
0.000726656749091
0.000726656749091
0.000747143641054
0.000747143641054
0.000747143641052
0.000747143641037
0.000832237381788
0.000832237381788
0.000832237381788
0.000832237381788
0.00108011279944
0.00108011279944
0.00108011279944
0.00108011279944
0.00102511588633
0.00102511588633
0.00102511588633
0.00102511588633
0.000788545509013
0.000788545509013
0.000788545509013
0.000788545509013
0.00112410251308
0.00112410251308
0.00112410251308
0.00112410251308
0.00146482411794
0.00146482411794
0.00146482411794
0.00146482411794
0.00186219339344
0.00186219339345
0.00186219339345
0.00186219339345
0.00177863530071
0.00177863530072
0.00177863530072
0.00177863530075
0.00135167932261
0.00135167932261
0.00135167932259
0.00135167932262
0.00135118785241
0.00135118785241
0.00135118785241
0.00135118785241
0.00144632281892
0.00144632281892
0.00144632281892
0.00144632281892
0.00159679793072
0.00159679793072
0.00159679793072
0.00159679793072
0.000773901558105
0.000773901558105
0.000773901558105
0.000773901558105
0.000619560239317
0.000619560239317
0.000619560239317
0.000619560239317
0.000620562501854
0.000620562501854
0.000620562501854
0.000620562501854
0.00069521179535
0.00069521179535
0.00069521179535
0.00069521179535
0.000664001063294
0.000664001063294
0.000664001063294
0.000664001063294
0.000562029445311
0.000562029445311
0.000562029445311
0.000562029445311
0.000549372196254
0.000549372196254
0.000549372196254
0.000549372196254
0.000650747859181
0.000650747859181
0.000650747859181
0.000650747859181
0.00544611446645
0.00544611446645
0.00544611446645
0.00544611446645
0.00516599451829
0.0051659945183
0.00516599451832
0.00516599451828
0.000930666405487
0.000930666405487
0.000930666405487
0.000930666405487
0.000906602670596
0.000906602670596
0.000906602670596
0.000906602670596
0.00119574740528
0.00119574740528
0.00119574740528
0.00119574740528
0.00124332245342
0.00124332245342
0.00124332245342
0.00124332245342
0.00130242675583
0.00130242675583
0.00130242675583
0.00130242675583
0.00125002610765
0.00125002610765
0.00125002610765
0.00125002610765
0.000540303884179
0.000540303884179
0.000540303884179
0.000540303884179
0.000797190355299
0.000797190355299
0.000797190355299
0.000797190355299
0.000619574612598
0.000619574612598
0.000619574612598
0.000619574612598
0.000532344279283
0.000532344279283
0.000532344279283
0.000532344279283
0.0062857777396
0.00628577773954
0.00628577773954
0.00628577773954
0.00686032040925
0.00686032040925
0.00686032040925
0.00686032040925
0.00352299275647
0.00352299275646
0.00352299275643
0.00352299275646
0.00336215288615
0.00336215288618
0.00336215288618
0.00336215288618
0.00364352872214
0.00364352872215
0.00364352872216
0.00364352872216
0.00377652282464
0.00377652282464
0.00377652282464
0.00377652282464
0.00390178539467
0.00390178539467
0.00390178539467
0.00390178539467
0.00392193078634
0.00392193078634
0.00392193078633
0.00392193078634
0.00269893461447
0.00269893461446
0.0026989346144
0.00269893461447
0.0010305540606
0.0010305540606
0.00103055406059
0.00103055406061
0.00043296345747
0.00043296345747
0.00043296345747
0.00043296345747
0.000440716699376
0.000440716699376
0.000440716699376
0.000440716699376
0.000686977653934
0.000686977653935
0.000686977653935
0.000686977653936
0.000889038184468
0.000889038184469
0.000889038184468
0.000889038184469
0.000470737944545
0.000470737944545
0.000470737944545
0.000470737944545
0.000410655872047
0.000410655872047
0.000410655872047
0.000410655872047
0.000215853127477
0.000215853127477
0.000215853127477
0.000215853127476
0.000281917911386
0.000281917911386
0.000281917911386
0.000281917911386
0.000187853513427
0.000187853513427
0.000187853513427
0.000187853513427
0.000139224123646
0.000139224123646
0.000139224123646
0.000139224123646
0.000152111338695
0.000152111338695
0.000152111338695
0.000152111338695
0.000181231166385
0.000181231166385
0.000181231166385
0.000181231166385
0.000480479820529
0.000480479820529
0.000480479820529
0.000480479820529
0.000439965664695
0.000439965664695
0.000439965664695
0.000439965664696
0.000376074367088
0.000376074367088
0.000376074367088
0.000376074367088
0.00037592316078
0.00037592316078
0.00037592316078
0.00037592316078
0.000614685119782
0.000614685119782
0.000614685119782
0.000614685119782
0.000966652561126
0.000966652561126
0.000966652561126
0.000966652561126
0.000519720832265
0.000519720832265
0.000519720832265
0.000519720832265
0.00032258699456
0.00032258699456
0.00032258699456
0.00032258699456
0.000391856030667
0.000391856030667
0.000391856030667
0.000391856030667
0.000385932548289
0.000385932548289
0.000385932548289
0.000385932548289
0.00155292853128
0.00155292853128
0.00155292853128
0.00155292853128
0.0016182363514
0.0016182363514
0.0016182363514
0.0016182363514
0.00188722025811
0.00188722025811
0.00188722025811
0.00188722025811
0.0017414253426
0.0017414253426
0.0017414253426
0.0017414253426
0.00287984959857
0.00287984959856
0.00287984959854
0.00287984959856
0.00226307404276
0.00226307404275
0.00226307404274
0.00226307404275
0.00188794112053
0.00188794112053
0.00188794112053
0.00188794112053
0.00231995427554
0.00231995427554
0.00231995427554
0.00231995427554
0.00216733168371
0.00216733168371
0.00216733168371
0.00216733168371
0.00186322353629
0.00186322353629
0.00186322353629
0.00186322353629
0.000667799507528
0.000667799507528
0.000667799507528
0.000667799507528
0.000715314731926
0.000715314731926
0.000715314731926
0.000715314731926
0.000978514248735
0.000978514248735
0.000978514248735
0.000978514248735
0.000950641365168
0.000950641365168
0.000950641365168
0.000950641365168
0.00426019168613
0.00426019168613
0.00426019168613
0.00426019168613
0.00401302345987
0.00401302345987
0.00401302345987
0.00401302345987
