0.133416762654
0.131243696246
0.105205918421
0.133036876564
0.134702775732
0.0923816948561
0.130757422423
0.138202298861
0.133058670308
0.129732553396
0.124739524591
0.118827760097
0.130945758586
0.129030875632
0.13765252426
0.131257689494
0.127409910724
0.116395669594
0.107858592992
0.139199985135
0.155499605112
0.129426622483
0.141151190108
0.138206782549
0.119690937675
0.0386973870092
0.0397747232275
0.0776860003965
0.0769021857988
0.0295602184868
0.0370099697014
0.00954431577478
0.0182915323292
0.021994183277
0.014109088967
0.0196377024071
0.0225114109032
0.0229109592093
0.0363346009419
0.0331812227998
0.0368384480502
0.0329865151152
0.0158400485387
0.0160505900817
0.0248519566262
0.0247065384406
0.0237347904804
0.015091895279
0.0348862134046
0.030965540732
0.0226596362608
0.0262756866877
0.0407288708465
0.0164132015174
0.0131574742129
0.0165594121512
0.021550951299
0.020404183743
0.0323213326884
0.025949743605
0.0323304668088
0.0464196411112
0.0277232484626
0.0459617683505
0.0385157464019
0.0376041687222
0.0280962693874
0.0700496227174
0.0765641686066
0.0273502008983
0.0321475126968
0.0375947142132
0.0300115107057
0.0649490131542
0.0781708052634
0.0406699500212
0.040519271823
0.0416953415439
0.0485852766553
0.0442747355065
0.0446839158197
0.0533174131043
0.0534652511452
0.0817464688102
0.0708699358653
0.0761852334742
0.0817569087413
0.0855905767374
0.0704683902231
0.0178366775702
0.0123409453376
0.020009160276
0.0156319155232
0.0126214870959
0.00936364378418
0.00932414549862
0.00929712998052
0.0113945923722
0.0114586799672
0.0152801043137
0.0122333189697
0.0198573081139
0.0178676852661
0.0738912111177
0.0808898944295
0.0437199051027
0.0420413659115
0.0493133113104
0.0489506059036
0.0702015734476
0.0815011994526
0.0819408546184
0.0107936357209
0.00674184296877
0.00638188262705
0.00655328488746
0.00455196941091
0.0052205276798
0.00582103376131
0.00635684724062
0.00545011518755
0.00484772434887
0.00407043055763
0.00567868975031
0.00700583615819
0.010176844692
0.00656377050496
0.00572791877935
0.00569886825725
0.00675983116323
0.00668671183375
0.00649276277491
0.00624633695025
0.00500098230299
0.00507883226666
0.00888849698659
0.009455666379
0.00765019651771
0.00573524483941
0.00585741108654
0.00796534719403
0.00799375414298
0.0152532011115
0.0147815995814
0.0112008765096
0.011028845391
0.0635431629241
0.078893252545
0.0696666690517
0.0760838455351
0.0458326528267
0.0393921916922
0.0413895461595
0.0469073161807
0.0416234039451
0.0302056857584
0.0303021999474
0.0349335570299
0.0794175374665
0.0715881398076
0.0743566313758
0.0628258883269
0.047929582649
0.0425133285093
0.0437741873512
0.0420298826188
0.0796678157916
0.0227643286939
0.017317756381
0.00974909236639
0.0093442056041
0.0112170036107
0.0116699513769
0.0432197989758
0.0131801450743
0.0124437220748
0.0081093795854
0.00563049869837
0.00621833908369
0.00696680911945
0.0243511914783
0.0205448209417
0.0146414432071
0.0194337125238
0.0152875499043
0.0312033540848
0.0223822209908
0.0209333590342
0.0146693886919
0.023228166256
0.0108977247723
0.00925817539061
0.00611257343321
0.00697159822034
0.00788019389597
0.00627962778842
0.0726182692745
0.0753173892302
0.0414837314049
0.035146282216
0.0415610522818
0.0355542572658
0.0342006398121
0.0301732685356
0.0351943878274
0.0704787753352
0.0719688156065
0.0197419006923
0.0172597845814
0.0186550478919
0.0131597917609
0.0157440921179
0.00664643273936
0.00508608201429
0.00602435908609
0.00499629177464
0.00599049085365
0.00525569867879
0.00661725752778
0.00474568139259
0.0127032047204
0.0109086589596
0.0286603858214
0.0270162632224
0.0241373651207
0.0256389377757
0.0291043881755
0.030792120568
0.0297198935963
0.029152163384
0.0154550067004
0.0200007239983
0.0274101730408
0.0139990236912
0.0340082641984
0.0325413164972
0.00467412105693
0.00522899834878
0.0472231735073
0.0397032303298
0.0651459761387
0.0721018782957
0.0295499356617
0.0297714357413
0.0340508626127
0.0363802195917
0.069017278762
0.0603768479865
0.0787496788515
0.0725228579763
0.0363765508597
0.040117089508
0.0365991827255
0.0389726837046
0.0321307211945
0.0279181346499
0.0264310709221
0.0275762133885
0.0275414924377
0.0284975185145
0.0250957287833
0.0311779078685
0.024009376278
0.0274274459566
0.0205833602856
0.0175125646534
0.0161898660527
0.0173014213852
0.0233856115635
0.0259630451714
0.0146034699303
0.014672392428
0.00402818932627
0.00394812701639
0.00598311218604
0.00460737269036
0.0200667027466
0.0191460968855
0.0180890854319
0.0205541547026
0.0186742960351
0.0238570815454
0.0739038610228
0.0334634202074
0.0077319450309
0.0183390810755
0.00594039854443
0.00417844745504
0.00453662357101
0.00380089968207
0.0197221438373
0.0197841994893
0.0204514903229
0.0230905548015
0.0229262373499
0.021731571526
0.0235567436076
0.0196441049669
0.0605712545025
0.0633474242219
0.0425466295454
0.0378952120601
0.0346547955048
0.0293875390372
0.0115060098687
0.0110121654242
0.0120017146845
0.0100478446919
0.0197883463418
0.0171272731451
0.0189576779079
0.0185786472071
0.0197021341131
0.0177795152341
0.0100137981437
0.00925466780937
0.0101268325487
0.0109897635809
0.0200705525972
0.0190471833788
0.0247387001828
0.0249443341983
0.0237395189705
0.0235352481167
0.0234859055243
0.0261081558591
0.0153689934136
0.015482505741
0.0185175768956
0.0196261965892
0.00906310888629
0.00885838988418
0.021815298931
0.0228493056051
0.0275089384561
0.025178130393
0.0209503559422
0.0208827643074
0.0207438789667
0.0211780068245
0.0198531929652
0.0237353241281
0.037981259287
0.0426719275114
0.0213299945848
0.0195454938277
