0.0323768468308
0.0323768468308
0.0323768468308
0.0323768468307
0.029563205973
0.029563205973
0.029563205973
0.0295632059729
0.0227266747261
0.0227266747261
0.0227266747262
0.0227266747261
0.0301613427725
0.0301613427724
0.0301613427724
0.0301613427725
0.0280938942891
0.0280938942891
0.0280938942892
0.0280938942891
0.0283885383901
0.0283885383901
0.0283885383901
0.0283885383901
0.0305065092278
0.0305065092279
0.0305065092278
0.0305065092279
0.029455720087
0.029455720087
0.029455720087
0.029455720087
0.0318446200407
0.0318446200408
0.0318446200408
0.0318446200408
0.026255309263
0.0262553092631
0.0262553092631
0.026255309263
0.0248738832005
0.0248738832004
0.0248738832004
0.0248738832004
0.0331336156896
0.0331336156897
0.0331336156896
0.0331336156897
0.0343593070662
0.0343593070662
0.0343593070662
0.0343593070663
0.0299033354515
0.0299033354515
0.0299033354515
0.0299033354515
0.0322588185533
0.0322588185533
0.0322588185533
0.0322588185533
0.034313196547
0.034313196547
0.034313196547
0.034313196547
0.0270745181837
0.0270745181837
0.0270745181837
0.0270745181837
0.00813015241244
0.00813015241244
0.00813015241243
0.00813015241245
0.0190298816626
0.0190298816626
0.0190298816625
0.0190298816626
0.020751535963
0.020751535963
0.0207515359631
0.020751535963
0.00567991004818
0.00567991004818
0.00567991004818
0.00567991004818
0.00353555378538
0.00353555378538
0.00353555378538
0.00353555378538
0.00324572195029
0.00324572195029
0.00324572195029
0.00324572195029
0.0056905703132
0.00569057031319
0.0056905703132
0.00569057031319
0.00590344223014
0.00590344223014
0.00590344223014
0.00590344223014
0.0022722624877
0.0022722624877
0.0022722624877
0.0022722624877
0.00348503693294
0.00348503693294
0.00348503693294
0.00348503693294
0.00314144017573
0.00314144017573
0.00314144017573
0.00314144017573
0.00360103239929
0.00360103239929
0.00360103239929
0.00360103239929
0.00438572655683
0.00438572655683
0.00438572655683
0.00438572655683
0.00638235133275
0.00638235133275
0.00638235133276
0.00638235133276
0.00647143991811
0.00647143991809
0.00647143991809
0.00647143991806
0.00874002653654
0.00874002653654
0.00874002653654
0.00874002653654
0.00590202364958
0.00590202364957
0.00590202364958
0.00590202364957
0.0173265502403
0.0173265502403
0.0173265502404
0.0173265502403
0.0193504415405
0.0193504415405
0.0193504415405
0.0193504415406
0.00624596795995
0.00624596795993
0.00624596795994
0.00624596795991
0.00758783643375
0.00758783643375
0.00758783643375
0.00758783643375
0.0129091857109
0.0129091857109
0.0129091857109
0.0129091857109
0.00938856438496
0.00938856438496
0.00938856438496
0.00938856438496
0.00993836443438
0.00993836443438
0.00993836443438
0.00993836443438
0.0127248830197
0.0127248830197
0.0127248830197
0.0127248830197
0.011047797438
0.011047797438
0.011047797438
0.011047797438
0.0114030384617
0.0114030384617
0.0114030384617
0.0114030384617
0.0140007760606
0.0140007760606
0.0140007760606
0.0140007760606
0.0140787405059
0.0140787405059
0.0140787405059
0.0140787405059
0.0208401631148
0.0208401631148
0.0208401631148
0.0208401631147
0.0170212052984
0.0170212052985
0.0170212052985
0.0170212052985
0.0188778574037
0.0188778574037
0.0188778574037
0.0188778574037
0.0206169549862
0.0206169549862
0.0206169549862
0.0206169549862
0.0153283915792
0.0153283915792
0.0153283915792
0.0153283915792
0.00472647694862
0.00472647694862
0.00472647694862
0.00472647694866
0.00335765838875
0.00335765838875
0.00335765838875
0.00335765838877
0.00478301336402
0.00478301336399
0.004783013364
0.00478301336397
0.00358451149526
0.00358451149526
0.00358451149526
0.00358451149526
0.00389723156992
0.00389723156992
0.00389723156992
0.00389723156992
0.00271755898463
0.00271755898462
0.00271755898462
0.00271755898462
0.00257282323805
0.00257282323806
0.00257282323804
0.00257282323804
0.00249258289658
0.00249258289658
0.00249258289656
0.00249258289657
0.00270193784797
0.00270193784797
0.00270193784797
0.00270193784797
0.00278889716176
0.00278889716176
0.00278889716176
0.00278889716176
0.00387491150585
0.00387491150585
0.00387491150585
0.00387491150585
0.00327895095886
0.00327895095887
0.00327895095889
0.00327895095887
0.00437527020627
0.00437527020627
0.00437527020627
0.00437527020632
0.00465117958775
0.00465117958778
0.00465117958778
0.00465117958778
0.0196618268611
0.0196618268612
0.0196618268612
0.0196618268612
0.0125754664888
0.0125754664888
0.0125754664888
0.0125754664888
0.0209148217216
0.0209148217216
0.0209148217216
0.0209148217217
0.00268459929882
0.00268459929882
0.00268459929882
0.00268459929882
0.00170087503827
0.00170087503827
0.00170087503827
0.00170087503827
0.00163394609034
0.00163394609034
0.00163394609033
0.00163394609033
0.00161675444143
0.00161675444143
0.00161675444143
0.00161675444143
0.00117940235284
0.00117940235284
0.00117940235284
0.00117940235284
0.00132998698657
0.00132998698657
0.00132998698657
0.00132998698657
0.00121482831233
0.00121482831233
0.00121482831233
0.00121482831233
0.00162316218358
0.00162316218356
0.00162316218357
0.00162316218357
0.0012629512696
0.0012629512696
0.0012629512696
0.0012629512696
0.00117836425677
0.00117836425677
0.00117836425677
0.00117836425677
0.00102643635414
0.00102643635414
0.00102643635414
0.00102643635414
0.00144365860077
0.00144365860077
0.00144365860078
0.00144365860076
0.00180240883668
0.00180240883668
0.00180240883668
0.00180240883668
0.00237999468761
0.00237999468761
0.00237999468761
0.00237999468761
0.00181032430004
0.00181032430001
0.00181032430001
0.00181032430001
0.00114594831298
0.00114594831301
0.00114594831301
0.00114594831301
0.00134149427538
0.00134149427538
0.00134149427538
0.00134149427541
0.00172333945766
0.00172333945766
0.00172333945763
0.00172333945765
0.00175631498695
0.00175631498695
0.00175631498695
0.00175631498695
0.00159889375867
0.00159889375867
0.00159889375867
0.00159889375867
0.00124016892682
0.00124016892682
0.00124016892681
0.00124016892683
0.00129365493477
0.00129365493478
0.00129365493477
0.00129365493479
0.0014822041789
0.0014822041789
0.0014822041789
0.0014822041789
0.00153064530404
0.00153064530404
0.00153064530404
0.00153064530404
0.00204435449164
0.00204435449164
0.00204435449164
0.00204435449164
0.00204883573705
0.00204883573705
0.00204883573705
0.00204883573705
0.00319379887125
0.00319379887125
0.00319379887125
0.00319379887125
0.00273979672563
0.00273979672563
0.00273979672563
0.00273979672563
0.00241401686236
0.00241401686236
0.00241401686236
0.00241401686236
0.0153936181684
0.0153936181684
0.0153936181684
0.0153936181684
0.0200130251239
0.0200130251239
0.0200130251239
0.0200130251239
0.016551825774
0.016551825774
0.016551825774
0.0165518257739
0.0178782997256
0.0178782997257
0.0178782997257
0.0178782997257
0.0122347544131
0.0122347544131
0.0122347544131
0.0122347544131
0.0100292415872
0.0100292415872
0.0100292415872
0.0100292415872
0.0104486696666
0.0104486696666
0.0104486696666
0.0104486696666
0.0119255849089
0.0119255849089
0.0119255849089
0.0119255849089
0.0112482739137
0.0112482739137
0.0112482739137
0.0112482739137
0.00766711343022
0.00766711343022
0.00766711343022
0.00766711343022
0.00748173764389
0.00748173764389
0.0074817376439
0.00748173764388
0.00576477457532
0.00576477457532
0.00576477457532
0.00576477457532
0.0198201201469
0.0198201201469
0.0198201201469
0.019820120147
0.0176540930717
0.0176540930717
0.0176540930717
0.0176540930717
0.0192367235315
0.0192367235315
0.0192367235315
0.0192367235315
0.0153247363774
0.0153247363774
0.0153247363774
0.0153247363774
0.0126365761355
0.0126365761355
0.0126365761355
0.0126365761355
0.0106375214402
0.0106375214402
0.0106375214402
0.0106375214402
0.0110279081248
0.0110279081248
0.0110279081247
0.0110279081248
0.0101343499554
0.0101343499554
0.0101343499554
0.0101343499554
0.0203752726654
0.0203752726654
0.0203752726654
0.0203752726654
0.00209563514603
0.00209563514603
0.00209563514603
0.00209563514603
0.00180931004069
0.00180931004069
0.00180931004069
0.00180931004069
0.00213462468674
0.00213462468674
0.00213462468674
0.00213462468674
0.0093336634324
0.00933366343238
0.00933366343235
0.00933366343238
0.00319966449755
0.00319966449755
0.00319966449755
0.00319966449755
0.00328728249912
0.00328728249912
0.00328728249912
0.00328728249912
0.00215084339801
0.00215084339801
0.00215084339801
0.00215084339801
0.00155048931045
0.00155048931045
0.00155048931045
0.00155048931045
0.00171641785449
0.00171641785449
0.00171641785449
0.00171641785449
0.00201561533066
0.00201561533066
0.00201561533066
0.00201561533066
0.00438524927207
0.00438524927207
0.00438524927207
0.00438524927207
0.0075372492748
0.0075372492748
0.0075372492748
0.0075372492748
0.00612580926432
0.00612580926433
0.00612580926433
0.0061258092643
0.00505876654936
0.00505876654936
0.00505876654939
0.00505876654934
0.00382881354828
0.00382881354829
0.0038288135483
0.00382881354831
0.00257999899914
0.00257999899914
0.00257999899914
0.00257999899914
0.0023399753646
0.0023399753646
0.0023399753646
0.0023399753646
0.00166586291426
0.00166586291426
0.00166586291426
0.00166586291426
0.00177331790328
0.00177331790328
0.00177331790328
0.00177331790328
0.0022271685945
0.0022271685945
0.0022271685945
0.0022271685945
0.00167578721264
0.00167578721264
0.00167578721264
0.00167578721264
0.0195133246775
0.0195133246774
0.0195133246775
0.0195133246775
0.0111838100603
0.0111838100602
0.0111838100602
0.0111838100602
0.00848789029941
0.00848789029941
0.00848789029941
0.00848789029941
0.0105391658652
0.0105391658652
0.0105391658652
0.0105391658652
0.0086760276136
0.0086760276136
0.0086760276136
0.0086760276136
0.00797365593661
0.00797365593661
0.00797365593661
0.00797365593661
0.0070819834994
0.0070819834994
0.0070819834994
0.0070819834994
0.00925965825147
0.00925965825147
0.00925965825147
0.00925965825147
0.016697629645
0.016697629645
0.0166976296451
0.016697629645
0.0170330838834
0.0170330838834
0.0170330838834
0.0170330838835
0.00581177575152
0.00581177575152
0.00581177575152
0.00581177575152
0.00479248370276
0.00479248370276
0.00479248370276
0.00479248370276
0.0049930101199
0.0049930101199
0.0049930101199
0.0049930101199
0.00374694227306
0.00374694227306
0.00374694227306
0.00374694227306
0.00170977256946
0.00170977256946
0.00170977256946
0.00170977256946
0.00137208155786
0.00137208155786
0.00137208155786
0.00137208155786
0.00145653059184
0.00145653059184
0.00145653059184
0.00145653059184
0.00142854675337
0.00142854675337
0.00142854675337
0.00142854675337
0.00126411283015
0.00126411283015
0.00126411283015
0.00126411283015
0.00112492943306
0.00112492943306
0.00112492943306
0.00112492943306
0.00732533353969
0.00732533353973
0.00732533353974
0.00732533353973
0.00645054228021
0.00645054228019
0.00645054228021
0.00645054228018
0.00601624050427
0.00601624050427
0.00601624050427
0.00601624050427
0.00838016158256
0.00838016158262
0.00838016158261
0.00838016158262
0.0067196309624
0.0067196309624
0.0067196309624
0.0067196309624
0.0088509063908
0.0088509063908
0.00885090639086
0.0088509063908
0.00618365929816
0.00618365929819
0.0061836592982
0.00618365929816
0.00365992376989
0.00365992376989
0.00365992376989
0.00365992376989
0.00481238039791
0.00481238039791
0.00481238039791
0.00481238039791
0.00749955467535
0.00749955467535
0.00749955467535
0.00749955467535
0.0039178526258
0.0039178526258
0.0039178526258
0.0039178526258
0.00117528811158
0.00117528811158
0.00117528811158
0.00117528811158
0.0127392749554
0.0127392749553
0.0127392749553
0.0127392749553
0.0100497749713
0.0100497749713
0.0100497749713
0.0100497749713
0.0156022791104
0.0156022791104
0.0156022791104
0.0156022791105
0.0064948183792
0.0064948183792
0.0064948183792
0.0064948183792
0.00699962523917
0.00699962523917
0.00699962523917
0.00699962523917
0.00860812571408
0.00860812571409
0.00860812571406
0.00860812571412
0.0106245824416
0.0106245824416
0.0106245824416
0.0106245824416
0.0170416008134
0.0170416008134
0.0170416008134
0.0170416008134
0.0144109129921
0.0144109129921
0.0144109129921
0.0144109129921
0.0210085727796
0.0210085727797
0.0210085727796
0.0210085727797
0.00759181230569
0.00759181230569
0.00759181230569
0.00759181230569
0.00917502580257
0.0091750258026
0.00917502580259
0.00917502580262
0.00834240855209
0.00834240855209
0.00834240855209
0.0083424085521
0.00889687339186
0.00889687339186
0.00889687339186
0.00889687339186
0.00711105583459
0.00711105583459
0.00711105583459
0.00711105583459
0.00582305622708
0.00582305622708
0.00582305622708
0.00582305622708
0.00742568408734
0.00742568408734
0.00742568408734
0.00742568408734
0.00809856339213
0.00809856339213
0.00809856339213
0.00809856339213
0.0078564831348
0.0078564831348
0.0078564831348
0.0078564831348
0.0054608719076
0.0054608719076
0.0054608719076
0.0054608719076
0.00845320145875
0.00845320145875
0.00845320145875
0.00845320145875
0.00340040780639
0.00340040780639
0.00340040780639
0.00340040780639
0.00720705462897
0.00720705462897
0.00720705462897
0.00720705462901
0.00606867352094
0.00606867352094
0.00606867352094
0.00606867352094
0.00452485868934
0.00452485868934
0.00452485868934
0.00452485868934
0.00395306153964
0.00395306153964
0.00395306153964
0.00395306153964
0.00453267943186
0.00453267943186
0.00453267943186
0.00453267943186
0.00461499411628
0.00461499411628
0.00461499411628
0.00461499411628
0.00270771879425
0.00270771879425
0.00270771879425
0.00270771879425
0.00396428113606
0.00396428113606
0.00396428113606
0.00396428113606
0.00116601145853
0.00116601145853
0.00116601145853
0.00116601145853
0.00110643212402
0.00110643212402
0.00110643212402
0.00110643212402
0.00144450993138
0.00144450993136
0.00144450993137
0.00144450993138
0.00124376695738
0.00124376695738
0.00124376695738
0.00124376695738
0.0056196840311
0.0056196840311
0.0056196840311
0.0056196840311
0.00538626144825
0.00538626144825
0.00538626144825
0.00538626144825
0.00449605065731
0.00449605065731
0.00449605065731
0.00449605065731
0.00478365223641
0.00478365223641
0.00478365223641
0.00478365223641
0.00687357943969
0.00687357943969
0.00687357943969
0.00687357943969
0.00197277256753
0.00197277256753
0.00197277256753
0.00197277256753
0.00166415419173
0.00166415419173
0.00166415419173
0.0016641541917
0.00120937721905
0.00120937721905
0.00120937721905
0.00120937721903
0.00127608443065
0.00127608443065
0.00127608443065
0.00127608443065
0.00112154093713
0.00112154093714
0.00112154093715
0.00112154093715
0.0061960198288
0.0061960198288
0.0061960198288
0.0061960198288
0.00368540146057
0.00368540146057
0.00368540146057
0.00368540146057
0.005512500409
0.005512500409
0.005512500409
0.005512500409
0.00662649993834
0.00662649993834
0.00662649993834
0.00662649993834
0.00438581383052
0.00438581383052
0.00438581383052
0.00438581383052
0.00463549561352
0.00463549561352
0.00463549561352
0.00463549561352
0.00442865406531
0.00442865406531
0.00442865406531
0.00442865406531
0.0145878637876
0.0145878637876
0.0145878637876
0.0145878637876
0.016451039273
0.016451039273
0.016451039273
0.016451039273
0.00974440988454
0.00974440988454
0.00974440988454
0.00974440988454
0.00274667382393
0.00274667382393
0.00274667382393
0.00274667382393
0.0025648410871
0.0025648410871
0.0025648410871
0.0025648410871
0.00215311783017
0.00215311783017
0.00215311783017
0.00215311783017
0.00571237164453
0.00571237164453
0.0057123716445
0.0057123716445
0.00411780550648
0.00411780550648
0.00411780550648
0.00411780550648
0.00346726260438
0.00346726260438
0.00346726260438
0.00346726260438
0.00400642498099
0.00400642498099
0.00400642498099
0.00400642498099
0.00296295892942
0.00296295892942
0.00296295892942
0.00296295892942
0.00301096296841
0.00301096296841
0.00301096296841
0.00301096296841
0.00310259798081
0.00310259798081
0.00310259798081
0.00310259798081
0.00380970422882
0.00380970422882
0.00380970422882
0.00380970422882
0.00615397516564
0.00615397516564
0.00615397516564
0.00615397516564
0.00445756592139
0.00445756592139
0.00445756592139
0.00445756592139
0.00564502204051
0.00564502204051
0.00564502204051
0.00564502204051
0.0067681229532
0.0067681229532
0.0067681229532
0.0067681229532
0.00690610142455
0.00690610142455
0.00690610142455
0.00690610142455
0.00622958016007
0.00622958016007
0.00622958016007
0.00622958016007
0.00601875862748
0.00601875862748
0.00601875862748
0.00601875862748
0.00806670100773
0.00806670100773
0.00806670100773
0.00806670100773
0.00246845189806
0.00246845189806
0.00246845189806
0.00246845189806
0.0045984961381
0.0045984961381
0.0045984961381
0.0045984961381
0.00547501150009
0.00547501150009
0.00547501150009
0.00547501150009
0.00207094082236
0.00207094082236
0.00207094082236
0.00207094082236
0.00360008822708
0.00360008822708
0.00360008822708
0.00360008822708
0.00631326611777
0.00631326611777
0.00631326611777
0.00631326611777
0.00889611331881
0.00889611331881
0.00889611331881
0.00889611331881
0.00670273436362
0.00670273436362
0.00670273436362
0.00670273436362
0.00514597436081
0.00514597436081
0.00514597436081
0.00514597436081
0.0047928674718
0.0047928674718
0.0047928674718
0.0047928674718
0.00498254029475
0.00498254029475
0.00498254029475
0.00498254029475
0.00466350872344
0.00466350872344
0.00466350872344
0.00466350872344
0.00657710381387
0.00657710381386
0.00657710381391
0.00657710381386
0.00888966743222
0.00888966743222
0.00888966743222
0.00888966743222
0.00464672240271
0.00464672240271
0.00464672240271
0.00464672240271
0.0088667679723
0.0088667679723
0.0088667679723
0.0088667679723
0.00575457180332
0.00575457180332
0.00575457180332
0.00575457180332
0.0068539587154
0.0068539587154
0.0068539587154
0.0068539587154
0.0087488458267
0.0087488458267
0.00874884582669
0.0087488458267
0.00866247951903
0.00866247951903
0.00866247951903
0.00866247951903
0.0172019074029
0.0172019074029
0.0172019074029
0.0172019074028
0.00240123648597
0.00240123648597
0.00240123648597
0.00240123648597
0.00335699764809
0.00335699764809
0.00335699764809
0.00335699764809
0.00180285496395
0.00180285496395
0.00180285496395
0.00180285496395
0.00130788162282
0.00130788162282
0.00130788162282
0.00130788162282
0.00127106124458
0.00127106124457
0.00127106124455
0.00127106124456
0.00181212168408
0.00181212168408
0.00181212168408
0.00181212168408
0.00222013252368
0.00222013252368
0.00222013252368
0.00222013252368
0.0023380562428
0.0023380562428
0.0023380562428
0.0023380562428
0.00244407095531
0.00244407095531
0.00244407095531
0.00244407095531
0.00230206991663
0.00230206991663
0.00230206991663
0.00230206991663
0.00240186202612
0.00240186202612
0.00240186202612
0.00240186202612
0.0022974430593
0.0022974430593
0.0022974430593
0.0022974430593
0.0028737706724
0.0028737706724
0.0028737706724
0.0028737706724
0.00580481085419
0.00580481085419
0.00580481085419
0.00580481085419
0.00248159795243
0.00248159795243
0.00248159795243
0.00248159795243
0.00216690029204
0.00216690029204
0.00216690029204
0.00216690029204
0.00272321873812
0.00272321873812
0.0027232187381
0.00272321873811
0.0026130435656
0.0026130435656
0.00261304356562
0.00261304356561
0.00208654032464
0.00208654032464
0.00208654032464
0.00208654032464
0.00367389397066
0.00367389397066
0.00367389397066
0.00367389397066
0.00159557974447
0.00159557974447
0.00159557974447
0.00159557974447
0.00173660875501
0.00173660875501
0.00173660875501
0.00173660875501
0.00157042358963
0.00157042358963
0.00157042358963
0.00157042358963
0.00148307048013
0.00148307048013
0.00148307048013
0.00148307048013
0.00234207803216
0.00234207803216
0.00234207803216
0.00234207803216
0.00206847553017
0.00206847553017
0.00206847553017
0.00206847553017
0.005127448192
0.005127448192
0.005127448192
0.005127448192
0.00513574755295
0.00513574755295
0.00513574755295
0.00513574755295
0.00301646931811
0.00301646931814
0.00301646931814
0.00301646931816
0.00305893303823
0.00305893303821
0.00305893303821
0.00305893303822
0.00380659824903
0.00380659824903
0.00380659824903
0.00380659824903
0.00324244379672
0.00324244379672
0.00324244379672
0.00324244379672
0.00243123025142
0.00243123025142
0.00243123025142
0.00243123025145
0.00208348864149
0.00208348864149
0.00208348864149
0.00208348864151
0.00254104869019
0.00254104869019
0.00254104869019
0.00254104869019
0.00255175685217
0.00255175685217
0.00255175685215
0.00255175685216
0.00546062021557
0.00546062021557
0.00546062021557
0.00546062021557
0.00488145657145
0.00488145657145
0.00488145657145
0.00488145657145
0.00499608181565
0.00499608181565
0.00499608181565
0.00499608181565
0.00765474458527
0.00765474458527
0.00765474458527
0.00765474458527
0.00365286007576
0.00365286007576
0.00365286007576
0.00365286007576
0.00537159550224
0.00537159550224
0.00537159550224
0.00537159550224
0.00338419975292
0.00338419975292
0.00338419975292
0.00338419975292
0.00266139006813
0.00266139006813
0.00266139006813
0.00266139006813
0.00310043070136
0.00310043070136
0.00310043070135
0.00310043070136
0.00298546074408
0.00298546074408
0.00298546074407
0.00298546074407
0.00239744713374
0.00239744713378
0.00239744713378
0.00239744713378
0.00246819722936
0.00246819722936
0.00246819722936
0.00246819722936
0.00227024112787
0.00227024112787
0.00227024112787
0.00227024112787
0.00188215726763
0.00188215726763
0.00188215726763
0.00188215726763
0.00302355619545
0.00302355619545
0.00302355619545
0.00302355619545
0.00331855833583
0.00331855833583
0.00331855833583
0.00331855833583
0.00442239167637
0.00442239167637
0.00442239167637
0.00442239167637
0.00733185429204
0.00733185429204
0.00733185429204
0.00733185429204
0.00263626484803
0.00263626484803
0.00263626484803
0.00263626484803
0.00293196955656
0.00293196955656
0.00293196955656
0.00293196955656
0.00859281333814
0.00859281333812
0.00859281333811
0.00859281333808
0.00716360871263
0.00716360871263
0.00716360871263
0.00716360871263
0.00823266265328
0.00823266265328
0.00823266265329
0.00823266265328
0.00735601057698
0.00735601057695
0.00735601057695
0.00735601057693
0.0168051482976
0.0168051482976
0.0168051482976
0.0168051482976
0.0173401231989
0.0173401231988
0.0173401231988
0.0173401231988
0.0178102454425
0.0178102454425
0.0178102454426
0.0178102454425
0.0164635389992
0.0164635389992
0.0164635389992
0.0164635389992
0.00814995537147
0.00814995537147
0.00814995537147
0.00814995537147
0.00710573690954
0.00710573690954
0.00710573690954
0.00710573690954
0.00896415360109
0.00896415360106
0.00896415360104
0.00896415360108
0.0072930182617
0.00729301826166
0.00729301826168
0.00729301826165
0.00183422893437
0.00183422893437
0.00183422893437
0.00183422893437
0.00149186932713
0.00149186932713
0.00149186932713
0.00149186932713
0.00164368151003
0.00164368151003
0.00164368151003
0.00164368151003
0.00195585106872
0.00195585106871
0.0019558510687
0.00195585106869
0.00104309253004
0.00104309253004
0.00104309253004
0.00104309253004
0.00112364593524
0.00112364593524
0.00112364593524
0.00112364593524
0.00150786798125
0.00150786798125
0.00150786798125
0.00150786798125
0.00124675517101
0.00124675517101
0.00124675517101
0.00124675517101
0.00281986077094
0.00281986077095
0.00281986077098
0.00281986077095
0.00220502435638
0.00220502435636
0.00220502435637
0.00220502435635
0.00183854785931
0.00183854785931
0.00183854785931
0.00183854785931
0.00220952589568
0.00220952589568
0.00220952589568
0.00220952589568
0.00236451225991
0.00236451225991
0.00236451225991
0.00236451225991
0.00292718202574
0.00292718202574
0.00292718202574
0.00292718202574
0.00252711023992
0.00252711023992
0.00252711023992
0.00252711023992
0.00510212573767
0.0051021257377
0.00510212573772
0.00510212573769
0.00384023093168
0.00384023093168
0.00384023093168
0.00384023093168
0.00462507723011
0.00462507723011
0.00462507723011
0.00462507723011
0.00460568814572
0.00460568814572
0.00460568814572
0.00460568814572
0.00364309750522
0.00364309750522
0.00364309750522
0.00364309750522
0.00317021542589
0.00317021542589
0.00317021542589
0.00317021542589
0.00415854666871
0.00415854666871
0.00415854666871
0.00415854666871
0.00340270728
0.00340270728
0.00340270728
0.00340270728
0.00604811468834
0.00604811468833
0.00604811468836
0.00604811468831
0.007400025408
0.00740002540805
0.00740002540805
0.00740002540805
0.0133676744523
0.0133676744523
0.0133676744523
0.0133676744523
0.0122637066288
0.0122637066288
0.0122637066288
0.0122637066288
0.000758449847034
0.000758449847034
0.000758449847034
0.000758449847034
0.000616842927777
0.000616842927769
0.000616842927768
0.000616842927778
0.000642499272526
0.000642499272526
0.000642499272526
0.000642499272526
0.000737182964675
0.000737182964666
0.000737182964666
0.000737182964651
0.000921639729005
0.000921639729015
0.000921639729013
0.000921639729023
0.00211660175198
0.00211660175198
0.00211660175198
0.00211660175198
0.00198350647788
0.00198350647788
0.00198350647788
0.00198350647788
0.00168516398636
0.00168516398636
0.00168516398636
0.00168516398636
0.00119178864984
0.00119178864984
0.00119178864984
0.00119178864984
0.00113447240811
0.00113447240811
0.00113447240811
0.00113447240811
0.00113595283468
0.00113595283468
0.00113595283468
0.00113595283468
0.00152772994333
0.00152772994333
0.00152772994333
0.00152772994333
0.0105792643623
0.0105792643623
0.0105792643623
0.0105792643623
0.00909706961888
0.00909706961888
0.00909706961891
0.00909706961884
0.00104230972061
0.00104230972061
0.00104230972061
0.00104230972061
0.000763348577044
0.000763348577044
0.000763348577044
0.000763348577044
0.000787533440689
0.000787533440686
0.000787533440686
0.000787533440686
0.0010889656374
0.00108896563738
0.00108896563738
0.00108896563739
0.0011107683252
0.0011107683252
0.0011107683252
0.0011107683252
0.000908372815719
0.000908372815719
0.000908372815721
0.000908372815719
0.0012135483886
0.0012135483886
0.0012135483886
0.0012135483886
0.000846111999039
0.00084611199905
0.000846111999058
0.000846111999047
0.000880680183699
0.000880680183699
0.000880680183699
0.000880680183699
0.00898757415929
0.00898757415931
0.00898757415932
0.00898757415934
0.0112722526893
0.0112722526892
0.0112722526893
0.0112722526893
0.00726148877983
0.00726148877983
0.00726148877983
0.00726148877983
0.00668643051521
0.00668643051521
0.00668643051521
0.00668643051516
0.00185233221673
0.00185233221673
0.00185233221673
0.00185233221673
0.0018980536789
0.0018980536789
0.0018980536789
0.0018980536789
0.00127680502297
0.00127680502297
0.00127680502297
0.00127680502297
0.00111953724456
0.00111953724456
0.00111953724456
0.00111953724456
0.00759730811788
0.00759730811788
0.00759730811788
0.00759730811788
0.00813743182287
0.00813743182288
0.00813743182287
0.00813743182288
0.00176743894491
0.00176743894491
0.00176743894491
0.00176743894491
0.00182597711409
0.00182597711409
0.00182597711409
0.00182597711409
0.00120139770798
0.00120139770798
0.00120139770798
0.00120139770798
0.000836490794465
0.000836490794467
0.000836490794467
0.000836490794465
0.000808799121895
0.000808799121895
0.000808799121894
0.000808799121896
0.0012657699539
0.0012657699539
0.0012657699539
0.0012657699539
0.000950483106023
0.000950483106038
0.000950483106045
0.000950483106031
0.0011197471212
0.0011197471212
0.00111974712121
0.00111974712118
0.00245375334676
0.00245375334676
0.00245375334676
0.00245375334676
0.00115636723513
0.00115636723513
0.00115636723513
0.00115636723513
0.00121437902187
0.00121437902187
0.00121437902187
0.00121437902187
0.00185308625068
0.00185308625068
0.00185308625068
0.00185308625068
0.00192713381166
0.00192713381166
0.00192713381166
0.00192713381166
0.00325748990617
0.00325748990617
0.00325748990617
0.00325748990617
0.00219314921326
0.00219314921326
0.0021931492133
0.00219314921326
0.0077009651897
0.00770096518967
0.00770096518964
0.00770096518967
0.00762888020725
0.00762888020725
0.00762888020725
0.00762888020725
0.00806227979251
0.00806227979255
0.00806227979258
0.00806227979254
0.00818012341056
0.00818012341056
0.00818012341056
0.00818012341056
0.00525739465041
0.00525739465041
0.00525739465041
0.00525739465039
0.00504197978403
0.00504197978404
0.00504197978405
0.00504197978404
0.00121647150039
0.00121647150039
0.00121647150039
0.00121647150039
0.00123532139432
0.00123532139432
0.00123532139432
0.00123532139432
0.000995503441456
0.000995503441456
0.000995503441456
0.000995503441456
0.00091917449379
0.00091917449379
0.00091917449379
0.00091917449379
0.00107950241568
0.00107950241568
0.00107950241568
0.00107950241568
0.00109301025391
0.00109301025391
0.00109301025391
0.00109301025391
0.00544134395646
0.00544134395646
0.00544134395646
0.00544134395649
0.00528186150583
0.00528186150581
0.00528186150578
0.0052818615058
0.00429516601349
0.00429516601349
0.00429516601349
0.00429516601349
0.00444635186971
0.00444635186971
0.00444635186971
0.00444635186971
0.00276312244805
0.00276312244805
0.00276312244805
0.00276312244805
0.00254867419937
0.00254867419937
0.00254867419937
0.00254867419937
0.00284228205687
0.00284228205687
0.00284228205687
0.00284228205687
0.00287980427817
0.00287980427817
0.00287980427817
0.00287980427817
0.0150481318055
0.0150481318055
0.0150481318055
0.0150481318055
0.00750915599204
0.00750915599204
0.00750915599204
0.00750915599204
0.00603304245298
0.00603304245298
0.00603304245298
0.00603304245298
0.00598939680951
0.00598939680951
0.00598939680951
0.00598939680951
0.00681405790414
0.00681405790414
0.00681405790414
0.00681405790415
0.0106724952053
0.0106724952053
0.0106724952053
0.0106724952052
0.00325552885656
0.00325552885656
0.00325552885656
0.00325552885656
0.00327317416116
0.00327317416116
0.00327317416116
0.00327317416116
0.00299479827217
0.00299479827217
0.00299479827217
0.00299479827217
0.00361409489153
0.00361409489153
0.00361409489153
0.00361409489153
0.00587288392906
0.00587288392906
0.00587288392906
0.00587288392906
0.00567650985155
0.00567650985155
0.00567650985155
0.00567650985155
0.00644799809392
0.00644799809392
0.00644799809392
0.00644799809392
0.0074769547438
0.0074769547438
0.0074769547438
0.0074769547438
0.00505136706624
0.00505136706624
0.00505136706624
0.00505136706624
0.00449290049317
0.00449290049317
0.00449290049317
0.00449290049317
0.00408852146087
0.00408852146087
0.00408852146087
0.00408852146087
0.00451246936168
0.00451246936168
0.00451246936168
0.00451246936168
0.0111071813171
0.0111071813171
0.011107181317
0.011107181317
0.0109939883443
0.0109939883443
0.0109939883443
0.0109939883443
0.000892059227701
0.000892059227701
0.000892059227701
0.000892059227701
0.000887205447853
0.000887205447853
0.000887205447853
0.000887205447853
0.00052824971753
0.00052824971753
0.00052824971753
0.00052824971753
0.000475174071122
0.000475174071122
0.000475174071122
0.000475174071122
0.000602011053676
0.000602011053676
0.000602011053676
0.000602011053676
0.000529890713578
0.000529890713578
0.000529890713578
0.000529890713578
0.00199503745426
0.00199503745426
0.00199503745426
0.00199503745426
0.0019161686404
0.0019161686404
0.0019161686404
0.0019161686404
0.00177150568144
0.00177150568144
0.00177150568144
0.00177150568144
0.00177552834816
0.00177552834816
0.00177552834816
0.00177552834816
0.00230436505583
0.00230436505583
0.00230436505583
0.00230436505583
0.00242063504546
0.00242063504546
0.00242063504546
0.00242063504546
0.00321649529867
0.00321649529867
0.00321649529867
0.00321649529867
0.00692955450447
0.00692955450447
0.00692955450447
0.00692955450447
0.00083272878353
0.00083272878353
0.00083272878353
0.00083272878353
0.000835070977371
0.000835070977371
0.000835070977371
0.000835070977371
0.000713000669085
0.000713000669085
0.000713000669085
0.000713000669085
0.000641958229044
0.000641958229044
0.000641958229044
0.000641958229044
0.000644643263973
0.000644643263973
0.000644643263973
0.000644643263973
0.00069815254712
0.00069815254712
0.00069815254712
0.00069815254712
0.00360669614868
0.00360669614868
0.00360669614868
0.00360669614868
0.00490312952956
0.00490312952956
0.00490312952956
0.00490312952956
0.00448721328578
0.00448721328578
0.00448721328578
0.00448721328578
0.00453490296502
0.00453490296502
0.00453490296502
0.00453490296502
0.00439524820156
0.00439524820156
0.00439524820156
0.00439524820156
0.00411888817037
0.00411888817037
0.00411888817037
0.00411888817037
0.00908926044816
0.00908926044816
0.00908926044816
0.00908926044816
0.00957106731507
0.0095710673151
0.00957106731508
0.00957106731511
0.00252727141974
0.00252727141974
0.00252727141974
0.00252727141974
0.00182443333746
0.00182443333746
0.00182443333746
0.00182443333746
0.00148978358267
0.00148978358267
0.00148978358267
0.00148978358267
0.00141495805209
0.00141495805209
0.00141495805209
0.00141495805209
0.00938671108981
0.00938671108978
0.00938671108975
0.00938671108979
0.00874584191333
0.00874584191333
0.00874584191329
0.00874584191336
0.00053393588041
0.000533935880413
0.000533935880407
0.000533935880404
0.000479739251772
0.000479739251772
0.000479739251772
0.000479739251772
0.000579107816696
0.000579107816696
0.000579107816696
0.000579107816696
0.000619513428263
0.000619513428263
0.000619513428263
0.000619513428263
0.000883272378618
0.000883272378618
0.000883272378618
0.000883272378618
0.000910260188694
0.000910260188694
0.000910260188694
0.000910260188694
0.00154512178883
0.00154512178883
0.00154512178883
0.00154512178883
0.001474568448
0.001474568448
0.001474568448
0.001474568448
0.00143006328375
0.00143006328375
0.00143006328375
0.00143006328375
0.0016544285229
0.0016544285229
0.0016544285229
0.0016544285229
0.00165081235035
0.00165081235035
0.00165081235035
0.00165081235035
0.001702508672
0.001702508672
0.001702508672
0.001702508672
0.00143014837239
0.00143014837239
0.00143014837239
0.00143014837239
0.00149431473373
0.00149431473373
0.00149431473373
0.00149431473373
0.00122007850848
0.00122007850848
0.00122007850848
0.00122007850848
0.00108025063121
0.00108025063121
0.00108025063121
0.00108025063121
0.00357461242871
0.00357461242871
0.00357461242871
0.00357461242871
0.00251193249707
0.00251193249707
0.00251193249707
0.00251193249707
0.00121229003417
0.00121229003417
0.00121229003417
0.00121229003417
0.00107364408376
0.00107364408376
0.00107364408376
0.00107364408376
0.00110571487341
0.00110571487341
0.00110571487341
0.00110571487341
0.00119700745912
0.00119700745912
0.00119700745912
0.00119700745912
0.00138182453242
0.00138182453242
0.00138182453242
0.00138182453242
0.00262521335877
0.00262521335877
0.00262521335877
0.00262521335877
0.00153711805357
0.00153711805357
0.00153711805357
0.00153711805357
0.00133475999667
0.00133475999667
0.00133475999667
0.00133475999667
0.00114407938947
0.00114407938947
0.00114407938947
0.00114407938947
0.00133684842528
0.00133684842528
0.00133684842528
0.00133684842528
0.00132463713933
0.00132463713933
0.00132463713933
0.00132463713933
0.0013466913658
0.0013466913658
0.0013466913658
0.0013466913658
0.000603489769225
0.000603489769225
0.000603489769225
0.000603489769225
0.000597123888613
0.000597123888613
0.000597123888613
0.000597123888613
0.0011486270183
0.0011486270183
0.0011486270183
0.0011486270183
0.00117718046811
0.00117718046811
0.00117718046811
0.00117718046811
0.000889166553764
0.000889166553764
0.000889166553764
0.000889166553764
0.000960757037002
0.000960757037002
0.000960757037002
0.000960757037002
0.00129779294295
0.00129779294295
0.00129779294295
0.00129779294295
0.00086985128711
0.00086985128711
0.00086985128711
0.00086985128711
0.000708752221168
0.000708752221168
0.000708752221168
0.000708752221188
0.000683128172309
0.00068312817229
0.00068312817229
0.000683128172287
0.00175008035292
0.00175008035292
0.00175008035292
0.00175008035292
0.00158188724076
0.00158188724076
0.00158188724076
0.00158188724076
