0.139293029441
0.16506434441
0.139701231511
0.139017836618
0.139153858338
0.149797730254
0.13387414392
0.13392207914
0.138868749349
0.164925592269
0.139635638255
0.139595657115
0.139608282907
0.16493760681
0.139781771925
0.138899706278
0.134971193863
0.15302678494
0.139157792335
0.129147300508
0.133294499495
0.135694998718
0.132386768744
0.145773785228
0.139132243985
0.13251279699
0.133497662829
0.161504142086
0.139056281476
0.139168562294
0.153294121594
0.135198825903
0.129973770303
0.139831555383
0.165064782296
0.139295602968
0.139028313301
0.134167211852
0.149817334495
0.133989694178
0.139179759865
0.139135790729
0.165248283745
0.139272038699
0.139589308431
0.135635359603
0.133474953415
0.161439369654
0.138990295697
0.133410322948
0.139744671024
0.164826456805
0.138805373436
0.139299162209
0.139273068457
0.165219826821
0.139084725007
0.139626219378
0.139725412319
0.165067564919
0.139291459317
0.139025077424
0.0771444442994
0.0501888928581
0.050186767779
0.077116115748
0.0818231886943
0.0818464661934
0.079797646288
0.0795535454153
0.0445865412791
0.0414095583572
0.0496207713506
0.0778700933327
0.0435833340836
0.0434685365172
0.0756708891015
0.0758310640419
0.025719696882
0.0239828761808
0.0147071070891
0.0176076960243
0.0211112378583
0.0135130704595
0.0473854962375
0.0409490555182
0.0320151843208
0.0399761474103
0.0388138224038
0.0291983924381
0.0169885767989
0.0213778521674
0.0208006079352
0.0246058691681
0.0245339915303
0.0141378295586
0.0140967342024
0.0138297518601
0.0132787014213
0.016739661621
0.017876624601
0.0197658511287
0.0221775131511
0.0209679642745
0.037135400223
0.0361393358255
0.0366139230059
0.0387437899476
0.0855049992704
0.0821800157409
0.0717737424721
0.0761869406265
0.0820330839677
0.0854929077248
0.0385509690978
0.0359003470986
0.0363117056428
0.0361311994862
0.0754042096203
0.0683844024762
0.046764681547
0.0431105638824
0.0155688931661
0.0133928088513
0.0143723232783
0.014374679919
0.0251366609485
0.0251343720362
0.0431027904582
0.0467421255521
0.0246172396791
0.0225986239052
0.0385968539789
0.0242117363794
