0.00838422857899
0.0122986545475
0.0129555352585
0.0158099751156
0.0118926679769
0.0142460129329
0.0289753355765
0.0399348706529
0.0484938971397
0.0400607395939
0.00835769479971
0.0369464721295
0.0330202957869
0.0248240730878
0.0216686270197
0.0238167498068
0.00324751293486
0.0176098551241
0.0149608731878
0.00223614468784
0.0229585859217
0.0166198460548
0.0153132559929
0.0187080081153
0.0103171422899
0.00262228516882
0.0143753348657
0.024556775406
0.002919183275
0.0156854269523
0.0145968284103
0.0153509562277
0.00376644909677
0.003230058495
0.0208178913952
0.0121904299096
0.0119719272695
0.00753525103862
0.00576100088425
0.0152615385745
0.0104598102959
0.0131562523884
0.0157380660444
0.0249176627994
0.00484485124414
0.0181233404199
0.0226246520496
0.0269966842717
0.00347080689385
0.00867614419588
0.00847088851745
0.00734135749447
0.00927429425735
0.00615829603429
0.00699345863511
0.0077792304377
0.00475069070224
0.00599248420944
0.00494471863272
0.00422112669725
0.0135291716442
0.0128154382872
0.0100423367377
0.0115563852587
0.0111795660928
0.0199021492713
0.016506163562
0.01240780899
0.00703062722822
0.0120240525273
0.0163784848909
0.00846783211125
0.018267151476
0.0262369617482
0.0220381195585
0.031370155512
0.00624598424735
0.00428198461754
0.00368518091994
0.00798126268607
0.00726330582557
0.00803105660868
0.00920299514109
0.0080603406381
0.00984360312439
0.0166746500886
0.00206976692611
0.00205773074401
0.00484519024134
0.00534230650767
0.00596981274907
0.00282195176844
0.00392862967995
0.00414569497312
0.00591701958011
0.00477931388107
0.00354927313864
0.00343771860057
0.00335310180757
0.00424957670947
0.00838692176538
0.00521243444263
0.00461916300689
0.00506459437019
0.0326684495737
0.0315847760528
0.0315955597243
0.0310268974748
0.012097373972
0.0053150809729
0.00343385716321
0.00376209712277
0.0209542386648
0.0152488032032
0.0154990235695
0.0144176122079
0.0141506180433
0.0164503967865
0.0132538488158
0.0200297515187
0.0242613709032
0.0151543195101
0.0145497270502
0.0138071901431
0.0184195355137
0.0239504295594
0.0225163720633
0.0291711709754
0.0268718445629
0.0197382591633
0.0163091231572
0.0189806831195
0.0403714884092
0.00223471091573
0.00216521257286
0.00210482286432
0.0103266343517
0.0100469003077
0.0110876079864
0.00959765150966
0.00981185696709
0.00974971399027
0.0146886156696
0.0236691752039
0.0024220362958
0.00250320729861
0.0160614041387
0.0171451734537
0.016495128065
0.0174027847311
0.0181190931213
0.033227301785
0.00546268678396
0.00563357686153
0.0339935825091
0.0309869862547
0.00205806491267
0.00197310757447
0.0025054636091
0.0021980588151
0.00265342968728
0.00344090762302
0.00636277876451
0.00805850019765
0.0070527934366
0.0089948843072
0.00864344979723
0.00826487961283
0.00614258180085
0.00645650851048
0.00992424950049
0.00598778809011
0.00452947434464
0.00495787132183
0.00490650975674
0.00378173827487
0.00533075963472
0.00342837132373
0.0042277324926
0.00667073109277
0.00244039758631
0.00205111048742
0.00486814692325
0.00367567382574
0.00314457615856
0.00806088265912
0.00744210103516
0.0311055347518
0.0284280765082
0.0305317693518
0.0324999533598
0.0298052271074
0.0325711432047
0.0340927375288
0.0311560923455
0.0627026031055
0.0358850359441
0.0157675925741
0.017754524234
0.0186728900316
0.0251045261136
0.0263836080299
0.0202399521534
0.0190570914141
0.00856590441202
0.00877226387292
0.00345075052305
0.00432959647967
0.0126540668673
0.0373691268236
0.0282038969997
0.0226217588814
0.0129026916516
0.0118027176806
0.012988740188
0.0145222476372
0.0176633755423
0.0207007422572
0.0362465070439
0.0404336138681
0.0247577592722
0.015594561154
0.00990699022959
0.0189589583002
0.0307725414041
0.0281177799293
0.00280372394038
0.00200417552064
0.00158191245057
0.0242109668715
0.0231899378235
0.0193441824916
0.0163688120005
0.0159179424056
0.0147530932253
0.0130578379689
0.0230624883779
0.028037541588
0.0138521869195
0.0168107394346
0.0175952314095
0.0176852703887
0.0181136063881
0.0231447506945
0.015160332486
0.0168287786099
0.0164580817842
0.0243787143455
0.0294501042833
0.0293044474181
0.0294323829879
0.0251977384802
0.0192676570205
0.029660043087
0.00870998316194
0.00809133021035
0.00986744642776
0.0029977918234
0.011933147397
0.0312993486785
0.0330839594567
0.022191712163
0.0186467704954
0.0144715213852
0.022349024057
0.0173389781647
0.0157539105409
0.0250838952334
0.0227859083534
0.0173849123098
0.019809446384
0.0172262128292
0.0318969417336
0.034211192627
0.00637150646503
0.00498288334296
0.00968512367565
0.0133857309126
0.015118358207
0.0241314398329
0.0176709963415
0.0156673194853
0.01307505728
0.0227602789426
0.027137710176
0.0141037084536
0.0112126977986
0.0184925173801
0.0202720083923
0.0179483130041
0.0299643774048
0.0237592556751
0.00472518145412
0.00328722043132
0.00330911394587
0.00312714837236
0.00399931988668
0.00474009251783
0.0309703032054
0.0288321674319
0.0327367931098
0.0270920645797
0.0291189315233
0.0295670097303
0.0232511089599
0.0308233959432
0.0379324171225
0.0328539097771
0.0389711468573
0.0223111800419
0.0290509416727
0.0238647472309
0.0269821002711
0.0292151879541
0.0257373266631
0.0263645147172
0.0454086879611
0.0609007773027
0.0358336251803
0.0302237338997
0.0298941700495
0.0255344553677
0.0299856739976
0.028784368386
0.0331304474463
0.0331989845432
0.00507511767758
0.0081446902095
0.00853835116021
0.0375570591169
0.0374124201719
0.0322778990747
0.00752404894512
0.00640544598047
0.00458218158465
0.00576189508406
0.00478264532837
0.0044364667088
0.00499079113284
0.00556456071059
0.0055202225393
0.00606524510714
0.00953634387111
0.00136681396331
0.00122689192963
0.00351340600246
0.00210316775036
0.0333718877692
0.00672121918504
0.00510357147876
0.0069677191112
0.00892959650695
0.00627983571808
0.00893148013272
0.00830894474776
0.0284437026218
0.0261832176111
0.0285116010864
0.00825870407003
0.00780670191976
0.00642613328588
0.0307255531059
0.0285881198999
0.0326468017521
0.00764407262856
0.00574190029839
0.00640920387737
0.00491258846165
0.0104419388066
0.00954448265249
0.0292637133841
0.0281819632504
0.0204610751245
0.0206601509091
0.00279843587454
0.00722413016883
0.0375396660459
0.0331142640739
0.00594004439416
0.00208169602937
0.0387833166702
0.0315121648922
0.00927468636184
0.0130976739264
0.00941269262015
0.0115674785264
0.0114972478856
0.0116994336094
0.0134553665616
0.0114289751412
0.00977492426406
0.0117485567856
0.0144002689557
0.0128427980047
0.00874083894701
0.0103379625869
0.0334221671949
0.00499364373613
0.00344644386236
0.00348417049253
0.00421102879907
0.00258355888528
0.00277279885503
0.00264609685224
0.0222499475301
0.0165250153708
0.0217893542727
0.0187327555507
0.00120037452107
0.00141263960591
0.0029239315057
0.00170611854426
0.0243206365831
0.0233244491631
0.0211234658037
0.0207970988996
0.0203744583498
0.0195422957436
0.0253636565024
0.0235195864567
0.0167218784423
0.020758079744
0.0250456670423
0.0234296764279
0.0221351263847
0.0231625517423
0.0114688059046
0.0167440262516
0.0142546693894
0.0117801129605
0.010172933215
0.0120043479916
0.0125734362755
0.0104131093083
0.00889914735697
0.00907228218082
0.0276333376024
0.00660258251541
0.00771095586879
0.00760768920955
0.00783312555089
0.00630864358232
0.00882062991104
0.00300078096861
0.00290338377969
0.00455201766525
0.00356116687208
0.0288476713692
0.00334183444407
0.00692779557114
0.00693902661397
0.00816154376576
0.00669037661309
0.0070747629251
0.00642985990627
0.00535919914614
0.00294058904131
0.00263513341395
0.00215705293171
0.0025435999758
0.00238762453578
0.0218731730033
0.0247890197492
0.0266564053014
0.0240047441213
0.00314397558112
0.00308903759397
0.00210994479525
0.0259846413468
0.0329927936877
0.00183068525971
0.00312070456012
0.0231821052251
0.0230979478761
0.0225123375668
0.0153706910149
0.0170406841066
0.0179559542201
0.0271470436282
0.0300538150181
0.0229010677576
0.019714844193
0.0224386270264
0.0184570653075
0.0249165582917
0.0217142769579
0.0222794190953
0.0294071551743
0.024566105223
0.00415266090739
0.00622878157749
0.00460888644409
0.00565503581357
0.00446078033705
0.00279346226424
0.00313947057602
0.0023775214722
0.00337227410207
0.00339337103107
0.0241824222329
0.0244015180492
0.00309469636315
0.00333084994438
0.00507350791144
0.00629649319075
0.00391743827459
0.00405117630188
0.00302857488733
0.00787673598421
0.00915261260711
0.00244473047136
0.00214688766311
0.00277466593221
0.00217982829185
0.000605968137771
0.00119312828151
0.00147063300354
0.00135008252854
0.00181238600532
0.00150872471927
0.00219341812147
0.00239711137311
0.00269511895337
0.00242473706413
0.00295610346026
0.00336650125793
0.00295152757167
0.00295218113744
0.00323603088177
0.00319587765028
0.00299695844024
0.00288410941361
0.00255378655293
0.00284227684336
0.0023634937822
0.0289110225617
0.00191204113792
0.00338996185514
0.00351796474559
0.00320910943319
0.00230709921829
0.0171341974192
0.0190789112765
0.0205186352004
0.0207280093283
0.0222811729518
0.0227801603454
0.00366053887718
0.00159169214433
0.00194680244716
0.00195374680003
0.0021938488311
0.0110863284736
0.00796956930711
0.00558149979291
0.0055521432342
0.00575339109888
0.0049918843092
0.00484554339993
0.00522821388344
0.00565228400971
0.00480313412539
0.00406924734429
0.00425073165391
0.00413165823198
0.00582699277946
0.00473471394921
0.00439411525524
0.0045812413594
0.00570317875536
0.00240591565097
0.00241795482598
0.00188281532507
0.00203493725929
0.0024541828277
0.00278374076811
0.00287911170896
0.00225207749166
0.00598989448829
0.0054230587667
0.00535589427569
0.00738884556511
0.00588214892199
0.00792778553349
0.00426489872057
0.00370309411371
0.00394702642696
0.003926839464
0.00782788395892
0.00673245775509
0.0033903384838
0.00295525228327
0.00303489972186
0.00321218363441
0.00407827562457
0.00316419888075
0.00699709942316
0.00711620308769
0.00606365769792
0.00596106191817
0.00634031787445
0.00842493329929
0.00243695553556
0.00201797386427
0.00303485568731
0.00307582050213
0.00250491087202
0.00236668931747
0.00274963255027
0.0206881208104
0.00408577159489
0.00401292003122
0.00451481105832
0.00610983322754
0.00548615429612
0.0214020909641
0.0148934456424
0.0128192634098
0.0152275549161
0.0180365323406
0.0183336712668
0.0186358536866
0.00993941484414
0.00432566804569
0.0014336282309
0.00142611129131
0.00265725938172
0.00117976457925
0.00124040456715
0.000763980969654
0.000712988347804
0.000757457402874
0.000652440560876
0.00138060083217
0.00516781428332
0.00636994265054
0.00833162685349
0.00711165409118
0.00675336265794
0.00751442303935
0.00982723072893
0.0103865800656
0.00767221950939
0.00282830879063
0.00364162709551
0.0040292774036
0.00408009831416
0.0197373691814
0.0167499003204
0.00132328366083
0.00106759352277
0.00112844113166
0.0175259168038
0.0132914412112
0.0169553981004
0.0141353901766
0.0252340396574
0.0246245811985
0.0148014567325
0.00282808640149
0.00330304375412
0.00366012830182
0.00397310708243
0.0037536530746
0.0151371943945
0.00968232276873
0.00803313230056
0.00890255845991
0.00852976444657
0.00197378489577
0.00130391658677
0.00158634952992
0.00152698136529
0.00130196806986
0.000951153973385
0.00120120409336
0.0127855334833
0.00812007281209
0.00476526252868
0.00386561554203
0.00335254996246
0.00494173653238
0.00694432694112
0.00672425651887
0.0027689615136
0.00300884259951
0.00470178971679
0.00423849300846
0.00900131639959
0.00545041898202
0.00622328880087
0.00579768552824
0.00616261764057
0.00660766269766
0.0094793914874
0.0104645074874
0.0115894842826
0.00395127387872
0.00271703192722
0.00322809940009
0.0026164206926
0.00421626890334
0.00605617914407
0.00306959669214
0.00601196823185
0.00656755792949
0.00549546522723
0.00439491139001
0.00435088986591
0.00363771339081
0.00304274578585
0.00320497523503
0.003764706222
0.00618404445622
0.00280611561317
0.00228966787077
0.00338201722967
0.00188331162989
0.00833861227783
0.00786373558535
0.0149883506495
0.0177779363385
0.00782216845803
0.00745455423105
0.00895426457379
0.00922028530848
0.00414800598226
0.00276292104406
0.00479239671994
0.00395728808149
0.00488133345583
0.00426733299772
0.00839968539141
0.00907560636691
0.0247171522581
0.0276814981821
0.00179573641825
0.00132510047591
0.015672276867
0.020011942827
0.018593640881
0.0160508917123
0.0113427468129
0.00997964130189
0.0106658038176
0.00837735045891
0.00665548692276
0.00709859771953
0.0059878478346
0.00459300577921
0.00528688066214
0.00464398912775
0.00631161797168
0.00726190231352
0.0104201792902
0.0100846084316
0.0163118238676
0.0145928989167
0.0148536716303
0.0174381134505
0.0219087823055
0.0211421798238
0.00507933853785
0.00582160127915
0.00365679775146
0.00347009271664
0.00518825929982
0.00439113011264
0.000572106687764
0.000772103694527
0.000562147544716
0.000796715379402
0.000762686612987
0.000853875892458
0.00100726678101
0.00128865769977
0.000964053727806
0.000744909734795
0.000633718209784
0.000707135185697
0.000940130093197
0.00103555454844
0.000527789584209
0.000783186306113
0.0171979152561
0.015020620157
0.0071638650037
0.00561074797848
0.00461667576165
0.0036400726662
0.00141885953465
0.00111891018167
0.0250584675033
0.020582052455
0.00114257658448
0.000903848565855
0.000926549936198
0.000564891008635
0.000456112212608
0.000541492893169
0.000502588388687
0.00118805699181
0.000594717341082
0.000772127626314
0.000601858875437
0.000862153279622
0.00104955116727
0.0136289505055
0.0139480391915
0.00291606770058
0.00408260379197
0.0096593529108
0.00974534277252
0.00746115442405
0.00885952599399
0.00634164499771
0.00626344380481
0.00740697059988
0.00446382049597
0.00793006770606
0.00572832663271
0.00572135963865
0.00828690670377
0.00663142392952
0.00498945596933
0.00516387792127
0.00618221739695
0.00800684579243
0.00565989361239
0.00226823603207
0.000900978083903
0.00142658842715
0.00131051542281
0.00170091925107
0.00178336914819
0.0177117548186
0.0193875526154
0.00190353364946
0.0015185212975
0.00170174947973
0.00396608838344
0.0039002958215
0.00322083962341
0.00383978506899
0.00537285325266
0.00337878619467
0.001205400964
0.00108585470911
0.00127189982847
0.00102595627557
0.00100505567044
0.0010491058971
0.00155013566514
0.0176538270247
0.0159786234488
0.000946002492108
0.00113557755463
0.000746089093447
0.000562927872612
0.000766498361184
0.000913840165393
0.00562846292779
0.00767493842798
0.00329800637418
0.0036621323717
0.0236501246348
0.0176726501542
0.0291696034369
0.0292805618597
0.0168456602731
0.014697761881
0.0164451519385
0.0145331566684
0.00817147467977
0.00773354631655
0.0012069161026
0.0011338722189
0.00129261593493
0.0011957968919
0.00228507386191
0.0027480877481
0.00266590748652
0.00948640570714
0.00751215630148
0.0100105243428
0.00845583031688
0.00872277484235
0.0106724614467
0.00673240474529
0.00729701659031
0.00736365402784
0.00858932490209
0.0232245349391
0.016677838585
0.00735650408894
0.00735492078399
0.00896779544616
0.00714675684155
0.00989633395629
0.0103022797311
0.00855098595376
0.00822114613082
0.0109996021563
0.00975103274147
0.0120627465556
0.00977950188043
0.00874781848528
0.0091779986721
0.00569847867562
0.00446455480727
0.00459480522972
0.00498334625549
0.00554632294355
0.00532074133001
0.00483573985357
0.00630227147055
0.00959046228235
0.0100155104448
0.0108042674087
0.00820252315532
0.0115458961717
0.00767242250017
0.00788036273809
0.00988178914592
0.00824436428714
0.00469825745324
0.00451872543053
0.00456665702627
0.00434118364498
0.0106144879275
0.0105589273067
0.00637635479201
0.00596598095899
0.00684538269244
0.00637444083992
0.0128343071249
0.00843565211805
0.00748064041324
0.00532893270295
0.00541132289064
0.0101493799582
0.0155089576401
0.007974518252
0.00957542944854
0.00889779745534
0.00925244293955
0.00620296051655
0.00648642717824
0.00634041875617
0.00758702076628
0.0109681003646
0.0117752417579
0.00137472252655
0.00134563079513
0.000962419177945
0.00082119958431
0.001045689128
0.00107933522119
0.00197827232944
0.00170128101462
0.00226165952998
0.00218293883203
0.00308992115541
0.00282898616306
0.00922872793815
0.00859972772217
0.0111371288044
0.00868999859637
0.00132040249604
0.00149338254442
0.00766936139613
0.00740401518014
0.00920425644084
0.00908500151218
0.0166068306108
0.00306386241981
0.00193310734494
0.00199093261655
0.00186645296375
0.00119681980361
0.00112871397169
0.00140429848845
0.00141681458048
0.00186689738998
0.00152711096225
0.0193427561921
0.0205454841159
0.00216795000647
0.00162191531104
0.00185919636087
0.00176911138997
0.00365035453402
0.00365783259218
0.00299928792234
0.00279527545976
0.0132745213408
0.0142017336756
0.0208823237669
0.0237698320008
0.00262820094967
0.00322544001776
0.00471728681272
0.00532610192872
0.00486789461411
0.00390464248842
0.00344434983885
0.00343919344532
0.0050050509545
0.00497144174653
0.00172079022165
0.00155908365456
0.00681541803731
0.00555211079639
0.00188359677228
0.00234937546005
0.00193889262959
0.00192285518744
0.00234573471233
0.00202070983876
0.00262898514406
0.0031453876632
0.0031107928426
0.0101489567662
0.011707331735
0.0158822511168
0.0156521829682
0.00210022292663
0.00203982755031
0.00186264727987
0.00145543941005
0.00152618113358
0.00182661815876
0.00270848620534
0.00243505352072
0.000922753515088
0.000654730760635
0.00147593061666
0.00122574376886
0.00202151578603
0.00236147315853
0.00218404562237
0.00246723334842
0.00191095712136
0.00189924651944
0.00161614923619
0.00204096630338
0.00204326749406
0.00244260804089
0.00195429413214
0.00334913028502
0.0031606593527
0.00185294469601
0.00204032448831
0.0018976811674
0.00221160542923
0.00209436818112
0.0128958209225
0.0130490723795
0.00279047343203
0.00217089765231
0.00103970598111
0.00098091477013
0.00991535568994
0.0091760865549
0.00190952085068
0.0100056044595
0.00892821583841
0.0074523418936
0.00851487226022
0.00565569109567
0.0048801200423
0.00375546813913
0.00376723918318
0.00728511015239
0.00687422567958
0.00234367575047
0.00237512324658
0.00336547842228
0.00214524363974
0.00529027960079
0.00477960251473
0.0101566703507
0.0077460925617
0.00125534523588
0.00890336708622
0.0101780431558
0.000855045372323
0.00104165085596
0.00199531622263
0.0020485569756
0.000880394107196
0.000695381884409
0.000786270321698
0.000794020802591
0.00575060854624
0.00486284827638
0.00493971421126
0.00563381067045
0.000974597396557
0.000938206186792
0.000868553802209
0.00116380567421
0.00258233495578
0.00241275491189
0.00247411118244
0.00272416964939
0.0136558169099
0.0144844554982
0.00641078047515
0.0050571688054
0.00571797721504
0.00665745261817
0.0129307178354
0.0133907873123
0.00550036536612
0.00580554757479
0.00572960474902
0.00640613436751
0.00172948765366
0.00116345448554
0.00103515833807
0.00135729760285
0.00264396241375
0.00288001441497
0.00362879714825
0.00351472773635
0.00344695585898
0.00438392649603
0.00447720132181
0.00424144021185
0.010551957002
0.0136836823228
0.00789662308365
0.00773443497133
0.00780920911163
0.00803952764755
0.0115250976374
0.0109423690132
0.0087018167247
0.00840880925567
0.0174088838144
0.0167584439989
0.00243050499822
0.00218208918245
0.00509476822476
0.00504879167769
0.00660258479236
0.00609090860929
0.014204762989
0.0155229025696
0.00667462897076
0.00688183404904
0.0040654494486
0.00323256171182
0.0036843066997
0.00370349851383
0.0069303592083
0.00643734280669
0.00772997718444
0.00793823955915
0.0048500677736
0.00674157981804
0.00137952947489
0.00109561234682
0.00134518119026
0.00138672937544
0.00145809391105
0.00165162112432
0.00120468926224
0.00101292443103
0.00126201232449
0.00117305872489
0.00174998372925
0.00183958832247
0.00111276920784
0.00107360089967
0.00100582403215
0.0012728802728
0.00169249477233
0.00159641524981
0.00246211107252
0.0021799086244
0.00229176361078
0.00248826656369
0.00915905295786
0.00912511328723
0.00969833769522
0.0106216112523
0.00292087663573
0.00340885148171
0.00468732449512
0.00437059917851
0.00214326074907
0.00207227515291
0.0012447806429
0.00101405650506
0.00113789426527
0.00157839600513
0.0027233303939
0.00234421844397
0.00173354406681
0.00188891205656
0.00165268442221
0.00178805192143
0.000926323201492
0.000885854895409
0.00103778353614
0.000889508970561
0.00843760720289
0.0101494768337
0.00160771022985
0.0016489506726
0.00201037739567
0.00199683964672
0.00176963904107
0.0018543359649
0.0114997036563
0.0110566041401
0.00136627986606
0.00113140367667
0.000668522980738
0.000617857373334
0.000801005976583
0.000699726485461
0.00147772495165
0.00160975564873
0.0136127756946
0.0143016141344
0.00984045123342
0.00843305342287
0.00153607053046
0.00157974413906
0.00103364263332
0.000847355822744
0.000943289118282
0.000833681952126
0.0121994141501
0.0135683980427
0.000845201598087
0.000902026940403
0.00342533037622
0.00365094339017
0.0019576838166
0.00165829452698
0.00167522408404
0.00184568519553
0.00117560345213
0.00111038638682
0.00122263614668
0.00114173357907
0.00116561187751
0.00141819087552
0.00448399926832
0.00530924774582
0.00293937445433
0.00371463114019
0.00347058693665
0.00356475997465
0.00574429619345
0.00722214225215
0.00513274237681
0.00496358645566
0.00474222032102
0.00641931788997
0.00416846926834
0.00435120519608
0.00477243169024
0.00563295239649
0.00559489896079
0.0049756725895
0.0131597998101
0.0143027563755
0.00437444958558
0.00336350183659
0.00407566704242
0.00333413894035
0.00462451984346
0.00523554824138
0.00191884562532
0.00174061839657
0.00232464005052
0.00205638789746
0.0014918108244
0.00193881220385
0.000736545797121
0.0011678738318
0.000442873744108
0.000454184191756
0.000529498894793
0.000506356351391
0.00137542923195
0.00149421424202
0.00149762335306
0.00167825456272
0.00162263875292
0.0013434814185
0.00117175745263
0.000901235947428
0.00096733997874
0.00085641990113
0.00102222002332
0.00105476770083
0.0069186578858
0.00766370828409
0.00181829563428
0.00190635456678
0.00141517369806
0.00122596516703
0.00131582758128
0.00155802582975
0.00251417833209
0.00265655213822
0.00137403151954
0.00154107827227
0.000862754346566
0.00103843666722
0.00102076204681
0.00111585149329
0.0013903613392
0.00160918766227
0.00160081193513
0.00124656397027
0.00115210283635
0.00112774480373
0.000453968382425
0.000408318882933
0.000455287684361
0.000366531979549
0.000739181063273
0.0005754368915
0.000731023524568
0.000468199143614
0.00058024609984
0.000654229857961
0.000690569627969
0.000746096171844
0.00541623228348
0.00481187113486
0.000584757226329
0.000480800063819
0.000554350993786
0.000638042818816
0.00270247808011
0.00314420451872
0.00160353824505
0.00144607677681
0.00620991326353
0.00562616054328
0.00377513151354
0.00411652849032
0.00116752934176
0.00124128326232
0.00083100336251
0.00086280632688
0.00195036244609
0.00189580325168
0.00125321591323
0.00192571374181
0.00178403826652
0.00233168206964
0.00568573341741
0.00767751700046
0.00484630080003
0.00404298440582
0.00211867161424
0.00258258507716
0.00186086690224
0.00139736164824
0.00152609569348
0.00178385134173
0.00148800609107
0.00116759444032
0.00749866102724
0.00635005716416
0.00576950393497
0.00544770788704
0.00825884143947
0.00907749082646
0.00782794213129
0.00716062771059
0.00978344211817
0.00977728074455
0.000951556721684
0.000708716253735
0.000766663351639
0.000910237548229
0.00225466495054
0.000994963384257
0.000916114461972
0.00103606948715
0.000673187233934
0.00062560832036
0.0007254949963
0.000647299407623
0.00112607225174
0.0010975155611
0.0018581871598
0.00201956302722
0.00139903557145
0.00172587491639
0.00140336901636
0.00173090633606
0.000776766063688
0.000634870696296
