0.031254493856
0.0315822198316
0.0326221909142
0.0361621817019
0.0317141331543
0.0352185184519
0.0383196870294
0.042312503769
0.0344580261825
0.0391529630438
0.0337193042705
0.0382357886723
0.0341514149054
0.0390894003526
0.0382241142968
0.0313391337357
0.0319934984564
0.036226899132
0.0353291309356
0.0368664298576
0.0421651810162
0.0418030641356
0.0394148568493
0.0404671141575
0.0367392475556
0.0358447921884
0.0352293457077
0.0389458661522
0.0368476976924
0.0338400909799
0.0328160516228
0.0311938641404
0.0365053963863
0.0403384090909
0.0396323333768
0.0352754423423
0.0365706327297
0.0366635859664
0.0315725099777
0.0321171420704
0.0370822489987
0.0370254546412
0.0342565477047
0.0322678213358
0.0370608987997
0.0326615078767
0.0371760201767
0.0338977563936
0.0354870196026
0.0381139546619
0.0381798658461
0.0355620895147
0.0406310759091
0.0406839760971
0.0354826959578
0.0376900264255
0.0340157204665
0.0325594983675
0.0360926129848
0.0343840303279
0.036983729487
0.0318214405304
0.0371246382084
0.0339597745419
0.0312984972136
0.0367483383417
0.0314377356824
0.0339090949842
0.0341959181604
0.0322551695603
0.0161005817993
0.017629609939
0.0160961163359
0.019926629891
0.0113016317403
0.0104499181527
0.0105049582691
0.0106196091915
0.00994919913583
0.0156589431917
0.0215226473342
0.009168867451
0.0166224819867
0.0164722426156
0.0137414145461
0.0209221145951
0.0153718264437
0.0180591195457
0.020621876752
0.00967427846829
0.0184897096527
0.0139737858369
0.0134593175993
0.00943676396533
0.00973223455016
0.0103774210813
0.00824054371532
0.0115584184742
0.0150332616183
0.0171477922023
0.00683962084653
0.0206128256112
0.0174163464591
0.0176122285896
0.020356550149
0.0106242364151
0.0121258041758
0.0108296542851
0.0114590589704
0.0110468012171
0.0112715921168
0.0128706169242
0.010899961258
0.0108634619723
0.0107391567458
0.0113471488905
0.011926377679
0.0118679761239
0.0125315920347
0.0118746589673
0.0120220660012
0.0098254708065
0.0103085473114
0.0101214533464
0.0101032332363
0.00989175596575
0.00980169613739
0.0100665643724
0.0101494773087
0.00934428502306
0.00916363934278
0.00814698272237
0.00919444010953
0.0100364828472
0.00949135882791
0.0100496663601
0.0101881657221
0.0178727578036
0.0191608233659
0.0179496427507
0.0174966956279
0.0113064843279
0.0175021622202
0.0194655389255
0.00922266537871
0.00926591896372
0.00826816423958
0.0110545882462
0.0219551972348
0.0211623608244
0.0225138041256
0.0226502353345
0.0151666658061
0.0171706894936
0.0187853158908
0.0149206349554
0.0185861279748
0.0171886279793
0.0206625322297
0.0131839394523
0.0234855769986
0.0153695966334
0.0148447422273
0.0170248619879
0.0200976173312
0.0156287633254
0.0164974199444
0.0179170881704
0.0185219116775
0.0149678390457
0.0171689086793
0.0191163380532
0.0197553241903
0.0202521991473
0.0175034082817
0.0191805422977
0.0205049135568
0.0235810867475
0.0244117844743
0.0244432227729
0.0235014880055
0.0141307984965
0.0169904666384
0.0175232469664
0.020779687472
0.0208978408003
0.0172148287393
0.0183981166025
0.0204887224548
0.0146332883446
0.023600946156
0.0184190524064
0.0164964401327
0.0201204831365
0.0194946058139
0.00849319652468
0.00955300933172
0.0114415599205
0.0114933790848
0.0214466192204
0.0213171821686
0.0146296809894
0.0092294772255
0.0144263619225
0.0106173798597
0.0156352838249
0.0201838693991
0.0197628087031
0.0166438924258
0.0154407440397
0.020011171983
0.0212158081545
0.0190244342677
0.0154116629294
0.0139341896548
0.0151653384111
0.0171139442183
0.0180781384924
0.0209193534442
0.0184361924275
0.0173530583013
0.0158576494316
0.0203598590347
0.0101155042196
0.00954500645932
0.0113842727153
0.00845952329494
0.0133022570787
0.0171772647985
0.0179162370564
0.0206218552988
0.0209794457569
0.0174072137252
0.0175179941491
0.0170791826202
0.015897871587
0.02119859242
0.0201102419297
0.0108585582741
0.0097219332727
0.011164113781
0.00872531870202
0.0112561469459
0.0101363482451
0.0102201548425
0.0106691131667
0.00829925263175
0.00915584890616
0.0089876665213
0.00888625238457
0.0185943282425
0.0193271239173
0.0102422004038
0.00904432105719
0.0103017873911
0.00854367114529
0.00866888939369
0.00981063484587
0.0107678949084
0.0106889938478
0.0188676361931
0.0167263578627
0.0159765595921
0.0183360684897
0.0177590386588
0.0173903110606
0.0104335298
0.0110717222525
0.0106813895131
0.0110685724006
0.0122115237471
0.0109144577684
0.0107849669104
0.0116613983218
0.0120487516753
0.01071238254
0.0117262004206
0.0107890537011
0.0110602673216
0.0105950327014
0.0106651640721
0.0104766169385
0.0171787091397
0.0179079428666
0.00998809201398
0.00989289417166
0.00984646514758
0.0106837640767
0.0100791979829
0.0100060631086
0.0109105768936
0.0101284812425
0.00992827290243
0.00994649493319
0.011026968253
0.0109752244281
0.0164810629742
0.0176319384781
0.00850753952576
0.00905823194535
0.0103319983148
0.0101049822042
0.0205577305205
0.0202418779233
0.0176145188763
0.0199490677955
0.0107208699822
0.0108324132743
0.012415700857
0.0124579428115
0.0214370814861
0.0206562698981
0.0100935723779
0.0100581873652
0.0106436172146
0.0113078565879
0.0211003819827
0.0202865807003
0.0166252696267
0.0193699105185
0.0116739694739
0.0111898260009
0.0113904443711
0.0119049445152
0.0189452712525
0.019357745201
0.0116164927016
0.0109466099374
0.0103153909943
0.0101738995171
0.0195854270907
0.0167054302801
0.0104004644189
0.00976601302493
0.0101206616152
0.0091231270886
0.0196293038622
0.0212688584531
0.021346067937
0.0192191905294
0.0215948410277
0.0215866823663
0.0103701712897
0.00910730835629
0.00952202726769
0.010371988238
0.0233346339717
0.0234437419014
0.00918842214238
0.021838781652
0.0186597092835
0.0249620447747
0.0119330102788
0.0106052633438
0.0095949487627
0.0111253711831
0.0204293011641
0.0208913937175
0.0192321674332
0.0193934007229
0.0196300857387
0.0195308541052
0.0107415998103
0.0108653515317
0.0113120879815
0.0113171848282
0.0118497252469
0.0110068003383
0.0108038191952
0.0118081077297
0.0113373209279
0.0108077454651
0.0107296745845
0.0108106311955
0.0113008915153
0.0108105158495
0.010814817136
0.0107268849505
0.0193428323554
0.0192199524591
0.019622716958
0.0197432506373
0.0194189922567
0.0195368930829
0.0196385824581
0.0193807023102
0.0119138485206
0.0109729797597
0.0115574618503
0.0102173660919
0.0124295428293
0.0109624754417
0.012041721666
0.0113220942904
0.0100986886017
0.0103270208795
0.0108272991701
0.0101713525423
0.0208506447675
0.0211358515193
0.0194949938195
0.0197266091196
0.0177755303754
0.0191074544731
0.0199290207561
0.0182952508544
0.0196330260306
0.0182874386113
0.0231636935779
0.0231201054873
0.0121817103936
0.0110315406509
0.0109436335049
0.0121684380277
0.0193260374975
0.0210156189146
0.0210454069569
0.0193463918565
0.0181605511684
0.0198340684238
0.0193978987414
0.019632762392
0.0196410561728
0.0195143153248
0.0088313780078
0.00946627216851
0.0101496555766
0.0114844952163
0.0215464666073
0.0195351552187
0.011920623393
0.0109577845365
0.0112848738605
0.0103368558708
0.0125079096855
0.0108834266589
0.0119336309814
0.0114409722747
0.0207264751045
0.0211758428719
0.00922899531679
0.0089091294601
0.00898503877586
0.00863708137312
0.0174965493712
0.0181726243653
0.00997399764227
0.00880373425236
0.0093447181386
0.00842206094097
0.00918778179584
0.00926488044797
0.0093025590527
0.00827950332079
0.00938530435252
0.00961272496026
0.0095374185917
0.00955034948822
0.00839467419069
0.00971989517844
0.00923695210937
0.0111002731146
0.0102908400187
0.0103679877624
0.0104289124726
0.0103842660359
0.0105569428871
0.0107426780396
0.0114679436116
0.0105197385538
0.0104985675381
0.0104901277462
0.0104453281247
0.0110458909677
0.0106270022309
0.010569616809
0.0110021324055
0.0118299031717
0.0095786590377
0.00970366949577
0.00940713642633
0.00964874634953
0.00959593108747
0.00963833537998
0.00963572081229
0.00981082511482
0.00890213785074
0.0089083553697
0.00823534754403
0.00893655379946
0.00967176692536
0.00974693723447
0.00946513527339
0.00976274638094
0.0182446284366
0.0171582262627
0.0190668268393
0.0187525687776
0.0101392489152
0.0201430196426
0.0201434170658
0.0256153589765
0.0187889936545
0.018956119939
0.00922745932568
0.0103434454649
0.0106152452514
0.00961773850331
0.0105407692339
0.0107008306245
0.0106892821719
0.0106796770294
0.0107760612004
0.0109949158216
0.0107751471335
0.0108842261528
0.0106719210345
0.0105808514249
0.0105137459764
0.0106689541476
0.0108544211315
0.0106646332344
0.0106735004815
0.010597068801
0.00977058817371
0.009805693798
0.00948407357142
0.00972103222233
0.0096582025635
0.00967908459186
0.00964149469472
0.00987306146679
0.00893189876015
0.00891164330746
0.00823374252216
0.008908292912
0.0096932930038
0.00974157646164
0.00941434783074
0.00960157087634
0.00961016042761
0.00977629487887
0.0097074568711
0.00947335179467
0.00986463043541
0.00973665718439
0.00966825293144
0.00967747248586
0.00970633290922
0.00975711667051
0.00962282500564
0.00946214572654
0.00939111843837
0.00934412182185
0.00939295503941
0.00992457616405
0.0091434320694
0.00878505692908
0.00828819406274
0.00908009883618
0.00885068294163
0.0091109188248
0.00917272233119
0.00914814104759
0.00859817382711
0.0083206441365
0.0078654238402
0.00881488238299
0.00938079297016
0.00957794714554
0.0094637586933
0.00952237598664
0.00991484660562
0.0101589899322
0.00995493881337
0.009974615436
0.0101463545995
0.0100904598801
0.0101332551835
0.0100818707369
0.00949891186421
0.00954824483857
0.00937535902379
0.00875301473241
0.00916706653193
0.00915871757373
0.00916586734429
0.00870089915471
0.00886894873139
0.00899183891363
0.00845958194859
0.00857154528385
0.0092194596128
0.00950360217555
0.00874498906336
0.0106813514893
0.00966225340329
0.00967898406348
0.0093304668767
0.00957890899822
0.00949752844118
0.0094806958498
0.00948657901984
0.00971176917608
0.00873140757814
0.00874628274075
0.00809424191891
0.0087557783158
0.0095093797979
0.00959463582449
0.00926007880141
0.00942953747768
0.00921636982448
0.00929767118635
0.00914755878777
0.00851806020493
0.0092709803105
0.00920232866338
0.00918786759973
0.0087119188501
0.00948200167182
0.00954871988705
0.00946113065228
0.00931511192172
0.00874602338409
0.00870684460185
0.00932209235967
0.00989329102899
0.00921016505277
0.00923903286766
0.00886531975071
0.00917271473297
0.00912315823329
0.00917485958331
0.00920573728537
0.00932845237889
0.00848286795258
0.00875525820191
0.00914214774898
0.00907687233952
0.00948539058036
0.00957042965765
0.0093157247372
0.0094680506904
0.00964280652561
0.00966552245447
0.00956940306439
0.00932388759717
0.00970018711836
0.00946794661355
0.00947618212785
0.0094850822149
0.00951393607872
0.00960174494736
0.00945228910971
0.00927484863342
0.00872518821492
0.00872290831273
0.00875661930276
0.00807983582137
0.00701570494925
0.01950307248
0.00913119085344
0.00882379782659
0.00840840409906
0.00873492222863
0.00799827813052
0.0087139061952
0.0086503577529
0.00865934116951
0.00967283695015
0.00975564712955
0.00939242729083
0.00971592233416
0.0097114296379
0.00976318930509
0.00939944707234
0.00967597528015
0.00996185586515
0.00970028535695
0.00971467132484
0.00971879630233
0.0103151863892
0.0104176378372
0.0104271206757
0.0104717783162
0.0112912648446
0.0106877622201
0.0106887410163
0.0106511839088
0.0107047846047
0.0107695342707
0.0107511712733
0.0112642290734
0.0119715176398
0.0110888785102
0.0109122227539
0.0108764985969
0.00935079567473
0.00865681098179
0.008671894611
0.00922224218012
0.0103154901266
0.0104108257173
0.0104590721724
0.0104176410937
0.0113099442451
0.0107761053201
0.0107549943202
0.0107169782448
0.010661717582
0.0106977255565
0.0107085444242
0.0113128346567
0.0120174891736
0.0110886987184
0.0108752191772
0.0109088356459
0.00785783929254
0.0085414365205
0.00825949530686
0.00898219321593
0.00838362040126
0.00716194003206
0.00451546142185
0.00403728492479
0.00341923432842
0.00362053582856
0.00285608348101
0.00327014211146
0.0029273730451
0.0039230872389
0.00629626978912
0.00736990076911
0.00291130620283
0.00642004969387
0.00283577019545
0.00292892255328
0.00340709443688
0.00292938123559
0.00434624242079
0.00322159872752
0.00464371138569
0.00327665426952
0.00362151077992
0.00307049249464
0.00372997651768
0.00390805150546
0.0030095307467
0.00341425392783
0.0040864577876
0.00394134999825
0.00779827472108
0.00658569401341
0.00385001382891
0.00443603997251
0.00482980690397
0.00428325449815
0.0102208227097
0.00802885570939
0.00927050641957
0.00836473297876
0.012076673537
0.0109037369113
0.00865169184844
0.0165170340448
0.00638004404274
0.0103956860737
0.00999340282378
0.0106402436345
0.00865773368332
0.00815843654666
0.00911017327752
0.015306469181
0.0120428666517
0.0219124521332
0.00640483675311
0.00651328471362
0.0057719875268
0.00522190484979
0.00582590159245
0.00579545097496
0.00562419419642
0.00569041996836
0.0104543690892
0.00795547010388
0.0178338412187
0.0101889220266
0.00561575433988
0.00602518127525
0.00797717227699
0.00697729694444
0.0060797515959
0.00618178003362
0.00969212237713
0.00831108588057
0.00855449905932
0.00933394539511
0.0100272229135
0.00888729400751
0.00916505417284
0.0087493425438
0.0153198670633
0.0149328749085
0.00910765534134
0.00888880060229
0.00930244783928
0.00915582073985
0.00987837313136
0.0131555096715
0.00826176092076
0.00707208403501
0.00771735122575
0.00622747946626
0.00822911846299
0.00985192553456
0.0186759669258
0.0102819739118
0.0137187225553
0.0155289246671
0.0235112055818
0.0134286238559
0.0135237405873
0.00937649616347
0.0217574554372
0.011431267482
0.01245391175
0.0152372275736
0.0100933649002
0.0112267245129
0.0115573624205
0.0126455071167
0.00996972296599
0.01600074418
0.00842711826912
0.0149707582268
0.0222433278469
0.0119983930718
0.0109622100632
0.00984976773346
0.00663469259142
0.00665023453821
0.00434088542912
0.00336059014268
0.00328878663205
0.00441650294864
0.00430951174226
0.00387078674867
0.00414961449514
0.00346502191337
0.00417602433366
0.00355026579481
0.00332639565021
0.00380228939966
0.00586808231895
0.00618039886541
0.00537522139076
0.00755928759598
0.00792851543859
0.0062490999773
0.00549439351704
0.00629417594691
0.010233415339
0.0148271246955
0.0103481533148
0.0109147997707
0.0105131739318
0.0123563135413
0.00973426094545
0.0104783732511
0.021287679149
0.0116115785633
0.0111730983866
0.0120394238485
0.0113070769383
0.0124895652238
0.00999620580039
0.0107414251859
0.00982242789919
0.00934842179974
0.0111984824156
0.0121250308416
0.0100579748931
0.0115170733773
0.011229025156
0.012563929444
0.00644426251214
0.00599775382158
0.005577552797
0.00563126070565
0.010669504673
0.0115798726392
0.00891274300556
0.0105249278404
0.0113518018701
0.0195948527829
0.00657782256954
0.00753772209749
0.0069454908424
0.00723817629741
0.0104761079271
0.0112303372254
0.0127527305128
0.0111164739581
0.00693438916601
0.00682419698344
0.00507245199521
0.00608694417425
0.00604367646357
0.00686203128955
0.00550274255191
0.0070480567988
0.00978109252413
0.00955196526766
0.0114735090275
0.0106639661999
