0.161324353735
0.135454055425
0.130324270491
0.156909355206
0.132419298354
0.134255666407
0.1287371989
0.0848562719404
0.112290372039
0.12486733137
0.125248762792
0.114485015548
0.135226338035
0.0742770019109
0.0761251220474
0.0449083606543
0.0438584333963
0.0432403656348
0.0489375156955
0.0694188259609
0.0712904301582
0.0405321603099
0.0376746625928
0.0392298500451
0.0334827057715
0.0390625727189
0.0388624354511
0.0379998223837
0.0433675263277
0.0433823652809
0.0464163736451
0.0427592079682
0.0715880879213
0.0387428970446
0.0382429739916
0.040335868262
0.0399459327028
0.0368740309128
0.038240412009
0.0430247354092
0.043781428754
0.0502460190319
0.0472543444115
0.0387827178446
0.0392339213299
0.0394699260425
0.044183455032
0.0741834598887
0.0697482316845
0.076009248408
0.0651319555857
0.0383041974104
0.038842875364
0.0368030758851
0.0414225081616
0.041790063402
0.0438357455361
0.0431246854169
0.0469507148374
0.0380378375932
0.0417841795306
0.0413800542683
0.0383281876205
0.0745720667304
0.0714903455045
0.070840293252
0.0718639196559
0.0420498214658
0.0430565481337
0.0463410112495
0.0426801327481
0.038584642546
0.0387668666422
0.0387826236379
0.0417456184301
0.070398380139
0.0730126889574
0.0710680865524
0.0785091804022
0.0880925406905
0.0397328526689
0.0388983545734
0.0353577442743
0.0426297014315
0.0353208639673
0.0389304100463
0.0397965610096
0.0423625635473
0.0878306316548
0.0354066778518
0.0389059589097
0.0423028662425
0.0423264266197
0.0861605932808
0.085851064976
0.0819590459906
0.0810366722664
0.0422054675366
0.0389001687452
0.0423834851489
0.0354719412368
0.0397200470117
0.0390253362476
0.0398503891224
0.0352476058255
0.0414157802156
0.0716881112247
0.0694143496673
0.104460306547
0.0399236920594
0.0372231927598
0.0424956430021
0.0397003191074
0.0420821767108
0.0761964112562
0.0685635281157
0.0395447455648
0.0398287782998
0.04059746629
0.0401441885013
0.0324580114331
0.0352625882179
0.0348852535557
0.035114133926
0.0368947088138
0.0381053307414
0.0370298125566
0.0369394907263
0.0379761818157
0.0382326993507
0.0396476667246
0.0371113605107
0.0460878929417
0.0446396359174
0.0451081439465
0.0430267321774
0.0730943670731
0.0739646443131
0.0371054418474
0.0382829152988
0.0387536531576
0.0370792498511
0.0710277781978
0.0752073066298
0.0667294763777
0.0657673355581
0.0444069478721
0.0443943950089
0.0431058055804
0.043766722659
0.0393036623423
0.0381848288447
0.0352412503226
0.037064716279
0.0393794769205
0.0383108742766
0.037099226591
0.0353659832859
0.0724797291427
0.0704381484195
0.0341843761286
0.0356412946088
0.034672462605
0.0370627715675
0.0358356959236
0.0353058701727
0.0354070636976
0.0344040286114
0.0410749932716
0.0424038168378
0.0429077329659
0.0410471374859
0.03697541754
0.0381605485203
0.0353296310822
0.0394080412887
0.0347337217428
0.0355493164327
0.0340730116601
0.0374719111826
0.0712289618318
0.0675693822462
0.0340543130904
0.0371286864128
0.0358299800079
0.0359908438842
0.0357958390092
0.0370731618516
0.0339517662572
0.0359270825615
0.0342074717155
0.0382406988003
0.0357413428661
0.0397724542551
0.0877901003933
0.115680728843
0.0375910059409
0.0363743793001
0.0339877568494
0.034562271206
0.0812459203947
0.0790587536019
0.0386938067121
0.0381652869101
0.035316810439
0.0365792304474
0.068763874861
0.0695817532963
0.0180609440111
0.0209183123694
0.0419083730547
0.0383383250614
0.0195562147292
0.018047204989
0.0242604484911
0.0207774193027
0.0405700126611
0.036588843289
0.0167839035573
0.0175315040762
0.0176583282691
0.0201339355203
0.0198578604238
0.0218783102048
0.0213814039201
0.023501647955
0.0394909436216
0.108314512916
0.0192888669489
0.0193121094414
0.016787543085
0.0217704328518
0.0396738028557
0.0442105013917
0.0488925819578
0.0439662652305
0.0440656073121
0.0495527032101
0.04255891116
0.0440909526077
0.0439801275227
0.0463647555572
0.0433602437502
0.0492931135623
