0.119681767291
0.119681767291
0.119681767291
0.119681767291
0.119681767291
0.119681767291
0.119681767291
0.119681767291
0.119681767291
0.119681767291
0.119681767291
0.119681767291
0.119681767291
0.119681767291
0.0598408836453
0.0299204418227
0.0299204418228
0.0299204418228
0.0299204418228
0.0299204418228
0.0299204418227
0.0299204418227
0.0299204418227
0.0299204418227
0.0299204418227
0.0299204418227
0.0598408836455
0.0598408836456
0.0299204418227
0.0299204418227
0.0299204418227
0.0299204418227
0.0299204418227
0.0299204418227
0.0299204418227
0.0598408836455
0.0598408836455
0.0299204418227
0.0299204418227
0.0299204418228
0.0299204418227
0.0299204418228
0.0299204418228
0.0299204418228
0.0299204418228
0.0299204418228
0.0299204418228
0.0598408836454
0.0598408836454
0.0598408836454
0.0598408836453
0.0598408836454
0.0598408836455
0.0299204418227
0.0299204418227
0.0299204418227
0.0598408836456
0.0598408836456
0.0299204418227
0.0299204418227
0.0598408836455
0.0299204418227
0.0299204418227
0.0299204418227
0.0299204418228
0.0598408836454
0.0598408836454
0.0598408836454
0.0598408836454
0.0598408836456
0.0598408836455
0.0598408836455
0.0299204418227
0.0299204418227
0.0299204418228
0.0299204418227
0.0598408836454
0.0598408836456
0.0598408836454
0.0299204418228
0.0299204418228
0.0299204418228
0.0299204418228
0.0299204418228
0.0149602209113
0.0149602209113
0.0149602209113
0.0299204418228
0.0149602209114
0.0149602209113
0.00748011045564
0.00748011045569
0.00748011045569
0.00748011045569
0.0149602209114
0.0149602209114
0.00748011045569
0.00748011045569
0.00748011045569
0.00748011045569
0.00748011045569
0.00748011045569
0.00748011045569
0.00748011045572
0.0149602209114
0.0149602209114
0.0149602209114
0.0149602209114
0.00748011045563
0.00748011045563
0.00748011045568
0.00748011045568
0.00748011045568
0.00748011045568
0.00748011045568
0.00748011045568
0.0149602209114
0.0149602209114
0.00748011045568
0.00748011045573
0.00748011045573
0.00748011045568
0.0149602209113
0.0149602209114
0.0149602209114
0.0149602209114
0.00748011045568
0.00748011045568
0.00748011045568
0.00748011045569
0.00748011045564
0.00748011045564
0.00748011045564
0.0149602209113
0.0149602209114
0.0299204418228
0.0299204418228
0.0299204418228
0.0299204418228
0.0299204418228
0.0299204418228
0.0299204418228
0.0299204418228
0.0299204418228
0.0299204418228
0.0299204418227
0.0299204418227
0.0299204418227
0.0299204418227
0.0299204418227
0.0299204418227
0.0299204418227
0.0299204418228
0.0299204418228
0.0299204418228
0.0299204418228
0.0299204418227
0.0299204418227
0.0299204418228
0.0299204418227
0.0299204418227
0.0299204418227
0.0299204418227
0.0299204418227
0.0598408836455
0.0598408836455
0.0299204418228
0.0299204418228
0.0299204418228
0.0299204418228
0.0598408836455
0.0598408836455
0.0598408836456
0.0598408836456
0.0149602209114
0.0149602209114
0.0299204418228
0.0299204418226
0.0299204418228
0.0299204418227
0.0299204418228
0.0299204418228
0.0149602209114
0.0149602209113
0.0149602209113
0.0149602209113
0.0149602209114
0.0149602209114
0.0149602209114
0.0149602209114
0.0149602209114
0.0149602209114
0.0149602209113
0.0149602209113
0.0149602209114
0.0149602209113
0.0149602209114
0.0149602209114
0.0149602209114
0.0149602209113
0.0299204418227
0.0299204418227
0.0299204418227
0.0299204418227
0.0149602209114
0.0149602209114
0.0149602209114
0.0149602209114
0.0299204418227
0.0299204418227
0.0149602209114
0.0149602209114
0.0149602209114
0.0149602209114
0.0149602209114
0.0149602209114
0.0149602209114
0.0149602209114
0.0149602209114
0.0149602209114
0.0149602209114
0.0149602209114
0.0149602209114
0.0149602209114
0.00748011045569
0.00748011045569
0.00748011045569
0.00748011045569
0.0149602209114
0.0149602209114
0.0149602209113
0.0149602209114
0.00748011045564
0.00748011045569
0.00748011045569
0.00748011045569
0.00748011045564
0.00748011045564
0.00748011045569
0.00748011045564
0.00748011045569
0.00748011045569
0.00748011045569
0.00748011045569
0.0149602209114
0.0149602209113
0.0149602209113
0.0149602209113
0.0149602209114
0.0149602209114
0.0149602209114
0.0149602209114
0.00748011045569
0.00748011045564
0.00748011045564
0.00748011045564
0.00748011045564
0.00748011045569
0.00748011045569
0.00748011045569
0.00748011045564
0.00748011045569
0.00748011045569
0.00748011045569
0.00748011045569
0.00748011045569
0.00748011045569
0.00748011045569
0.00748011045569
0.00748011045569
0.00748011045569
0.00748011045569
0.00748011045569
0.00748011045569
0.00748011045569
0.00748011045569
0.0149602209114
0.0149602209114
0.00748011045569
0.00748011045569
0.00748011045569
0.00748011045569
0.0299204418228
0.0299204418228
0.00748011045569
0.00748011045564
0.00748011045564
0.00748011045564
0.00748011045564
0.00748011045569
0.00748011045569
0.00748011045569
0.00748011045564
0.00748011045569
0.00748011045569
0.00748011045569
0.00748011045569
0.00748011045569
0.00748011045569
0.00748011045569
0.00748011045569
0.00748011045569
0.00748011045569
0.00748011045569
0.00748011045569
0.00748011045569
0.00748011045569
0.00748011045569
0.0149602209114
0.0149602209114
0.00748011045569
0.00748011045569
0.00748011045569
0.00748011045569
0.0299204418228
0.0299204418228
0.00748011045569
0.00748011045569
0.00748011045569
0.00748011045569
0.0149602209113
0.0149602209113
0.0299204418228
0.0299204418228
0.0299204418227
0.0299204418227
0.0149602209114
0.0149602209113
0.0149602209113
0.0149602209114
0.0149602209114
0.0149602209114
0.0149602209114
0.0149602209114
0.0299204418227
0.0299204418227
0.0149602209114
0.0149602209113
0.0149602209113
0.0149602209114
0.0149602209114
0.0149602209114
0.0149602209114
0.0149602209114
0.0299204418227
0.0299204418227
0.0299204418227
0.0299204418227
0.0149602209113
0.0149602209114
0.00748011045568
0.00748011045568
0.00748011045568
0.00748011045568
0.00748011045568
0.00748011045568
0.00748011045568
0.00748011045568
0.00748011045568
0.00748011045573
0.00748011045573
0.00748011045568
0.00748011045569
0.00748011045564
0.00748011045564
0.00748011045564
0.00748011045569
0.00748011045569
0.00748011045569
0.00748011045564
0.00748011045569
0.00748011045569
0.00748011045569
0.00748011045569
0.0149602209113
0.0149602209114
0.00748011045569
0.00748011045569
0.00748011045569
0.00748011045569
0.00748011045569
0.00748011045569
0.00748011045569
0.00748011045569
0.0149602209114
0.0149602209114
0.0149602209114
0.0149602209114
0.00748011045569
0.00748011045569
0.00748011045569
0.00748011045569
0.00748011045569
0.00748011045569
0.00748011045564
0.00748011045569
0.0149602209113
0.0149602209113
0.0149602209114
0.0149602209113
0.0149602209114
0.0149602209114
0.00748011045569
0.00748011045569
0.0149602209114
0.0149602209114
0.00748011045569
0.00748011045569
0.00748011045564
0.00748011045569
0.00748011045569
0.00748011045569
0.00748011045569
0.00748011045569
0.00748011045569
0.00748011045569
0.00748011045569
0.00748011045564
0.0149602209114
0.0149602209113
0.00374005522785
0.00374005522786
0.00374005522785
0.00374005522785
0.00374005522784
0.00374005522785
0.00374005522784
0.00374005522784
0.00374005522786
0.00374005522785
0.00748011045572
0.00748011045569
0.00374005522786
0.00374005522787
0.00374005522784
0.00374005522788
0.0149602209113
0.0149602209114
