0.523805635862
0.555834889589
0.535988069409
0.530320855737
0.530101332188
0.555007421303
0.535252474494
0.523782296279
0.544005485887
0.603205776093
0.536569067968
0.549649144447
0.539576283558
0.561493920129
0.518818353924
0.539048962213
0.558154148619
0.623450849472
0.543815468793
0.544457788636
0.550690546346
0.640846306148
0.557587520743
0.551080793067
0.556175549722
0.639827366045
0.551370747167
0.550660304708
0.543885611796
0.58878284416
0.544619831503
0.529552210355
0.53983258626
0.611139166249
0.540114017599
0.557355765799
0.517644145606
0.541636813614
0.530377130201
0.52923855766
0.524496167488
0.575844047223
0.539532706415
0.544776042593
0.320361811671
0.320146778971
0.200828672402
0.182023579446
0.18330960231
0.200696995701
0.298429569887
0.319253339843
0.319216279171
0.29842244981
0.32114297449
0.320652238261
0.202324702212
0.183270897111
0.202528551085
0.202212550585
0.32022245711
0.319531192429
0.319479131438
0.320073992763
0.320656675892
0.320736694189
0.202118407253
0.183177305102
0.202799284865
0.201894475545
0.320745671539
0.319773307312
0.319189019963
0.320888558506
0.289818951933
0.307401709019
0.172930149701
0.176224253323
0.187172570861
0.187520421348
0.307068880725
0.289793507756
0.310806169477
0.310298640597
0.311329490173
0.310448234739
0.193509543449
0.181876398731
0.19362525211
0.19326737912
0.311346040682
0.31104676573
0.311576606742
0.311424895814
0.299010378973
0.310832597899
0.183163190133
0.181476649586
0.19291847258
0.193004648952
0.310220026391
0.298873115268
0.310772731593
0.311073217677
0.299453580489
0.28860631876
0.182916594187
0.181045191545
0.182740745191
0.173703218808
0.299805728439
0.299987083723
0.288455432771
0.299019414495
0.288980219991
0.299617634238
0.16877444764
0.175307257193
0.169629210132
0.177423884625
0.286032830867
0.284675818338
0.295882268501
0.286797228774
0.300198004037
0.300041790809
0.18350253792
0.181273877894
0.183546292727
0.183304601055
0.299941221229
0.300156928105
0.300014359835
0.300580109325
