0.503177279045
0.483260014224
0.512709212393
0.507923005045
0.50801407369
0.483014818647
0.511373624033
0.503963843625
0.533265606657
0.54644613392
0.483999320047
0.536813595204
0.530759539846
0.51801057512
0.501163618376
0.530398183995
0.499134916023
0.47399313124
0.508594600932
0.506309899978
0.505179852587
0.511659692403
0.521513720596
0.526777504476
0.333586255923
0.332952194803
0.213032583086
0.184667261699
0.186206240855
0.212899339632
0.29946217571
0.331517276491
0.331981898768
0.299426554036
0.335011386374
0.335271668865
0.216322005988
0.187338136442
0.206601694969
0.216773031579
0.321756776955
0.332023332509
0.331996842206
0.32117663446
0.334644637326
0.335150261375
0.21706935338
0.18777343287
0.217910683843
0.216906502139
0.334521714146
0.333102770018
0.331967745318
0.334610863307
0.29484240007
0.323289049339
0.178641497361
0.17845881626
0.201482252165
0.201839302283
0.323309509867
0.294789803917
0.326889802906
0.325991592141
0.302654321178
0.324664968143
0.190053664003
0.184792991886
0.210198657321
0.207645250551
0.319058908555
0.328238056796
0.327669366629
0.297494445106
0.302913908774
0.182244921327
0.181108115626
0.194493792317
0.186483793635
0.312686401057
0.298043487465
0.303515551739
0.313741703501
0.316905261695
0.291388335444
0.197186570424
0.180301542774
0.187860385254
0.176024043504
0.307534005855
0.318549984588
0.290945330069
0.304790544735
0.292056278709
0.317102762639
0.170901760164
0.174289088287
0.172455758272
0.190889664376
0.28936467561
0.287261349081
0.314331246145
0.292149868933
0.317736188951
0.296008624618
0.199258288739
0.182362305599
0.201048413618
0.182946201725
0.318755398625
0.319696224523
0.311829168884
0.294849566814
0.284877697563
0.173801339324
0.171231465164
0.168760661029
0.165889133844
0.285783819937
0.294350468465
0.150152056068
0.146625465283
0.145052075642
0.154789959401
0.280455337671
0.286370702559
0.155836431111
0.158458414469
0.158266088969
0.158902749641
0.149050392613
0.144410294822
0.153812784674
0.143589824968
0.281310482874
0.27804533786
0.161608898044
0.179253264123
0.175244169367
0.158083295279
0.287387304777
0.287757652999
0.159480390655
0.165874407088
0.161490961237
0.16001738307
0.281826513003
0.278075970188
0.27953403428
0.282341806604
0.293269228683
0.285130429065
0.172383961683
0.170395052983
0.16390806628
0.165462840458
0.287685953146
0.298524982446
0.284471863053
0.282013812566
0.28137790214
0.276882050741
0.155392677964
0.157878108017
0.153851147534
0.152963997025
0.275318618125
0.278047829061
0.284228673465
0.285619273023
