0.0377436144761
0.0232833109005
0.0277720493707
0.0310040723095
0.0299901977113
0.0343379700455
0.0341585885665
0.0393946060128
0.0196758862449
0.0131529037201
0.00978089803714
0.0103261309818
0.009453283368
0.0127838069705
0.014428431315
0.0100021555165
0.0114183318964
0.00781217698082
0.00809228515038
0.00909937618259
0.00982255598132
0.0102687133487
0.00977760804949
0.0104916118211
0.0125200311192
0.0145624076924
0.0107536694243
0.00832353733986
0.00858162755672
0.0152776896047
0.013413154322
0.0121656298936
0.0117679645001
0.0112530187234
0.0115461248734
0.00949022592904
0.0110690906052
0.0123595740403
0.013391393641
0.0124080354387
0.00909083708425
0.0195539349605
0.0168382143388
0.0182860059228
0.0163830040916
0.0185092320587
0.0188705959187
0.0205784975571
0.0128216014321
0.0331676378801
0.0375369608318
0.0424213332789
0.0390640752953
0.0416645956494
0.0385171280398
0.0393651232182
0.0395150780055
0.0129535738878
0.0104764182619
0.0241175006086
0.00962599864336
0.011001804617
0.0114806643729
0.00968481199008
0.0110226033038
0.0104010182799
0.0119697619271
0.00988945476377
0.0198573121669
0.0286576039078
0.0096202670673
0.00942312382134
0.0114715034364
0.00982286148156
0.0135776979914
0.0115461351839
0.0105697840848
0.0122455635481
0.0115630092533
0.0107132634746
0.0110041857446
0.011355864131
0.0116173763022
0.0115425117693
0.00992362910202
0.0102678218703
0.0102873146595
0.0107937187794
0.0101181211663
0.00998080626024
0.00998296619058
0.0105220576179
0.0106358368637
0.0108393030466
0.0106659966025
0.010874323306
0.00945695046356
0.0105768267641
0.0105824016701
0.00932580599234
0.0104655265316
0.0102390087516
0.00925495476832
0.0101229380952
0.00923281341901
0.00998454616049
0.00957804598588
0.00981967911365
0.00963865869198
0.00967414363346
0.00900847252331
0.0100105826906
0.00936494465735
0.00922702575148
0.00990247740928
0.00823824284311
0.00986301796029
0.00885313888499
0.00939084506364
0.00836710810153
0.00957212694951
0.0139969496242
0.0082216108481
0.00862635152556
0.00871216299707
0.00842196317794
0.00827087873399
0.00917719581972
0.0069581746029
0.00892289496686
0.011024101452
0.0202193668643
0.0229194370884
0.0176030801184
0.0140883710466
0.00970092616193
0.0109101986041
0.0120308707162
0.00960667720756
0.0107671439268
0.00965869406712
0.0112971071466
0.0100565485536
0.0202190857193
0.00900446320786
0.00942304872672
0.0113064294232
0.00852160146629
0.0221983735806
0.0190195500061
0.0129091241752
0.00947577753643
0.00959816508134
0.00932281357217
0.00854962100516
0.00835205000262
0.00918386914464
0.00861956714311
0.00885683175653
0.00875821232013
0.00770701932991
0.00873256950608
0.020646132306
0.0193821985443
0.0171359151214
0.0124455695902
0.0119349961614
0.0123042743149
0.0114897395922
0.00922884710904
0.00883620684353
0.0100839397518
0.00883939886009
0.0189301849514
0.0195845610873
0.00981844714586
0.0103569157096
0.0103935120089
0.0104676232961
0.0134366906421
0.0106806628345
0.0136030928418
0.013273801458
0.0324939499535
0.0264145302301
0.0360415196774
0.0375180735447
0.0303531526407
0.033962764136
0.0159767232176
0.00896903012985
0.00952190227647
0.00971540204104
0.0090152242852
0.00864002088753
0.00873928639998
0.00799349148046
0.009647632991
0.00971680042743
0.00910845910077
0.00872498986583
0.00700322306993
0.010078563038
0.00697697485203
0.00858841538123
0.0124245237972
0.0118695364283
0.0107200052827
0.011158075042
0.0102469882778
0.0104224257744
0.00908571188111
0.0100614091193
0.0101473868776
0.00908827480006
0.00885842122403
0.00901972493736
0.0097554874209
0.00868545652243
0.00919122717804
0.00796230824031
0.0106247667239
0.00887954253206
0.00947529541346
0.00882985604141
0.00967494160126
0.00873468094129
0.00817410732072
0.00854320694053
0.0084575395985
0.0105864366492
0.01968549207
0.0209145310346
0.0207459513211
0.00839412527105
0.00972584750903
0.0102103934091
0.0102306107155
0.00373339788357
0.0043919430732
0.00412878492767
0.00530773997627
0.00618053250421
0.00542127076209
0.00443724827473
0.00768571910965
0.00510030287003
0.00533969116567
0.00464497952553
0.00557036780749
0.00463111310455
0.00484508479177
0.00453440103561
0.00357836173516
0.00297200141841
0.00293058485598
0.00271281042634
0.0024285702228
0.00249119642606
0.00272683714017
0.00344478534412
0.00258074996685
0.00277621604318
0.0136058041107
0.0108240604692
0.0100692684578
0.0108552652128
0.00633287423805
0.00580369744358
0.00537952467907
0.00704997382637
0.00735229084651
0.00613233868526
0.00551241359441
0.00673421782717
0.00631960847174
0.00788922602246
0.00796723059945
0.00640732388634
0.00671529743047
0.00736911471055
0.00421742293977
0.00332574733057
0.00286969864259
0.00326322797358
0.00397325155267
0.00712800629596
0.00910058976552
0.00961739653659
0.00881722459669
0.00974026094488
0.0058131788438
0.00567391890157
0.00358851447948
0.00290223204547
0.00355160881695
0.00288367786913
0.00477867915775
0.010752397498
0.00803823360651
0.011326338166
0.004307686339
0.00601654471054
0.00477422955905
0.00652350974181
0.00579433835097
0.00517761172576
0.00447064292963
0.00488225785345
0.00420845079866
0.00464027479247
0.00394143835308
0.00446667099772
0.00435341068353
0.00359875423156
0.00360486477349
0.00419131204297
0.00473230690207
0.00510337649124
0.00463442437718
0.00639643287426
0.00753875355434
0.00812898616588
0.00875620726325
0.00891085346628
0.00571720405967
0.00577930609326
0.00363857496655
0.00291876843478
0.00361760087298
0.00287293787347
0.00770656746804
0.00638049862119
0.00383021373505
0.00666331373145
0.00618020278338
0.00728954705553
0.00431931490736
0.00339959146608
0.00329602531294
0.0028488786937
0.00369011304503
0.00438791280738
0.00379068309988
0.00389525318599
0.00420733029729
0.00463437740607
0.00484204819286
0.00398650770911
0.00429819949772
0.00484021031416
0.00492834569344
0.00496596607657
0.00473665614263
0.00524034564164
0.00521983327154
0.0064085101375
0.00469926942731
0.00436904499104
0.00519494253112
0.00448086939348
0.00629551896609
0.00514592887793
0.00672162421088
0.00480964870168
0.00701655616172
0.00536364830936
0.00581036595641
0.00673363509873
0.00654460003851
0.00959475589255
0.0103569476934
0.0104042519974
0.0150509420997
0.00809927335431
0.0174716416512
0.0193757215417
0.0159495283686
0.0186563870053
0.00703346299256
0.00744971971647
0.0088917525535
0.00584088056788
0.00416030562583
0.00398357637273
0.00491580676877
0.00464076753397
0.00380637485764
0.00379865158389
0.00292429924604
0.0031090574083
0.00404490562149
0.00715879926124
0.00542780927268
0.0076125818035
0.00745291547934
0.00636430285654
0.00682626422484
0.00571934463065
0.0054407671855
0.00513404487931
0.00590815990194
0.00524708491539
0.00525418133349
0.00412096275234
0.0047000919456
0.00611663070672
0.00565140096785
0.00617941071318
0.00555002057082
0.00988721698947
0.0177122134828
0.0273509844589
0.0359947446164
0.00972052435408
0.00892259455521
0.00848675901384
0.00792750244005
0.0166231178457
0.0205794702894
0.0331736691692
0.0321914475577
0.0340025165717
0.0299259561847
0.0307126741481
0.0317322403462
0.033506677182
0.0329886922723
0.0188327449459
0.0209269105792
0.0233136397919
0.0188597737239
0.0331499995178
0.0338994974401
0.0332044549949
0.035628769626
0.0293910637416
0.0308634303813
0.0314404737347
0.0294255676585
0.0098550173488
0.00916159889256
0.00961627368175
0.0088492986308
0.0116739444644
0.0109749406607
0.0119618914423
0.011616748066
0.0134631882323
0.0124074233757
0.0116275052024
0.0125290690168
0.0109783570097
0.0111997839111
0.0102901606037
0.0102769686451
0.0116286383957
0.0262529447045
0.0175310286983
0.0183265173958
0.0162095992714
0.0184387448232
0.0139753639298
0.0168740797405
0.0202255128885
0.0162854375011
0.0118931596156
0.010350131657
0.00999953668794
0.0105212642425
0.0120431324348
0.0111796120073
0.0118789418805
0.0111217355947
0.0199528962692
0.0196343265383
0.0375658108893
0.0182041299393
0.00765048784546
0.00811211887929
0.00866154732118
0.00867414110302
0.00786272181218
0.00811385947875
0.00800522309081
0.0082928249042
0.011165515735
0.010214755529
0.010077134345
0.0113739643344
0.0100266166907
0.00947712960076
0.00975358823856
0.00961860860613
0.0105617318867
0.0107936620575
0.0106684344703
0.0104514920202
0.011341941492
0.0125230373384
0.0134010355507
0.0117551859133
0.0106294017577
0.0117684580906
0.0111491159487
0.0118454213539
0.00856271981883
0.00848892252965
0.00873058925246
0.00887632862714
0.00950685708985
0.00937573095
0.00973729325605
0.00944889162026
0.0092025080768
0.00934885764915
0.00851085074635
0.00872266702906
0.010719751351
0.011868789613
0.0118828832675
0.0128157341
0.0177077335758
0.0194882109051
0.0170273540811
0.0206845458524
0.017798097924
0.0199000484337
0.0194501255772
0.0212726514548
0.0102677647314
0.00948120542443
0.00967319568353
0.00955485857254
0.00903033156287
0.00772354663374
0.00737169429612
0.00895231681749
0.00997369942191
0.0100386815829
0.0110744009331
0.012003597193
0.0252850645242
0.0237156951263
0.0205053258397
0.0206243681846
0.0118336787126
0.0115218902637
0.0115476206906
0.0114696851848
0.0103179008608
0.00991446669943
0.00917965729664
0.0100581311164
0.00892068130065
0.00762076585616
0.00734952295197
0.00841880570187
0.00771603398453
0.00669454699117
0.00820579339763
0.00660621857737
0.00632163296425
0.00552230770554
0.00554013885193
0.00612608084583
0.00941814187076
0.00797150788488
0.00972718494394
0.00841207614656
0.0108298225826
0.0122549740019
0.0125432259598
0.0118341577862
0.0243470756739
0.0231728662041
0.0209237023504
0.0216023983804
0.0192047368609
0.0166685163957
0.0207321208604
0.016928598286
0.0167291842992
0.0174952766086
0.0170399345648
0.0196775124902
0.020175588269
0.0181078449149
0.0181288051682
0.022680660531
0.0110427893021
0.0109028680351
0.010703108015
0.0111203618129
0.00996324233987
0.0102932261119
0.0110242423881
0.0101127508176
0.0182976822281
0.0171905144182
0.0114594973714
0.0114805468675
0.0113637681612
0.0117287640968
0.00726703180713
0.00757911004158
0.00880776628713
0.00854063514496
0.00710984831355
0.00845668555738
0.00780237911812
0.00906291320194
0.0152745677902
0.0149537439438
0.0102863314346
0.00949849620385
0.00944493532956
0.0115897999552
0.0189820210269
0.0207297258254
0.0203863739149
0.0220687266045
0.0203457222422
0.0216899130894
0.019615298544
0.0226843934931
0.0159909484237
0.0159972546662
0.0155006920357
0.0155782043718
0.00989056892528
0.00959061087607
0.0100676474898
0.0097350517043
0.00932021985876
0.00958949220009
0.00965727506991
0.00955654919274
0.0093076413627
0.0100627828748
0.0107924978318
0.00987877833058
0.00891682699929
0.00859135048098
0.00918960396498
0.00773693385516
0.012943477383
0.0120279648813
0.0116397607141
0.0111526676524
0.0110548931613
0.0112264576879
0.0109761299594
0.0109133681463
0.0120590604662
0.012737535825
0.013495936177
0.0118013333189
0.0100578001753
0.00916261695986
0.0100189027222
0.00848028718264
0.0194268148111
0.0197446346381
0.0177733322377
0.0211193263883
0.0211229472124
0.0201381928649
0.0176267236524
0.019297792804
0.00924136484396
0.00756876365864
0.00905374265098
0.00710030672048
0.0106859540613
0.0117895752118
0.0125508052614
0.0109642133182
0.00856105537659
0.00894084921512
0.00883982285358
0.00868072386121
0.00918516447011
0.00907607815806
0.010650144905
0.00898242285925
0.00874566102407
0.00777964742781
0.00802890624345
0.00992955260652
0.0170485399564
0.0196989771858
0.00987447041667
0.0110981144222
0.0104441269645
0.0109041258851
0.0114072415477
0.0186073138801
0.00823355143549
0.0070632257956
0.0110314548351
0.0104891622197
0.00904384278203
0.0119989937964
0.0122586528448
0.0133902655628
0.00559841437444
0.00518666422092
0.00610303128512
0.0058766492853
0.00688238800977
0.00664893425753
0.00600399124484
0.006334431151
0.00747257568684
0.0209898974874
0.0139334240005
0.0132118504197
0.0343721146194
0.0327130980727
0.0365441252284
0.0364369516851
0.0288500720885
0.0581546416667
0.0279967750109
0.025200119128
0.025774077831
0.0236881923013
0.0153460710927
0.0164364213673
0.0168305214135
0.0187432832108
0.0189442587128
0.0176527165197
0.017105903052
0.0154198780434
0.0102595966274
0.0110461019598
0.010344860801
0.0106977157402
0.0197179320138
0.0198353511832
0.0217514606137
0.0228693365604
0.00612820235181
0.0206544126551
0.0088103952547
0.00849784494611
0.00817889313763
0.00915599901103
0.00788143157668
0.00856487356131
0.0078793273152
0.00873044616487
0.00717991669685
0.00718576253604
0.00634927448002
0.00724489720827
0.00984574653461
0.00992395231635
0.00898431609788
0.00955438076095
0.0233091802196
0.0219460115797
0.0214847358789
0.0212843330445
0.013299691888
0.0183623995397
0.0186325950786
0.0200861356939
0.0189814582683
0.0200335357391
0.01997266303
0.021002912894
0.0222965099769
0.0221528493523
0.0179657832811
0.00996358379242
0.0100453560898
0.011003537797
0.0120673356511
0.0106893948487
0.00232788603171
0.00514409996456
0.00532624446879
0.00574862109353
0.00546375335304
0.00499484733022
0.00489124686848
0.0063174907678
0.00538125619772
0.00526817546224
0.00315951955251
0.00255775911574
0.00256368341015
0.00308219955444
0.0025255006042
0.00253176137662
0.00283146237897
0.00305763332853
0.00248799486968
0.00285300301589
0.00251068868998
0.00339932889409
0.00570844551989
0.00497086821298
0.00304089611536
0.00257389932289
0.00281869612993
0.00254747852461
0.00297930887811
0.00251884164169
0.00253334378112
0.00251348133124
0.00300978349045
0.00276882647953
0.00239525459685
0.00247029914908
0.0024273323782
0.00244638259048
0.00240654222955
0.00225919679024
0.00979310346583
0.0119296068696
0.0028975069258
0.00926314236054
0.00872636146785
0.0101751981713
0.00243554908959
0.0027555866963
0.00248069903831
0.00287948964703
0.00251755559641
0.00258836431391
0.00255010494904
0.00255509670502
0.00250307315807
0.0025012812124
0.0025422362122
0.00253499274778
0.00276703483853
0.00283456210213
0.00273087113668
0.00350763239966
0.0022504073756
0.00244833503632
0.00240718501956
0.0024443098417
0.00246065430798
0.0024578912414
0.00250081529005
0.00247176657435
0.00245042701204
0.00249211444886
0.00244219007394
0.0024784671375
0.00246088445617
0.00251531058195
0.00249037055259
0.00250238355037
0.00421586937374
0.00316260877087
0.0027779732911
0.00328983531178
0.00254721503812
0.00288572548147
0.00255170064713
0.00307160908306
0.00248550499845
0.00253858779509
0.00249990025754
0.00234332430665
0.00565483712059
0.0077679321264
0.00260995602011
0.00258683327638
0.00264766975234
0.00262681782959
0.00263135200267
0.00267431407305
0.00267333083006
0.00263413935419
0.00264027829712
0.00264728862489
0.00264765213929
0.00268883959211
0.00265351306478
0.00266021910638
0.00269246252806
0.00266484499034
0.00266160524199
0.00273110358262
0.00270919263155
0.0027037770875
0.00276147874636
0.00275824709392
0.00276345086017
0.00275902617694
0.0027635813227
0.00277227903669
0.00340178542446
0.00278150455866
0.00270777407814
0.00271858760274
0.00270989748266
0.0026769505485
0.00269723210379
0.00264233525652
0.00266822481303
0.00274711681559
0.0025218199018
0.00261153138573
0.00265943391575
0.00260173520779
0.00257961681063
0.00264511607435
0.00312932336926
0.0026706320834
0.0027794290901
0.00296666679968
0.00273649373068
0.0032855296897
0.00265732049622
0.00267170630826
0.00269572662841
0.00247618159248
0.0027225561309
0.00298676118762
0.00368444408236
0.00261459424314
0.00280783023796
0.00277158600984
0.00335086079267
0.00317270647763
0.00287060712341
0.00743433918132
0.00241849423016
0.00271007287612
0.00298998076038
0.00251783425889
0.0029552113867
0.00252283969887
0.00255428772886
0.0025684765877
0.00275955775099
0.002480693982
0.00294797647949
0.00254220100103
0.00248258450869
0.00248712695369
0.00247570982645
0.00246617866435
0.00482701574182
0.00556760261355
0.00464889253264
0.00461807485112
0.00243797605182
0.00244978691585
0.00259323385566
0.00248786700649
0.00245510148554
0.00244093867961
0.00271818448535
0.00241499388825
0.00264221248394
0.0024549045757
0.00284350458788
0.00248340780315
0.00452003876668
0.00426362902027
0.00230359204261
0.00227202877122
0.00274611884539
0.00258742780146
0.00454483252208
0.00513864795842
0.00585951348097
0.00602417234048
0.00534476153708
0.00711719949052
0.01207076559
0.00900651659832
0.0123647431153
0.0114138890042
0.0108924451065
0.012719919867
0.00471648327023
0.0115925175318
0.0163393068703
0.0305086549587
0.0194006319131
0.0178682233922
0.00856341785943
0.00985980665022
0.00511164966337
0.00516590116096
0.00448282949812
0.00597404557383
0.00607851025402
0.00527452492575
0.0043913995975
0.00469282082252
0.00457790250008
0.00506464553423
0.00438031978987
0.00587845053839
0.0057813560334
0.0051178426887
0.00429832099952
0.00525875934381
0.00366782757398
0.00324276767126
0.00293434176505
0.00305576235936
0.00273648049592
0.00280907170162
0.00278911800497
0.00270513753836
0.00270699834264
0.00270798593644
0.0027151802319
0.00276425603903
0.00294994875696
0.00320382974627
0.0029180421238
0.0033089219149
0.00277447120566
0.00281087668702
0.00329593685652
0.00283027429034
0.00307204638612
0.0028895467614
0.00309580138296
0.00289394483486
0.00538347307006
0.0053473326837
0.00308822151657
0.00306787513444
0.00356519768507
0.00338011585626
0.0027326066801
0.00270770332603
0.00291476545057
0.00299710934613
0.00525746970548
0.00514587923454
0.00327212002772
0.00321955793007
0.00308453542548
0.00295133598751
0.00526361086033
0.00535290358337
0.00658377575719
0.00565762259139
0.00357564199388
0.00327038342958
0.00282926586572
0.00277117717648
0.00245000773058
0.00251334126038
0.00250440562823
0.00253904305846
0.00270969286893
0.00297535176168
0.00302008691415
0.00259909580561
0.00252146033922
0.00254276874573
0.00250408946501
0.00252469890617
0.00324037203361
0.00278643919258
0.00279271929126
0.00286030309855
0.00259651702572
0.00263896633437
0.00256723832909
0.00259100944555
0.00272952919526
0.00271605377757
0.00295544981551
0.00270253737247
0.00261427304043
0.00258011692661
0.00260156399172
0.00261334189176
0.00321229604304
0.00316613622358
0.00275736732195
0.00270153235764
0.00269145752968
0.00278499344497
0.00310456085571
0.0027949842459
0.003008287851
0.0035784278127
0.00328041634954
0.00325594130483
0.00280001365721
0.00308591670407
0.00312974880679
0.00319294914632
0.00254308365381
0.00254196455051
0.00251955464838
0.00295703338066
0.00247332269657
0.00241714647276
0.00235697160302
0.00265310666638
0.00247386132504
0.00244445869669
0.0025707536848
0.00246867696636
0.00466584085357
0.00445207546296
0.00532416075498
0.00533907831452
0.00296286124536
0.00251868396389
0.00297755161356
0.00246797492002
0.00520645707709
0.00541961785472
0.00307356110337
0.00246520083838
0.00298658963935
0.00246693722831
0.00240848873538
0.0028218022423
0.00324855519496
0.00289095161971
0.00459585840599
0.00494889162199
0.00509565666681
0.00410992417413
0.0173864924345
0.0099161439652
0.00436883897763
0.00454330389333
0.00422125126843
0.00486202182598
0.00521274816821
0.0047988438775
0.00443978757586
0.00508887568629
0.00562145509135
0.00475572186075
0.00449022749451
0.0075862949595
0.00463079119221
0.00490713826691
0.00453944348936
0.00591339401716
0.00531286320501
0.00449399496603
0.00440558645414
0.00413242172405
0.00421818346737
0.00455819356539
0.00471757632675
0.00579591465664
0.00588106990079
0.00486919911871
0.00418559974716
0.00476851639847
0.0088402858047
0.0100325302965
0.00862236365278
0.0121165580355
0.00756216991055
0.00662674376283
0.00514581052904
0.00521796011338
0.0168214813233
0.0400350437159
0.0104048207693
0.0107462817423
0.0069967708022
0.0127993877371
0.00556855328144
0.00558181869761
0.00312262413777
0.00262754054711
0.00256689196651
0.00312494945674
0.00251579328313
0.00253333722559
0.00301733498465
0.00314066864599
0.0055922201975
0.00537217545737
0.00241275879139
0.00239221886487
0.00267709401732
0.00276752772312
0.00432417224863
0.00423225861522
0.00383369731624
0.00443842374772
0.00429413558667
0.00513061801327
0.00551354548758
0.00502644274231
0.00498525032914
0.0053070054557
0.00730215796177
0.00726831260728
0.00772318102926
0.00798286430732
0.0107617948259
0.0108296856806
0.0106546809482
0.0104952587075
0.0118606208565
0.014117671048
0.0119116135853
0.0164813384556
0.0064273123861
0.00645912815266
0.00539867718055
0.00528405324422
0.00565629732573
0.0241907376799
0.00715432406027
0.00608397818764
0.00624174315512
0.00698261942048
0.00488771804142
0.0058695657411
0.00552200491353
0.00630205429258
0.00441289887207
0.00490260319987
0.00515042459698
0.00566249960897
0.00665170764226
0.00524940693585
0.00556860639091
0.00576473608783
0.00509004857428
0.00478101346539
0.00594746501565
0.00660834672186
0.00603391006767
0.00685498096278
0.00550084218017
0.00597052716943
0.00968772393522
0.0122679017523
0.0106062165985
0.0127559331833
0.0248787203387
0.0252602608349
0.0227196872317
0.0275380349138
0.00888245090068
0.00871416383267
0.00915603090601
0.00744405828882
0.00786017675356
0.00729465992867
0.00726866691515
0.0068515651816
0.00760060709725
0.00731448961381
0.00681010188607
0.00702372256121
0.00622144399203
0.00554826848744
0.00667457152385
0.00537016307383
0.00499049411956
0.0057897842004
0.00306728109728
0.00310011823552
0.00304998304113
0.00350444872822
0.00680767531971
0.00727380837189
0.00430256656846
0.00490046990929
0.0043162678988
0.00519972638234
0.00502798605431
0.0053554492087
0.00579115167025
0.00576205941477
0.00460252816563
0.00502675519569
0.00457092090771
0.00541004071665
0.00619912655196
0.00675199461837
0.00618717087508
0.00713720248099
0.0114185500762
0.0109973524838
0.0115856762251
0.0112917318649
0.0079624948674
0.00718026550951
0.00756441796483
0.00691204096062
0.00450649412192
0.00514296096851
0.00420906349006
0.00615847763055
0.00671592511352
0.00567478883516
0.00481125785631
0.00534851832223
0.00473910846133
0.00480339129373
0.00438005500967
0.00572736647281
0.0061287716822
0.00537159589486
0.00453629013627
0.00468858263909
0.012256348477
0.00948087675944
0.00528755380715
0.00481328560011
0.00290034036154
0.00250473238851
0.00246292073443
0.00265762732791
0.00245562249261
0.00243692677772
0.00246870140661
0.00292818878197
0.00251715764069
0.00259191037136
0.00286644703569
0.00284490905618
0.00247672430888
0.00245957256775
0.00248659317046
0.0029936152844
0.00612847149704
0.00612899118801
0.00237591194535
0.00233596299301
0.00269297842609
0.00235220319224
0.00226054134734
0.00228968678717
0.00225465846109
0.00234130650184
0.00355083288817
0.00344338742481
0.00235711597323
0.00234775346871
0.00258613096028
0.00239220437815
0.00508748000325
0.00554985852044
0.00282586107002
0.00263036904685
0.00255598073424
0.00306719075747
0.00343220037524
0.00325616973771
0.00545019389531
0.00324997088242
0.00193548121658
0.00172321703587
0.00162694727588
0.00172128629195
0.00104442925203
0.000907688189835
0.00127572266607
0.00101606572438
0.0011414587583
0.000995462444078
0.00125363897443
0.00130716079755
0.00247340351631
0.0032951987969
0.00980909192728
0.00670086560829
0.00594481173203
0.0066035770139
0.00635282745732
0.0146385960036
0.00937513332811
0.011653470449
0.00401041099842
0.00371058117708
0.0035794331701
0.00435388959068
0.00586783433901
0.0056397026775
0.00620327505399
0.005251743294
0.00597656038301
0.00661066414834
0.00444993744858
0.00486709367583
0.00417965478048
0.00398807205959
0.00459524676652
0.00499591657072
0.00293631837981
0.00286783700366
0.00493559379544
0.00422447854976
0.00466811826085
0.00318207918427
0.00465062038933
0.00401067863633
