0.0180485258634
0.00921204257006
0.00930770728827
0.00921834781341
0.009564608132
0.00969078065019
0.00930770728827
0.0111394004366
0.0115817655027
0.010990835709
0.0111394004365
0.0186301848056
0.0188656428162
0.00911426136152
0.0183598686003
0.0115817655026
0.0117384059399
0.0115817655026
0.0110016508775
0.00969078065014
0.00956460813195
0.00959114193332
0.0181061565163
0.00959114193332
0.00919280089346
0.00930770728822
0.00921834781342
0.00921204257002
0.0183578302791
0.0188656428161
0.0186301848054
0.010990835709
0.00921204257006
0.00930770728827
0.00921834781341
0.00919280089347
0.009564608132
0.00969078065019
0.00959114193338
0.00959114193338
0.00921834781341
0.00930770728827
0.00921204257006
0.00919280089347
0.00911426136155
0.00920260674086
0.00911426136155
0.0110016508775
0.010990835709
0.00921204257002
0.00930770728822
0.00921834781342
0.00919280089346
0.00956460813195
0.00959114193332
0.00911426136152
0.0111394004366
0.010990835709
0.00969078065014
0.00959114193337
0.00911426136152
0.00911426136157
0.00921834781342
0.00930770728824
0.00919280089343
0.00921204256997
0.018323449568
0.00956460813195
0.00969078065014
0.00959114193332
0.00959114193337
0.00921834781342
0.00930770728822
0.00921204257002
0.00919280089346
0.00920260674083
0.00911426136152
0.00908284093963
0.0190277557779
0.0183598686004
0.0227606989445
0.0216459483137
0.0218890178841
0.00921204257002
0.0093077072883
0.00921834781348
0.00919280089347
0.00956460813204
0.00969078065022
0.00959114193341
0.0095911419334
0.00921834781345
0.00930770728827
0.00919280089345
0.00911426136157
0.00920260674084
0.00911426136152
0.0183578302791
0.00921204257002
0.0093077072883
0.010990835709
0.0111394004365
0.0115817655027
0.0117384059401
0.0115817655027
0.0110016508775
0.0111394004366
0.0110016508775
0.0110016508775
0.0111394004366
0.0110016508775
0.010990835709
0.0183598686003
0.00930770728824
0.00919280089343
0.00921204256997
0.0181472370532
0.0183578302792
0.00908284093963
0.00911426136157
0.00921834781342
0.00921204256997
0.0111394004366
0.010990835709
0.0111024674204
0.0110016508775
0.00938612551983
0.00939254499703
0.0183744689459
0.0046506067719
0.0046029946919
0.00463227540368
0.00464664897105
0.00460221327236
0.00461462474571
0.00580356045353
0.00586263069054
0.00578474267094
0.00584302812824
0.00586263069052
0.00578474267099
0.00550599878101
0.00556061253104
0.00549213358105
0.00555017242255
0.00556741974672
0.00549347267452
0.00551273859102
0.00275929743317
0.00276800841561
0.00275946606472
0.00275879082983
0.00558215235901
0.00558079215262
0.00551305985955
0.00551272485168
0.00550599878099
0.00550767795611
0.00460272053619
0.0046053396958
0.00480537785712
0.00480559953243
0.00480559953243
0.00480537785712
0.00461855510222
0.00461796838484
0.00461560570032
0.00461462474576
0.0046053396958
0.00460272053619
0.00228522089597
0.00229080432972
0.00228531648444
0.00230551310324
0.00231313460162
0.00230749661663
0.00230749661663
0.00228531648444
0.00229080432972
0.00228522089597
0.00228335183239
0.00228289211014
0.00227742324322
0.00461462474571
0.00464664897098
0.00460221327228
0.00463227540361
0.00463622090403
0.00465060677188
0.00460299469184
0.00461855510223
0.00925911373681
0.00921834781342
0.00918780022436
0.00550767795609
0.00550599878105
0.00551173129829
0.00551273859104
0.00551273859111
0.0055117312983
0.00580356045359
0.0058039515361
0.00588249189224
0.00588249189218
0.00290522588221
0.0029149340863
0.0029050289404
0.00290522588214
0.00275929743324
0.00276800841566
0.00275879082985
0.0027594660647
0.00279407232756
0.00280289339104
0.00279407232752
0.00279338872804
0.00275674857488
0.00276528250342
0.00275590570639
0.00275674857486
0.00275946606472
0.00276800841563
0.00275879082984
0.00275929743317
0.00551309021639
0.00551174644247
0.00279338872804
0.00280289339104
0.00279407232756
0.00279407232752
0.0027594660647
0.00276800841566
0.00275929743324
0.00275879082985
0.00275674857486
0.00276528250342
0.00275674857488
0.00275590570639
0.00461264658367
0.00461589000034
0.00233390093189
0.00233960576837
0.0023335034489
0.00233228877899
0.00230465585215
0.0023105837515
0.00230335771336
0.00230504846194
0.00231107074855
0.00231701516557
0.00230986762769
0.00231136554268
0.002309882153
0.00231542906449
0.00230828642208
0.00230938994472
0.00230938994472
0.00231542906449
0.002309882153
0.00230828642208
0.002332288779
0.00233960576838
0.0023335034489
0.0023339009319
0.00231107074853
0.00231701516555
0.00231136554269
0.00230986762767
0.00230465585216
0.00231058375148
0.00230504846191
0.00230335771334
0.00228522089599
0.0022908043297
0.00228335183239
0.00456627834961
0.00455125762187
0.00578474267095
0.00578474267095
0.00276800841561
0.00275879082988
0.00275946606468
0.00279407232756
0.00280289339106
0.00279407232756
0.00279338872802
0.00275674857486
0.0027652825034
0.00275590570638
0.00275674857486
0.00275946606468
0.00276800841561
0.00275879082988
0.00465644885421
0.00459915195472
0.00480564448202
0.00484991753452
0.00478699457387
0.00483743104351
0.0048207177949
0.00483316123918
0.00478364326598
0.00478904119786
0.00456673865672
0.0046079858684
0.00454821754032
0.00459691096294
0.00454418921234
0.00458808736511
0.00231136554267
0.00231701516555
0.00230986762768
0.00231107074856
0.00233350344892
0.0023396057684
0.0023339009319
0.00233228877902
0.00230504846194
0.00231058375152
0.00230335771337
0.00230465585215
0.00230988215304
0.00231542906454
0.00230828642211
0.00230938994475
0.00478364326598
0.00478699457387
0.00231701516555
0.00231107074856
0.00230986762768
0.00233228877902
0.0023396057684
0.0023339009319
0.00233350344892
0.00230988215304
0.00231542906454
0.00230938994475
0.00230828642211
0.00230504846194
0.00231058375152
0.00230465585215
0.00478904119786
0.00483316123918
0.00478364326598
0.0048207177949
0.00478699457387
0.00919650988033
0.00231058375152
0.00230504846194
0.00230465585215
0.00233350344892
0.0023396057684
0.00233228877902
0.0023339009319
0.00230986762768
0.00231701516555
0.00231136554267
0.00231107074856
0.00230828642211
0.00231542906454
0.00230988215304
0.00230938994475
0.00558215235901
0.00275879082983
0.00276800841561
0.00275946606472
0.00275929743317
0.00580395019857
0.00294458508999
0.00295462548963
0.00294458508997
0.00294458508999
0.00290522588217
0.0029149340863
0.00290522588216
0.00290522588217
0.0029149340863
0.00290522588216
0.00290502894036
0.00551273859102
0.00551173129828
0.00275929743316
0.00276800841561
0.00275946606468
0.00275879082988
0.00279338872802
0.00280289339106
0.00279407232756
0.00279407232756
0.00275946606468
0.00276800841561
0.00275929743316
0.00275879082988
0.00275674857486
0.0027652825034
0.00275674857486
0.00275590570638
0.00950724272249
0.00946806898926
0.00456194695716
0.00459281360197
0.00454812105376
0.00457860766838
0.00918105357567
0.00230938994475
0.00231542906454
0.00230988215304
0.00230828642211
0.00233228877902
0.0023396057684
0.00233350344892
0.0023339009319
0.00231107074856
0.00231701516555
0.00230465585215
0.00231058375152
0.00230504846194
0.00230335771337
0.00480559953245
0.00241125779483
0.00240507102078
0.00240495954233
0.0045956101723
0.00455166964156
0.00455166964154
0.00459561017236
0.00550599878103
0.00556061253111
0.00549213358111
0.00554338641557
0.00556741974672
0.00549347267456
0.00556741974672
0.00549347267453
0.00554338641559
0.00556061253115
0.00549213358104
0.00550599878105
0.00230938994472
0.00231542906449
0.002309882153
0.00230828642208
0.002332288779
0.00233960576838
0.0023335034489
0.0023339009319
0.00231107074853
0.00231701516555
0.00231136554269
0.00230986762767
0.00230465585216
0.00231058375148
0.00230504846191
0.00230335771334
0.00239664055786
0.0024045748427
0.00239840523667
0.00239840523664
0.00243009057586
0.00243645480188
0.0024284150968
0.00243009057584
0.00240341260098
0.00240507102073
0.00240341260097
0.00241125779483
0.00240507102077
0.00231136554268
0.00231701516557
0.00231107074855
0.00230986762769
0.002309882153
0.00230938994474
0.00461462474571
0.00464664897105
0.00460221327236
0.0045786076684
0.00468390064628
0.00471559492809
0.00467049985
0.00470019097665
0.00470019097667
0.00471559492808
0.00467049984997
0.00468390064624
0.00474330017809
0.00551174644249
0.00279407232756
0.00280289339103
0.0027940723275
0.00279338872802
0.00275674857487
0.00276528250339
0.00275590570636
0.00275674857485
0.00461462474576
0.00464664897108
0.00460221327232
0.0046322754037
0.00476061692384
0.00477622026233
0.00474330017806
0.00472973540251
0.00910622046567
0.00935334986545
0.00460533969583
0.00466383920915
0.00230828642207
0.0023154290645
0.00230988215303
0.00230938994473
0.00550599878099
0.00556061253112
0.00454701728188
0.00458808736509
0.00454418921234
0.00457705989712
0.00474377126941
0.00475602098358
0.00471344360981
0.00470971774805
0.00453314440122
0.00457331537684
0.0045287962119
0.00456232368712
0.00466739147606
0.00470875354557
0.00466370041021
0.00469662661106
0.00963571290967
0.00954830332093
0.00454891195009
0.00458922251239
0.00453198629097
0.00457819272237
0.00943677377558
0.00453198629093
0.0045892225125
0.00481447799103
0.00482693083235
0.00476671551703
0.00478369496593
0.00465644885414
0.00461474388766
0.0046452558054
0.00461474388769
0.00465644885421
0.00459915195472
0.00464525580543
0.00481447799101
0.0048269308323
0.00478369496594
0.00476671551698
0.00454891195016
0.00457819272247
0.00477892421499
0.00472011995166
0.00470971774805
0.00471344360983
0.00466370041023
0.00470875354561
0.00466739147609
0.0046966266111
0.00953835236652
0.00474330017809
0.00456194695718
0.00459281360198
0.00454812105373
0.00457860766842
0.00471559492808
0.00467049984997
0.00470019097667
0.00471559492809
0.00467049985
0.00468390064628
0.0047433001781
0.00477622026233
0.00476061692385
0.0047297354025
0.0045786076684
0.00459281360199
0.00454812105377
0.00456194695717
0.00463227540368
0.00464664897105
0.00460221327236
0.00461462474571
0.00275879082988
0.00276800841561
0.00275929743316
0.00580356045351
0.00551273859101
0.00556741974666
0.00549347267451
0.00555017242251
0.00466275377233
0.00230465585215
0.00231058375152
0.00230335771337
0.00230504846194
0.00461578074721
0.00483316123918
0.00478364326598
0.00480564448202
0.00484991753452
0.00478699457387
0.00483743104351
0.00459691096293
0.00948351608625
0.00923117057306
0.00921204257006
0.00930770728827
0.00919280089347
0.00921834781341
0.00921204257002
0.0093077072883
0.00921834781348
0.00919280089347
0.00959114193338
0.00969078065019
0.009564608132
0.00959114193338
0.010990835709
0.0111394004366
0.0110016508775
0.0110016508775
0.00921204256997
0.00930770728824
0.00919280089343
0.00921834781342
0.00959114193337
0.00969078065014
0.00959114193332
0.00956460813195
0.0181621681968
0.0181621681969
0.00921834781342
0.00930770728822
0.00919280089346
0.00921204257002
0.010990835709
0.0111394004365
0.0110016508775
0.0110016508775
0.0115817655026
0.0117384059399
0.0115817655026
0.0115817655026
0.0110016508775
0.0111394004365
0.010990835709
0.0110016508775
0.0110016508775
0.0111394004366
0.0110016508775
0.010990835709
0.00921204257006
0.00930770728827
0.00919280089347
0.00921834781341
0.00921834781341
0.00930770728827
0.00919280089347
0.00921204257006
0.010990835709
0.0111394004366
0.0110016508775
0.0110016508775
0.0110016508775
0.0111394004366
0.0110016508775
0.010990835709
0.00911426136157
0.00920260674084
0.00908284093965
0.00911426136152
0.00921834781345
0.00930770728827
0.00919280089345
0.00921204257007
0.0181061565163
0.0187646011509
0.0180485258635
0.018582053762
0.0183598686003
0.0190277557779
0.0180988495931
0.0188426101826
0.0186301848054
0.0188656428161
0.0181472370532
0.0183578302791
0.010990835709
0.0111394004366
0.0110016508775
0.0110016508775
0.0115817655027
0.0117384059401
0.0115817655027
0.0115817655027
0.0110016508775
0.0111394004366
0.010990835709
0.0110016508775
0.0110016508775
0.0111394004366
0.0110016508775
0.010990835709
0.00921204256997
0.00930770728824
0.00919280089343
0.00921834781342
0.00959114193337
0.00969078065014
0.00959114193332
0.00956460813195
0.00911426136157
0.00920260674083
0.00908284093963
0.00911426136152
0.00921834781342
0.00930770728822
0.00919280089346
0.00921204257002
0.0110016508775
0.0111394004365
0.0110016508775
0.010990835709
0.0183578302792
0.0188656428163
0.0181472370532
0.0186301848056
0.0181061565163
0.0181696835186
0.00908284093965
0.00920260674084
0.00911426136157
0.00911426136152
0.0095911419334
0.00969078065022
0.00956460813204
0.00959114193341
0.00919280089347
0.0093077072883
0.00921204257002
0.00921834781348
0.00919280089345
0.00930770728827
0.00921834781345
0.00921204257007
0.0110016508775
0.0111394004366
0.0110016508775
0.010990835709
0.010990835709
0.0111394004366
0.0110016508775
0.0110016508775
0.0110016508775
0.0111394004366
0.010990835709
0.0110016508775
0.00921204256997
0.00930770728824
0.00919280089343
0.00921834781342
0.00959114193337
0.00969078065014
0.00959114193332
0.00956460813195
0.00921834781342
0.00930770728824
0.00921204256997
0.00919280089343
0.00911426136152
0.00920260674083
0.00911426136157
0.00908284093963
0.00461474388768
0.00465644885419
0.00459915195474
0.00464525580543
0.00481447799105
0.00482693083237
0.00478369496597
0.00476671551704
0.00916560007068
0.00907969914085
0.0047369409334
0.00477892421494
0.00472011995167
0.00476659630546
0.00917254151154
0.00908284093965
0.00940363845523
0.00939626522346
0.0046673914761
0.00470875354563
0.00466370041021
0.00469662661108
0.00461462474576
0.00464664897108
0.00460221327232
0.0046322754037
0.00476061692384
0.00477622026233
0.00474330017806
0.00472973540251
0.00914431713262
0.00910622046567
0.00468390064626
0.00471559492806
0.00467049984996
0.00470019097666
0.00941753005322
0.00959676375678
0.00923687101963
0.00953231815253
0.0183341522815
0.0182233853903
0.0109845939312
0.0109560290255
0.00275879082986
0.00276800841563
0.00275929743318
0.00275946606469
0.00550599878099
0.00550767795611
0.00925278862001
0.00921204257006
0.00925278862001
0.00921204257006
0.00938612551979
0.00934958750524
0.0023113655427
0.00231701516561
0.00231107074856
0.00230986762772
0.00233228877903
0.00233960576843
0.00233390093192
0.00233350344892
0.00230988215303
0.0023154290645
0.00230938994473
0.00230828642207
0.00230504846191
0.00231058375151
0.00230465585219
0.00230335771336
0.00459915195467
0.00465644885415
0.00461474388764
0.00464525580543
0.00921204257002
0.00930770728822
0.00919280089346
0.00921834781342
0.00279407232756
0.00280289339103
0.00279338872802
0.0027940723275
0.00275879082986
0.00276800841563
0.00275929743318
0.00275946606469
0.00290502894036
0.00291493408627
0.00290522588215
0.00290522588215
0.00294458508999
0.00295462548963
0.00294458508997
0.00294458508999
0.00290522588217
0.0029149340863
0.00290502894036
0.00290522588216
0.00275946606468
0.00276800841561
0.00275929743316
0.00275879082988
0.00476061692384
0.00477622026233
0.00474330017806
0.00472973540251
0.00456194695716
0.00459281360197
0.00454812105376
0.00457860766838
0.00468390064626
0.00471559492806
0.00467049984996
0.00470019097666
0.00230938994475
0.00231542906454
0.00230988215304
0.00230828642211
0.00231107074856
0.00231701516555
0.00231136554267
0.00230986762768
0.00239664055787
0.00240457484272
0.00239840523669
0.00239840523668
0.00243009057589
0.00243645480191
0.00242841509681
0.00243009057586
0.00240341260099
0.00241125779481
0.00240495954235
0.00240507102075
0.0023113655427
0.00231701516561
0.00231107074856
0.00230986762772
0.00233228877903
0.00233960576843
0.00233390093192
0.00233350344892
0.00230504846191
0.00231058375151
0.00230465585219
0.00230335771336
0.00230551310321
0.00231313460164
0.00230749661665
0.00230749661665
0.0022853164844
0.00229080432972
0.00228522089601
0.0022833518324
0.00460717503112
0.00461125448341
0.00480254424269
0.00480590809651
0.00243009057586
0.00243645480191
0.00243009057589
0.00242841509681
0.00239840523668
0.00240457484272
0.00239664055787
0.00239840523669
0.00240507102075
0.00241125779481
0.00240341260099
0.00240495954235
0.00460515050891
0.00460593239211
0.0023339009319
0.0023396057684
0.00233228877902
0.00233350344892
0.00230828642211
0.00231542906454
0.00230938994475
0.00230988215304
0.00230986762768
0.00231701516555
0.00231107074856
0.00231136554267
0.00230986762772
0.00231701516561
0.0023113655427
0.00231107074856
0.00275590570638
0.0027652825034
0.00275674857486
0.00275674857486
0.00279407232756
0.00280289339106
0.00279338872802
0.00279407232756
0.00275879082988
0.00276800841561
0.00275929743316
0.00275946606468
0.00275879082988
0.00276800841561
0.00275946606468
0.00275929743316
0.00580356045351
0.00586263069055
0.00578474267095
0.00584302812826
0.00461462474577
0.00464664897105
0.00460221327233
0.00463227540367
0.00476061692384
0.00477622026235
0.00474330017809
0.0047297354025
0.00921204256997
0.00930770728824
0.00921834781342
0.00919280089343
0.00474377126946
0.0047560209836
0.0047134436098
0.00470971774804
0.00474377126948
0.00475602098363
0.00471344360979
0.00470971774803
0.00453314440117
0.00457331537674
0.00452879621193
0.00456232368706
0.00453198629091
0.00458922251249
0.00454891195012
0.00457819272248
0.00481447799092
0.00482693083226
0.00476671551702
0.0047836949659
0.00459915195467
0.00465644885415
0.00461474388764
0.00464525580543
0.00230938994475
0.00231542906454
0.00230828642211
0.00230988215304
0.00921204257002
0.0093077072883
0.00919280089347
0.00921834781348
0.0095911419334
0.00969078065022
0.00959114193341
0.00956460813204
0.00911426136157
0.00920260674084
0.00908284093965
0.00911426136152
0.00921834781345
0.00930770728827
0.00919280089345
0.00921204257007
0.00908284093966
0.00920260674086
0.00911426136155
0.00911426136155
0.00959114193338
0.00969078065019
0.009564608132
0.00959114193338
0.00919280089347
0.00930770728827
0.00921204257006
0.00921834781341
0.00919280089347
0.00930770728827
0.00921834781341
0.00921204257006
0.0058035604535
0.0058039515361
0.00558212089041
0.00558212089041
0.00275674857486
0.0027652825034
0.00275590570638
0.00275674857486
0.00551173129833
0.005512738591
0.0109803409205
0.0111430117419
0.00549480434077
0.00556330088865
0.00551272485163
0.00554470845292
0.00461462474577
0.00464664897105
0.00460221327233
0.00463227540367
0.00476061692384
0.00477622026235
0.00474330017809
0.0047297354025
0.00914431713265
0.00910622046564
0.00935334986542
0.00932452086611
0.00478904119786
0.00483316123918
0.00478364326598
0.0048207177949
0.00478699457387
0.00484991753452
0.00480564448202
0.00483743104351
0.00231136554267
0.00231701516555
0.00231107074856
0.00230986762768
0.00233228877902
0.0023396057684
0.0023339009319
0.00233350344892
0.00230988215304
0.00231542906454
0.00230938994475
0.00230828642211
0.00230504846194
0.00231058375152
0.00230465585215
0.00230335771337
0.00456673865664
0.00460798586838
0.00454821754033
0.00459691096293
0.00918411518363
0.00907943275474
0.00455068626832
0.00455068626831
0.00230749661665
0.00231313460164
0.00230551310321
0.00230749661665
0.0022833518324
0.00229080432969
0.00228522089595
0.0022853164844
0.0022833518324
0.00229080432972
0.0022853164844
0.00228522089601
0.00240495954233
0.00241125779483
0.00240341260101
0.00240507102078
0.00243009057586
0.00243645480191
0.00243009057589
0.00242841509681
0.00239840523668
0.00240457484272
0.00239664055787
0.00239840523669
0.00240507102075
0.00241125779481
0.00240341260099
0.00240495954235
0.00230335771337
0.00231058375152
0.00230465585215
0.00230504846194
0.0023339009319
0.0023396057684
0.00233228877902
0.00233350344892
0.00230828642211
0.00231542906454
0.00230938994475
0.00230988215304
0.00230986762768
0.00231701516555
0.00231107074856
0.00231136554267
0.00275590570638
0.0027652825034
0.00275674857486
0.00275674857486
0.00279407232756
0.00280289339106
0.00279338872802
0.00279407232756
0.00275879082988
0.00276800841561
0.00275929743316
0.00275946606468
0.00275879082988
0.00276800841561
0.00275946606468
0.00275929743316
0.00919650988033
0.00928487092369
0.00476061692385
0.00477622026233
0.0047433001781
0.0047297354025
0.00456194695717
0.00459281360199
0.00454812105377
0.0045786076684
0.00935334986544
0.00932452086616
0.00461462474577
0.00464664897105
0.00460221327233
0.00463227540367
0.00476061692384
0.00477622026235
0.00474330017809
0.0047297354025
0.00456194695718
0.00459281360198
0.00454812105373
0.00457860766842
0.00935334986542
0.00932452086611
0.0045506862683
0.00455068626833
0.00230749661663
0.00231313460161
0.00230551310321
0.00230749661665
0.00228335183239
0.0022908043297
0.00228522089599
0.0022853164844
0.00456293510131
0.00456697873024
0.00480559953245
0.00480537785718
0.00911426136155
0.0092040629317
0.00461462474576
0.00464664897108
0.00460221327232
0.0046322754037
0.00463622090401
0.00465060677186
0.00460299469186
0.00461855510222
0.00461855510222
0.00465060677186
0.00460299469186
0.00463622090401
0.0046322754037
0.00464664897108
0.00460221327232
0.00461462474576
0.00275590570636
0.00276528250339
0.00275674857485
0.00275674857487
0.0027940723275
0.00280289339103
0.00279338872802
0.00279407232756
0.00275879082983
0.00276800841561
0.00275929743317
0.00275946606472
0.00275879082986
0.00276800841563
0.00275946606469
0.00275929743318
0.00275929743318
0.00276800841563
0.00275946606469
0.00275879082986
0.00279338872802
0.00280289339103
0.0027940723275
0.00279407232756
0.00275946606472
0.00276800841561
0.00275929743317
0.00275879082983
0.00275674857487
0.00276528250339
0.00275674857485
0.00275590570636
0.00230938994473
0.0023154290645
0.00230988215303
0.00230828642207
0.00233228877903
0.00233960576843
0.00233350344892
0.00233390093192
0.00231107074856
0.00231701516561
0.0023113655427
0.00230986762772
0.00230465585219
0.00231058375151
0.00230504846191
0.00230335771336
0.00228522089601
0.00229080432972
0.0022853164844
0.0022833518324
0.00230551310321
0.00231313460164
0.00230749661665
0.00230749661665
0.0022853164844
0.00229080432969
0.00228522089595
0.0022833518324
0.00227742324321
0.00228289211013
0.00227742324321
0.00227537045646
0.00227537045646
0.00228289211013
0.00227742324321
0.00227742324321
0.00230749661665
0.00231313460164
0.00230551310321
0.00230749661665
0.0022833518324
0.00229080432972
0.00228522089601
0.0022853164844
0.0022833518324
0.00229080432969
0.0022853164844
0.00228522089595
0.00227537045644
0.00228289211008
0.00227742324318
0.00227742324321
0.00230749661663
0.00231313460161
0.00230551310321
0.00230749661665
0.00228335183239
0.0022908043297
0.00228522089599
0.0022853164844
0.00456293510131
0.00456697873024
0.00240495954235
0.00241125779483
0.00240341260097
0.00240507102077
0.00485245188311
0.00485584864476
0.00479263090915
0.00478904119783
0.00551272485161
0.00556330088867
0.00549480434078
0.00554470845295
0.00554470845295
0.0055633008887
0.00549480434073
0.00551272485169
0.0029050289404
0.0029149340863
0.00290522588214
0.00290522588221
0.00294458509004
0.00295462548972
0.00294458509004
0.00294458509004
0.00290522588221
0.0029149340863
0.0029050289404
0.00290522588214
0.00290522588214
0.0029149340863
0.00290522588221
0.0029050289404
0.00908915887306
0.00918105357561
0.00275929743317
0.00276800841561
0.00275879082983
0.00275946606472
0.00558079215262
0.00558215235901
0.00551272485164
0.00551305985955
0.00454701728191
0.00455125762195
0.00908915887306
0.00926307129274
0.00914864249974
0.00920052626576
0.0095323181525
0.00959676375671
0.00923687101962
0.00941753005318
0.00470019097664
0.00471559492803
0.00467049984995
0.00468390064621
0.00474330017808
0.0047762202623
0.0047606169238
0.00472973540244
0.00457860766835
0.00459281360191
0.00454812105381
0.0045619469571
0.00928487092364
0.00919650988024
0.0115597144131
0.0117574743499
0.00584302812835
0.00586263069065
0.00578474267099
0.00580356045359
0.00550599878105
0.00556061253115
0.00549213358104
0.00554338641559
0.0111853748362
0.010979729742
0.00275929743324
0.00276800841566
0.0027594660647
0.00275879082985
0.00558215235907
0.00558079215263
0.00485584864476
0.00485245188311
0.00240341260097
0.00241125779483
0.00240495954235
0.00240507102077
0.00461813094878
0.00461570880666
0.002332288779
0.00233960576838
0.0023339009319
0.0023335034489
0.002309882153
0.00231542906449
0.00230938994472
0.00230828642208
0.00230504846191
0.00231058375148
0.00230465585216
0.00230335771334
0.00460717503113
0.00461125448338
0.0022853164844
0.0022908043297
0.00228522089599
0.00228335183239
0.00455125762187
0.0045470172819
0.00452879621193
0.00457331537674
0.00453314440117
0.00456232368706
0.00474377126948
0.00475602098363
0.00470971774803
0.00471344360979
0.0045441892123
0.00458808736506
0.0045470172819
0.00457705989707
0.0046637004102
0.00470875354556
0.00466739147607
0.00469662661104
0.00275929743317
0.00276800841561
0.00275879082983
0.00275946606472
0.0027940723275
0.00280289339103
0.00279407232756
0.00279338872802
0.00275674857485
0.00276528250339
0.00275590570636
0.00275674857487
0.00275946606469
0.00276800841563
0.00275879082986
0.00275929743318
0.0023113655427
0.00231701516561
0.00230986762772
0.00231107074856
0.00233350344892
0.00233960576843
0.00233390093192
0.00233228877903
0.00230504846191
0.00231058375151
0.00230335771336
0.00230465585219
0.00230988215303
0.0023154290645
0.00230828642207
0.00230938994473
0.00454812105376
0.00459281360197
0.00456194695716
0.00457860766838
0.00476061692384
0.00477622026233
0.00472973540251
0.00474330017806
0.00460221327232
0.00464664897108
0.00461462474576
0.0046322754037
0.00467049984996
0.00471559492806
0.00468390064626
0.00470019097666
0.00480537785712
0.00483958679531
0.00479003123413
0.0048237959894
0.00479003123413
0.00483958679531
0.00480537785712
0.0048237959894
0.00228522089597
0.00229080432972
0.00228335183239
0.00228531648444
0.00460717503116
0.00461125448336
0.00454701728191
0.00455125762195
0.00456627834962
0.00456646848517
0.0046188172435
0.00465816596522
0.00460086082996
0.00464617734079
0.00463008992166
0.004642037167
0.00459762736927
0.00460282456514
0.00239664055787
0.00240457484272
0.00239840523669
0.00239840523668
0.00243009057589
0.00243645480191
0.00242841509681
0.00243009057586
0.00240341260099
0.00241125779481
0.00240495954235
0.00240507102075
0.00240341260101
0.00241125779483
0.00240507102078
0.00240495954233
0.00460282456515
0.00464203716694
0.00459762736925
0.00463008992163
0.00461881724353
0.00465816596528
0.00460086082997
0.00464617734083
0.00456627834958
0.0045956101723
0.00455166964156
0.00458062060943
0.00455166964154
0.00459561017236
0.00456627834963
0.00458062060946
0.00456627834961
0.00459561017229
0.00455166964156
0.0045806206094
0.00458062060945
0.00459561017235
0.00455166964153
0.00456627834961
0.00240495954235
0.00241125779483
0.00240341260097
0.00240507102077
0.00243009057584
0.00243645480188
0.00243009057586
0.0024284150968
0.00239840523664
0.0024045748427
0.00239664055786
0.00239840523667
0.00240507102073
0.00241125779482
0.00240341260098
0.00240495954235
0.00461881724352
0.0046581659652
0.00460086082988
0.00464617734078
0.00460282456514
0.00464203716697
0.00459762736921
0.00463008992166
0.00460282456516
0.00464203716692
0.00459762736925
0.00463008992161
0.00460086082998
0.00465816596521
0.00461881724348
0.00464617734079
0.00580356045359
0.00586263069065
0.00578474267099
0.00584302812835
0.00578474267104
0.00586263069059
0.00580356045355
0.00584302812826
0.00551305985956
0.00551272485169
0.00551272485161
0.00551305985959
0.00460282456516
0.00464203716692
0.00459762736925
0.00463008992161
0.00464617734079
0.00465816596521
0.00460086082998
0.00461881724348
0.00480251498772
0.00480564448204
0.00478904119779
0.00479263090918
0.0046107425931
0.00461074259307
0.00227742324321
0.00228289211008
0.00227537045644
0.00227742324318
0.00929396650331
0.00921834781342
0.00456290427225
0.0045667386567
0.00454701728191
0.00458808736509
0.00454418921235
0.00457705989707
0.00474377126946
0.0047560209836
0.0047134436098
0.00470971774804
0.0091403359702
0.00905451745064
0.00466739147608
0.00470875354563
0.00466370041024
0.00469662661109
0.00904849143797
0.0090871948124
0.00962385706438
0.00943677377569
0.00550599878102
0.00556061253109
0.00549213358105
0.00554338641557
0.00576449687548
0.00578386984028
0.00572705618068
0.00571123340868
0.0109632521407
0.0108685365364
0.00565480655847
0.00570948596564
0.00563917341905
0.00569036452963
0.0114309072258
0.0112674981481
0.00461560570032
0.00461462474577
0.00455125762191
0.00454701728191
0.00461462474572
0.00464664897101
0.00460221327235
0.00463227540363
0.00476061692386
0.00477622026235
0.00474330017808
0.00472973540247
0.00456194695715
0.00459281360198
0.00454812105379
0.00457860766839
0.00468390064625
0.00471559492805
0.00467049984995
0.00470019097666
0.00941753005321
0.00933256021872
0.00946806898922
0.00950724272243
0.00457860766835
0.00459281360191
0.00454812105381
0.0045619469571
0.00275590570639
0.00276528250342
0.00275674857488
0.00275674857486
0.00279407232756
0.00280289339104
0.00279338872804
0.00279407232752
0.00275879082985
0.00276800841566
0.00275929743324
0.0027594660647
0.00275879082984
0.00276800841563
0.00275946606472
0.00275929743317
0.00580356045355
0.00586263069059
0.00578474267104
0.00584302812826
0.00580356045359
0.00586263069065
0.00578474267099
0.00584302812835
0.00551273859104
0.00556741974672
0.00549347267456
0.00555017242252
0.00549213358111
0.00556061253111
0.00550599878103
0.00554338641557
0.0109743939604
0.0111451400507
0.00551273859111
0.00556741974672
0.00549347267453
0.00555017242251
0.0110916063201
0.010990835709
0.0114258485241
0.0113930803891
0.0108494131074
0.0110281227961
0.00565480655841
0.00570948596566
0.00563917341915
0.00569036452968
0.0114309072257
0.0116796473218
0.0111216230585
0.0115684836368
0.0108494131074
0.0110880367673
0.0109508660679
0.0109813621912
0.00460282456515
0.00460627093525
0.00461578074726
0.00461881724353
0.00478904119782
0.00483316123919
0.004783643266
0.0048207177949
0.00480564448205
0.00484991753452
0.00478699457386
0.00483743104347
0.00938612551983
0.00948351608624
0.00923117057305
0.00939254499704
0.00921204257002
0.00930770728822
0.00919280089346
0.00921834781342
0.00551272485163
0.00551305985958
0.00551305985955
0.00551272485164
0.00580356045351
0.00586263069055
0.00578474267096
0.00584302812824
0.0058035604535
0.00586263069052
0.00578474267099
0.00584302812821
0.005512738591
0.00556741974671
0.00549347267457
0.00555017242252
0.00549213358105
0.00556061253109
0.00550599878102
0.00554338641557
0.00921204257007
0.00930770728827
0.00919280089345
0.00921834781345
0.00939254499705
0.00948351608624
0.00923117057304
0.00938612551981
0.0109803409205
0.0111430117419
0.00554470845295
0.0055633008887
0.00549480434073
0.00551272485169
0.00580356045359
0.0058039515361
0.00550599878103
0.00550767795611
0.00919280089346
0.00928294644027
0.00957147495926
0.00978579219715
0.00482071779484
0.00483316123912
0.0047836432659
0.00478904119783
0.00461881724352
0.00461578074717
0.00925278861991
0.00921204256997
0.00947148527446
0.00944237648391
0.00468390064621
0.00471559492803
0.00467049984995
0.00470019097664
0.00910622046566
0.00914431713262
0.00476061692386
0.00477622026235
0.00472973540247
0.00474330017808
0.00460221327235
0.00464664897101
0.00461462474572
0.00463227540363
0.00467049984995
0.00471559492805
0.00468390064625
0.00470019097666
0.00550599878101
0.00556061253104
0.00549213358105
0.00554338641554
0.00549347267452
0.00556741974672
0.00551273859102
0.00555017242255
0.00580356045351
0.00586263069055
0.00578474267096
0.00584302812824
0.00578474267099
0.00586263069052
0.0058035604535
0.00584302812821
0.00275929743318
0.00276800841563
0.00275879082986
0.00275946606469
0.00279407232756
0.00280289339103
0.0027940723275
0.00279338872802
0.00550762652682
0.00550762652691
0.00275946606472
0.00276800841561
0.00275879082983
0.00275929743317
0.00908915887301
0.00926307129272
0.00914864249976
0.00920052626575
0.00953231815252
0.00959676375681
0.00923687101965
0.0094175300532
0.00454812105377
0.00459281360199
0.00456194695717
0.0045786076684
0.00946806898933
0.00950724272254
0.00941753005319
0.00933256021885
0.00461125448338
0.00460717503113
0.0022833518324
0.00229080432972
0.00228522089598
0.00228531648439
0.00240495954235
0.00241125779482
0.00240341260098
0.00240507102073
0.00485245188307
0.00485584864479
0.00479263090918
0.00478904119779
0.00480251498774
0.00480564448203
0.00461881724348
0.00465816596521
0.00460086082998
0.00464617734079
0.00460282456516
0.00464203716692
0.00459762736925
0.00463008992161
0.00230335771334
0.00231058375148
0.00230504846191
0.00230465585216
0.00466354527293
0.00466275377232
0.00580356045355
0.00586263069059
0.00578474267104
0.00584302812826
0.00584302812835
0.00586263069065
0.00578474267099
0.00580356045359
0.00551272485169
0.00551305985956
0.00551305985959
0.00551272485161
0.00454701728188
0.00458808736509
0.00454418921234
0.00457705989712
0.00459691096296
0.00460798586839
0.00454821754032
0.00456673865667
0.00460272053616
0.00464431650104
0.00459673941261
0.00463315263472
0.00464525580534
0.00465644885413
0.00459915195473
0.00461474388768
0.00461252663728
0.00461474388768
0.0046627537723
0.00466354527287
0.00461881724348
0.00461578074721
0.00230465585215
0.0023105837515
0.00230504846194
0.00230335771336
0.00480564448204
0.00484991753457
0.0047869945738
0.00483743104354
0.00478904119779
0.00483316123908
0.00478364326594
0.00482071779481
0.0047500291943
0.00474922305795
0.00231547400899
0.00232142816129
0.00230577208747
0.00231586835953
0.00918425816727
0.00917388606303
0.00231396949302
0.0023113655427
0.00232275586759
0.002320219558
0.00292480708618
0.00293126465996
0.00290502894036
0.00291166212484
0.00278092846677
0.00277463799634
0.00114203633666
0.00114228016934
0.00113906371846
0.00113932666599
0.00113803457144
0.00113830389544
0.00461462474572
0.00470931392765
0.0012031301224
0.0012029189135
0.000603169632359
0.000603662336111
0.000603266566573
0.000603273549626
0.000601718184023
0.000602111192454
0.000601723405583
0.000601621497901
0.00120232207993
0.00120233598155
0.000607461140128
0.000607964412526
0.00060756758121
0.000607567581188
0.000609579782981
0.000609979733855
0.000609474792292
0.000609579782967
0.000607882244697
0.000608384067125
0.000607985163116
0.000607986961801
0.00121549007679
0.00121570337391
0.000601723405579
0.000602111192465
0.000601718184035
0.000601621497922
0.000603169632374
0.000603662336108
0.000603273549612
0.00060326656657
0.000601697252888
0.000602083278245
0.000601688544579
0.000601593606389
0.000601310046769
0.000601695823646
0.000601303086425
0.000601204725786
0.00119985239774
0.00119962698841
0.00060149019027
0.000601988466903
0.000601600768454
0.000601600768458
0.000600056672461
0.000600441644975
0.00060005494329
0.0005999463773
0.00119894605022
0.00119894605023
0.0011429760397
0.00114322991496
0.000573126295134
0.000573471085294
0.000573120308376
0.000573003197466
0.000571255157286
0.000571603296873
0.000571136933702
0.000571261124606
0.000571746902792
0.000572095342164
0.000571630071772
0.000571751379635
0.00057730227711
0.000577655644653
0.000577303816782
0.000577179834729
0.000578590533459
0.000579069050369
0.000578714817726
0.000578714817718
0.000577303816768
0.000577655644637
0.000577302277106
0.000577179834725
0.000576807336257
0.000577158861456
0.000576807336248
0.000576681923851
0.000569775690526
0.000570118453843
0.000569648855355
0.000569777170705
0.000571145832876
0.000571489420913
0.000571145832886
0.000571017210141
0.000569263351135
0.000569604326412
0.00056913367403
0.000569263351146
0.000569777170699
0.000570118453841
0.000569648855344
0.000569775690528
0.000571751379641
0.000572095342172
0.000571630071783
0.000571746902792
0.000573120308375
0.000573471085306
0.000573126295145
0.000573003197459
0.000571261124597
0.000571603296881
0.000571136933711
0.000571255157287
0.000571728956878
0.000572071409454
0.000571606158549
0.000571721489177
0.0011560942448
0.00115624631597
0.000579662322923
0.0005800357555
0.000579680787556
0.000579586940239
0.000577891968784
0.00057824429336
0.000577796865012
0.000577873561005
0.00115614180286
0.00115595120456
0.000583787117184
0.000584169478962
0.000583813542054
0.000583712798557
0.000585239760589
0.000585699233525
0.000585315869895
0.000585340766942
0.00116736683952
0.00116752033636
0.00116670323731
0.00116675287113
0.000576690431185
0.000577037392168
0.000576586290254
0.000576667433784
0.000578052689243
0.000578425075981
0.000578077280106
0.000577971351292
0.000576268794698
0.000576613967409
0.000576161664121
0.000576244280573
0.0011529486093
0.00115273228302
0.00119894605022
0.00119894605023
0.000601600768458
0.000601988466903
0.00060149019027
0.000601600768454
0.000599946377304
0.000600441644964
0.000600054943289
0.000600056672458
0.00119962698838
0.00119985239774
0.000607985163117
0.000608384067143
0.000607882244701
0.000607986961822
0.000609579782967
0.000609979733855
0.000609579782981
0.000609474792292
0.00121484476371
0.0012148447637
0.00121570337389
0.00121549007679
0.000601204725788
0.000601695823647
0.000601303086417
0.00060131004678
0.000603273549626
0.000603662336111
0.000603169632359
0.000603266566573
0.0012031301224
0.0012029189135
0.00120297287681
0.00120316938742
0.00120233598155
0.00120232207994
0.00060326656657
0.000603662336108
0.000603169632374
0.000603273549612
0.00120316938742
0.00120297287683
0.00120291891346
0.00120313012243
0.00115624631599
0.00115609424476
0.000579586940252
0.000580035755475
0.00057968078754
0.000579662322908
0.00115595120458
0.00115614180289
0.000577891968793
0.000578244293383
0.000577873561014
0.000577796865028
0.0011667528711
0.00116670323733
0.000585315869876
0.000585699233528
0.000585239760595
0.000585340766957
0.000583812246665
0.000584269004898
0.000583911414182
0.000583888170836
0.000583712798546
0.000584169478955
0.000583813542072
0.00058378711717
0.00115548996245
0.00115535074413
0.000579190104219
0.000579638610011
0.000579290077768
0.000579259247953
0.00115511190382
0.00115531547465
0.000577502466975
0.000577848378868
0.000577471732127
0.000577401259047
0.000576690431174
0.000577037392162
0.000576667433801
0.000576586290252
0.000577971351304
0.000578425075977
0.000578077280108
0.000578052689236
0.000576593721795
0.000576939089186
0.00057656765964
0.000576488064126
0.00115227720757
0.00115222818159
0.00114327396032
0.00114302337423
0.00230629148732
0.00232079770351
0.00115312308499
0.00115573460703
0.00115292004545
0.00115503010811
0.00228734040243
0.00228531648439
0.00228108778036
0.00227537045644
0.00145330676376
0.0014570015766
0.00145215440849
0.00145578776416
0.00293323272068
0.00294579818839
0.00293126465997
0.00292480708619
0.00294579818839
0.00293323272068
0.00145215440849
0.0014570015766
0.00145330676376
0.00145578776416
0.00292480708619
0.00293126465997
0.00138041880357
0.00138039250422
0.00138039250422
0.00138041880357
0.00231514183489
0.00230938994473
0.00233031043379
0.00232467010985
0.00230036978667
0.00230605220451
0.00116441252124
0.00116512307085
0.001162123966
0.0011625011141
0.00231072618385
0.00230292954629
0.00231724791182
0.00231801167357
0.00227537045646
0.00228108778039
0.00229041563627
0.00229602402356
0.00119874094321
0.00120149753985
0.00119841749991
0.00120072654085
0.00241832930604
0.00242589467928
0.00241821938846
0.0024125057244
0.00243949430292
0.00242588923095
0.00120195630706
0.00120587622778
0.00120310949956
0.0012051024171
0.00242088001017
0.00242660077323
0.00115609829572
0.0011562856483
0.00115208005175
0.00115229955748
0.00242088001017
0.00242660077323
0.00243949430292
0.00242588923095
0.0012051024171
0.00120587622778
0.00120195630706
0.00120310949956
0.00463227540368
0.00465086706359
0.00231849368446
0.00232069601457
0.00116430922861
0.00116633070417
0.00116541819589
0.00116332891787
0.00230357017773
0.00230613060914
0.00231682231936
0.00231020752747
0.00115208005175
0.00115229955748
0.00279987792127
0.00279338872802
0.00290522588215
0.00291146948938
0.00145333747172
0.00145330676374
0.0013803925042
0.00138355777178
0.0013792926489
0.00138240528801
0.00275807268408
0.00276889110224
0.00456832600863
0.00454812105376
0.0011562856483
0.00115609829572
0.00115554023009
0.0011553464567
0.00119984822162
0.0012026073462
0.00119864269306
0.00120183564062
0.00119874094321
0.00120149753985
0.00119841749991
0.00120072654085
0.00242797085
0.00243578779934
0.00121771292152
0.00121850895233
0.00121449180731
0.00121569909579
0.00240764798967
0.00240495954235
0.00120214176641
0.00120235653903
0.00228724474743
0.00228522089595
0.00229437651885
0.00229241230944
0.00228522089601
0.00228724474744
0.00229241230946
0.00229437651889
0.00232423335035
0.00233151323423
0.00231073477804
0.00232554117774
0.00230335771334
0.00231058375148
0.00230504846191
0.00230465585216
0.00277805289374
0.00278434683693
0.00275929743317
0.00276574988183
0.00276574988185
0.00275929743324
0.00278434683688
0.00277805289376
0.00470419429122
0.00471961142582
0.00467129283398
0.00468788998398
0.0093245208661
0.00935334986541
0.00120628118107
0.00120606944364
0.000601593606412
0.000602083278228
0.000601688544563
0.000601697252866
0.00120311036672
0.00120309297315
0.0011667528711
0.00116670323733
0.000585315869876
0.000585699233528
0.000585239760595
0.000585340766957
0.000583812246665
0.000584269004898
0.000583911414182
0.000583888170836
0.00116717409441
0.00116737967118
0.00115831874049
0.00115825703831
0.000577502466975
0.000577848378868
0.000577471732127
0.000577401259047
0.00115308671615
0.00115292226244
0.000577971351304
0.000578425075977
0.000578077280108
0.000578052689236
0.000576593721795
0.000576939089186
0.00057656765964
0.000576488064126
0.000576268794705
0.000576613967426
0.000576244280603
0.000576161664111
0.000571721489177
0.000572071409454
0.000571728956878
0.000571606158549
0.000573003197459
0.000573471085306
0.000573120308375
0.000573126295145
0.00114302194337
0.00114326269943
0.000571255157287
0.000571603296881
0.000571261124597
0.000571136933711
0.00115334880566
0.00115334880566
0.000578714817718
0.000579069050369
0.000578590533459
0.000578714817726
0.000577179834729
0.000577655644653
0.00057730227711
0.000577303816782
0.000577179834725
0.000577655644637
0.000577303816768
0.000577302277106
0.00114326269942
0.00114302194335
0.000573003197466
0.000573471085294
0.000573126295134
0.000573120308376
0.000571728956897
0.000572071409482
0.000571721489195
0.000571606158536
0.000571261124606
0.000571603296873
0.000571255157286
0.000571136933702
0.000569775690528
0.000570118453841
0.000569777170699
0.000569648855344
0.000571017210141
0.000571489420913
0.000571145832876
0.000571145832886
0.000569777170705
0.000570118453843
0.000569775690526
0.000569648855355
0.000569263351146
0.000569604326412
0.000569263351135
0.00056913367403
0.00232077115369
0.00231823635115
0.00238277821011
0.00238092976824
0.00119491414968
0.00119784531576
0.00119685556489
0.00119576847206
0.00237280429105
0.00237843541589
0.00236953249291
0.00236707135045
0.00228332185134
0.0022814412808
0.00230089361375
0.00229848380358
0.00113860402469
0.00114051966867
0.00113772989126
0.00113963962994
0.00238873351951
0.0023905869285
0.0011918586717
0.00119391521421
0.00119292871627
0.00119100711851
0.00237167700887
0.00236598756841
0.00228977937327
0.00229169706598
0.0011498044215
0.00115175097192
0.00115085019177
0.00114893369303
0.00113963962997
0.0011405196687
0.00113772989126
0.00113860402469
0.00114311276018
0.00114399548539
0.00114120909652
0.00114206205249
0.00116075613884
0.00116166497312
0.00115888479679
0.00115966402632
0.00116326547977
0.00116528512219
0.00116437345074
0.00116248385131
0.00115322784989
0.00115411839911
0.00115134399948
0.00115213045996
0.00115634558223
0.00115723854299
0.0011544689604
0.00115523285751
0.00276319815326
0.00275674857485
0.00276235439473
0.00275590570636
0.0013803932959
0.00138381253113
0.00137920914493
0.00138274434279
0.00138007686475
0.00138349531475
0.00137914593338
0.00138242737157
0.00145342974641
0.00145712487263
0.00145217895425
0.00145591095731
0.00145578776416
0.0014570015766
0.00145215440849
0.00145330676376
0.00275946606469
0.00276556702937
0.00276556702938
0.00275946606472
0.00275879082983
0.00276489107692
0.000690379899662
0.000690925896859
0.000690393069346
0.000690350881285
0.000692531158236
0.000693110635837
0.000692562911003
0.000692573479152
0.000690424741097
0.000690968136819
0.000690432641691
0.00069039308609
0.000690255725176
0.000690798987841
0.000690266258225
0.000690221444156
0.00139781447385
0.00140129845386
0.00139655163514
0.00140019536547
0.00139738742522
0.0014008703392
0.00139646627345
0.00139976758811
0.00137861393846
0.00138202871229
0.00137776806375
0.00138096190452
0.00137914061088
0.00138255669067
0.00137787343901
0.00138148947518
0.00457879803641
0.00457860766838
0.00467049984996
0.00475932024754
0.00232077115373
0.00232683819783
0.00231085061058
0.00232126564052
0.00230938994474
0.00231542906453
0.00230828642211
0.00230988215304
0.00116730817626
0.00116934746104
0.00116649899677
0.00116843267478
0.00116868122107
0.00116959620207
0.00116654862204
0.00116755648298
0.00115287501473
0.00115292714563
0.0011556910576
0.00115585589295
0.000576667433795
0.00057703739217
0.000576690431185
0.000576586290257
0.00115229955748
0.00115208005175
0.00120310949956
0.00120587622778
0.00120195630706
0.0012051024171
0.00120213992914
0.00120490443876
0.00120175998709
0.00120413124818
0.0023124848727
0.00230988215303
0.00230938994473
0.0023119922732
0.00114203633669
0.00114461074893
0.00114182329724
0.00114392499496
0.0011432111306
0.00114578816308
0.00114206381713
0.00114510171162
0.00227517203439
0.00228178067439
0.00113932666599
0.0011418948279
0.00113813573999
0.00114121071743
0.00227827234565
0.00227540475962
0.00227467340671
0.00227434386484
0.00114321113061
0.00114578816309
0.00114206381716
0.00114510171163
0.00114203633666
0.00114461074893
0.00114182329726
0.00114392499496
0.00230910446529
0.00230335771336
0.00233712904977
0.00233228877903
0.00293126465997
0.00294124852766
0.00291176037365
0.00293146316987
0.00290502894036
0.0029149340863
0.00290522588217
0.00290522588216
0.00274791843473
0.00275886246149
0.00277359924095
0.00278430081383
0.00274825423825
0.00276416990313
0.0027556384454
0.00275737437575
0.00279879600135
0.00280566472434
0.00276869082433
0.00278957723043
0.00227502006224
0.00228586908792
0.00227881659113
0.0022820252346
0.00232578386519
0.00232980034328
0.00231874235958
0.00232251397778
0.00229007360312
0.00230089799344
0.00229370217164
0.00229702879019
0.00460247023645
0.00461082575429
0.004754999502
0.00480151139137
0.00240175821532
0.00241320346525
0.00240904282816
0.00239010908778
0.00231758510592
0.0023214828523
0.00229927371697
0.00231057846169
0.00236377313428
0.0023677495304
0.00234519442769
0.0023565209043
0.00227502006222
0.00228586908793
0.00227881659113
0.00228202523463
0.00230310303856
0.00230697577899
0.00228462095248
0.00229604506493
0.00233633065896
0.0023474783365
0.00233982942067
0.00234353055434
0.0023637731343
0.00236774953042
0.00234519442767
0.00235652090432
0.00239064963657
0.00239689904033
0.0023759387033
0.00238951411232
0.00241433268991
0.00242190351395
0.00241558858882
0.00240061743284
0.00233136290246
0.00233735070931
0.00231681377101
0.00233015098317
0.00238576052667
0.00239188947709
0.00237097311076
0.0023844129224
0.00230938994472
0.00231542906449
0.002309882153
0.00230828642208
0.002332288779
0.00233960576838
0.0023335034489
0.0023339009319
0.00231107074853
0.00231701516555
0.00231136554269
0.00230986762767
0.00230465585216
0.00231058375148
0.00230504846191
0.00230335771334
0.00476659630544
0.0047872059279
0.00475417849427
0.00476647425636
0.00471764551822
0.00472460071012
0.00476659630547
0.00477892421493
0.0047201199516
0.00473694093339
0.00227537045644
0.00228289211008
0.00227742324321
0.00227742324318
0.00230749661665
0.00231313460161
0.00230551310321
0.00230749661663
0.0022833518324
0.00229080432972
0.00228522089598
0.00228531648439
0.00228335183239
0.0022908043297
0.0022853164844
0.00228522089599
0.00235548110419
0.00236326298498
0.0023425979606
0.0023576087358
0.00238870352701
0.00239453808081
0.0023866527201
0.00237349583554
0.00230344233665
0.00231094912522
0.00229064741287
0.00230542132217
0.00236373810663
0.00237144328849
0.0023507064595
0.00236566529467
0.00229602402354
0.00230360155553
0.00228308175049
0.00229809208318
0.00227537045645
0.00228289211014
0.00227742324322
0.00227742324322
0.00453419531534
0.00453508893193
0.00229343842166
0.00229848001329
0.00227622855018
0.00228957096247
0.00235548110417
0.00236326298498
0.00234259796063
0.00235760873585
0.00233565510106
0.00234338166867
0.00233736611761
0.00233776758815
0.00227440536674
0.00227682914474
0.00230257456558
0.00228990647194
0.00229961029463
0.00230183930676
0.00492750589309
0.00472011995164
0.0047369409334
0.00494392096211
0.00230198253169
0.0022965490848
0.0011345046849
0.00113700219819
0.00113343766918
0.00113632101792
0.00237590561482
0.00237058880735
0.0023906496366
0.00238544180097
0.00113323758179
0.00113601609233
0.00113352072968
0.00113533549823
0.0011465029642
0.00114720219003
0.00114439629917
0.00114467038862
0.00113434047645
0.00113710993438
0.00113460042002
0.0011364286837
0.00228191389488
0.00228246438029
0.00118924688838
0.00119002428912
0.00118712586878
0.00118736014489
0.00237891651544
0.00237938740764
0.00113714818722
0.00113988842939
0.00113733659174
0.0011392055109
0.00115021668424
0.001150918257
0.00114815148011
0.00114832974672
0.00113786975168
0.00114059985976
0.00113803457145
0.00113991651423
0.00228937630084
0.0022897320733
0.00458132616168
0.00457705989707
0.00454701728188
0.0045512576219
0.00469125122859
0.00477527247445
0.00233565510104
0.00234338166862
0.0023373661176
0.0023377675881
0.00473467725303
0.00473694093339
0.00113803457144
0.00114059985977
0.00113786975167
0.00113991651425
0.00115021668421
0.00115091825698
0.00114832974672
0.00114815148011
0.00113733659174
0.0011398884294
0.00113714818721
0.00113920551092
0.00114556671875
0.00114813702695
0.00114538887638
0.00114743715322
0.00118924688837
0.00119002428911
0.00118736014487
0.00118712586878
0.00119019472999
0.00119311400597
0.00119233458244
0.0011904296051
0.00118165607862
0.00118241521817
0.00117975490516
0.00117953533218
0.00118071935534
0.00118147789196
0.00117883288634
0.00117858710915
0.00113460042004
0.0011371099344
0.00113434047645
0.00113642868371
0.00114650296417
0.00114720219
0.0011446703886
0.00114439629917
0.00113352072964
0.00113601609234
0.0011332375818
0.00113533549824
0.00114191626066
0.00114443011119
0.00114164282358
0.00114373257858
0.00116821590313
0.00117080051959
0.00116799811613
0.00117004885293
0.0011804219988
0.00118119335694
0.00117858578172
0.00117835313689
0.0011673023015
0.00116987205502
0.00116705907869
0.00116912098556
0.00117554718311
0.00117813509258
0.0011753151316
0.00117736573583
0.0011951669551
0.00119594952903
0.00119226329921
0.00119332240647
0.00119641212766
0.00119905960381
0.00119827499034
0.0011953503084
0.00118351086891
0.00118427237127
0.00118060887412
0.00118167092327
0.00118774430309
0.00118850853615
0.00118484524224
0.00118588437181
0.00119760225409
0.00120030445054
0.0011995326156
0.0011965536248
0.00120737223823
0.00121117090899
0.00120844423295
0.00121037807693
0.00120532309872
0.00120802880604
0.00120723803538
0.00120425384166
0.00119334906827
0.00119602787161
0.0011952587936
0.00119227675108
0.00114791201668
0.00114861216573
0.00114502308753
0.00114608912472
0.00114885335632
0.00115139448064
0.00115069263191
0.00114778477598
0.00113632101791
0.00113700219818
0.00113343766916
0.00113450468494
0.0011405814983
0.00114126523923
0.00113769911956
0.00113874648441
0.00116479088209
0.00116550171382
0.00116190933802
0.00116289131869
0.0011656965416
0.00116832576832
0.00116761321037
0.00116471221867
0.00115322755767
0.0011539188991
0.0011503499595
0.00115133446897
0.00232068377814
0.00230835737572
0.00115523285751
0.00115723854299
0.0011544689604
0.00115634558223
0.00116437345074
0.00116528512219
0.00116326547977
0.00116248385131
0.00115213045996
0.00115411839911
0.00115134399948
0.00115322784989
0.00115966402632
0.00116166497312
0.00115888479679
0.00116075613884
0.00238146027244
0.00238703488553
0.0023928353782
0.00239035632506
0.00118519537606
0.0011861620264
0.00118411884855
0.00118325947981
0.00234434610015
0.00234255419847
0.00235228095227
0.00235455093032
0.00137914061088
0.00138255669067
0.00137787343901
0.00138148947518
0.00137861393846
0.00138202871229
0.00137776806375
0.00138096190452
0.0027998779213
0.00279338872802
0.00279407232756
0.00280056225429
0.00138039250422
0.00138355777179
0.00137929264889
0.00138240528802
0.00138251074898
0.0013836633208
0.00137931366868
0.00138049781126
0.00138049781126
0.00138048203601
0.00294119723466
0.00293463047867
0.001448601327
0.00145225950098
0.00144740364493
0.00145104964904
0.00292341257191
0.0029358156108
0.00145330676376
0.0014570015766
0.00145215440849
0.00145578776416
0.00147061140274
0.00147186269137
0.00146813016037
0.00146694120694
0.001448601327
0.00145225950098
0.00144740364493
0.00145104964904
0.00146321506061
0.00146691016926
0.00146203003693
0.00146566310158
0.00275490267882
0.00276572110279
0.00139466505978
0.00139576389246
0.00139231515449
0.00139143965058
0.00275531719437
0.00274896502769
0.00277427801117
0.00277245253872
0.00233652313739
0.0023339009319
0.00231136554267
0.00231618729593
0.00240247324268
0.00239664055787
0.00241821938846
0.0024125057244
0.00228592637007
0.00228320424131
0.00231156040927
0.00230587952622
0.00113856733589
0.00114112190178
0.00113740087121
0.00114043825367
0.00113714818722
0.0011398884294
0.00113733659174
0.00113920551092
0.00229593964258
0.00230161247067
0.00227537045646
0.0022810877804
0.00229041563628
0.00229602402363
0.00470119606355
0.00470019097666
0.00470419429118
0.00470360271303
