0.0187437223451
0.017316373204
0.0160637159971
0.0168192302011
0.0156118168011
0.0179707249608
0.017041198066
0.0187225794928
0.0188864885126
0.00930195459529
0.0100562440484
0.00905152396263
0.0125514213022
0.0161315680609
0.0150333328513
0.015571340464
0.0160871057021
0.0131431344075
0.0137040970756
0.0140300560829
0.0163767705829
0.0175808529082
0.0167757784591
0.0151444357219
0.0161585855723
0.0121134752963
0.0125922259504
0.0196317353261
0.00947584424546
0.0094189205168
0.0149334553957
0.0149261709351
0.0140710674479
0.0182963115218
0.016966835039
0.0134270190195
0.0154388506295
0.023377915041
0.0190151330978
0.0153187590393
0.0174755337271
0.00953786317315
0.0170934059585
0.01683820816
0.0178987036738
0.0151473346525
0.0138501726036
0.0151754665417
0.0125692228053
0.0148547488658
0.0137237018741
0.0153930722842
0.0136337910308
0.0172665716714
0.0164094988052
0.0136563109006
0.0226261824573
0.0138155458758
0.0108258676988
0.00777156590376
0.0180513504715
0.0142765334022
0.0146428437618
0.0162964074147
0.0150337623087
0.0179222215602
0.0146599941426
0.0198698009794
0.01624396947
0.0192989274227
0.0188135079754
0.0187011083337
0.0146673895539
0.0145141526557
0.0125441055042
0.0131275506257
0.0165196145128
0.0207549878092
0.0181354575256
0.0199736148374
0.0135584413163
0.0129766965707
0.0144394182887
0.0118482867057
0.0175128293035
0.0163846484568
0.0154691044921
0.011156131237
0.0181222246699
0.0179887411907
0.0187456367491
0.0181829966802
0.0166794952654
0.0151179637562
0.0143740736852
0.0152098585115
0.0115801632521
0.00926375003349
0.0157012043782
0.0139574073174
0.0130127290092
0.0187724453405
0.0178924111583
0.0106482248324
0.0144912623737
0.0135213742062
0.00942488975624
0.0145037597069
0.0189040353022
0.0145580691176
0.0129267007487
0.0118045356564
0.0117255834931
0.0117174935063
0.0150658013516
0.0141406290027
0.0168708231483
0.0144980691567
0.0187260246171
0.0115651600242
0.0110046500056
0.00977827868765
0.0135051270339
0.0117823855298
0.0136867666169
0.0130391893455
0.00954443776834
0.00855361124373
0.0100593620256
0.0093879952556
0.00673530146582
0.0102287167805
0.00887249463834
0.00814489050942
0.0066527483365
0.00831844471928
0.00906410550604
0.0114343400307
0.0113649157821
0.010626150298
0.00715681053269
0.00933179707702
0.0111851170577
0.0114473948266
0.0148615936494
0.0135765455033
0.0104002944991
0.010204721397
0.00888442319484
0.00859176811903
0.00818490128954
0.0146037824953
0.0147650485451
0.0160693469432
0.0139309421413
0.012362149658
0.0140866229821
0.0134626539817
0.00999732066741
0.0106119367073
0.0117896247122
0.0115614169748
0.0105045220041
0.0111146124725
0.0132212659153
0.0138005731903
0.0150360199502
0.0102250787891
0.00819927083517
0.0103969177297
0.0151815885064
0.0131363647094
0.00974620160993
0.00886181867227
0.0110524059722
0.00816323510886
0.00876266498461
0.0111764950382
0.010353503418
0.0129094206549
0.013535202889
0.0102967581379
0.0152771532089
0.0097121833678
0.00902130888407
0.00923022604762
0.0151793284348
0.0156395483684
0.0122438797804
0.0132338505567
0.0105987087214
0.0129161125998
0.0103132230472
0.00708968227949
0.00892048106181
0.0131857650552
0.00973993606209
0.0113021037825
0.00896816157451
0.0100823785437
0.00927347355481
0.0117226255344
0.0108460116986
0.00959849116996
0.0134639342986
0.0142213145477
0.0119857265606
0.0144943559725
0.0142647586209
0.0126163623865
0.0119421725457
0.0105266768003
0.0103831841558
0.0107771009346
0.00848987370139
0.00896872302491
0.00907560448128
0.0129668191193
0.0136742771429
0.0113528480494
0.0180297479782
0.0128932078251
0.0109376341089
0.0099515374206
0.0134806288199
0.0103295165335
0.0106689171238
0.0128944897022
0.0147137549001
0.00985175533077
0.0113701486532
0.011312882329
0.0125623558098
0.00977192349334
0.0129284556109
0.0136492076365
0.0106524621478
0.00955527813716
0.0135145762034
0.011207233296
0.0102559010382
0.00814278702201
0.00665364541007
0.00962419496877
0.015714024741
0.0131573126129
0.0153105531009
0.0115360468578
0.0126235275905
0.0132208376519
0.0164592954503
0.0166888658155
0.0180960023182
0.0147605650663
0.0153638547968
0.012981891296
0.014302173323
0.0134707111722
0.0136076357159
0.0102504061526
0.0110262237565
0.00934155065044
0.00853555334101
0.00812759904639
0.00876786650272
0.0103993390814
0.0118064282018
0.0144244998695
0.0116947199801
0.00784570181048
0.00857744867382
0.0081907314111
0.0096623847593
0.00697440853575
0.00598873690227
0.00651205821317
0.00728834523843
0.00864101320308
0.0104025843674
0.0085834957137
0.00916581564786
0.0121613680284
0.00642189570841
0.007125292396
0.014558980355
0.00967817994747
0.00897589491135
0.00996673045805
0.00945350395797
0.0101649698009
0.00673403005813
0.0175585437542
0.0169628300427
0.00988576245439
0.0126098385275
0.0159043716321
0.00907197767097
0.0124737467652
0.0121868614075
0.0151161444706
0.0151703781404
0.0132000731844
0.0139797751104
0.0155466576661
0.0143275758789
0.0112886773237
0.00871891167149
0.00815260434002
0.0076036957451
0.00619225638213
0.00637972551697
0.00619587960742
0.0071826777126
0.00763624910575
0.00784448760039
0.00803363508495
0.0113786064413
0.0157159809604
0.0167764433691
0.00679343103646
0.00722088355523
0.00828515658216
0.00803992616948
0.00747586925214
0.00849672424928
0.00697427932791
0.0113041066755
0.0117478523976
0.00924260254545
0.00750231233656
0.0100627216061
0.00834520518348
0.0119772936932
0.0115797580484
0.0133744742747
0.00720596876391
0.00816546447069
0.00680200587765
0.00603095700405
0.00700616947225
0.00738676418969
0.0088610563759
0.00644800207432
0.0075381048897
0.00869707984443
0.00845862190651
0.00886671680981
0.00708749978892
0.00910640441417
0.00913215361968
0.00820816404377
0.00851090839367
0.0110173765752
0.00862153834939
0.00888832071689
0.010152984251
0.0108206628399
0.0135601331188
0.013215512284
0.0100033346124
0.0133147470265
0.0113398656721
0.0119282155997
0.00963016276404
0.00978864606904
0.00860088639164
0.0105769623363
0.0105307130004
0.00720803830677
0.0100252114938
0.011289439125
0.0119023658818
0.0140285206902
0.011430523248
0.0060175096319
0.00932355184897
0.00820882315966
0.00978211833296
0.0097894304103
0.0103134673348
0.0122269097229
0.00887306750936
0.0100887824233
0.00955605695125
0.00887793315205
0.00959258419985
0.0086591653212
0.00851565781019
0.01094109112
0.0111754691663
0.0118410680665
0.0109216884804
0.0111889835508
0.0106878468858
0.00910431398466
0.0117256038223
0.00890974494899
0.00989525598995
0.0107617099715
0.0074699463945
0.00666602943905
0.00700163274668
0.0097027167774
0.0140837826228
0.0116154173612
0.00947230392616
0.00930404886849
0.00950873165549
0.00923713914206
0.0116887346863
0.00508465467624
0.00669425951226
0.00538184808249
0.00482924959821
0.00802772441777
0.00504965136208
0.011621149001
0.00814386319711
0.0074637092588
0.00836512531046
0.0109262073149
0.00964420748459
0.012702170159
0.00705490294756
0.00797461784651
0.0143064221575
0.0115488293319
0.0116946673274
0.0151306247483
0.0130919707318
0.0148482766573
0.0134473877999
0.0112472889765
0.0110136839299
0.0134846745663
0.0117769616743
0.0136853649079
0.0133769191631
0.00820854547867
0.00683054522176
0.0055159396424
0.0058299654582
0.00761158064692
0.00966244735756
0.00795616291884
0.00915756799835
0.0116358927423
0.0098812330092
0.00792274234419
0.00975402483213
0.0118342786382
0.0107557986365
0.0120350672884
0.0113668023259
0.00829228917935
0.00624678721942
0.00602669867158
0.0077326955141
0.014973239696
0.00629256543273
0.00724726813111
0.00674812326991
0.00547886091864
0.00561750471359
0.00851365378847
0.00582451791921
0.00914398557313
0.00816467023
0.00802572342661
0.0101948642238
0.0096521889966
0.00989200077113
0.00685958527327
0.00829127320334
0.00552064639343
0.00653964227421
0.00771058620472
0.00473091038531
0.00652040010819
0.00679374813536
0.00772919714151
0.00613538412024
0.00817578768548
0.00910082958649
0.00835369960549
0.00733852503681
0.0135676261326
0.0107776064213
0.0064821799326
0.00652927282336
0.00515597069993
0.00437868392052
0.00530781330328
0.00615206660593
0.0107464358268
0.00966114796026
0.011250975667
0.0107530501396
0.0125755535064
0.0117177242843
0.0138741711138
0.0142851940275
0.0158117906566
0.00721828891031
0.00790994076029
0.0122016825305
0.0135139257704
0.0143190669342
0.00776298547922
0.00789219261618
0.00906504241337
0.00996995893478
0.0101541971655
0.0086127921055
0.0086342906069
0.00697168333939
0.0128008907978
0.00958698200405
0.00931841921176
0.00923257021454
0.00885931348272
0.00885012684034
0.00837147138639
0.00679565941279
0.00923421119937
0.00372088534884
0.0127320832596
0.0120849546963
0.00989316628109
0.00924773874425
0.00775474982009
0.0119443158251
0.0107648509907
0.0102888544335
0.0127562587543
0.0101571748776
0.0120044377975
0.00251788690156
0.00735692011708
0.00833996684023
0.00943382702087
0.0115653980303
0.0155009135101
0.0127666769183
0.0116496107915
0.00894699236298
0.0064651197124
0.00778292662926
0.00914042771622
0.0102723421683
0.0114783818626
0.00932270757223
0.0124271512004
0.0138450584568
0.00756557397512
0.00503112561579
0.00582598827595
0.00587504023567
0.00745869077454
0.00903368102721
0.00628757254606
0.010396454808
0.0104196875858
0.0127780517118
0.00600463227816
0.0104172625917
0.00700918851268
0.00745417562798
0.00860223030072
0.00963591281118
0.00844784749552
0.00511737419152
0.00905994582992
0.00898129754277
0.00899572803535
0.00948117032352
0.00567638358578
0.00624942784378
0.0118455480068
0.00961696104055
0.0100230284564
0.00960062623586
0.0100093206037
0.00594607957355
0.00475258332472
0.00377304678851
0.00484288616752
0.00439384284995
0.00474329863756
0.00560079854009
0.00585382755035
0.00572591206781
0.00770758362705
0.0078488774221
0.00593005990661
0.0107623140569
0.00953035432222
0.00406307309088
0.00371005432321
0.015206201071
0.00663833617235
0.00256252350063
0.00350553683558
0.00633330040869
0.00675712961815
0.00670379126206
0.00729516065781
0.00787934112964
0.00873522445793
0.00702665639849
0.00705261259425
0.0100079900118
0.00402732682004
0.00480389870861
0.00530173392986
0.00418126684754
0.00689200193645
0.00458506331706
0.00843792435041
0.0121625963478
0.00877571514372
0.0057135272159
0.0049176227987
0.00291082866875
0.00195151425531
0.00359358469042
0.00229809392038
0.00171492782124
0.00181855687065
0.00327174425375
0.00250301956535
0.00462842343327
0.00526242997268
0.0102876865949
0.0095825685633
0.0115414065116
0.0104026768241
0.0105972108836
0.00953175033244
0.00901381910355
0.00695397414399
0.00829598538756
0.0081109041233
0.00965065087413
0.00690914746971
0.0070578450176
0.00821696584956
0.00565000842711
0.00603621356009
0.00856490639644
0.00810313641009
0.00955874422551
0.010131173234
0.0119039052316
0.012540156142
0.00841150585568
0.00926441159084
0.00689886691371
0.00890948123801
0.00867790342415
0.00872690105632
0.00994414201211
0.0142585620898
0.0139071476688
0.0162868238238
0.0154780122952
0.0088730605638
0.0113247114661
0.00715876140718
0.0065721199983
0.00780730369271
0.00831792359117
0.0112881521626
0.00920159743548
0.00815819936249
0.0123603212913
0.0069375255357
0.00689251518832
0.00696322014273
0.00838011619517
0.0075597796088
0.00558535497849
0.00645258548272
0.00784424494568
0.012177804661
0.013573324828
0.0158480166514
0.0141244311486
0.00909701393881
0.00689491204068
0.00601312330302
0.0120593177504
0.0130696729258
0.0117326905822
0.0108995154633
0.00923415258243
0.00582571610635
0.00623787444672
0.010267954306
0.0078174258911
0.00647708179584
0.00740834765606
0.00672672679802
0.00936098154354
0.00910334080538
0.0148907957359
0.0072751573915
0.00657292991379
0.0074438982315
0.00675465475365
0.0107981801062
0.00956029691742
0.0140958611747
0.0125254727917
0.00841200126663
0.00900717992972
0.0107804516514
0.00951687507996
0.0109377319067
0.00917679895639
0.00765412008291
0.00887439926265
0.00741610112254
0.00498826979396
0.0065277188638
0.00518620821872
0.00753455585123
0.00786124444961
0.00887651872863
0.0093918248009
0.00809242427412
0.00530345429203
0.00695489327753
0.00629668348674
0.00432914603034
0.00504680669347
0.00838064976913
0.00841147398045
0.00590167815183
0.005890868255
0.00526547068359
0.00754163216133
0.0066424928403
0.00512180360956
0.00504306137734
0.00670746589735
0.0102116907894
0.0102402037372
0.00245421253317
0.00252496207197
0.00311821653176
0.00265382918028
0.00316284634123
0.00356756150282
0.00431411759328
0.00427509339311
0.00511136194216
0.00328016736015
0.00475350727691
0.0040234995194
0.00327274679001
0.00675963858809
0.00895456255781
0.00554362592912
0.00429305582964
0.00676899143848
0.00611038677005
0.00556226825114
0.00435219206831
0.00786246117985
0.00641128026173
0.00601639354808
0.0105076181919
0.00641195032143
0.0056532363293
0.00529086999976
0.00391059826696
0.00423853299477
0.00372279554537
0.00428449165567
0.00406535709356
0.00429869560341
0.00348154984522
0.00366281620899
0.00401596302305
0.00492438022702
0.00619325041391
0.00421972478127
0.00459343009563
0.00424485170837
0.00607937130835
0.00610135473895
0.007208837594
0.00590752736083
0.0114437718914
0.0150862928071
0.0060680757596
0.0084185709854
0.00949694862968
0.00851989242084
0.00656201143483
0.0104243272897
0.0128481941521
0.00574371545621
0.00634906853612
0.00459800289874
0.00627233332036
0.00704638813487
0.0057894053866
0.00773402352293
0.00779676463938
0.00639675124578
0.0108468370203
0.0132022230156
0.00689716204415
0.00710496814638
0.00453616734492
0.00777858174622
0.00919077776644
0.0106153462882
0.00692494202354
0.00570571569838
0.00810247629243
0.0113327463184
0.00794503687178
0.00610590629022
0.00840503965043
0.0068132021062
0.00630035175993
0.00595556458513
0.00872490693929
0.00487963754234
0.00587266773388
0.00806057522549
0.010602320128
0.00864163214624
0.00643427574025
0.00789852166462
0.0081344709908
0.00540042379912
0.00916220060333
0.00969577360605
0.00880479313016
0.00911315919778
0.00884944744867
0.00826374830594
0.0103373784864
0.00840309587664
0.00989087241017
0.00897813270597
0.0103908491197
0.00709484859721
0.0101598504214
0.0122799252099
0.0158424311951
0.0142515977539
0.0111417341587
0.00764640758394
0.00799093754462
0.00715337212749
0.010670716157
0.00778567257773
0.0060806637485
0.00764007444871
0.00748938098798
0.0107110756815
0.0109162137778
0.00771680010812
0.0100097592955
0.00919436199607
0.0132345534087
0.00589204371645
0.00578224433963
0.00667476217511
0.00794635558508
0.010670315536
0.0110437098354
0.0140606648131
0.0106971379071
0.0110108808451
0.0104952932797
0.0101367621234
0.00878899736586
0.00568747977895
0.00854298623952
0.00577063770657
0.0049532706426
0.00527244388039
0.00725724624146
0.00693999430496
0.00920420466886
0.00803355657542
0.00828962587427
0.009754837043
0.0102431298869
0.00727653122066
0.00807614170986
0.00863275064166
0.00802122395817
0.0124639943971
0.00967140760106
0.00976007770227
0.00625376636858
0.00497836819381
0.00619324393973
0.00524569565792
0.00590907256511
0.00516747421494
0.0066800309186
0.00630929289387
0.0123626000525
0.0102491326922
0.00803448996728
0.00681271925421
0.00600615414487
0.00621654228724
0.00907873762689
0.00652848730253
0.00813010378987
0.00644999717162
0.0069336335843
0.0097682042831
0.00949697684769
0.0104037431085
0.0114844867028
0.00607687196596
0.00587617888435
0.0069647724794
0.00490296292548
0.00943463153883
0.0101945103887
0.00900408685998
0.00443973093418
0.00518479249027
0.00492245926668
0.00734926154857
0.00610519172359
0.00965927878457
0.0115676551801
0.00489199119131
0.00656154181705
0.00461292003529
0.00423053638414
0.00432570490406
0.0059841204638
0.00727564993046
0.00906275596466
0.00694328139737
0.00535741868013
0.00552439510797
0.00719806384928
0.0102473907854
0.00791654936902
0.00316501851163
0.00399215227845
0.00956806342843
0.00620889680906
0.00479116243376
0.0092125306716
0.00643708287553
0.00439108149421
0.00578678690855
0.00493320921593
0.00602193450592
0.00669293652384
0.00696341468339
0.00828833410856
0.00689525761994
0.00823340078498
0.0070094198557
0.00758209520094
0.00745971582617
0.00870560836813
0.00599800132599
0.00465325813302
0.00513415906457
0.00685997318777
0.00710469374348
0.00692692326957
0.00388064368877
0.00482488205318
0.00652925806179
0.00771481936877
0.00945518460014
0.00958056033322
0.0102370339959
0.00800057157536
0.00992958913095
0.00805462941101
0.00928537459168
0.00974176381286
0.0097042901546
0.00623384476
0.0082415416334
0.00569539457407
0.00838329489322
0.00789693118216
0.00757972551267
0.00754318624341
0.00461835067116
0.00520741024807
0.0086825091575
0.0097762894819
0.00316371199145
0.00428613040062
0.00266285613203
0.0039457614245
0.00381906481172
0.00451814832132
0.00355459202843
0.00444943808479
0.00351082510917
0.00505872510075
0.00622914795184
0.00438608014455
0.00288323263676
0.00477615866139
0.00354569546683
0.00299596733507
0.00298328786706
0.00402117714013
0.00608720177527
0.0047046502016
0.00442188256932
0.00572979835808
0.0063893388438
0.00609325899496
0.00822399953971
0.00613898612205
0.00696358950314
0.00765305207979
0.0122181559363
0.00704516419379
0.00641352429076
0.0139653555576
0.00920704315005
0.0072669458786
0.00758418021741
0.00817316382186
0.0117281636869
0.0131334423274
0.00711315672378
0.00533754971769
0.00465865662077
0.00736534722111
0.00318590664551
0.00564951055572
0.00568982585831
0.00755990669978
0.00708031958987
0.00621248176019
0.00580363447878
0.00791885122971
0.00679199030771
0.00616433114925
0.00552311384796
0.00638380500499
0.00592427410596
0.00491956189587
0.00658316247328
0.00499854739471
0.0136175797119
0.00983826241352
0.00522740327382
0.00452953547951
0.00596577851303
0.00561490727778
0.0113071905186
0.0121844470985
0.00739625762303
0.00695345246627
0.00824852308368
0.00750623729007
0.00716757139019
0.00646042010935
0.00702475038292
0.00673370967212
0.00889440265102
0.00951999008403
0.00959401805662
0.00611384696408
0.00853838864761
0.0102118855691
0.00526402221645
0.006354129661
0.00802125542302
0.00600394144458
0.0112746378742
0.011000885894
0.00865960443084
0.00972717278404
0.00748764476142
0.00687712777267
0.00423605951651
0.00357150402101
0.00450811840807
0.00502415769814
0.00515869568581
0.00477695432589
0.00579903884527
0.0056274358047
0.00890592994656
0.00835372500435
0.00759156652035
0.00694638414898
0.00383525234121
0.00323853055302
0.00732377460253
0.007975724014
0.0122978811896
0.00932952217108
0.00621181637232
0.00633895947764
0.00471354514675
0.00334739280484
0.00339236900825
0.0038869862297
0.0047810689539
0.00355034853169
0.00414390282154
0.00341598377965
0.00716163766011
0.00535733466586
0.0074088843714
0.00793152307791
0.00741924408782
0.0043574648011
0.00401235448137
0.00573957801513
0.00518764794407
0.00729590828866
0.00573807206259
0.00555987746368
0.00676776045073
0.0072880481505
0.00720615213282
0.00354254569459
0.00358808426549
0.00595079001071
0.00460891981026
0.00419135188082
0.00327034155184
0.00520323074952
0.00553654383806
0.00621947607818
0.00541760243905
0.00687675292283
0.00786086670007
0.00766009583176
0.00585963911255
0.00496396469283
0.0070610119192
0.00656807296736
0.00519532916691
0.0041781982272
0.00526151928882
0.0056394076252
0.00462145617447
0.00480823272268
0.00564561703524
0.00515435758423
0.00507912723018
0.00461033904001
0.00294174127718
0.00365408311245
0.0033504290748
0.00400649335065
0.00502911789827
0.0051895935874
0.00487355011002
0.0078200776048
0.00842807186494
0.00564225624908
0.00738248554781
0.00641103277111
0.00576663771372
0.00688650679345
0.0115493501786
0.00414363663621
0.00403359352688
0.00388589843098
0.00532507784271
0.00688468832221
0.00640827201586
0.00899317917665
0.0123246756065
0.00338673051518
0.0033278329377
0.00387073814552
0.00516665814658
0.005921839536
0.00777891235311
0.00773545426261
0.00486301854516
0.00523423017221
0.00231471275861
0.00226671407583
0.00183795117346
0.00205610090562
0.00247148662285
0.0020520749126
0.0032084685546
0.00433821196268
0.00301591903449
0.0051149128272
0.00734177409817
0.00370177849118
0.00465567841214
0.00854907086297
0.00554901883059
0.00434073362153
0.00370364954391
0.00367557699092
0.00436670354862
0.00583227989619
0.00582166350307
0.00564094887146
0.00260680431889
0.00294223907455
0.00259236455291
0.00304659366648
0.00223749812033
0.00264194545299
0.0046275617889
0.00565415084022
0.00307513624448
0.00984912564724
0.00934989041726
0.0048959352484
0.00597103159502
0.00493524684617
0.00461849840489
0.00545010501126
0.00540404349804
0.00889547996696
0.0078789675641
0.00870409913095
0.00791312100805
0.014890320204
0.0151275618477
0.00727067268196
0.00634646038295
0.0063724631734
0.00673569697392
0.00656503851258
0.00561437157087
0.00623688610434
0.005909156566
0.00386232305542
0.00338103153167
0.00430056678984
0.00354934635997
0.00546359349484
0.00487958824707
0.00552286666018
0.00418718126075
0.00331383660739
0.0100744696561
0.00403023317009
0.00473360174187
0.00479195247717
0.00516487002999
0.00907301928028
0.00873377940308
0.00537363686693
0.0052007528293
0.00599939958298
0.00464731828726
0.00848913598964
0.00872858200374
0.0103545534447
0.0106223332717
0.0104209832172
0.0103496074045
0.00578516317998
0.00487326573708
0.00586598410295
0.0056355208669
0.0101453759356
0.00852160543286
0.00513434573002
0.00443003815472
0.00541858317314
0.00510713354049
0.00933427883082
0.00874009744497
0.00562370426451
0.00457472800646
0.00498350717972
0.00529307434167
0.00933770295521
0.00985049762272
0.0042703477001
0.00353298634205
0.00332622223375
0.00428709325427
0.0095230010151
0.0077613273107
0.00539543618848
0.00462116257316
0.0052823683447
0.00389905869299
0.00442163519832
0.0035774618852
0.00399911803318
0.00336735910993
0.00895127144279
0.00924154421564
0.00740146073729
0.00868732235695
0.0101926792035
0.00992313635973
0.00937113955437
0.00931795481011
0.00527481858998
0.00444387234259
0.00478559154316
0.00522842731116
0.00729773817676
0.00662860844553
0.00844109746837
0.0082103531665
0.00834336305028
0.00882386249509
0.00686103365851
0.0074070821396
0.00755278441494
0.00809457024856
0.00610080048475
0.00569325661273
0.00468283947994
0.00414902405698
0.00482901918872
0.00510971156358
0.00521273833134
0.00486804686975
0.00827181857411
0.0157722373085
0.00465949066895
0.0040871968603
0.0040561918931
0.00400153503586
0.00702044312037
0.00697699042058
0.00727051870882
0.00670485863461
0.00441456811936
0.0046358738386
0.00654935757683
0.00814516711498
0.00421112925816
0.00373514719931
0.00380074061923
0.00404490926676
0.00690288847209
0.00605458159328
0.00716915159777
0.00805532026248
0.00689965373687
0.00753004203869
0.00285859037854
0.00226876745006
0.00275574481745
0.00215347153142
0.00321514962762
0.00298067151619
0.00304336607757
0.00317463420634
0.0051282166977
0.00460518709972
0.00452607779252
0.0038583236128
0.00443833192321
0.00396027039135
0.00681439198504
0.00613317971143
0.00667990560707
0.00606328277394
0.0045429448746
0.00454111227478
0.00351367964577
0.00349977249025
0.0042430281195
0.00282548041303
0.00368965860932
0.0103226521238
0.0129813939
0.00760502932464
0.00528384167968
0.0135404657841
0.0028301795082
0.00257228340636
0.00253131888603
0.00225612366237
0.00355715268639
0.00377937127409
0.00751797584704
0.0084794922188
0.00575201292834
0.00496857394851
0.0040998463096
0.00464587960204
0.00359489809929
0.00399941839021
0.00387408524171
0.0045210590769
0.00342777236983
0.00415815637171
0.00442015192579
0.00454384771251
0.00561829236525
0.00488784265442
0.00253405391534
0.00280581172389
0.00237104385228
0.00306476745035
0.0022935478248
0.00219310161019
0.00224965654539
0.00233542069683
0.00250125640012
0.00293061140737
0.00321318961156
0.00275731472713
0.00256379340206
0.00259079060939
0.00456358664452
0.00401442912907
0.00387253920681
0.00420068633219
0.00422557967295
0.00389124719994
0.00369808968304
0.00362214741961
0.0107784563112
0.0109636285045
0.00702013254182
0.00583345589904
0.00668227114941
0.00731251020743
0.00655623872382
0.0072553326226
0.0074977996974
0.00994154582336
0.00220328679526
0.00265004048214
0.00271659706812
0.00216431758636
0.00318477491242
0.00348632891545
0.00495616687391
0.00363369863994
0.0049428123787
0.00494972935671
0.00917906432511
0.00545253563518
0.00233751415764
0.00290433805986
0.00243280079259
0.00305030807854
0.00544551041309
0.00513411967152
0.00476451003466
0.00601944662572
0.00321619014023
0.00299755619976
0.00211149837114
0.0026692531099
0.00350372272001
0.00383416704433
0.00170361690319
0.00272633828106
0.00219036522529
0.0030309503517
0.00358633391934
0.00667049701323
0.00416837575409
0.00382620505337
0.00351175664118
0.0041197729921
0.00393108741501
0.00357743682679
0.00278971857049
0.00263890582765
0.00301584211251
0.00267998158509
0.00382988962549
0.00367262720789
0.00489753031673
0.0087547080799
0.0052626570248
0.00354373676912
0.00472656744335
0.00326244355652
0.00232588654331
0.00250889127938
0.00546761775801
0.00529150247301
