0.127305377436
0.122054113428
0.127636229823
0.121807782621
0.120089391582
0.121273386112
0.12645463479
0.127372581148
0.118645711588
0.125473367029
0.0497379467523
0.04484356157
0.0448919987429
0.0480995935352
0.0711393937443
0.0734811902094
0.0729639766312
0.0727003069736
0.0726471180149
0.0442587899985
0.044782637162
0.0470601091434
0.0441669253255
0.0728250201333
0.0745256948095
0.0730565882092
0.073409788075
0.0449832421304
0.0456901707409
0.0523950901994
0.0487497147086
0.0788540294061
0.0711810017048
0.0838558091929
0.0744160918947
0.0455623369749
0.0453739884291
0.0448189692697
0.0486199741558
0.0705532731209
0.0705467069782
0.0728655078076
0.074671941915
0.0481660776862
0.045056661181
0.0497094994806
0.0454903015017
0.0706301026146
0.0423652234259
0.0421736420276
0.0729442926759
0.0475031691895
0.0455380576801
0.0466005273646
0.0473059313062
0.0725353768399
0.0736071697618
0.0456756223357
0.0467450983786
0.0449926303585
0.0401835361457
0.073377730442
0.0217746657202
0.0450179109259
0.0427417232613
0.072160974326
0.0426442201995
0.0433229847335
0.0425158557345
0.0433741737147
0.0379268068619
0.0355914852694
0.0365795500504
0.0358217713267
0.0798187561731
0.0805946452633
0.037394711539
0.0329173021588
0.0385173160948
0.0375163594931
0.0383078409495
0.0331810391981
0.0361517676899
0.0350744780267
0.0368785870552
0.0348793075827
0.0394703343157
0.0377276476627
0.0809229124179
0.0796634366546
0.0347552488679
0.0354685078369
0.0362124108119
0.0378046167503
0.0799151959335
0.0801706595967
0.0377549674995
0.0340321743206
0.037285509539
0.0388909014715
0.0367622057531
0.0357309545574
0.0354528268888
0.0371438713768
0.0395518389275
0.0383502621693
0.0391837255684
0.0385733925072
0.066895737762
0.0675062042314
0.034204544955
0.0326816451019
0.0352959721877
0.0380946353303
0.0366310173362
0.0357921560401
0.0378053046561
0.0350676998722
0.0451176457966
0.0440408992205
0.0474418228591
0.0451599693723
0.0473726030975
0.0405109696188
0.0451889086622
0.0448284129925
0.0408197454446
0.0403973467585
0.0404065796662
0.0407101127698
0.0439505714938
0.0466477505538
0.0443770682813
0.0437503508449
0.0415351372574
0.0462034969714
0.0418959206388
0.0393245537854
0.038798392522
0.0419253289939
0.0407717881093
0.0408470974656
0.0460650398225
0.0397440057885
0.0406801836902
0.0390821692254
0.0401992509692
0.0406129585396
0.0362100536188
0.0440189726754
0.037787680837
0.0395607286819
0.0391535685328
0.0362028031188
0.0344023822581
0.0329413754639
0.0317260786972
0.0351544158628
0.0320438256748
0.033279767929
0.0355855077986
0.0344436404884
0.0350337316194
0.0337530504185
0.0345080431368
0.033289109969
0.0333576298778
0.0326035360841
0.0334285118673
0.0362148633477
0.0332610664078
0.0345450051877
0.0344784872584
0.0353656147742
0.033441928208
0.0326722552928
0.0332957620625
0.0363032346867
0.0421696282195
0.0429404931944
0.044008744209
0.0397822058281
0.0399150219657
0.0457935077005
0.0460376091808
0.0399553323199
0.0404471787904
0.0425974174203
0.0408774178637
0.043251311368
0.0385021865205
0.0349905107358
0.03436388109
0.0379733424777
0.0381235799492
0.0440845704653
0.0348680367859
0.0383480461086
0.0419214976927
0.0360555756216
0.0383196615845
0.0425198376578
0.036822343755
0.0378174549939
0.0368347670638
0.0376046487423
0.0371620229102
0.0379673243368
0.0377680451517
0.0383805278698
0.0370313211849
0.0380657848308
0.0377753479146
0.0384126956312
0.0311664235322
0.0325001941717
0.0325167529014
0.0319541803905
0.0321992377863
0.0321821921919
0.0317753015274
0.0308471994911
0.0392150054263
0.0410771973261
0.0387556118034
0.0406481889084
0.0404454722027
0.0530836624109
0.0243385878409
0.0242763340957
0.0141533468622
0.013504668472
0.0141834515021
0.0109368083961
0.0103491240155
0.0396264552588
0.0390885085118
0.0382433425944
0.0116227925634
0.0401457759989
0.0109409698327
0.0131980748869
0.013918844497
0.0140542761199
0.0251692418011
0.025010327066
0.0398349183824
0.052543045355
0.0245657046898
0.0244408479493
0.0143791772487
0.0132580825282
0.0155626190819
0.0142607444148
0.047380479825
0.0440319055339
0.0436735901994
0.0473518365226
0.0262039981594
0.0396684890248
0.0140331595364
0.0154160244726
0.014860949988
0.014933347321
0.0250280057797
0.0250559584549
0.0392051902971
0.0733331302427
0.0370098703421
0.0378862915091
0.0373859856839
0.0405992218903
0.0370968715886
0.0401962880493
