0.0229743041997
0.0104220224384
0.0163750371122
0.00753241484893
0.0183947506611
0.0118736285359
0.0319796360184
0.00889272782536
0.00872991045762
0.00917635196345
0.0100960636539
0.0110458254013
0.0107735283218
0.00889274041669
0.0103484999479
0.00996124226286
0.0102445068757
0.00960169132813
0.0103457097909
0.0105180741591
0.0107372238311
0.0105098290399
0.010735870099
0.00884567824537
0.0103417702825
0.0103590127572
0.00859690360109
0.0102946689635
0.0101177046481
0.00869534765547
0.00900412033196
0.00898362662096
0.0100682909318
0.00864180790221
0.00981352440983
0.00907012498043
0.00753774018211
0.0100089229838
0.0071933048647
0.00971973788805
0.00818433115161
0.0068669944039
0.00837928043029
0.0116238126216
0.00699022871454
0.00837490594594
0.00759322151813
0.00938078358278
0.00636752134074
0.00903421058117
0.0178508168802
0.012567074471
0.00995719566939
0.010415395229
0.0112970241664
0.00955851571219
0.0102607942436
0.00823677394755
0.0089409172097
0.0173617984817
0.00831137484394
0.00721480990634
0.00826099608659
0.0155963955492
0.0151733517783
0.0100392341281
0.0061662355732
0.00831682047468
0.00983209133693
0.00990597433834
0.0102308604904
0.00866443594694
0.00897809490217
0.00959058711233
0.00770784282125
0.00865101554447
0.00847135337144
0.00890087316496
0.0072343865303
0.00751000157257
0.00856347998665
0.00841470647441
0.00855914077993
0.00733735281515
0.00378483285184
0.00447647735938
0.0038343920309
0.00534485605303
0.00597065363022
0.0054252750868
0.0046602097673
0.00780834229559
0.00453197049101
0.00511232670194
0.00493037985422
0.00565826710398
0.00473723141896
0.00487254279458
0.00492009250322
0.00389773251772
0.00336965167981
0.00310387209977
0.00273841939221
0.00236998034234
0.00247030520672
0.00266488352523
0.00331516307007
0.00270228598289
0.00248259561443
0.0129322899247
0.0104130233375
0.0097267649381
0.0110061765063
0.0031977436336
0.00550829379167
0.00503445296939
0.00708204793411
0.00660710663443
0.00529113700231
0.00522588963748
0.00462433271064
0.00289918025864
0.0028422694872
0.00302590246591
0.00264990872963
0.00297248802201
0.0052720871255
0.00459565132617
0.00712472262628
0.0041997883572
0.00439580421661
0.00419178024426
0.0047448797221
0.00376567474007
0.00434928850389
0.00430158136034
0.00356427649136
0.00347194039317
0.00385556462703
0.00474992408724
0.00517805805674
0.00448990176233
0.00731839179534
0.00267411887273
0.00297681186383
0.00771286873586
0.00291985251769
0.00305261569765
0.0028212230601
0.00353510487136
0.00429427864996
0.00371075457654
0.00398898725543
0.00418849428294
0.00471971309054
0.00476741311386
0.00388519682189
0.00381076569715
0.00432952825702
0.00496605022093
0.00467436179859
0.00533590219768
0.00528378433149
0.00736744688781
0.00412620786548
0.00437542911417
0.00520949213164
0.00436094230118
0.00685286259092
0.00511686954049
0.00673142123923
0.00459107372854
0.00752855837306
0.00537360190163
0.0059469900962
0.00673455757783
0.00730852502693
0.0062624908241
0.00562113948359
0.00400456680035
0.00383528752981
0.00493947534581
0.00431799129813
0.00266063972379
0.0035878846687
0.00296928698151
0.00314229327607
0.00397811459475
0.00675274324495
0.0048204461303
0.00655111965525
0.00606753024074
0.00587632028152
0.00552912365453
0.0050262060563
0.0058616441178
0.0054029030242
0.00544852570474
0.00400060370605
0.00484097995071
0.00619539534034
0.00569834465451
0.0061249550928
0.00533159105578
0.0150805491829
0.00866491078506
0.00770030523449
0.0267777399478
0.0270947461852
0.0128347885017
0.0149724187952
0.0194164504368
0.0140132491255
0.0128911257472
0.0104248810797
0.00989894381002
0.0102086008597
0.0126745867593
0.0114388883593
0.0124178891247
0.0113634847111
0.0199294513885
0.00727864988572
0.00794148899354
0.00886942676986
0.00878400368749
0.00787529277202
0.00822531577242
0.00816737282128
0.00855421573845
0.0114868483988
0.0102728663001
0.0101361115498
0.011118473636
0.00998294833322
0.00934700159247
0.00983907487323
0.00965407085708
0.0105119772178
0.0108102356995
0.0106391279611
0.010358572749
0.0112664211648
0.0115377181372
0.0104435927321
0.0105977706315
0.0109054482453
0.00968711680286
0.00842317616981
0.00844615967278
0.00841809194051
0.00909859217388
0.00888137845614
0.00955708628308
0.0102180441773
0.00968260916473
0.00919740331084
0.00925536171875
0.00843055165199
0.00861285817873
0.0108475018986
0.0111497409313
0.0109775647814
0.0086477557493
0.0105581046303
0.00926119989375
0.00965878301598
0.00954028148057
0.00892245178201
0.00703124339513
0.00655685306687
0.00879637333859
0.00941608135561
0.00961243232047
0.0117342653293
0.0256613174465
0.0243726778369
0.0197861532879
0.0189453429715
0.0112941051619
0.0121690755976
0.012171519759
0.0120286622017
0.0106147744558
0.00997154288302
0.00900028272402
0.0106076159485
0.00895271573689
0.00700390920576
0.00642952366258
0.00792820632636
0.00751098317246
0.00610661204557
0.00856815955013
0.00532857585411
0.00635143909533
0.00512043289716
0.00515711078207
0.00501032931865
0.00938720246043
0.00727721367104
0.0099103631414
0.00788179610047
0.00959519159023
0.0110452269806
0.0131579288698
0.0126392943048
0.0146191615898
0.0164818502038
0.0158876923945
0.0202531265047
0.0203886233953
0.0173532825346
0.0161931049861
0.010330368306
0.0111254430919
0.0109217591943
0.0111325150998
0.0101548362164
0.0104075873183
0.0116920813912
0.0102063852672
0.0182665495292
0.0167155179517
0.0110790147881
0.011641605079
0.0117803935217
0.0067236438381
0.00717602827676
0.00910103498593
0.00866864873828
0.00666361603222
0.00860807411059
0.00784340507335
0.00968434703523
0.0150109521308
0.0146178330691
0.00911496177298
0.00724631673041
0.0152270623373
0.0133830997544
0.0160646262951
0.00999302868761
0.0090271254768
0.00869699219821
0.00978655161113
0.00937612074678
0.00956607598428
0.0097407299467
0.00959949379719
0.00926555583802
0.0100483578466
0.0083724242845
0.00810048270598
0.0128061153433
0.0124522335538
0.0117909637664
0.0110312653769
0.0109923388529
0.011160913698
0.0109867794461
0.0107602478483
0.0104707660704
0.0117909029709
0.0117827395493
0.00883023431374
0.00939035711394
0.00875708398442
0.0200438014633
0.0186486483308
0.0170096609251
0.00921436399414
0.00686219355359
0.00901170388233
0.00627554709018
0.0108288380351
0.0111580394968
0.0101155845629
0.00870421142152
0.0089946724255
0.00909178642929
0.00893379102354
0.00829185946545
0.00827364978023
0.00915822819311
0.00626408877665
0.00608915545983
0.00939928926505
0.00929567557632
0.0113296492774
0.0117928621556
0.00519021590738
0.00473465526557
0.00616120553927
0.00522963942109
0.006033347822
0.00639320020602
0.00634341144354
0.00675473506121
0.0123873816375
0.0224762533399
0.0220801594337
0.00755481717172
0.0202360107991
0.017521441803
0.0168605759649
0.0146688475507
0.00998831043723
0.0102660309391
0.00902959922192
0.018689795162
0.0186618294778
0.0211137583456
0.0224365895032
0.00762541646564
0.0205263613887
0.00814117250975
0.00844030981042
0.00790378680205
0.00946378720665
0.00764556033808
0.00860584238648
0.00822559755394
0.00900328018924
0.00696373217051
0.00689069410866
0.00574892883861
0.00738951226744
0.010308921998
0.00976229411821
0.00856137382483
0.00975463246676
0.0168735206021
0.0175331777363
0.020134823783
0.0181836142634
0.0204528416658
0.00253791794309
0.00513820422352
0.00531009383715
0.00586702396104
0.00576236549981
0.00508341127403
0.00497936466673
0.00574132451123
0.00560266208081
0.00543188022405
0.00353624167011
0.00267172762095
0.00266480995493
0.0033741461901
0.00267005912044
0.00267789613689
0.00307988909373
0.00337692635166
0.00256094450764
0.00304357128873
0.00262022814161
0.00373292064635
0.00618134142951
0.00509391118054
0.00338655233308
0.00271049277211
0.0030994066967
0.0026687386603
0.00329676382914
0.00261306096992
0.00262832397763
0.0025972959619
0.00331691361167
0.00290151215204
0.00242649727707
0.00251535716763
0.00247869866008
0.00249401921565
0.00240856232175
0.00221955646087
0.00868455482053
0.00937360084668
0.0029359374075
0.00806184073432
0.00783611325956
0.0098792888155
0.00246649670227
0.00292368579272
0.00249792862505
0.00300719827726
0.00255697008926
0.00265778218586
0.00260840187811
0.00262111748869
0.00251509290161
0.00251161828248
0.00256293025484
0.00256491031101
0.00289848408277
0.00300618608668
0.00280021008573
0.00397569426167
0.0022098398883
0.00246410446517
0.00240404516728
0.00246691781154
0.00247387160931
0.00246438964935
0.00252329497765
0.00248428440236
0.00246645690761
0.00251987312695
0.00229382854448
0.00248262235197
0.0024781396556
0.00254683045442
0.00251592858671
0.00253159119656
0.00525794442539
0.00352169991665
0.00292399873885
0.00372794362907
0.00266455451043
0.00307835670239
0.00263922367974
0.00333736583155
0.0025255987697
0.00258585856139
0.00250706487712
0.00231184986374
0.00574806628781
0.00754668257655
0.00238311113646
0.00254049751616
0.00263585355945
0.00258886223848
0.00261374885239
0.00266349150604
0.00266511715983
0.00261208652745
0.00262957095058
0.00262736544818
0.0026386201106
0.00268780270486
0.00263776663819
0.0026416771464
0.00268908333585
0.00265202794843
0.00263877069241
0.00272601438448
0.00270280287187
0.00269561152883
0.0027546951546
0.00274463986033
0.0027576782068
0.00274568842068
0.00283631597856
0.0028597585224
0.00370554323085
0.00283254700618
0.00270133240052
0.00270936781002
0.0027099226511
0.0026584606773
0.00266250928441
0.00259913229221
0.00263844294123
0.0027326436751
0.00253931314851
0.00266739640671
0.00255466277973
0.00264554741471
0.00261071405211
0.00273730074212
0.0035527289182
0.00266650722025
0.00280030960227
0.00313206374451
0.00267368299374
0.00368602802554
0.00262073670298
0.00265090921404
0.0026979114619
0.0023962283547
0.0027693221255
0.00316015717923
0.00416622394475
0.00264863360679
0.00292849412492
0.00289160744514
0.00358406498297
0.00344641628852
0.00297833522288
0.00835398222589
0.0024307396431
0.00284891622088
0.00332104044403
0.00258367896922
0.0033041387055
0.00264009494538
0.00265585206506
0.0026893550132
0.00305278511206
0.00260770528762
0.00325153013661
0.00269224240902
0.00253183048048
0.00254065034189
0.00253843403328
0.00250394358028
0.00487257144895
0.005872461419
0.00463641792605
0.00458179815019
0.00249428512277
0.00249293821831
0.00269475374817
0.0025500100032
0.00252736398152
0.00250979681221
0.00288075571115
0.00249409939926
0.00272691343513
0.00250597480875
0.00308201149642
0.00256991005706
0.00401350070544
0.0035376178171
0.00241604001333
0.00239168257952
0.00305474515195
0.00290073254457
0.0043404617629
0.00489778942988
0.00676563952958
0.00679986524568
0.0055774095715
0.00769266121629
0.0107877295579
0.00817601124881
0.0112443810341
0.0106142281082
0.0121874123247
0.00982597101035
0.00810212081198
0.00978297675104
0.0049364279197
0.00410237798023
0.00579873742836
0.00661810116528
0.00522385936038
0.00407812792464
0.00466149166669
0.00449585617411
0.00494714141802
0.00360767491225
0.00635591789416
0.00568270722194
0.00358758111997
0.00344777949545
0.00298245066108
0.00302302640479
0.00275604563711
0.00285033960236
0.0028375556032
0.00269730914874
0.00270770133437
0.00270713606013
0.0027148678159
0.00278763274801
0.00298911224077
0.00338214922449
0.0029746057708
0.00356159195391
0.00278526623107
0.00284455209809
0.00307003681448
0.00286907189781
0.00255849616431
0.00291899518032
0.00314238578775
0.0031454614084
0.00339596791738
0.00356926137617
0.00274449222143
0.00235231745477
0.00351460862214
0.00299344889979
0.0032588446132
0.00322510323962
0.00279486973201
0.00284704463743
0.0024600399919
0.00256280832062
0.00256966690607
0.00260318695905
0.00276328433439
0.00320319205795
0.00332285484353
0.00269082447297
0.00257058922436
0.00259236360277
0.0025458044184
0.00257026095983
0.0034820421611
0.00286918161252
0.00285315915208
0.00293738688537
0.00263245477199
0.0026964406262
0.00258739606068
0.00262631872129
0.00278597260016
0.00275543701871
0.00308935926487
0.00270839968793
0.00263849267745
0.0025897811366
0.0026232941835
0.00263079903745
0.00357790196556
0.00342238563732
0.00280060297165
0.00276437805525
0.00272074457726
0.00288035357751
0.00333121211552
0.00288397459669
0.00308632432268
0.00396070793678
0.00349499952469
0.00351256041717
0.00285883897996
0.00324275402382
0.00336217697189
0.00336617146317
0.00260527242292
0.00259923232652
0.00256500115413
0.00276887734697
0.00251070739302
0.00212006244439
0.0025068760643
0.00251092333055
0.00270809267952
0.0020346278421
0.00230818111234
0.00253179154043
0.00224788265766
0.00254857027594
0.0025156164413
0.0030798850156
0.0031874719475
0.00307634491061
0.00457913236489
0.00417562028209
0.00532745953879
0.00371858169638
0.0162673680055
0.00972044414627
0.00411502950513
0.00454343923516
0.00423197738538
0.00532160996433
0.00568908866804
0.00486154672757
0.0043144765566
0.00544837413348
0.00592816158065
0.00453452369699
0.00452294018883
0.00396731164519
0.00484593445578
0.00472471205211
0.00429072504636
0.00653459952227
0.00586828654001
0.00421715632906
0.00467323177284
0.00530151400339
0.00258214302143
0.00452196199177
0.00522228487413
0.00650766368161
0.00659856066822
0.00483362693082
0.00407882893318
0.0050746297251
0.00289580256509
0.00870318634506
0.00844595025528
0.00660795751966
0.00620630779845
0.00514468085555
0.0137659660709
0.0131553566587
0.00838626256445
0.00542261984366
0.00306874740257
0.00276734924269
0.00265859258578
0.00344964392772
0.00259700295309
0.00267527042776
0.00346231046832
0.00355246304966
0.00576816033598
0.00554664009903
0.00249711816772
0.00249566327911
0.00289116398062
0.00310074662652
0.00399748555996
0.00462390172058
0.00363899074249
0.00401078840014
0.0040564848554
0.0052444170791
0.00599052496857
0.00522681880788
0.00460317040885
0.00675745889135
0.0068501386391
0.00757680464268
0.00753238041887
0.0107036251014
0.0104616412429
0.0107375895639
0.0105729528205
0.0118701908299
0.0154659323825
0.0126431082395
0.0162877886166
0.00697644984784
0.00677215730526
0.00533969164897
0.0053751460829
0.00706265225574
0.0226027446994
0.00835037660863
0.00597247546089
0.00725962183222
0.00771077219982
0.0045405337222
0.00626347228603
0.00552538628922
0.00688111574744
0.00268417065292
0.00480472653459
0.00559457564125
0.00613259536056
0.00695694424492
0.00475993299277
0.00511096113828
0.00546475694187
0.00460626676603
0.00421273233047
0.0062628325576
0.00698776699339
0.00647745904015
0.00762843255658
0.00605710284639
0.00576334731115
0.00544525949933
0.00964259850222
0.0128369017448
0.0082748991911
0.00869308783706
0.00735755443829
0.00819934794954
0.00726799606249
0.00652930614923
0.00667923555605
0.00783227463279
0.00733174245779
0.00677585707073
0.00683158331118
0.00602778130254
0.00517268595492
0.00613179959644
0.00490513868754
0.00107804694268
0.00319570542421
0.00672866022397
0.00417645616248
0.00495424931644
0.004302784903
0.00538418869741
0.00501720918978
0.00548086146453
0.00601254865181
0.00597851400923
0.00456739004248
0.0050575618764
0.00441785400079
0.00563777966461
0.00650335105255
0.00714220781821
0.00641488166575
0.00712547462368
0.00956057355944
0.0102292071056
0.00845307130598
0.00782113493371
0.00719551603986
0.00778669475405
0.00623148397309
0.00453042180684
0.00527855792373
0.00384759911805
0.0070447398702
0.00651944426151
0.00359506732532
0.00445011504633
0.00457388798894
0.00472419711022
0.00407015576587
0.00617718636057
0.00661434638199
0.00531150722082
0.00419106993567
0.00468613674092
0.00433705544963
0.00274274906767
0.00257350871311
0.00252779610908
0.00284664336763
0.0025112464174
0.00248877678603
0.00252990836407
0.00327329820684
0.00259371595361
0.00272415687408
0.00316662498357
0.00313934779828
0.00253046801395
0.00251698622626
0.00255113340358
0.00336701487927
0.00581403279529
0.00579966928276
0.00248786251399
0.00239444117774
0.00276282007623
0.00240846306797
0.0022280120018
0.00228101933403
0.002369494584
0.0023926488558
0.00317027650765
0.00295530997039
0.00242537788356
0.00240230503904
0.00290478375405
0.00248118589763
0.00462842559808
0.00305128811764
0.00272021400071
0.00262007928005
0.00291658577869
0.00357090768871
0.00334824333614
0.00534826968925
0.00328673546377
0.00224109889011
0.00188588896977
0.00176479228207
0.00207092108495
0.00123584003748
0.00107459928101
0.00160152097234
0.00133404115309
0.0014277797329
0.00122420717321
0.00163341082109
0.00161574071188
0.00300997517843
0.00409695100728
0.00946348006023
0.00692236476387
0.00348515635969
0.00396594059764
0.00353070730236
0.00505192816014
0.00495471287643
0.00667481955092
0.00533743237417
0.00711005383179
0.00517876483622
0.00355874874111
0.00474244553385
0.00530509256563
0.00322259321096
0.00317325104791
0.00489088737978
0.00609654591521
0.00592745525503
0.00161990245251
0.00353078282398
0.00929209857787
0.00826968992644
0.00882939752046
0.010393404599
0.0112038882363
0.0123302843329
0.00966911115144
0.00886370213291
0.00859646297364
0.0094496436291
0.0150199028749
0.0137846353467
0.0132876087332
0.0183469340442
0.00776665641688
0.00759038496872
0.00858121343512
0.00778568644436
0.00845696563746
0.00870844859913
0.00962711116807
0.00959980489833
0.00538742362024
0.00544378137745
0.00468758555085
0.00632872332977
0.0133027162419
0.00610206229218
0.00271714764093
0.00274913585787
0.00271028741904
0.00270745959337
0.00272330123454
0.00236347625183
0.00223764087422
0.00273205248339
0.00242610933881
0.00237968808129
0.00210685607448
0.00239766534564
0.00381823600635
0.00360784781065
0.00317927071676
0.00338874422832
0.00336503337465
0.00361000953467
0.00384402273561
0.00355842043291
0.00273396705961
0.00263790463665
0.00224792629048
0.0030141503041
0.00401811159936
0.00501236050322
0.00220196481361
0.00190707554474
0.00207887985757
0.00182929758342
0.00209729858702
0.0019852557379
0.00208277147705
0.00182004906924
0.00237914885463
0.00234575150891
0.00241736614952
0.00232534146952
0.00249706995836
0.00247925342727
0.00248089215986
0.0024493161532
0.00257184413784
0.00250458171574
0.00255862462096
0.00253922883969
0.00244422659701
0.00233458207838
0.00245606573694
0.00235282860635
0.00275229630482
0.00270475125965
0.00326712056653
0.00268516537157
0.00444061076001
0.00345775217827
0.00316883567127
0.0029902661857
0.00383985724162
0.00889422342277
0.00267693947168
0.00280466762862
0.00262784317186
0.00265136740891
0.002114367475
0.00199402055078
0.00217546971009
0.00184878983612
0.00221476964978
0.00209337797619
0.00226723744995
0.00196498108147
0.00868879371456
0.0101788197028
0.00427582324088
0.00356157608697
0.00325399551178
0.00323806179982
0.0038100086006
0.00334515061921
0.00304014268546
0.00311764664984
0.00277589374067
0.00295535048551
0.00294695424888
0.00282434401338
0.00282731311423
0.00294596155459
0.00338408883763
0.00291939404918
0.00328319085593
0.00281847086275
0.00280289931705
0.00293338332228
0.00244197749155
0.00207845607178
0.00202535885361
0.00241836946488
0.00281439768952
0.00272782401701
0.00272159859797
0.00269778112208
0.00312989060172
0.00337488279577
0.00384195491829
0.00342843155808
0.00631068271072
0.00677075481889
0.0023490113676
0.00221360462638
0.00235991078287
0.00202171923178
0.005021300089
0.00450472288018
0.00542165594402
0.00496831989714
0.00502984138491
0.0042741216153
0.00392634541435
0.00515717774828
0.00848871383873
0.00819751646952
0.00483701383274
0.00416876585373
0.00379530692806
0.00443927564732
0.00840162392704
0.00801140704669
0.00850025975192
0.00725894045934
0.0091049823428
0.00883220408497
0.00939441532916
0.00955967347218
0.0104192039927
0.0105268926602
0.0110324472217
0.0104297129838
0.00973271030743
0.0089802330196
0.00839982905811
0.0101376529849
0.0103997750805
0.010092319574
0.010690607585
0.0108451907267
0.0181062204832
0.0177455355455
0.0102976837852
0.0107271226617
0.0112152875177
0.00960713636921
0.00619502711973
0.00613728718859
0.00562629361057
0.00547770280563
0.00504642104065
0.00450063586486
0.00531828055725
0.00562732216974
0.00591680818184
0.00639028608339
0.00363195917911
0.00307914398993
0.00266342345828
0.00278213696234
0.00300471249317
0.0049072325968
0.00260827309202
0.00264812928617
0.00281331987547
0.00250696312556
0.00290936020506
0.00270970257564
0.00264476334113
0.00243793365239
0.00337460501042
0.00324550076606
0.00370467684481
0.0029240389052
0.00252442535856
0.00276182500724
0.00253386196347
0.00302464889833
0.00516331112154
0.00563284389686
0.00476765991802
0.00624185953224
0.00720746030761
0.00631611800244
0.00613222922001
0.00640777515552
0.00287904814344
0.00247384905462
0.0025347342299
0.00247804641514
0.00246419688619
0.00248547546888
0.00239804796963
0.00240441399863
0.00285825023745
0.00329031674303
0.00359633912581
0.00291498507693
0.00249717611001
0.00311362363795
0.00255289572202
0.00290751825739
0.00425650789347
0.00749657581956
0.00622707647704
0.00765635576436
0.00335708859707
0.00396031600466
0.0042239351936
0.00319778019416
0.00269441253902
0.00617137159856
0.00606954667064
0.00671063070352
0.00566046184575
0.00704213872068
0.00509588361231
0.00513402922285
0.00487252119927
0.00541248406549
0.00273263279338
0.00278004118928
0.00244336723394
0.0032347877691
0.00535739791412
0.00583792800725
0.00251172104313
0.00490664707494
0.00514383687983
0.00476444267457
0.00432369417292
0.00432441005729
0.00400848131888
0.00495381717582
0.00590887144629
0.00659543416367
0.00866126091866
0.00959325773639
0.00619682973129
0.0057895057122
0.00585322659164
0.00563664966833
0.00621024167566
0.00566661153858
0.00509082346961
0.00451205791086
0.00295292037436
0.00242131593506
0.00254900657084
0.00239150575055
0.00336958006947
0.00300366850394
0.00379844542194
0.00293528115633
0.00223278206897
0.00221915849859
0.00232014651393
0.00209665478737
0.0103763632219
0.0108632491992
0.00815908591354
0.0087644270558
0.00711093293382
0.00726539277696
0.0029696766346
0.00308551268665
0.0029838858654
0.00350744396147
0.00508030621728
0.00532737794871
0.00506006558805
0.00600405636874
0.00445864908342
0.00614807159125
0.00456023406407
0.00568714896816
0.00250831866095
0.00242077356284
0.00221322803998
0.00217802993327
0.00209798240634
0.00230001211905
0.00221569997788
0.00205606697543
0.00204774952392
0.00221652357478
0.0021270280742
0.00216794841598
0.0059050815557
0.00582668928973
0.00510000254889
0.00530111300181
0.00437656367405
0.00443301527744
0.00476291815448
0.00508128574616
0.00400494507901
0.00424854863129
0.00404916189232
0.0044131864311
0.00298020846825
0.00330774238793
0.0038514997806
0.00310353680951
0.00357986021772
0.00320490461124
0.00282637702911
0.00296318975399
0.00324094667241
0.00277784343227
0.0031728562057
0.00286133977126
0.00277880578094
0.00242900582937
0.00282346427611
0.00228931408666
0.00263496901586
0.00228948057724
0.00280199789986
0.00230678058372
0.00297643785583
0.00242809822291
0.00318759770124
0.00233770140443
0.0059642362379
0.0061733119823
0.00239833366959
0.00245122291042
0.00322436031788
0.00316316189748
0.0108828614074
0.00942390290159
0.00247595021139
0.00245076829329
0.00283848797544
0.00268198049632
0.00256924591668
0.00240045084889
0.00287191549529
0.00302610439356
0.00288675726103
0.00297204984349
0.00282412115515
0.00322519403991
0.00277458916192
0.00296622442394
0.00298056995321
0.00299440457832
0.00380367145167
0.00317394330722
0.00353203794584
0.00319161964879
0.00238245474691
0.00282299983521
0.00274115812534
0.00288114725051
0.00334231006559
0.00401309198894
0.00471959915386
0.0040329317157
0.00355099390583
0.00395924564109
0.00398342853134
0.00410488603314
0.0165663282769
0.0143314873328
0.00716910761384
0.00689674682725
0.00845546557449
0.0065025027151
0.00850847361159
0.00847499921679
0.0104076827895
0.00978462673205
0.0110011481905
0.0097621209092
0.0105641586625
0.0101024001738
0.00619148283135
0.00668629307465
0.00738923195004
0.00780335712604
0.00848708510477
0.00764819215001
0.00781215565882
0.00738705700691
0.00198196805147
0.00182722213012
0.00223096033223
0.00226483284949
0.00213229541488
0.00196380670331
0.00236101400734
0.00234439018038
0.00219867808407
0.00196226236903
0.00237555534251
0.00241768063595
0.00211001785606
0.00195083274437
0.00227236152594
0.00221694169757
0.00222156328825
0.00204964830566
0.0022247738081
0.00189770781657
0.00223140993672
0.00198796951389
0.00219614153881
0.0018739020236
0.00208975653319
0.00189258885458
0.00220119791217
0.002061055974
0.00237216515207
0.00235307163506
0.00240795748225
0.00240754835174
0.00243304332819
0.00236271678525
0.00238013411856
0.00240521418958
0.00231274845277
0.00225288103358
0.00227694157458
0.00226247986424
0.00226391967218
0.00246682104604
0.00228228773713
0.00266423511273
0.00331611368723
0.00326151183057
0.003409165394
0.00367288344391
0.00402400013615
0.00327250163074
0.0032135048109
0.00645385372694
0.00630382287413
0.00754167223706
0.00559282227316
0.00489840260016
0.0030826184826
0.00243154301576
0.00234275734541
0.00269511099996
0.00310112923663
0.00263907186136
0.00263905735385
0.00314574198184
0.00389570361641
0.0049354860826
0.0019931280351
0.00440072820814
0.00207527625633
0.00247903124903
0.00227576274835
0.00274045183748
0.00307836616126
0.00224672431443
0.00246931721806
0.00224829828758
0.00316566318112
0.00478249119228
0.00516598298487
0.0051219553811
0.00511453463999
0.00538030160672
0.00483168518775
0.0063008433615
0.00500617026411
0.00530990620586
0.00495804098481
0.00632045482734
0.00199578464971
0.00200969992214
0.0018537494468
0.00215237424538
0.00541989733436
0.00434538663581
0.00471487913313
0.00522529571022
0.0027359626735
0.00280559478966
0.00243324910131
0.00317457563383
0.00286439389325
0.0034534441773
0.00346972158059
0.00412227894385
0.00300101283587
0.00442834269659
0.00343610015015
0.00438854626729
0.00162416370258
0.00184064767183
0.00190596082202
0.00188801251927
0.00199061414184
0.00172372423972
0.00189372406223
0.00172625632459
0.00223353222006
0.0025616454377
0.00211386740676
0.00231084143735
0.00220683026848
0.00194880905347
0.00191156321775
0.00179655380758
0.00242176540078
0.00509296072713
0.0023824735475
0.00229543680818
0.00217473839588
0.00229998783055
0.00254284472017
0.00261110515412
0.00301162892145
0.00238082873249
0.00249848988169
0.00264368725511
0.00315531445729
0.0023705916587
0.00141491141652
0.00160862710823
0.00155479052514
0.00178517544761
0.00174414343285
0.00161734125968
0.00151963054859
0.00147281163194
0.00123385783763
0.00182371136536
0.00181558813475
0.00243052582743
0.00277879426524
0.00265211141412
0.00324402024544
0.00306811056829
0.00263173394645
0.00274978416437
0.0019176868343
0.00202294533969
0.00209104134939
0.00263768955617
0.00311930018122
0.00247122932732
0.00296879468669
0.0035792702231
0.00263832783259
0.00615378628737
0.00157305834657
0.00167168700744
0.00165609924456
0.00166496770338
0.00252579152883
0.00268765014481
0.00190479612067
0.00394295133319
0.00397181199149
0.00407870566146
0.0021941439132
0.00244191095519
0.00201793343486
0.0025043802351
0.00452961666723
0.00517562187809
0.00146793129485
0.00161818182318
0.00152944577298
0.00175528457687
0.00179755179517
0.00161913180295
0.0015428554473
0.00142125314098
0.00105313052358
0.00183551265175
0.00185517702971
0.00261058069767
0.00272784477684
0.00375567312616
0.00231795078327
0.0022181185598
0.00198524294904
0.00184537375482
0.00190388875474
0.00163386554168
0.00177198430474
0.00171632735679
0.00187672515517
0.00192922164425
0.00202794337453
0.00172649760531
0.00197018427498
0.00193922026299
0.00124293720745
0.00226373987607
0.00289621298048
0.00268783427312
0.0033057951495
0.00235268029869
0.0025252953464
0.00247121221193
0.00270537189633
0.00256049896156
0.00280821692074
0.00261776589899
0.00263880165941
0.00277444005338
0.00275835813599
0.00317029470785
0.0036951506932
0.00376247274217
0.00370190748188
0.00389414952478
0.00336738150997
0.00224476200067
0.00402141886263
0.00259818473019
0.00427089443612
0.00487111344028
0.004203771794
0.00515721516581
0.0045637476895
0.00462406916638
0.00472367881896
0.00518411034566
0.0039794842665
0.00428888981703
0.00482473174279
0.00421132855508
0.0049739758365
0.00421787677541
0.00454419409279
0.00422847806041
0.00360079871842
0.00307133886667
0.00421146937628
0.00462987859045
0.00217874799754
0.0022148907583
0.00269474056445
0.00249811040396
0.00422687373637
0.00479252849163
0.00581298142211
0.00473657714386
0.00674209758227
0.00656156578159
0.00657917094631
0.0065217893139
0.0076846921265
0.00765555446224
0.00805206031194
0.0104646588576
0.0049315421241
0.00555559600028
0.00364146018056
0.00402072245243
0.00395323328357
0.00421256170709
0.00371343184797
0.00485097310586
0.00465385984957
0.00532429483203
0.00524007582956
0.00589936360391
0.0175034604543
0.0175029552803
0.0155704285554
0.0157326064722
0.00659458395277
0.00697559279272
0.00811695689422
0.00746766071175
0.00863292736441
0.00886366109519
0.00886606390967
0.00771571645996
0.0167344971754
0.0168275611891
0.00795553880046
0.00754368889822
0.00857805466728
0.00797571248404
0.00552296045101
0.00454369781619
0.00524331871862
0.00552126756869
0.00584029477129
0.00640900493893
0.00657765701983
0.00641739624913
0.00596970651646
0.00702873283163
0.00773517404405
0.00690946868327
0.00894068470119
0.0132445928838
0.00737397865553
0.00767419107604
0.00819104381374
0.00789933136037
0.00829984743538
0.00862577298609
0.00803405146917
0.0079823997996
0.00820515886043
0.00765092068467
0.00740653821115
0.00788724217519
0.008216758593
0.00776543571935
0.00825471229987
0.00873274456181
0.00676767034035
0.00723191160373
0.00754929054224
0.00755775406959
0.00772252065057
0.00775971398408
0.00737105642793
0.00777827899104
0.00748406854587
0.00729718875003
0.00901292968821
0.00742965113071
0.0075328213849
0.00717090145065
0.00708047131825
0.00674765310478
0.00282414201837
0.00288257324913
0.00256669607818
0.00273959037637
0.0024695166443
0.00237164310271
0.00220260182671
0.0026645781511
0.00247950631541
0.00253750070283
0.00265507677053
0.00237476836257
0.0026258776884
0.00243559896376
0.00222769341667
0.00283893791257
0.00312244820349
0.00324365419821
0.00316158884428
0.00286588242193
0.00280610547296
0.00287097657877
0.00283513696857
0.00278329803066
0.00315160916468
0.00349743848069
0.00375454885845
0.00304598565136
0.00287686381354
0.00292713743391
0.00297319442067
0.00316999869771
0.00394467469546
0.00355451223094
0.00352906245741
0.00336755373135
0.00331459023633
0.00314640298227
0.00304187248854
0.0031257479852
0.00318203337354
0.0031426251046
0.00280021924893
0.00293950167949
0.00311036856757
0.00305136318064
0.00307960554335
0.00331253077171
0.00261802635137
0.00269243095443
0.00303366517185
0.00279051098543
0.00321556403343
0.00276518598407
0.00259920024565
0.00282803395357
0.0028388094486
0.00256792139282
0.00251444627007
0.0024667970342
0.00265928672948
0.00276743668915
0.00252540956272
0.00279229155506
0.00324430454107
0.0033578314122
0.00352249558185
0.00331822887216
0.00675541849681
0.00641987192313
0.00596926135233
0.00590292668499
0.0085612526764
0.00932093642104
0.00478200636628
0.00424393818303
0.00426694737481
0.00521682173059
0.00470688369689
0.00393667781637
0.00365763558034
0.0039894771418
0.00601636214124
0.00514887843563
0.00447725352821
0.00497023112373
0.0118304544848
0.0114261725616
0.00925094789642
0.0085391692156
0.00876564688751
0.00865335350645
0.0139630045764
0.00836447988658
0.00369698372483
0.00749659102827
0.00706888232905
0.0072614744423
0.00752964003843
0.00927438777477
0.00549162725511
0.00554658260724
0.00557616993272
0.00642424584046
0.00996281183888
0.0148137525652
0.0101652485547
0.0125137681461
0.00840408170123
0.00933945736349
0.00544082346805
0.00527818891418
0.00563796040501
0.00591176697483
0.00594746515719
0.00551421105753
0.0049978508237
0.00545769835452
0.00610621593513
0.00598072873136
0.00592692253839
0.00711081450084
0.00389553121971
0.00692784317756
0.00639861497262
0.00656110806227
0.00369791796447
0.00355871132239
0.00372058831642
0.0039475251887
0.00664358305842
0.00636276528589
0.00591983734241
0.00641102728053
0.00576201113209
0.00650561353155
0.00605131619461
0.00614809057835
0.0091247602374
0.0127731600815
0.00608548626437
0.00569684166182
0.00602669756304
0.00535191613276
0.00884907581117
0.00715521381877
0.00554440738923
0.00434335187468
0.00511379299753
0.00307313566701
0.01111783324
0.0107082350139
0.00648321227442
0.00684523173502
0.00458908881149
0.00508879276716
0.00351914450298
0.0029903972418
0.0032740319019
0.0034655524098
0.00903222332376
0.0100366040092
0.00620684269328
0.00607259716089
0.00592879321483
0.00608168293993
0.00631768626786
0.00598380762496
0.00527850035813
0.00600615964183
0.00596412635761
0.006124588349
0.00618708155291
0.00634135281847
0.00525655433339
0.00582666776081
0.00635839764892
0.0058298050803
0.00647355711372
0.00625788043307
0.00592769802333
0.00603940773149
0.0102690464563
0.00919418390643
0.00617647347674
0.00635663371757
0.00599705495992
0.00648946782264
0.00818324270659
0.00800949640936
0.00569007033351
0.00563178506445
0.0052517676745
0.00677094798906
0.00478246063304
0.00464972927278
0.0023777122594
0.00203281973787
0.00256448935254
0.00211172807927
0.00788244786355
0.00934528172732
0.00489378359199
0.00521145482631
0.00274069187498
0.00228850784987
0.00250575929067
0.00242799730432
0.00500800899806
0.00631161816866
0.00618656417314
0.00630715759117
0.0100643042894
0.0166810191192
0.0127217713084
0.0105312112343
0.00890306500227
0.010569291858
0.0036747696023
0.00736010758429
0.00445415802199
0.00481094006294
0.00279738333189
0.00306010862421
0.00361885005725
0.00325344317174
0.00435842920464
0.00451658512113
0.00210846704052
0.00212965592941
0.00197468039311
0.00231863388229
0.00215180822214
0.00192771647154
0.00196660709694
0.00197786849287
0.00288642004783
0.00252024034865
0.00244320630021
0.00312705597623
0.00746297791631
0.00958646351079
0.00538874894507
0.00594391109373
0.00544659433379
0.00647758921231
0.00555325511477
0.00989495420762
0.00326832838829
0.0028008068682
0.00291740484668
0.00279797208838
0.00319605355669
0.00329096818258
0.00324908710309
0.00345060966952
0.00692642331652
0.00804780829596
0.00421608145828
0.00346796900802
0.00588443546444
0.00580648635221
0.00640610054613
0.00694996775385
0.0044202328964
0.00508915814225
0.00490439447487
0.00547552406581
0.00550688868083
0.00624664547025
0.00701292503338
0.00696106154326
0.0158632813475
0.0161144439052
0.00861778653122
0.00821712935799
0.00872704060424
0.00761152609963
0.00983110624502
0.00942513824037
0.0101818629377
0.00948595411593
0.00939556050436
0.00925880978411
0.0101957298652
0.0095780995465
0.00605333776116
0.00815706766692
0.00829224767571
0.00774059960344
0.0134533903407
0.0131885977113
0.0144854796163
0.0146699396856
0.0141788548708
0.0139111166102
0.013213874744
0.0127663493985
0.00300566171663
0.00441793918503
0.00515855829097
0.00498471993773
0.00809091665922
0.0151239952787
0.010609808415
0.00874458351037
0.00658564600176
0.00559936196648
0.00639308955201
0.00631334893646
0.00610765100709
0.00685911452161
0.0119633193765
0.00912662102322
0.0106300186995
0.0128289492641
0.00711817005389
0.0059242159163
0.00601618000689
0.0058461548474
0.0042984602391
0.0043964714043
0.00469782095959
0.00437613757162
0.00833417963221
0.00984953633454
0.00585894596213
0.0066586641913
0.00594934490156
0.00645560040423
0.00560341814389
0.00576960656745
0.00512239175579
0.00687599121721
0.00642170610644
0.00526364285248
0.00509482441805
0.00485647298748
0.00433468737024
0.00499032456401
0.00411158324466
0.00530372827366
0.00522790166936
0.00536494011037
0.00314619707469
0.00244939768314
0.0024617792075
0.00316124058235
0.00399033363808
0.0030954414383
0.00332484359478
0.0031374367779
0.00328188822233
0.00351185313904
0.00324767227247
0.00394533972581
0.00316381108568
0.00266028769254
0.00259249664116
0.0025715098543
0.00715198777245
0.00686176764256
0.00339451319782
0.00245170664467
0.00335693192545
0.0035659690729
0.00357866243318
0.00358024937138
0.00822545289107
0.00775832938616
0.00812051443807
0.00697962381824
0.00533168312351
0.00515251441373
0.00470194122238
0.00606154183738
0.00595794263988
0.00520410368686
0.00489499536573
0.00505673450534
0.00312813648843
0.00263869654162
0.00113326377875
0.00259790817591
0.00239217863083
0.00324838031767
0.00169954658046
0.00170806397951
0.00124044308238
0.00152477072302
0.00172233271013
0.00152840600379
0.00160257326247
0.00171020724382
0.00133957459414
0.00143552043016
0.00131418708381
0.00169974928456
0.00165415001927
0.00139986692749
0.00128640014577
0.00134706089389
0.00165186287659
0.00144435732659
0.00151437282788
0.00167910019599
0.00132588051977
0.00139749057088
0.00127374239175
0.00167855831038
0.00162607982548
0.00135234851767
0.00123694367793
0.00130904837546
0.0018456766097
0.00144926968971
0.00198534578777
0.00144378164703
0.000940491125116
0.00122791562723
0.00151489407302
0.00157742363647
0.00163562782185
0.00131401952835
0.00123466665629
0.00137293898845
0.00170083548599
0.00168291412263
0.00139418332948
0.00193586305011
0.00169682749078
0.0014940104092
0.00127926004501
0.00175493188854
0.00142980274636
0.00132262001865
0.00137682660138
0.00146190384912
0.00117018060804
0.0012168704583
0.00112120600366
0.00151549966907
0.00118496162933
0.00104237319591
0.00160373112266
0.00134692987337
0.00131999296105
0.00147872092521
0.00138456906395
0.00167975425718
0.00170094558556
0.00140390019437
0.00130224940364
0.00142882775003
0.00175687218787
0.00150026771951
0.00152812853336
0.00210300908643
0.0015170309889
0.00132235857976
0.0012374877769
0.00161970639659
0.00175897881317
0.00159006189865
0.0014759429709
0.00135694567311
0.000948922331821
0.00162582192163
0.00147284076485
0.00197031602102
0.00988045335844
0.00201612848193
0.00228282269507
0.00369773404216
0.0056176092578
0.00423123666219
0.0167597488587
0.0217572755416
0.0110414506803
0.00261884981759
0.00491219842482
0.00345942329083
0.00437538845152
0.00445332466125
0.00338572781248
0.00275928319148
0.00265912668133
0.00392774925077
0.00730046129622
0.00860948212105
0.0041207072498
0.00420956662185
0.00499564485417
0.00389711814388
0.00608843248016
0.00649130142257
0.00693012160927
0.00689619817715
0.0106902286988
0.0111359155543
0.0118585429444
0.0120206500218
0.00491402474291
0.00579265117188
0.000762129973686
0.00136861766796
0.0012702733087
0.0014451465141
0.00149047566512
0.00150204325879
0.00222770455254
0.00175154782257
0.00168361630512
0.00316230803181
0.00267940240426
0.00178404659737
0.00396169360182
0.00414548090886
0.00630170526383
0.00657910679224
0.00273558910877
0.00494235086849
0.00368915359521
0.00341440109606
0.00319378636281
0.00461002084853
0.00250724571261
0.00233720024926
0.00241247878829
0.00216246190427
0.00271049622386
0.0022777913121
0.0026662711755
0.00292952638407
0.00286493888383
0.00309012878815
0.00275011355027
0.00355508988671
0.00231691084189
0.00244226557818
0.0015562311741
0.00250322044194
0.00366862138025
0.00307399641647
0.00296693414168
0.00338273111144
0.00104584033385
0.00213418836273
0.00347891091031
0.00114007718446
0.0032550082581
0.00278713819512
0.00168539655288
0.00311726741579
0.00295340905686
0.00348946637306
0.00373141224897
0.0035070200451
0.00199734743486
0.00500482596253
0.000738701389075
0.00259345150445
0.00463819336306
0.00237996918525
