0.0055360508195
0.00491757422243
0.00592723802214
0.00522621765181
0.00508643163942
0.00540204545916
0.00428853622756
0.00580981305264
0.00553015912625
0.00544884836869
0.00531174355796
0.00430554346233
0.00460991007449
0.00380109864618
0.00390607211495
0.00529333991127
0.00549498761948
0.0045239382624
0.00422170156406
0.00426821428609
0.0053258783193
0.0043444220972
0.00443684911256
0.00433449735966
0.00391405334522
0.00601288573606
0.00552506924598
0.00564643598617
0.00642994013158
0.00513246745767
0.00540748855651
0.00499437168034
0.00454513948378
0.00470389881451
0.00464949091013
0.00492631640083
0.00398870042474
0.00353585780187
0.00382142922666
0.00629372744902
0.00426021095874
0.0036144162215
0.00505655316177
0.00428258555692
0.00501037695003
0.00432773321283
0.00433658664228
0.00555683354933
0.00479062167233
0.00523401348202
0.0049659003551
0.00365383755842
0.00506009874905
0.00547642522252
0.00465999022415
0.00540861776313
0.00405652698892
0.0047121132655
0.00510809118334
0.00501068852261
0.00378473652103
0.00400280928039
0.00418667229501
0.00449091585301
0.00457241161831
0.00473814884356
0.00467470508833
0.00486999532349
0.00361775681668
0.00489180359513
0.00486580131678
0.00464219836052
0.00532719066158
0.00427016841402
0.00428123675463
0.00438792825754
0.00441214018632
0.00506462067221
0.00494665167844
0.00497796122427
0.00416977243917
0.00477261140247
0.00398260184488
0.00421342370531
0.00341540007321
0.00540403581347
0.0035270600833
0.00601607978183
0.00530895320789
0.00472513810261
0.00452818486781
0.0042584008364
0.0036497563847
0.00464886077473
0.00476276071301
0.00463564992449
0.00403826198048
0.00454246875837
0.00500693180206
0.00408965167805
0.00466267649363
0.00469093944908
0.00368108605051
0.00375531952064
0.00488138775234
0.00378950860765
0.00510756150054
0.00441915548571
0.00415694566828
0.00478290564122
0.0048204665112
0.00516126081442
0.00346512567338
0.00406825794896
0.00518264226268
0.00440915544317
0.0046920897471
0.00478278815086
0.00472124435653
0.00476477971452
0.00498079681344
0.00456281458272
0.00643561806498
0.00474817666253
0.00393951253579
0.0039106879078
0.00501503039992
0.00493652322476
0.00534192910372
0.00466026529834
0.00472445918943
0.00502942273839
0.00582709146515
0.00524064956042
0.00503933020023
0.00503879953209
0.00513559089432
0.00501851474224
0.00439789001067
0.00493139843002
0.00372725124188
0.00480022975255
0.00457107007951
0.00403158553903
0.00475944758834
0.00463441970365
0.00427230252546
0.00508745027329
0.00436148411158
0.00464388419854
0.00491366062876
0.00558784826365
0.00564341171951
0.00439924140141
0.00499658012913
0.00385111742463
0.00437715524412
0.00371139949437
0.00426345242085
0.0033602587357
0.00562128525299
0.00558803455359
0.00476549009232
0.0038353776028
0.00330327123089
0.0032120225404
0.00334343469318
0.00397318178922
0.00442432123313
0.00495068005086
0.00557155811466
0.00490614224755
0.00438396245477
0.00604828413568
0.00531695557677
0.00480314288606
0.00498470503973
0.0048818422928
0.00605689603003
0.00539758081462
0.00403085796775
0.00395353826914
0.00442428281333
0.00422051451776
0.00463001192114
0.00433769863011
0.00429818675627
0.00357706779791
0.00501780190103
0.0051737161556
0.00531341372804
0.00508934290196
0.00507128405745
0.00542438777648
0.00433846450199
0.00416178952602
0.00443464821455
0.00424863455682
0.00536059322594
0.004387757064
0.00495851259476
0.00431163188103
0.00403560952144
0.0049248741526
0.00411037180585
0.00448471970855
0.00377156381036
0.00516018335809
0.00446424888078
0.00471226296156
0.00485171505639
0.00374617953851
0.00454320141058
0.00413102226033
0.00427247763582
0.00481962246087
0.00555761423169
0.0053200551132
0.00519352058717
0.00526120895231
0.00538119467338
0.00574051681497
0.00478063236686
0.00464991357207
0.00576708056006
0.0035109155248
0.00406790655698
0.00463237426342
0.00511250720705
0.00378633074089
0.00409187383347
0.00477212389065
0.00467085089794
0.00523342100445
0.00396032242243
0.00374999387615
0.00381009616738
0.0053127110311
0.00449210167574
0.00397188632573
0.00352782979945
0.00466922477801
0.00407145835842
0.00456481058961
0.00530581157854
0.00439608582731
0.00461580892732
0.00522956949635
0.00427340802646
0.00410508081593
0.00332254927596
0.00384975513846
0.00509129450613
0.00483819266673
0.00610718056352
0.0038214810793
0.00494049956362
0.00417908203796
0.00486944940455
0.00404582814468
0.00466792178715
0.00435491592738
0.00406700471542
0.00463514508813
0.00445698858886
0.00461651586901
0.00592561295461
0.00457999614973
0.0031472643819
0.00601246276259
0.00547411593444
0.00434553300841
0.00436448702632
0.00337729568732
0.00371448470274
0.00407041691597
0.00303801917077
0.0028755266972
0.00368436585445
0.00381771611975
0.00441536978054
0.00473694790411
0.00492658737781
0.00398667786063
0.00453432083315
0.00451350623922
0.00532531164455
0.00486360660824
0.0040911561981
0.00454736995045
0.0039873829106
0.00356227536818
0.00460049770526
0.00395835709378
0.0048303373001
0.00516931805942
0.00541757153774
0.00558685346115
0.00563022180019
0.00540650759712
0.00381288732341
0.00471821719112
0.00463291223808
0.004683510601
0.00354799951395
0.00404345879469
0.00468760883803
0.00502957020767
0.00531639426723
0.00527494184027
0.00414969928858
0.00466118226509
0.00403873913976
0.00416410669334
0.0039509508627
0.0049640796858
0.00372165301685
0.00382175053069
0.00413321126907
0.00446728820194
0.00414387674046
0.00412016126229
0.00343008421981
0.00513240098608
0.00285216791434
0.0040412594803
0.0041845173297
0.00428202298901
0.00419385952869
0.00346512533827
0.00336983540311
0.00451752536077
0.00372960505653
0.00391735784537
0.00396958110522
0.00395312092834
0.00493878613329
0.0034691614858
0.00419699313588
0.00468998476187
0.00461982298065
0.0045169149337
0.00388876050102
0.00400701795097
0.00434769923617
0.00348577442206
0.00453099897193
0.00374827204254
0.00479938140663
0.00369529290969
0.00370859189458
0.00438871010723
0.00367815898594
0.00370290477452
0.00411122424083
0.00443443663142
0.00387177076669
0.00469210584332
0.00366104174574
0.0045546167756
0.00399855642313
0.00441478382469
0.00485718723333
0.00319103720289
0.00381212029449
0.00311401187664
0.00432754452102
0.00451764443545
0.0036951347818
0.00336520645155
0.00438590593857
0.00282291541988
0.00279485048895
0.00371702795332
0.00369335650953
0.00335135408347
0.00360634284509
0.00393691022175
0.00334412101346
0.0030654380953
0.00404809092397
0.00476645536238
0.00425949678781
0.00420233810324
0.00413026047661
0.00510341072017
0.00557879305955
0.00425991593167
0.00516645122923
0.00480794427293
0.00520156534204
0.00391973161415
0.00374113858226
0.00413409450092
0.00439731307039
0.00352786785738
0.00340718556784
0.00385338246195
0.00411299385729
0.00437551429853
0.00390814925697
0.00445403934374
0.00395396156558
0.00462458938477
0.00527744452269
0.00353774562276
0.00375616488944
0.00420266249295
0.00392012787241
0.0041199906009
0.00415406810088
0.00493353817949
0.00415134915285
0.00522948901108
0.00601162125595
0.00457620422006
0.00402175637893
0.00496408351038
0.00456458151997
0.00467174309842
0.00569350791604
0.00384139743339
0.00259544771148
0.0029817694757
0.00327395263392
0.00357738073855
0.00307917473851
0.00304699373668
0.00412612262392
0.00326822559794
0.00348790026983
0.0045646621969
0.00384797862857
0.00390778320823
0.00483617628828
0.00524322705335
0.00378737425464
0.00451444199983
0.00431181303093
0.00334052114095
0.00504230410182
0.00493492777449
0.00388046595003
0.0050542015458
0.00408697186458
0.00413693316335
0.00456548412201
0.00386010805174
0.00535770245922
0.00472253549956
0.0040911689936
0.00410791307012
0.0040137019244
0.00441801226861
0.00383468921617
0.00438450287849
0.00347046338281
0.00386516594197
0.00345701772604
0.00385294478324
0.00467937663699
0.00466518900507
0.00350879245128
0.0032443704264
0.00489860872402
0.0051097583263
0.00345088356064
0.00363910994136
0.00480844513471
0.0043033198816
0.00474391309484
0.00408528035066
0.00399122387268
0.00388800839087
0.00402015484461
0.00452090705623
0.00474933025108
0.00498891827909
0.00488639930983
0.00421917638418
0.00430754135036
0.00516257727813
0.00473581681721
0.00405603209694
0.00397807455154
0.00408642876201
0.00503269704189
0.00349716480996
0.00386300619478
0.00501460586448
0.00488364395789
0.00423050154115
0.00375307942505
0.00459478623612
0.00383670494285
0.00376613040289
0.0039101090834
0.00452425096597
0.00410336877741
0.00393733674878
0.00516434316235
0.00406022530826
0.00373141353381
0.00397486680172
0.00445086493436
0.00395252743594
0.00466539617148
0.00430032650964
0.00440002125045
0.00365241535089
0.00376923627448
0.00427379699857
0.00497077985582
0.0050484850324
0.00542419476852
0.00475369779055
0.00342231114049
0.00367301844686
0.00399216832375
0.00483772235394
0.00451788572857
0.00476327641131
0.00442842222323
0.00376465389146
0.00312355442616
0.00383847136172
0.00390302547987
0.0046298343222
0.00364791774763
0.0035874100613
0.00429464423199
0.00400755243737
0.00318198655589
0.00450440586255
0.00476785722953
0.00461713093635
0.0042121706177
0.0047728483253
0.00419094531949
0.0048633030201
0.00484591870289
0.00485709228913
0.00369887366343
0.00452289849689
0.00521638243527
0.00384262557566
0.00423227551329
0.0039765620938
0.00368940886488
0.00431376797858
0.00459835659366
0.00464299146597
0.00445382354276
0.00422087912129
0.0034099963388
0.00314576328529
0.00382887342841
0.0038984554769
0.00402644728708
0.00359615647421
0.00417546029732
0.00450240137425
0.0046993286678
0.00518772550817
0.00463265225624
0.0046485579413
0.00418461317547
0.00400260678791
0.00390796787716
0.00374238692977
0.00490011621498
0.00404914249533
0.0034124073575
0.00332428629358
0.00410743364237
0.0029260225904
0.00391573861644
0.00435562830775
0.00283725083967
0.00329404341297
0.00465766628935
0.00468513030237
0.00366258486637
0.00389989513573
0.00452013593048
0.00434423357168
0.00468576890281
0.00382603471786
0.00293154512811
0.00264704648385
0.00286678380578
0.00358253062184
0.00341873895764
0.00350690548304
0.0038742204223
0.00404236517483
0.00373558744545
0.00428837759993
0.00433199505716
0.00363553072703
0.00473175236662
0.00459880211907
0.00374954364704
0.00355264347146
0.00370302305772
0.00419902270131
0.00370210811346
0.00404952623415
0.00401935767511
0.00413903349424
0.00334841606932
0.00387208564216
0.00412512719711
0.00429905842835
0.0043860606452
0.00483950802312
0.00415240809205
0.00510963025719
0.00580130062745
0.00289614592261
0.00270404348237
0.00412594422433
0.00350009918063
0.00311595461108
0.00425223390853
0.00370554574693
0.00408659908063
0.00414479728656
0.00394148550191
0.00375948965332
0.00373237565793
0.00391476878345
0.00459092538993
0.00524524383813
0.00357876060914
0.00371756952191
0.00310966800137
0.00448270762607
0.00360926481676
0.0034465210884
0.00372121702726
0.00311401997379
0.00340507413585
0.00428942048538
0.0029814272743
0.00323359556122
0.00286084314884
0.00402987189974
0.00381362352428
0.0047567773846
0.00509536772986
0.00389529002326
0.00377808158657
0.00444206053507
0.00472278148432
0.00383031458621
0.00362536262163
0.003091367381
0.0029271147166
0.00311519096918
0.00393949404274
0.00424824589804
0.003343291974
0.00287530791171
0.00329831296634
0.0039495550261
0.00362617811679
0.00360721251217
0.00354679626003
0.00425783173643
0.00400609866354
0.003450444099
0.00374408412323
0.00400684058273
0.00354640514452
0.0041105637
0.00404676159559
0.00333504172453
0.00358850048903
0.00361655331323
0.00353033682524
0.00376296799132
0.00358838628459
0.00362528459446
0.00374143525003
0.00570503318709
0.00288695491556
0.00471641576802
0.00392216121856
0.00434589532995
0.00380359229981
0.00457376913091
0.00419576208009
0.0029418610196
0.00286261312787
0.00335750156987
0.00394230336659
0.00435490709512
0.00364666539223
0.00265516802468
0.00337699693665
0.00370339257541
0.00294260425471
0.00213477196654
0.00475364264483
0.00298397578732
0.00286651221634
0.00271954435954
0.00293802263611
0.00301567158001
0.00371447671301
0.00326582700457
0.00304365746104
0.00317009762389
0.00395112915684
0.00415751519277
0.0038755980628
0.00369264957573
0.00335360922279
0.0050717822936
0.00565093399324
0.0048522818266
0.0047580520807
0.00481458375188
0.00404613354155
0.00336885140408
0.00350991873751
0.00397137987535
0.00273878147805
0.00243688977835
0.00317059615909
0.00348288963107
0.00348884399399
0.00364441804106
0.00388130711068
0.00273682281999
0.00216087444287
0.00303563576512
0.0030546345894
0.0040521256968
0.00445182907608
0.00517741535728
0.00342700599432
0.00331236671696
0.00398458514966
0.00386259877967
0.00398532683085
0.00299128173871
0.00322227234162
0.00411880648687
0.00434539594157
0.00401542200106
0.00461748123993
0.00362236162161
0.0028388182697
0.00361887236904
0.00439587394299
0.00335900219389
0.00324117615274
0.0036771239
0.00510322060753
0.00369809036192
0.00444954023411
0.00468075816313
0.00478968269404
0.00460787636889
0.0043163945834
0.0043575245433
0.00412764681687
0.00521592881112
0.00402603560795
0.00442134934361
0.0038338686365
0.00415922273048
0.0036885293746
0.00327583982849
0.00380795326086
0.00368747232948
0.00345873556884
0.0027692371139
0.00260842697803
0.00282633758871
0.00345590378009
0.00372681770244
0.0033401186173
0.00289097147719
0.00293895281602
0.00380945904566
0.0047045163447
0.00380932757272
0.00369799310608
0.00392552106752
0.00430186306945
0.00445290538253
0.00388095054043
0.00269783162413
0.00232203517455
0.00270990759142
0.0036773720371
0.00364746990172
0.00375217891039
0.00405073679519
0.00358711745353
0.00391190984356
0.003487654322
0.00390561436739
0.004132015548
0.00328823134031
0.00399796384328
0.00423057066921
0.00386217027514
0.00383367642123
0.00434205329929
0.00440732469186
0.00363450186535
0.00344259421335
0.00298566874374
0.00370786965201
0.00388272825747
0.00382319232103
0.00377876027592
0.00361968959745
0.00453562423082
0.00388286737338
0.00332616046965
0.00393379749295
0.00399657910955
0.00448877128885
0.0047410565735
0.00297860753207
0.00297757563143
0.00370657528884
0.0035494465727
0.00357700849414
0.00366353042889
0.00297922727798
0.00276290465397
0.00312273361116
0.00361034996093
0.00381106397798
0.00380933906834
0.00310409605917
0.00352719402918
0.0032161592951
0.00349300260923
0.00323069151692
0.00333948725433
0.0033038651968
0.00410388795856
0.00408736354911
0.00360709655315
0.00328193403916
0.00357593851605
0.0042825783562
0.00423950231912
0.00310131572891
0.00350154542938
0.00409103329191
0.0049889496267
0.00446131312316
0.00446255487237
0.00495074047758
0.00310883483067
0.00265241942444
0.00324955842723
0.00349414412167
0.00437867290721
0.0032038019767
0.00307868589481
0.00290296652212
0.00361636148416
0.00313268949352
0.00256946322336
0.00344111151538
0.00378832544946
0.00443822051826
0.00341185283869
0.00329496355799
0.00354912062166
0.00411442335266
0.00353323217985
0.00305320947685
0.00315742957378
0.00365460798714
0.00292987554142
0.00290720766985
0.00271057651012
0.0030717720385
0.00392447322667
0.00289452492826
0.00361643370977
0.0031973406843
0.00293260583752
0.00453441253015
0.00299779801749
0.00507072790226
0.00458719716225
0.00304107593297
0.00274346222474
0.00343898667451
0.0029267166806
0.00307079085302
0.00292714240955
0.0026363197141
0.0035469531179
0.00296606164088
0.00243381408776
0.00314719733216
0.00335471702866
0.00384816902819
0.00391501311897
0.00316917322973
0.00267504721182
0.00303148867422
0.00337096957978
0.00318541294891
0.00341258682259
0.00411927796412
0.00393841291333
0.00466490892315
0.00392790483333
0.00368558946287
0.00322080101013
0.00301777779206
0.00391994639382
0.00276607410603
0.00375330610395
0.00396450404117
0.00446789161252
0.00425897462107
0.00276760687714
0.00281004048068
0.00255764575368
0.0032782217764
0.00301501693211
0.00292530898504
0.0034887825505
0.00429510707766
0.00396183386145
0.00425191373822
0.00338079646056
0.00394168086815
0.00450099947606
0.00341983120845
0.00420615897013
0.00438535415311
0.00312470968404
0.00316788962468
0.00266302383104
0.00269498258153
0.0028634963653
0.0047902960295
0.00541751901932
0.00398634799708
0.00386365916768
0.00317236334345
0.00410962345742
0.00373596505489
0.00206516408235
0.00244870630025
0.00350692705036
0.0037285220369
0.00395759454901
0.0025254378965
0.00238320210525
0.00340608911916
0.0033656720137
0.0045069604023
0.00474863255962
0.00363758581508
0.00387358231402
0.00484100803916
0.00347528696788
0.00280604236026
0.00298799090096
0.00324455656587
0.00387685506362
0.00323398318436
0.00437727641377
0.00488704361374
0.0034818708268
0.00262818325278
0.00245096408741
0.00327325236998
0.00468544019914
0.00521487912094
0.00392996322259
0.00299234557545
0.00258916942201
0.00304762532187
0.00299184390893
0.00394243276735
0.00445241734841
0.00438826319741
0.00388276367017
0.00351460199834
0.00323254949685
0.00428971430464
0.00415595846305
0.00442448159202
0.0044737326018
0.00363254010878
0.00244770445291
0.00335972187331
0.00289545400433
0.00394768034456
0.00374538461339
0.0034649370664
0.00294443165655
0.00285183715586
0.00366739769636
0.00262916123038
0.00216165343175
0.00301088530333
0.00271397317231
0.00340787492398
0.00286119237218
0.00333414005906
0.003669151498
0.00264984352537
0.00261416064778
0.00297992761824
0.00206572192959
0.00214465013651
0.00364652462049
0.0033418155356
0.00188810187981
0.00245919030971
0.00262557614409
0.00261322069424
0.0022179327034
0.00185874110918
0.00316867788664
0.00341599730348
0.00237882198928
0.00225906386269
0.00261147735135
0.00252381496212
0.00255498290074
0.00242119671113
0.00224856612214
0.00332861679142
0.00364064716561
0.0040832650023
0.0036620506594
0.00317361377005
0.00461395198548
0.00421157525156
0.00349439868001
0.00380012509123
0.00290057037679
0.00256004407439
0.00304947469686
0.0037509673018
0.00436601628531
0.00354661628729
0.0036624336089
0.00356279584599
0.00379996594816
0.00339633858984
0.00351143929708
0.00323895978282
0.00316667380015
0.00341230840137
0.00356832670103
0.00262334954777
0.00317489625847
0.00246888408716
0.00374035842204
0.00374253414224
0.00361084127726
0.0027896378997
0.00346145858775
0.00406648697404
0.00330787137818
0.00291239533311
0.00360138852955
0.0034585814232
0.00405455897741
0.00342696856486
0.00322869952436
0.00329461784725
0.00428788757749
0.0044347635666
0.00307464134751
0.0028788493967
0.00328548543701
0.00326545616277
0.00360440743034
0.00387007965634
0.00327570777849
0.00393072914406
0.00352736298794
0.00350472731719
0.00331287506864
0.00294885273669
0.00282838551882
0.00360971823161
0.00362554077167
0.00331528549128
0.00315616000004
0.00313434244443
0.003266359559
0.00321346219043
0.00402766905936
0.0029498062245
0.00350230826396
0.00354811595179
0.00239700753013
0.00245841772119
0.00274987250015
0.00312610830278
0.00273194808476
0.00291729208486
0.00340173605173
0.00280045859891
0.00359513304336
0.0029879076429
0.00311507093111
0.00369214766991
0.00443140812699
0.0033286136174
0.00284405676855
0.0031400185424
0.00301909472204
0.00350614728193
0.00402799340717
0.00369488652082
0.00310159701484
0.00287809038554
0.00424206979149
0.00286398490201
0.00330590600088
0.00297963738563
0.00273203658779
0.00329388788124
0.00279523912519
0.00259625289046
0.00264294661354
0.00258971178515
0.00369458524476
0.00303070328663
0.00265950098055
0.00444816821193
0.00387908383663
0.00346857282156
0.0033298061828
0.00296523348522
0.00248460313853
0.00235684525876
0.00253364759186
0.003895106752
0.00445545009075
0.00360923382692
0.00351108244385
0.00322953691605
0.00345259637438
0.00327146030106
0.00256439141518
0.00229851634921
0.00226839517917
0.00265756972906
0.00334802595157
0.00271547572544
0.00294895433381
0.00270933595119
0.00322139501359
0.00225408462094
0.00276462678876
0.00245633808956
0.00296752939686
0.00332253259816
0.0031643889137
0.00446347368808
0.00310279527093
0.00269547079363
0.00317054569615
0.00292427494617
0.00284508060318
0.00235519929576
0.00270972860664
0.00281027680834
0.00290547901317
0.00259972929718
0.00305580758787
0.00279494659447
0.00321769781288
0.00277138561601
0.00317476800106
0.0028130874119
0.00305276859549
0.00232468039262
0.00311674601718
0.00301834729176
0.0038235228778
0.00395011276245
0.00384551918341
0.00435423671092
0.00428293615206
0.00322182971647
0.00251621868426
0.00236168403955
0.00271049552152
0.00397873773111
0.00473087510895
0.00441758928066
0.00369246942637
0.00394384759386
0.00330857835605
0.00360840603032
0.00365824470224
0.00400368469828
0.0041381851943
0.003625134258
0.00284862853242
0.00360665256741
0.00343297347396
0.00472102021872
0.00469248212829
0.00364994506691
0.0034466658168
0.00296540177022
0.002927887479
0.00310396126109
0.00344412554413
0.002958013437
0.00367707848226
0.0028038356477
0.00427789299177
0.00371505570861
0.00327495840985
0.00333667781913
0.00366076883274
0.00318244033078
0.00432313302798
0.00409582159059
0.00445706299674
0.00425710401203
0.00363883288191
0.002816475588
0.00375158139138
0.00257003669818
0.00294775925723
0.00353738179047
0.00337308102138
0.00338886330596
0.00383732835229
0.00443723059849
0.00458879473884
0.00286244623925
0.00366641651919
0.00256474364495
0.00363727021702
0.00293629207138
0.0034143511543
0.00372169992394
0.0040125211372
0.0024319882009
0.00230804835382
0.00320122961047
0.00346211630976
0.00290093800477
0.0033928192371
0.00269559388919
0.00407865040413
0.00306148982434
0.00313462356614
0.00324227509672
0.00377179090588
0.00372882807169
0.00328487735269
0.00282143293337
0.00273870966565
0.00293670676091
0.00285269230725
0.00324071375304
0.00321566281005
0.00402510943939
0.00285275545552
0.00315885440825
0.00339465444302
0.00350517893172
0.00258389493384
0.00295557030072
0.00344083224342
0.00351839701686
0.00471524021641
0.00344879704729
0.00488775669537
0.0038688958168
0.00301617402565
0.00366932874954
0.00376630417154
0.00332031492342
0.00358638521839
0.00406193328062
0.00291787740471
0.00360651995147
0.00274317490117
0.00313532279901
0.00318839617736
0.00322249455778
0.00244813478434
0.00244052698519
0.0029991694592
0.00288947220682
0.00388370905136
0.00424596297999
0.00447699423022
0.00361106861537
0.00341299843274
0.00420634780514
0.00371560452997
0.0020531243577
0.00281647977139
0.00261577243005
0.00228417254584
0.00404637640307
0.0032625868902
0.00261868734114
0.00260195370566
0.00280156885987
0.00294392772873
0.00250848205718
0.00254383850954
0.00331194094475
0.00287470957387
0.00314648734086
0.00323770740874
0.00405161785899
0.00501103955801
0.00351702137255
0.00320622115144
0.00288351075998
0.00337444139263
0.00303273181107
0.00417661442144
0.00454227056921
0.00380935060017
0.00389386118202
0.00455009100705
0.0036511104627
0.00365496619316
0.0037478284485
0.00318963867445
0.00272747578072
0.00303763870315
0.00254654666605
0.00218711387141
0.00245123506829
0.00326053642152
0.00370000371912
0.00320777789859
0.00297501425626
0.00344852462966
0.00393871364318
0.00356937719701
0.00336275116442
0.00341748286657
0.00241450242121
0.00210662444706
0.00263373103839
0.00254352648074
0.00261893032205
0.00283120138639
0.00374169340001
0.00363689781778
0.00386284419245
0.00244890934275
0.00255274150575
0.00287759718927
0.00355010473663
0.00255532849989
0.00277935608578
0.00330516890822
0.00419279796236
0.00328935177906
0.00367701909268
0.00352282573894
0.00275260369834
0.00245010731177
0.0026497693061
0.00226354947365
0.00273851869701
0.00238242665735
0.00222661477024
0.003244603668
0.00414753672933
0.00340976356592
0.003359742277
0.00340625116033
0.00291258693056
0.00357592855003
0.0031680288228
0.00362345787678
0.00435381447332
0.00367369256602
0.00277174929743
0.00311261774367
0.00314974205319
0.00383944591523
0.00313047280335
0.0036969706353
0.00264937097144
0.00349624018672
0.00376619519133
0.00348845560907
0.00265422606971
0.00258061589315
0.00274003232632
0.00312284871377
0.00345885775008
0.00335923044119
0.003118046517
0.0039383137754
0.00329495770723
0.00307398614929
0.00308372301075
0.00279309782546
0.00268048015411
0.00272915457697
0.00288748548008
0.00242357726336
0.00295488654731
0.00443501457357
0.0038394851608
0.00331997142034
0.00310101638977
0.00313565154214
0.00272370157548
0.00214815000469
0.00275975455796
0.0040127395341
0.00369072559123
0.00258326079271
0.00279134247255
0.00306010200185
0.00351774200791
0.00404003202065
0.00282169261759
0.00248318080849
0.00355484286007
0.00326164601473
0.00310621546134
0.00349345145857
0.0029179422546
0.00290542005742
0.00284610892408
0.00304875059955
0.00296079249873
0.00339754221758
0.00259062793062
0.00280480361707
0.00347831777661
0.0030569353728
0.00297241205341
0.0036056043719
0.00295240888044
0.00391411001475
0.00282406890186
0.00285103167003
0.00299043387154
0.00308694176847
0.00260203638091
0.00250132435014
0.00286944549483
0.00264207292744
0.002772103547
0.00298662054575
0.00329286968139
0.00392850395565
0.00347585082513
0.00345858212765
0.00272230288434
0.00312480510757
0.00286316296618
0.00397644844838
0.00426799221858
0.0033785874973
0.00340450824212
0.0035428319385
0.00366228130471
0.00292787852537
0.00327987312898
0.0030210459899
0.00337830237509
0.00482476448026
0.00353622562088
0.00282692158124
0.00208453194885
0.00186690968888
0.00228423321211
0.00306956186454
0.00267094042838
0.00268044170374
0.00301793619689
0.00390360399803
0.00364623833579
0.00287357230489
0.00265476125082
0.0028941174154
0.00273590848959
0.00299666546426
0.00317641265661
0.00305035895023
0.00321252667429
0.00329694141178
0.00259970746857
0.00325961697061
0.00380704309392
0.00298560780356
0.00318430940214
0.00378599469281
0.00300011334027
0.00333489965641
0.002925824029
0.00293679918994
0.00256981330357
0.00241917748367
0.00275798917638
0.00263698113432
0.00258212767185
0.00259828700306
0.00258474726453
0.00318535281282
0.00288420431988
0.00442729710875
0.00346612602862
0.00401041131154
0.00308572022237
0.00278998398772
0.00368334347912
0.00325368275954
0.00328271769376
0.00268509508662
0.0031624706581
0.00295306799571
0.00376676752584
0.00277564079819
0.00276161545129
0.00290592865447
0.002847933975
0.00371153310839
0.00241565217601
0.00246502242259
0.00274928403841
0.00252294825671
0.00396489659465
0.00307815135825
0.00246852996938
0.00245259581985
0.00341971864214
0.00412029676329
0.00333979407874
0.00296597219646
0.00216827861959
0.00231730885503
0.0031174778845
0.00248800275381
0.00246573952327
0.0029875676698
0.00311045137935
0.00229334606932
0.00224156588216
0.00276611193778
0.00317309308101
0.00408154098607
0.00253300355059
0.00233167315295
0.00266987446616
0.00318619817907
0.00397452060541
0.00394459996699
0.00338447209577
0.00266729664117
0.00354714036862
0.00292229250417
0.00391354739562
0.00315915134944
0.00239718625842
0.0025553406768
0.00306326279214
0.00387285596942
0.00404995468945
0.00377044450234
0.00285329522698
0.0032544473115
0.00277476522846
0.00396329424026
0.00399878661928
0.00338278394541
0.00321724889345
0.00275205141056
0.00370095318605
0.00300164692618
0.00370351190021
0.00394595359641
0.00390304768281
0.00413761454651
0.00279410486667
0.00281509569123
0.002997188517
0.00370729177724
0.00326652663877
0.00265877213769
0.00268267978467
0.00268723118593
0.00260513856811
0.00261108890653
0.00274832528048
0.0028848031113
0.0044314897914
0.00301091882955
0.00296745161079
0.00283710363555
0.00285576834051
0.00343692192707
0.00284877386033
0.00273449932379
0.00295113442317
0.00321305059576
0.00349753733689
0.00316386241772
0.00403636152656
0.00415518302092
0.00401108061142
0.00323961379066
0.00311749029246
0.0031954608359
0.00387196208704
0.00322913955829
0.00241437649225
0.00231957772989
0.00273619084293
0.00424026596591
0.00426712521003
0.00458933280418
0.00441290936008
0.00349462574319
0.00282107508193
0.00341519804314
0.00331771775282
0.00347070993563
0.00274516795062
0.00315496995095
0.00316234093703
0.00297490960216
0.00281969610019
0.00331413587892
0.00299952274358
0.00372738970692
0.00487656557398
0.00298430859003
0.00317305833709
0.00328571176711
0.00326967575095
0.00371282083103
0.00324676125143
0.00405727418045
0.0034772810684
0.00386008186091
0.00261233780274
0.00225731151269
0.00269961798309
0.00411293939036
0.00409712459229
0.00213655961957
0.00219862086496
0.00291974013403
0.00281440037759
0.00362575140683
0.00381608023527
0.00358513973541
0.00342014111812
0.00291898636324
0.00422324323584
0.0034905119367
0.00383734267663
0.00300436733765
0.00407917416657
0.00379873838843
0.00398211507176
0.00244792733189
0.00192291303206
0.0025567940758
0.00243138171666
0.00238348067786
0.00195161967889
0.0028756507641
0.00230512653191
0.00364055907286
0.00386255217775
0.00398354838684
0.00287306344434
0.00259662823648
0.0032976564215
0.00320758976842
0.00338538520141
0.00419550710188
0.00389232749986
0.00372217799238
0.00515804346653
0.00389078677344
0.00310762755884
0.00308964920243
0.00343744928212
0.0035928774808
0.0039063757673
0.00313445815166
0.00358325494896
0.00336212860428
0.00416680217079
0.00381742626945
0.00319422120256
0.00230420803895
0.00255839723221
0.00340786793713
0.00253732960696
0.00221888730933
0.00252306242979
0.00287153049794
0.00339925876103
0.00318281213797
0.00323627781245
0.00291723240834
0.00408397001259
0.00409395023494
0.00418955049616
0.00372501093369
0.00216459777498
0.00418925046459
0.00330623101338
0.00313911073458
0.00424466964094
0.00484554785926
0.00224131761469
0.00269503489973
0.00279455467978
0.0025277500086
0.00360181518693
0.00330706651316
0.00305597658312
0.00247010263595
0.00329110014314
0.00279928157819
0.00320213963053
0.00330856284604
0.00350808889115
0.00339979912785
0.00277451408643
0.00305986237479
0.00314388019399
0.00271048953691
0.00211552181875
0.00220668614021
0.00276202078206
0.00291959931571
0.00282792876415
0.00192611996212
0.00149530882325
0.00211577039059
0.0021410494332
0.00281383019667
0.00299571105588
0.00259830072975
0.00334069933379
0.00320188025803
0.00254667931358
0.0030037131371
0.0037098870604
0.0020279129769
0.00189329893781
0.00238148070596
0.00229994431147
0.00291590763781
0.00363608116866
0.0039946866504
0.00312162272569
0.00285560971359
0.00253228984065
0.00254713334138
0.00312275719948
0.0034618602923
0.0036167998532
0.00295207928311
0.00240500967687
0.00229473668604
0.00305730472638
0.00275072112047
0.00209624302697
0.00231526772894
0.00278887633989
0.00262417723326
0.0018218314162
0.00202706379284
0.00199358172371
0.00316422887034
0.00337161633103
0.00270467752406
0.00194088101732
0.00188998770171
0.00271310882215
0.00264817711234
0.00251792493724
0.00280794373234
0.00237183940635
0.00291726801408
0.0030298330326
0.00304131337891
0.00333393672485
0.00366464787302
0.00339751058189
0.00223278729553
0.00213252720023
0.00272295622476
0.00284560552194
0.00291409090926
0.00216140123864
0.00233911484805
0.00213717317963
0.00382464075284
0.00318726212867
0.0036081172253
0.00393515979957
0.00250544114359
0.00277040874729
0.00309670443371
0.00216044574586
0.00296862953288
0.00290694598543
0.00393764180979
0.00308478661651
0.00233546622025
0.00234927962833
0.00230931047938
0.00230401274365
0.00215005750289
0.00276028386356
0.00324919029284
0.00386543482399
0.00295353772566
0.00309282765372
0.00322449032623
0.00309888917238
0.00250327322202
0.00284656630387
0.00295710766324
0.00269080952086
0.00214436899185
0.0030265154233
0.0029862689513
0.00379372013172
0.00296446597788
0.0029220078316
0.00316986463037
0.00285684237389
0.00393611908082
0.00307464107488
0.00285654340905
0.00307269210042
0.00358924222878
0.00359229001062
0.00415288673755
0.00292618864981
0.00282956215795
0.00297362619715
0.00287963886839
0.00306536158538
0.00321255153908
0.0037576189222
0.00227804432218
0.00286166933192
0.00227895066513
0.00299269546674
0.00264829014793
0.00266877951839
0.00324746329627
0.00223661873131
0.00293703984267
0.00197601666378
0.00234539573993
0.00307286846631
0.00302516325418
0.00334210662341
0.00315048377809
0.0026651777438
0.00264605366914
0.00272509460777
0.0034084704455
0.00273509168191
0.00203222254963
0.0021987049018
0.00231543405159
0.00249724298543
0.00237198533493
0.00294932005522
0.00282993152359
0.0028564008495
0.0029029649148
0.00222254201686
0.00269600156312
0.00229767314265
0.00291375192252
0.00288020383932
0.0021496975669
0.00190504714192
0.00263638911715
0.00292515492385
0.00338158660385
0.00222875042323
0.00246864514418
0.00255009657905
0.00273168025962
0.00245026720807
0.00253595913191
0.00252744256142
0.00223720749092
0.00232570552155
0.00296586875413
0.00261151914967
0.0035938903666
0.00272554761456
0.00238574707464
0.00253787974548
0.00231939079297
0.00241527504499
0.0023623316861
0.00241861844058
0.00234035289411
0.00266527868864
0.00233836565969
0.00286802854025
0.00229589958555
0.0022707250596
0.00246345464104
0.00246274179651
0.00294328510026
0.00304611782328
0.00479826070655
0.00266943860314
0.00238611185374
0.00296930864011
0.00332974926841
0.00437253468449
0.0040786959581
0.00250612083916
0.00241255644393
0.00296527845882
0.00293103101449
0.00271692039168
0.00232358179183
0.00309876606488
0.00229667839222
0.00234134685515
0.0021383374895
0.00246862689203
0.00334570153131
0.0042379240403
0.00269528965734
0.00253296061756
0.00266988605415
0.00244319559281
0.00277239321052
0.0024216066346
0.00273957596115
0.00396788708297
0.00425199820408
0.00302512715991
0.00249824346635
0.00304252650741
0.00279115680037
0.00360390918614
0.00311942801782
0.00366056426052
0.00367548623559
0.00453729032579
0.00274536440505
0.00254876700662
0.00253142412834
0.00271652858198
0.00338998085043
0.00293261213038
0.00275785828367
0.00260160258247
0.00354803419167
0.00314884004904
0.00263464018006
0.00321875042246
0.00292114092052
0.0036183251514
0.00315482601866
0.00431165228393
0.0020089176183
0.0023679213815
0.00242554266032
0.0025163346089
0.00249605617198
0.00232292885455
0.00254175162173
0.00265907834893
0.00267552765272
0.00335799080615
0.00408564144396
0.00451652891631
0.00420966188278
0.00334578075597
0.00327802777163
0.00247969174148
0.00191752027631
0.00269992877691
0.00244931429364
0.00324991599322
0.00349965152928
0.00300579061784
0.00276635130446
0.00281593197122
0.00272450280613
0.00281965281505
0.00411183107036
0.0032096302644
0.00347854164679
0.00250614401589
0.00200283501815
0.0028259131456
0.00257442253468
0.0028186246295
0.00215324241775
0.00247858039018
0.00286354481074
0.00284046462067
0.00299267825297
0.0025103945392
0.00267557124573
0.0028910487468
0.00382948189835
0.00441744624732
0.00318778167693
0.00250208160181
0.00198065667184
0.00259938288462
0.00217859302353
0.00336618070539
0.00247015917928
0.00268711003384
0.00296990504473
0.00237876577261
0.00302938470888
0.00255509270099
0.00352024167026
0.0040818367548
0.00200740831815
0.00253080913547
0.00248798359037
0.00290501258035
0.00276739845304
0.00264202433351
0.00284962192429
0.00271883816643
0.00265038102358
0.00218347369371
0.00293791564127
0.00261805042509
0.00302306242051
0.00333205780182
0.00267624010527
0.00326895320668
0.00395327770421
0.0031325903053
0.00251408425969
0.00247108035681
0.00325329374418
0.00250919164366
0.00244058558292
0.00230098955092
0.00317619333202
0.0027159242232
0.00243083851954
0.0019946781003
0.0026257782192
0.00248212881004
0.00216336575098
0.00226615215745
0.00238014708283
0.00259186505106
0.00276160443273
0.00311226263279
0.00366894082171
0.00303326752066
0.0032234500299
0.00295175610053
0.0028612632527
0.0036047932967
0.00388758058753
0.00235173548124
0.00274497311661
0.00257007763891
0.00215385873413
0.00257485483581
0.00302181800813
0.00362228861069
0.00201773596681
0.0020617013525
0.00252464720689
0.00263612015381
0.00269475431797
0.00186470813648
0.00260503028523
0.0020504571845
0.00401446330603
0.00339009772872
0.00308151851893
0.00317597233975
0.00262536125629
0.00192790421825
0.00211444135591
0.00301768351858
0.0029952735562
0.00284095102219
0.00222378610195
0.00260308436284
0.00263627785263
0.00295576069874
0.00223435303872
0.00228312734475
0.00241132648317
0.00387217925263
0.0039142336608
0.00241724273261
0.00187471164362
0.00208903810939
0.00260183913735
0.00297353811541
0.00268229268892
0.00307770173179
0.0029195894738
0.00275880791378
0.00299483517684
0.0023180641391
0.00275293515376
0.00270832048601
0.00305712220954
0.00391310055925
0.00231424140067
0.00180636833472
0.00239348428156
0.00262985129649
0.00342514010745
0.0030383193571
0.00320767552782
0.0030971429035
0.00324814454411
0.00286449410113
0.00397044989176
0.00231311249753
0.00216925352587
0.00247492776605
0.00262139426698
0.00242924628655
0.00195206026467
0.00198080783995
0.00209967663032
0.0024006963264
0.0020880937425
0.00229035900759
0.00263645358714
0.00284478411396
0.00293273739673
0.002203655614
0.00206229808623
0.00209649440611
0.00215333798405
0.0034435394385
0.00366171111305
0.00233867856987
0.00208753475617
0.00273186036339
0.00227846420494
0.0027914286944
0.0025184273247
0.00254362535518
0.00230904637733
0.00242845432666
0.00207537479438
0.00265938474836
0.00256333793852
0.00309323446979
0.00368892999753
0.00285364442017
0.00249983935631
0.00268358604702
0.00267334078773
0.00289571432972
0.00331018854064
0.00299011906433
0.00283212556631
0.0038425986406
0.00340036603831
0.00321576878417
0.00320957689172
0.00331345287721
0.00334794270002
0.00467588905247
0.00297313097942
0.00283524373731
0.00265950551645
0.00178530967789
0.00238012747666
0.00221165376928
0.00293116597519
0.00286460979492
0.00337398236912
0.003251687273
0.00296393252081
0.00312074128976
0.00407806630816
0.00366435218541
0.00347303203838
0.00333281017614
0.00337660664341
0.00303698324881
0.00316019193975
0.00345481825384
0.00362684291945
0.00272249288027
0.00314599121329
0.00311717039565
0.00334363115533
0.00271131504879
0.00274957536724
0.00289885235827
0.00215460129442
0.00238905120145
0.00305420067185
0.00380791190175
0.00333005340701
0.00302430193238
0.00293304612388
0.00282049263539
0.00273596266233
0.00333294069423
0.0041152484259
0.0021804903683
0.00278212654581
0.00218642852821
0.00261505535317
0.00220042861627
0.00244523641276
0.00231280741145
0.00241307886578
0.00200836643725
0.00181639281969
0.00196405467345
0.00223276211675
0.00247648290602
0.00264897872978
0.00214544668472
0.00245786727501
0.00387346905861
0.0019209766618
0.00176699804344
0.00227688094754
0.00254805721379
0.00302367032606
0.0025924256463
0.0033292735765
0.00336295535795
0.00282160051694
0.00284304063035
0.00274201841008
0.00238686720343
0.00311525968629
0.00290285508639
0.00225572329008
0.00232062290895
0.0026148868819
0.00285488029055
0.00311533183584
0.00299680313655
0.00309786878802
0.00365584440447
0.00378550247745
0.00352415839673
0.00344190681892
0.00228258284469
0.00225868773093
0.00263103726545
0.00263455145537
0.00196025185886
0.0023201775068
0.00260501845111
0.00338041651547
0.00211928760838
0.00306722765474
0.00254384244868
0.00325777962446
0.00260560766763
0.00307741484213
0.00288451427932
0.00271369168483
0.00274524109174
0.003140000517
0.00268650844317
0.00274908474778
0.00300121451046
0.0028123447233
0.00293413060993
0.00306657119186
0.00321125126231
0.00355132710243
0.00280703073743
0.00364991345979
0.00330089353826
0.0024672125922
0.00289343055838
0.00272745966503
0.00269887738024
0.00329336615778
0.00360938439409
0.00300401745637
0.00316858658918
0.0023444641045
0.00327370621927
0.00285830330695
0.00211724500975
0.00225802640326
0.00237447414162
0.00500917952989
0.00357701083889
0.00403740084223
0.00326770522784
0.00279762809291
0.00341758808943
0.0045823544238
0.00267840050822
0.00252475364135
0.00248592269777
0.00288118007584
0.0018579154976
0.00244738896361
0.00231978747622
0.00256219368575
0.00217102458031
0.00286957861988
0.00276124948986
0.00295349813471
0.00243166179092
0.00245694560232
0.00332756148346
0.00374975120827
0.00444851280802
0.00301915328619
0.00249772214656
0.00305454167193
0.00325000171004
0.00403069292807
0.00372789902762
0.0028343185539
0.00341109936814
0.00214279467667
0.00219573285763
0.00234742602217
0.00248470623349
0.00293338905386
0.00198532152095
0.00203652240282
0.00250420152888
0.00226795752022
0.00404591098283
0.00332576977417
0.00202126127053
0.00177765449114
0.00197934382319
0.00166101173221
0.00273703965794
0.00217582105266
0.00219771551605
0.00217916860029
0.00308358778388
0.00219366514045
0.0021629328707
0.00200263299439
0.0021286861693
0.00200704257692
0.00218997119374
0.00212603686574
0.00213135203768
0.00237243297938
0.00280399443024
0.00233161367808
0.00335190608027
0.0022862291597
0.00217985393371
0.00265936645852
0.00230498326243
0.00262460791245
0.00180877366397
0.00244507426507
0.00186012004398
0.00350184097561
0.00297297787634
0.00321964660086
0.00233983254648
0.0018597047368
0.00195226843769
0.00289309539057
0.00362325481879
0.00346256721091
0.00284646068402
0.00333249057879
0.00374007309949
0.0031491958426
0.00238317205634
0.00326376465233
0.00240548679606
0.00238725755039
0.00237005316257
0.00256205626039
0.00293574688628
0.00228990190897
0.00208110680989
0.00232564799905
0.00182508565989
0.00245912974695
0.00314503552701
0.00253665269213
0.00347563427171
0.00298500753636
0.00311128040123
0.0040213750555
0.00367963336049
0.00207286059701
0.00195792683331
0.00184621541218
0.00172328593223
0.00165360719983
0.00180834955578
0.00200788693345
0.00175804185059
0.00233439572821
0.00225021944844
0.0021746630147
0.00253214066942
0.00322859728286
0.00290336528486
0.00279469562897
0.00284455297309
0.00207327353666
0.00181000445385
0.0021728960196
0.00254178839982
0.00175694806048
0.00190529048345
0.00209141235904
0.00243687917476
0.00311058411431
0.00317646212707
0.00223724861005
0.00196273338452
0.00366943906141
0.00358930653076
0.00391891150981
0.00266401127063
0.00245573850101
0.00175219001846
0.00201011569022
0.00187439417441
0.0020201469608
0.00278609799799
0.0022923787617
0.00297141847671
0.00397360515057
0.00291952150261
0.00228760555315
0.00293790378866
0.00277538532078
0.00341940337091
0.00368258147605
0.0028643840857
0.00219619744166
0.00263701706635
0.00272211349288
0.0032995123636
0.00383478989188
0.00305202348185
0.00331251864456
0.00403542201808
0.00299655647653
0.00202545504065
0.00173192873104
0.00218648119973
0.00235135680927
0.00320842958418
0.00302222142366
0.0020584059226
0.00229847938883
0.00213734121024
0.00217498955117
0.00290942660678
0.00284646962304
0.00290913551366
0.00229677836402
0.0030708573338
0.00283925476625
0.00344980823831
0.00387237727592
0.00414499736762
0.00330676386477
0.00235826086487
0.00213731854874
0.00247870345474
0.00225226950816
0.00267314206261
0.00174806441448
0.00239393241341
0.00174405997805
0.00373887489711
0.00350997106534
0.0029269119587
0.00294527894621
0.00215971439143
0.00186997397582
0.00215521283772
0.00223994831097
0.00376872676266
0.00379630475853
0.00280154619956
0.00248098014056
0.00333193153044
0.00290337140613
0.00207838906236
0.00203545700736
0.00226469665121
0.00281443535789
0.00242816804428
0.00191248488666
0.00225919167743
0.00200825793086
0.00280309688744
0.00220281474266
0.00227875188926
0.00258694160785
0.00270816219852
0.00191531992064
0.00249241072044
0.00240168110382
0.00370172234883
0.0027106138031
0.00206481325183
0.00212524641133
0.00270168524574
0.00379649983378
0.00397444318046
0.00336221027251
0.00228439617479
0.00246564346279
0.00227128902709
0.00291424504316
0.00226480645055
0.0021411071407
0.0026123884615
0.00211615036717
0.00255780968439
0.00215258972679
0.00235982553089
0.00287872569717
0.00361204822066
0.00344816639186
0.00290492595081
0.00210733561951
0.0026870939555
0.00248584852218
0.00189683808505
0.00165607048389
0.00217093625364
0.00224387035713
0.0032901501666
0.00302127839852
0.00356236631259
0.00234850291165
0.00211513826849
0.00182526798831
0.0023028727368
0.00330985088323
0.00242124224604
0.00202227210782
0.00247624134948
0.00245382672348
0.0025468602648
0.00211903277356
0.00284113765952
0.00254772503967
0.00370097414035
0.00324776341426
0.00342321865345
0.00406092403712
0.0036430233756
0.00313951259327
0.00187868458118
0.00303820546582
0.00356087843732
0.00327803632103
0.00228172971252
0.00199999981463
0.00173512985667
0.00167634567501
0.00284722039481
0.00381030094972
0.00254161189719
0.00219383323506
0.00228719287698
0.00222884471887
0.00271059314979
0.00321529167929
0.00184461698892
0.00274019983805
0.00250601537746
0.00301963555723
0.00328544687764
0.00324102729923
0.00173111874991
0.00206389540568
0.00166678271322
0.00218701213884
0.00194834834907
0.0024345803226
0.00180210903736
0.00272371513328
0.00299885629664
0.00350484758486
0.00308689523582
0.00295687390187
0.00307218904503
0.00278949665691
0.00351878442855
0.00339358273795
0.00231439179557
0.00195424321362
0.00236310405328
0.00225065378951
0.00233115461856
0.00220035587796
0.00243998679929
0.00284840623159
0.00262437148541
0.00269277691942
0.00261212310013
0.0023837985391
0.00186748352112
0.00253242311197
0.00175114637533
0.00287654583755
0.0033545522321
0.00390331202979
0.00261079416561
0.00265960923886
0.0020949690214
0.00167201892652
0.00253003034176
0.00211789142954
0.00287955244433
0.00384067815133
0.00289982330029
0.00314564405779
0.00253004764874
0.00291368625905
0.00237307100247
0.00222933737525
0.00281348798306
0.00304871959922
0.00328256313136
0.00277828371476
0.00254254599784
0.00229537455437
0.00211993978725
0.0024521938863
0.00219031923578
0.00354423695026
0.00375319068004
0.00243635216533
0.00359217631168
0.00300059800719
0.00277331727081
0.00258275832956
0.00305156036078
0.00213581808966
0.00190826889442
0.00200951099279
0.00251607430825
0.00267242967139
0.00167194578372
0.00235283722122
0.00167655106631
0.00283027217843
0.00263238587552
0.00320832409593
0.00289113623242
0.00270425231365
0.00202870535372
0.00210793867424
0.00230427338265
0.00379153504789
0.00317345093861
0.00343682954047
0.00268046237959
0.00220656111033
0.0024452920708
0.00213607813142
0.00171256372372
0.00173516784856
0.00241088105408
0.00282369509998
0.00247817088844
0.00288122182278
0.00319217231622
0.00273585495922
0.00247647142863
0.00223742040196
0.00243514557271
0.00236675090546
0.00241229692218
0.00267669382456
0.00287842681126
0.00341843106617
0.00341232434597
0.00324959101303
0.00242318985814
0.00291623538966
0.00319456077571
0.00265411258195
0.0025391988556
0.00271925030868
0.00218546413615
0.002457025587
0.00282810905693
0.00197811843742
0.00175751756767
0.00155318061879
0.00241020890977
0.00277549536318
0.00291935680603
0.00233212088563
0.00286015663551
0.00236289603441
0.00204156770727
0.00336808588169
0.00281520679667
0.00362496493845
0.00370891211825
0.002654648361
0.00335930413251
0.00225895473392
0.00230901086024
0.00308649602065
0.00386834731644
0.00263166296169
0.00207730277622
0.00210183408235
0.00221606336232
0.00240344327044
0.00307970575553
0.00275822710005
0.001960611198
0.00186771157054
0.00209808133144
0.00247246102344
0.00253761737909
0.00288011637542
0.00325946340431
0.00253071799438
0.00322092768393
0.00320192150359
0.00268967921901
0.00256082736875
0.00301008080658
0.00254381870553
0.00221250463955
0.00252970672364
0.00295920079813
0.00224277154816
0.00313265804028
0.00300913109862
0.00343616581641
0.00212627381013
0.00158835610567
0.00181736466186
0.00188429541497
0.00173606495782
0.00146309040679
0.00216120160734
0.00288312037333
0.00106011364982
0.00162108721641
0.0018835418656
0.0017877304297
0.00222153356032
0.00205106206424
0.00240536331493
0.00218946745089
0.0026672076094
0.00212600137611
0.00284552815723
0.00296089303191
0.00222372485177
0.00215245084627
0.00212349445077
0.00238420864558
0.00377674814892
0.00219681426918
0.00234582218718
0.00196647660343
0.00190957358316
0.00221275619378
0.00221549795539
0.00262954994902
0.00307007949247
0.00280876599617
0.00381851301323
0.00287628316259
0.00249094563986
0.00254851221596
0.00237058899258
0.00201826298261
0.00182266527216
0.00233730058741
0.00192413629638
0.00186626132065
0.00207687754174
0.00222998822237
0.00264423896261
0.00298785969793
0.00305358336562
0.00230585686646
0.00223139558935
0.0027888668627
0.0028320153275
0.00209694570556
0.00262100885098
0.00240729016571
0.00300138334448
0.00236739106777
0.00356664974382
0.00204206489452
0.00275413434981
0.00282358151712
0.00260042672874
0.0019335570441
0.001777641254
0.00213996329885
0.0025242174995
0.00230941696693
0.00143042932937
0.00201282104252
0.00289707979357
0.00309667273226
0.00116321277567
0.00122517008737
0.00128266731127
0.00182891203341
0.00120340020934
0.00231077937165
0.00198855958219
0.00249293330115
0.00196554754194
0.00207182169544
0.00327855781261
0.00373070447186
0.00329104588123
0.00156959731212
0.00189355744065
0.00210106239266
0.00241695077185
0.00292441025622
0.00324998018855
0.00335660511793
0.00331773120785
0.00290994363534
0.00334544962095
0.00212379514678
0.00164803731221
0.00214041660214
0.00224953850798
0.00151407654414
0.0028423986033
0.00171613678458
0.00171252552826
0.00187243262247
0.00202313552261
0.00191510060187
0.00183442677843
0.00230160303633
0.00203125890852
0.0024382826125
0.00202125053701
0.00203012939438
0.00227935005443
0.00322612276984
0.00276597163636
0.00194123014043
0.00184833147929
0.00174060432312
0.00204983295461
0.00399396676427
0.00401869575175
0.00240218561403
0.0022487576694
0.00248730083419
0.00249741322986
0.00237792288206
0.0020043302541
0.00214391961572
0.00216213144522
0.00316973500853
0.0036752255067
0.00191340442895
0.00159403254618
0.00179717810656
0.00200841682898
0.00219956612956
0.00189354818906
0.00217895421927
0.00211378376962
0.00376860770677
0.00388199848059
0.00249091094246
0.00196315250248
0.00209427791685
0.00222946363448
0.00309012851716
0.00321844773152
0.00221220459652
0.00201148129814
0.00229475556684
0.002003073358
0.00312760832145
0.00366814630068
0.00462798585168
0.00319129434631
0.00358342676222
0.00309697974016
0.00300796973913
0.00244045409454
0.00323560432487
0.00180170858878
0.00198578421978
0.00205278812286
0.00240776603797
0.00184174819243
0.00224459816689
0.00177207830646
0.00370299169494
0.00336600916546
0.00342273149457
0.00169234681003
0.00157455884981
0.00201401361964
0.00167374577816
0.00154193315572
0.00126616106828
0.00142891070545
0.0019969116348
0.00312665731465
0.00361313953769
0.00265673287059
0.00220164678278
0.00192644146662
0.00208173403416
0.00269399214481
0.00360688831315
0.00280305384544
0.001919003659
0.00141772975507
0.00165151413192
0.00159703446865
0.00180734267843
0.0021023134737
0.00190517281082
0.00187191247036
0.00170461590823
0.00168816002828
0.00196761959681
0.00195461758948
0.00196969161306
0.00238760514805
0.00237211194925
0.00260009805263
0.00220372466558
0.00296218738157
0.00283041686444
0.00191117937276
0.0021418045304
0.00188421462657
0.00203797115821
0.0018424438813
0.00193317039002
0.00202132706237
0.00291596034519
0.00311252453513
0.0018103046663
0.00259981659599
0.00177384987134
0.00186481186868
0.00145870690647
0.00154262419752
0.00182003165583
0.00287224907366
0.00284322113496
0.00223284194963
0.00180597416975
0.00186599213054
0.00206200000442
0.00194913015946
0.00193658200032
0.00264375127846
0.00248388669619
0.00210544071042
0.00194619616136
0.00207093338465
0.00255460488932
0.0041192659333
0.00418323711667
0.0036049727133
0.00289761679466
0.00266584593011
0.00287867923437
0.00172384732935
0.00162308214343
0.00204967645937
0.00134264366244
0.00274168085191
0.00290896481544
0.00258981425993
0.00198367308584
0.0018077837838
0.00223310545474
0.00201309262546
0.00162588372921
0.00200573417027
0.00170770787654
0.00276981489836
0.00216672111247
0.00172706700068
0.00187898232129
0.00210862513376
0.00328001157959
0.00326446017096
0.00349176952892
0.0038967140063
0.00316719990267
0.00307444290929
0.00266984633228
0.00241945766771
0.00156869000382
0.00138600404379
0.00214974232543
0.00144179367281
0.00214419500478
0.00164483379069
0.00173765553081
0.00218708686306
0.00217098883813
0.00179765799292
0.00194387775896
0.00205269078405
0.00230041068348
0.00190218629409
0.00187943934354
0.00183581176297
0.00174279839503
0.0025353314909
0.00154627417255
0.00152925909141
0.00203551097274
0.00177945789341
0.00144333680398
0.00145560540049
0.0014943064857
0.00191676486858
0.00227712650289
0.00160096752267
0.00171210025044
0.002074440422
0.00209343669802
0.00166996930818
0.00215529769148
0.00219811037674
0.00318651258021
0.00260444647586
0.00282905442873
0.00190460264758
0.00170182938774
0.00176134608688
0.00211620639582
0.00326329522185
0.0020509655247
0.00158325413675
0.00180414929855
0.00187773335489
0.00144413584568
0.00185558910722
0.00193452085733
0.00303601746539
0.00292849287093
0.00333709567613
0.00318119894048
0.00325961032304
0.00205800387732
0.00173650196732
0.00202676515476
0.00203227751665
0.00217763603727
0.00189809009107
0.00215143040965
0.00326102902687
0.00241641206944
0.00313210839274
0.00311186317495
0.0036121624142
0.00381530131219
0.00220101266517
0.00181718093055
0.00217995164579
0.00179261740809
0.00234744216163
0.00247083957553
0.00218503974245
0.00197367766534
0.00194185153538
0.00209632512868
0.00187046591641
0.00168961161889
0.0016713655154
0.00179265178534
0.00338340994656
0.00336871520234
0.00176350879167
0.00137071246758
0.00146325069736
0.00178781813141
0.00252349567338
0.00293599112224
0.00288639137699
0.00256389101901
0.00190364668021
0.00237018340495
0.00220192652952
0.00227478527021
0.00290314152643
0.00287827488852
0.00319340705029
0.00285014905639
0.00206295459853
0.00209190955622
0.00194630663135
0.00237302739324
0.0022555432537
0.00179950746883
0.00163996630426
0.00205084133909
0.00238067722829
0.00201335556347
0.00178296756278
0.00214380359046
0.00259499245561
0.00290676345832
0.00198807645968
0.00271889742334
0.00233358505331
0.00293781951386
0.00273331236579
0.00234258289314
0.00293884946684
0.00283193438909
0.0034820002317
0.00262104420059
0.00308138857733
0.00245572573969
0.00156804696308
0.00175775561702
0.00191209139455
0.00282071671813
0.00199013100683
0.00185903632769
0.00215949311012
0.00240255877441
0.00292204901004
0.00270254442853
0.00209065506883
0.00165264295059
0.00203229430756
0.00202437415016
0.00331290108102
0.003249743367
0.00332984521952
0.0030580676343
0.00292204510422
0.00322572738841
0.00234459643684
0.0019380771011
0.00213034175715
0.002214809724
0.00301715791264
0.003215989301
0.0019948145171
0.00147765808091
0.00126263662123
0.00153929340242
0.00223632487416
0.00203395261375
0.00209322599483
0.00230501661717
0.00150163897152
0.00142252098338
0.00119769483742
0.00155913976452
0.00169536730566
0.00161213410472
0.00141507761771
0.00218574919732
0.00222791933799
0.00180266297929
0.00200210933198
0.00214429659192
0.00149018627783
0.0014926479445
0.0020616529911
0.00167103833216
0.00266545843227
0.00269194311148
0.00165486349712
0.00169730271366
0.00197279309974
0.00208684484052
0.0025083946562
0.00270944119211
0.00305704629156
0.0036285555858
0.00240355335832
0.00223194118322
0.00227145905105
0.00214123598424
0.00241381610743
0.00158053852304
0.00202807470348
0.00186601289187
0.00256511908086
0.00316351487908
0.00355211954311
0.00232468672735
0.0022716427336
0.00259322358521
0.00176812573274
0.00159856356115
0.0021031848496
0.00241591610075
0.00257582191979
0.00167930967743
0.00204833994298
0.00172864733865
0.00201780271328
0.00178477691211
0.00194737517345
0.00224740675607
0.00240074599161
0.00185418276246
0.00186399283017
0.00214069152206
0.00194900942783
0.00199794268089
0.0015578551978
0.00203483344445
0.00244107033088
0.00249325615088
0.00173910771795
0.0017999753947
0.00314378266492
0.00286795404934
0.00258108451027
0.00270928249781
0.00293593037285
0.00235405649466
0.00274963774913
0.00287787669471
0.00277240704152
0.002809554164
0.00155671225341
0.00166059225876
0.00195292307866
0.00199400683591
0.00268306964065
0.00309942848889
0.00223601539375
0.00221910297083
0.00260335039716
0.00219692106396
0.00175028204326
0.00140681191264
0.00203023236587
0.00175379586276
0.00261129445239
0.00291799498176
0.00311920945425
0.0026107387658
0.00279854109114
0.0026258775109
0.00314184221305
0.00345488642989
0.00341759922793
0.00294696820004
0.00271958822726
0.00301201303111
0.00279790089404
0.00340131967974
0.00211739371153
0.00175225419028
0.00203167500439
0.00191810037106
0.00227895078766
0.00291095290591
0.00247203745924
0.00131435934495
0.00109008096762
0.00149893203433
0.00130209628289
0.00285838498791
0.00234215616298
0.00351408248174
0.00214527935703
0.00177352219461
0.00160787885679
0.00164845752408
0.00195389813012
0.00173144046534
0.0025183015218
0.00232176137055
0.00371782097197
0.00241405083872
0.00206781864299
0.00187998118104
0.00304601019175
0.00310076085479
0.00208471158799
0.00241975300444
0.00244423068713
0.00234920045908
0.00208774622265
0.00221105000516
0.00212671394911
0.00221776336691
0.00187540818683
0.00243696810399
0.00207941532806
0.00148118660096
0.00163860857385
0.00223423088591
0.00205624105019
0.00179578764117
0.00270181387649
0.00207080623013
0.00209388913547
0.00266378018714
0.00270603679921
0.00231340053886
0.00286006755045
0.00304841465187
0.00278246010138
0.00242496939977
0.00171829822859
0.00149385165806
0.00213550015494
0.00212003471971
0.00248594817003
0.00253863538061
0.00148942358153
0.00125140253016
0.00145667449533
0.00176817348931
0.00220941627845
0.00271575824936
0.0022413210196
0.00299673343125
0.00273618989771
0.00282123808414
0.00218211827602
0.00285327617052
0.00200124973075
0.00319208557565
0.0018771067138
0.00171426593525
0.00157573244402
0.00189466242312
0.00155274400429
0.00113342193665
0.00112807941273
0.00119859774425
0.00159244802223
0.00151220752966
0.00185656254629
0.00210656385604
0.00249939182563
0.00231125401989
0.00211294401922
0.00192054981656
0.00266020002064
0.00215338060843
0.00220746936933
0.00190638240191
0.0031473886438
0.00219000871499
0.00222861391427
0.00231284290704
0.002033600471
0.00245786102879
0.00196225261263
0.00128845092665
0.00129838507223
0.00208621172147
0.00232166385444
0.00163546589991
0.0019646676704
0.00260735328621
0.00200556684003
0.00220453679947
0.00196050306506
0.00201564335909
0.00393285949131
0.00250738046703
0.00322427899564
0.00265719386019
0.00241927104335
0.0024284563261
0.00191087930865
0.00192723828895
0.00179621100935
0.00199534318994
0.0015044577375
0.0016534553918
0.00246733153144
0.00197689651376
0.00167555515113
0.00108857300622
0.00133944439186
0.00129236244946
0.00137312784458
0.0013185652129
0.00205184867113
0.00243678669129
0.00139513235257
0.00115504675219
0.00149705768252
0.00124754857952
0.00204521762967
0.00263109678895
0.00226529429496
0.0021407069207
0.0020441443028
0.00182015420814
0.00215664911508
0.00264128421469
0.00198994419427
0.00155507073433
0.00209811731913
0.00210181158159
0.00296978416793
0.00294562094346
0.00249303975637
0.00240662629655
0.00184628745174
0.00230204201302
0.00232720904016
0.00203918432294
0.00237404016733
0.00201635914823
0.00242827143381
0.00281116296562
0.00261668651321
0.00207258217046
0.00261759270234
0.00231511258543
0.00193099038647
0.00206865200494
0.00183673032837
0.00242763495523
0.00271112267334
0.00244035546061
0.00184145711205
0.00185891541339
0.00236928975231
0.00152338321428
0.0014850181442
0.00191000340549
0.00192821464399
0.00227085931539
0.00186371222572
0.00204268217542
0.00185217037362
0.00196386631684
0.00223058697143
0.00182753819964
0.00246179222688
0.0019102848721
0.00176226968786
0.00174634965395
0.00211867264511
0.00243552868692
0.00198359523548
0.00145372287995
0.00158930223271
0.00186307873918
0.00243768018705
0.00227384158287
0.00218201734556
0.00238963698304
0.00258640285124
0.0023133101825
0.00236797170659
0.0019886084758
0.0026975420496
0.00204176994638
0.0020331786293
0.00203503941667
0.00360165323571
0.00222302840997
0.00182064440321
0.00206572864739
0.00197777364557
0.00178377869792
0.00187775675939
0.00223806883076
0.00153462969681
0.00162491848618
0.00328304884674
0.00390744327095
0.00325304668934
0.0031031660437
0.00316452827988
0.00307911025493
0.00202565545129
0.00163262735839
0.00181197312245
0.00191196681301
0.00171555581436
0.00130395333034
0.00132806433741
0.00157395794278
0.00162807104762
0.00158620057326
0.00204418706664
0.00206288638207
0.00383315252496
0.00386497660094
0.00205159275069
0.00192739069429
0.00222315439402
0.00241040585924
0.00219548759391
0.00255087645449
0.00194890559755
0.00156243316688
0.00177134629154
0.00177027419762
0.00212437338079
0.00160305699211
0.00181246005714
0.00198421766292
0.00240353817348
0.00276177258338
0.00174374387597
0.00138242121
0.00158992197608
0.00160704361835
0.00337213263042
0.00295721656954
0.00184124464167
0.00163543059685
0.00181981372976
0.00157089981911
0.00203805252318
0.0016324343558
0.0018955453159
0.00160416585216
0.003089766091
0.00339716005467
0.00250334685547
0.00219189615086
0.002986469811
0.00321796536874
0.00378335866782
0.00329414277054
0.00162865120151
0.00131030202473
0.00145281550214
0.00173590187181
0.00266336480695
0.00263743964131
0.00225777642038
0.00350877478128
0.00166364693261
0.00165413749337
0.00175304434802
0.00201487381226
0.00372681220696
0.00325193184154
0.00315999445359
0.00310208440635
0.00215835315284
0.00175894166898
0.00193771987464
0.00183006930894
0.00191888629846
0.00175394704873
0.00188460755253
0.00171471675008
0.00264526834825
0.00256966477392
0.00150393810833
0.00131021830831
0.0016280758172
0.00156872212436
0.00293171449074
0.00265195894212
0.00184529451706
0.00175529970967
0.00191583651464
0.00218161317827
0.00200331423517
0.00166717556195
0.00157210796077
0.00225456670295
0.00184244813199
0.00153416276685
0.00189837456714
0.00143622020066
0.00140307114589
0.00164818149183
0.0018813117414
0.00162971908917
0.00306071067954
0.00311004997877
0.00271080271914
0.00312684324188
0.00162735988795
0.0019723566551
0.00218738102369
0.00212259245695
0.00309302953911
0.00320096103383
0.00287241093635
0.00282944265194
0.00215426406583
0.00169226074896
0.00226362857913
0.00146492556927
0.00263532420445
0.0031286802346
0.00138448660374
0.00129159040261
0.00148518716836
0.00124995928829
0.00181547102126
0.00200771476188
0.00154146211007
0.00216130807872
0.00226776072565
0.00211369448795
0.00200948740032
0.00197606938117
0.00311190514432
0.00336713109985
0.00318315033677
0.00387775225075
0.00163168318148
0.00141334700728
0.00181681622729
0.00180603250419
0.00313733788895
0.00308951618757
0.00283031819439
0.00291315211
0.00251822485429
0.00266600830659
0.00176566073511
0.00152582735616
0.00178501291899
0.00176980949306
0.00390237737332
0.00350529567086
0.00340940938699
0.00278977511728
0.00274067675516
0.00313650228638
0.00185468945844
0.00152717285234
0.00165036825412
0.001684635954
0.00286995254871
0.00295260425123
0.00330523383094
0.00289226754195
0.00209089274146
0.00233447550161
0.00225297167712
0.00213927456124
0.00153845798786
0.00168325407674
0.00184265677082
0.00218079080845
0.0018766101436
0.001619273593
0.00166966155023
0.00191461608014
0.00301319057445
0.00323592888126
0.00360886944548
0.00343268334069
0.00208224968699
0.00183761938174
0.00228188034995
0.00221950830116
0.00136896097946
0.00128478522833
0.00153413285063
0.00135153579641
0.00208505804133
0.00226760128144
0.00137768751816
0.00131053925706
0.00156333085931
0.001487701733
0.00252550369115
0.00300032289034
0.00254737786552
0.00261429768045
0.00281684981113
0.00229948155242
0.0024122800464
0.00222703087893
0.00235070091707
0.00309906957246
0.00145268482864
0.00123527510711
0.00122637446896
0.00148211805767
0.00207994447807
0.00171296923003
0.00186443832098
0.00191525969617
0.00167519893033
0.00153056655566
0.00172013830419
0.00194052481099
0.00378001709284
0.00385128828029
0.00318633145962
0.00340255496134
0.0029005486634
0.00361831010072
0.00151157146611
0.00118414079194
0.00136664266828
0.00140532810911
0.00217348649796
0.00232646083693
0.00270896628966
0.00244098687474
0.00125141847936
0.00132366925171
0.00168259546347
0.00118076328971
0.00194991494922
0.00257039033203
0.00164358599627
0.00192187902809
0.00263258249231
0.00251216367577
0.00136609809444
0.00125090016867
0.00150201234078
0.00153648867456
0.00153172108409
0.00128276210874
0.00161465799186
0.00158353554356
0.00287513937373
0.00322475915794
0.00232822889085
0.00222358363941
0.0013715785843
0.00158789109413
0.0020169974301
0.00201715750227
0.00361583188966
0.00338714311317
0.00280228858264
0.00258340097781
0.00286832558534
0.00270472218695
0.00114221393967
0.00116657593532
0.00111909977028
0.0013962762359
0.00148518643965
0.00143373867067
0.00131995908014
0.00150141025466
0.00144096989264
0.00122643512463
0.00156667214921
0.00147681400151
0.00273006553725
0.0027262200688
0.00246369491173
0.00224578564503
0.00147662809136
0.00134343791754
0.00148373003905
0.00169144534934
0.00298371659549
0.0030968050679
0.0027806411997
0.00414102057759
0.0019730691287
0.00151803190425
0.00165884809296
0.00168000060404
0.00135016060808
0.00117316024952
0.00123870007527
0.00135147280197
0.00142620485042
0.00132250307066
0.00166671091261
0.001467164425
0.00217694551034
0.00216206069554
0.00158519239756
0.00137716198015
0.00135155125618
0.00172559157742
0.00262048843623
0.00253805942069
0.00160333099763
0.00142714630301
0.00173767107998
0.00177124919619
0.00230717822052
0.00215226237296
0.00151080762486
0.00130423833847
0.0014009474836
0.00135338285917
0.00201493734815
0.00208964423496
0.00328519731226
0.00324827661884
0.00247070246597
0.00282927420504
0.0017421937532
0.00154787680343
0.00190625389447
0.00198606461655
0.00198664449876
0.00162177858461
0.00183158407461
0.00170322340959
0.00243576579864
0.00258788880636
0.0031796270723
0.00265854023886
0.00248887382303
0.00264488252323
0.00193664892074
0.00155501930346
0.00187967176766
0.00191255884496
0.0031222652481
0.0029656895136
0.00278874562026
0.0026582520332
0.00290092225753
0.00290315593755
0.00246179681733
0.00300501696442
0.00232824781241
0.00226935170325
0.00175234087587
0.00150659404945
0.00170960410944
0.00175129132807
0.0029235500111
0.00284208075134
0.00176884217504
0.00154843394175
0.0017846949189
0.00191893799522
0.00302816304909
0.00284592232286
0.00308031746557
0.00277831705448
0.0027763745778
0.00258325091142
0.00264254448706
0.00275525370297
0.00189783162018
0.00226301590292
0.00128213806198
0.00141264368545
0.00140107062717
0.0013068785598
0.00222089267795
0.00231160812088
0.00191193150555
0.00279376633919
0.00169881616511
0.00156268334777
0.00185946792803
0.00200335631829
0.00283639563839
0.00263046861879
0.00223843283764
0.00253345295329
0.00236123454454
0.001891074245
0.00202949521508
0.00192341284609
0.00193019915435
0.00219744766128
0.00139822009314
0.00122120596428
0.00142665975256
0.00152733101697
0.00267981068025
0.00250546906789
0.00179604576676
0.00142909420616
0.0016469990725
0.00176542580068
0.00204772805556
0.00218351810564
0.00280137737604
0.00286533059532
0.00167468381513
0.00140379108953
0.00155784922895
0.0014903471249
0.00278122447905
0.00257289053805
0.00190090703739
0.00185676313209
0.00224813218807
0.00211275778931
0.00161791077263
0.0015594246155
0.00177687487733
0.0016376063334
0.00233500008614
0.00235970710638
0.00259600078047
0.00246678788762
0.0031316416951
0.00253973186167
0.00254790536885
0.00221224198781
0.00228946975399
0.00221890154712
0.00267454027253
0.00312431557334
0.00318170349699
0.00299005416765
0.0020074609232
0.00205144886137
0.00172465934029
0.00144899523575
0.00156821284563
0.00160312214585
0.00159797171899
0.00157748638925
0.00170371534421
0.00146942214132
0.00161593337527
0.00293476894927
0.00201199934856
0.00272333479149
0.00205334545848
0.00162830530047
0.00168707324049
0.00171849546872
0.00155822252171
0.00123817546354
0.00136508290739
0.00135492596022
0.00255565010416
0.00267917283386
0.00251425650686
0.00227539778005
0.00212421039522
0.0020410948662
0.00232720425693
0.00219631655804
0.00256584091454
0.0024131872092
0.00265454424982
0.00258227544445
0.00178648035602
0.00140398194256
0.00153101980316
0.00177537680301
0.00202285020269
0.00239927527219
0.00264027212572
0.00261994170472
0.00179857059059
0.00243843512229
0.00212520681961
0.00226611471003
0.00172728286894
0.00167424480627
0.00230453349295
0.00263894295363
0.00219326625981
0.00211516240727
0.00179511988363
0.00156174992342
0.00174473141209
0.00143936893052
0.00251304352018
0.00180932601883
0.00146350160355
0.00132541361784
0.0013814932178
0.00141802241767
0.0019735931173
0.00193705131354
0.00216149680993
0.00226835661406
0.00214107434899
0.00231299273947
0.00273596900022
0.00249501992852
0.00248892798915
0.0024021091666
0.00233998911783
0.00236426441621
0.00257936971035
0.00288684224628
0.00211359248546
0.00172547027385
0.00225580244702
0.00236192621782
0.00144806310629
0.00123424076245
0.00133865598241
0.00136009242457
0.00124440524515
0.00115559518658
0.00127450598916
0.00125079782214
0.00265071594676
0.00258094001382
0.00159944729714
0.00169811306643
0.0017345503847
0.00206219535764
0.00238008428587
0.00234842748692
0.00280006925545
0.00295895696741
0.00236608281221
0.00295987286421
0.00214432278479
0.00224568643201
0.00219413780577
0.00230133451138
0.00179700911596
0.00210261143512
0.00152373445142
0.0012309484923
0.0013215586926
0.00153998716876
0.00211927149525
0.00177599358433
0.00236892062652
0.00223226184622
0.00122588236455
0.000967000283767
0.0010788309814
0.0011000283757
0.00154286464573
0.00149272346884
0.00228848740938
0.00201656418355
0.00156998674292
0.00137982627951
0.00155131335875
0.00175983702209
0.00149830322235
0.00151853874952
0.00175399937307
0.00153832616434
0.00189370016597
0.00133680828248
0.00152972489102
0.00154572554614
0.00233016953705
0.00201924432926
0.0017823354951
0.00210986782093
0.00174782096996
0.00205075103024
0.00153577699176
0.00153773651204
0.00143645054825
0.0011184513066
0.00118929621993
0.00124502823938
0.00202919119594
0.00230145143055
0.00223027527945
0.00207860041235
0.00160463704304
0.00201048479271
0.00171848233422
0.00190673022572
0.00126247161504
0.00112236613971
0.00119208748106
0.00152519734167
0.00162406147489
0.00205146764552
0.00205541245669
0.00223102871734
0.00137840328681
0.00109852884104
0.00121487164997
0.00124006898899
0.0020795761569
0.00201660072306
0.00180850853419
0.00169815361312
0.00163129843364
0.00204071078028
0.00254318140897
0.00212072429565
0.00177452710313
0.00160591240582
0.00135552512522
0.0016367406232
0.00136915937701
0.00139964553649
0.00148583761161
0.00157005504112
0.00191483645491
0.00215270651584
0.00190146071247
0.00184688673884
0.00116569272393
0.00106191077594
0.00138610936079
0.00119644332387
0.00188263670785
0.00132064776069
0.00135222661759
0.00131481983649
0.000853211579676
0.0010045615127
0.0010935227438
0.00112011286789
0.00104768209975
0.00106138442779
0.00132671519831
0.0011885361223
0.00204103499799
0.00211327475721
0.00149611673406
0.00162306014284
0.00210340725421
0.00223256058304
0.0014341233063
0.00139866269434
0.00103066032712
0.000899500170962
0.00100039868613
0.00105174474515
0.00153693314163
0.00112289838555
0.00121904773945
0.00122316351168
0.00151651704225
0.00158969401173
0.00121605906753
0.00102986645708
0.00113167647481
0.00120218896335
0.00187434349928
0.00202995872922
0.00170381439291
0.00170389041832
0.00151835235456
0.00172047687769
0.00161766234993
0.00178659324369
0.00134314044302
0.00109564285983
0.00124286075445
0.00138869336656
0.00149972759686
0.00169499813356
0.00188910228608
0.00194093822613
0.00263088625453
0.00213754955228
0.00166841629792
0.00190668926817
0.00125809008835
0.00114633169605
0.00108626270692
0.00128751510689
0.00130495310968
0.00138334885701
0.00217391289577
0.00187980102639
0.00182040583151
0.00184182357929
0.00188696294875
0.00214436667915
0.00138512781611
0.00172937491791
0.00144158335361
0.00176621913396
0.00165283924223
0.00166274737716
0.00179690512525
0.00145947476256
0.0019923252361
0.00186752229686
0.00277751147064
0.00192286547507
0.0016001101089
0.00159017874067
0.00192524221991
0.00194026029951
0.00200235691312
0.00173940913735
0.00125165206165
0.00167227394823
0.00137022490411
0.0018368754656
0.0016491733102
0.00228847552116
0.00188686647351
0.00194428014233
0.00142820635447
0.0021127066277
0.00133348322702
0.00131974387663
0.00135629736636
0.00137321368804
0.00125383036504
0.00162300225723
0.00125332942597
0.00115311614108
0.00115870432154
0.00125268527906
0.00182519301997
0.00160995115012
0.0017840396533
0.00173585143206
0.00158176860363
0.00195609610417
0.00180438460759
0.00209521045451
0.0017786785309
0.00172097894761
0.0019290434085
0.0017126438072
0.00156221316267
0.00164862212935
0.00160268386676
0.00155912301054
0.00135797609712
0.00134356362272
0.00136946519691
0.0013036416811
0.00138397056505
0.00130486847309
