0.0188426101825
0.0180988495931
0.0188426101826
0.00908284093963
0.00920260674083
0.00911426136157
0.00911426136152
0.00959114193337
0.00969078065014
0.00956460813195
0.00959114193332
0.00919280089343
0.00930770728824
0.00921834781342
0.00919280089346
0.00930770728822
0.00921834781342
0.00921204257002
0.010990835709
0.0111394004366
0.0110016508775
0.0110016508775
0.0115817655027
0.0117384059401
0.0115817655027
0.0115817655027
0.0110016508775
0.0111394004366
0.010990835709
0.0110016508775
0.0110016508775
0.0111394004366
0.0110016508775
0.010990835709
0.00921204257002
0.00930770728822
0.00919280089346
0.00921834781342
0.00959114193332
0.00969078065014
0.00959114193337
0.00956460813195
0.00921834781342
0.00930770728824
0.00919280089343
0.00921204256997
0.00930770728824
0.00921834781342
0.00919280089343
0.00919280089347
0.00930770728827
0.00919280089347
0.009564608132
0.00969078065019
0.00959114193338
0.00959114193338
0.00919280089347
0.00911426136155
0.00920260674086
0.00911426136155
0.00908284093966
0.0190277557779
0.0180988495931
0.010990835709
0.0093077072883
0.00919280089347
0.00921204257002
0.00911426136155
0.00920260674086
0.00908284093966
0.00911426136155
0.0230600683436
0.0110016508775
0.0111394004366
0.010990835709
0.0110016508775
0.019061493374
0.0191143272883
0.00921834781342
0.00930770728822
0.00921204257002
0.00919280089346
0.0181696835186
0.0181061565163
0.018321815584
0.0181696835187
0.018321815584
0.0181061565163
0.0181696835187
0.0218890178842
0.00930770728827
0.00921834781341
0.010990835709
0.0111394004365
0.0110016508775
0.0110016508775
0.0115817655026
0.0115817655026
0.0110016508775
0.010990835709
0.0093077072883
0.00921834781348
0.00969078065022
0.00956460813204
0.00921834781345
0.00930770728827
0.00919280089345
0.00921204257007
0.0117384059399
0.0115817655026
0.0110016508775
0.0111394004366
0.010990835709
0.0110016508775
0.0110016508775
0.00921834781345
0.00956460813204
0.00969078065022
0.00921834781345
0.00930770728827
0.00925453455642
0.00471344360977
0.00475602098361
0.00474377126948
0.00470971774806
0.00456232368711
0.00457331537682
0.00452879621187
0.00453314440122
0.00907943275474
0.00917254151147
0.0097235849036
0.0095299226596
0.00908719481238
0.00464525580543
0.00465644885415
0.00459915195467
0.00461474388764
0.00556741974672
0.00549347267453
0.00549213358104
0.00556061253115
0.00554338641559
0.00918780022426
0.0093861255197
0.00948351608615
0.00923117057307
0.00939254499698
0.00930770728824
0.00919280089343
0.00939254499704
0.0180988495931
0.0181696835187
0.0181061565163
0.0186471396817
0.00911426136152
0.00480537785715
0.00483958679527
0.00479003123408
0.00482379598934
0.0048237959894
0.00483958679535
0.00479003123412
0.00480537785718
0.00228522089599
0.0022908043297
0.0022853164844
0.00228335183239
0.00230551310321
0.00231313460161
0.00230749661665
0.00230749661663
0.00228531648439
0.00229080432972
0.00228522089598
0.0022833518324
0.00227742324318
0.00228289211008
0.00227742324321
0.00227537045644
0.00578474267095
0.00586263069055
0.00578474267095
0.00460282456514
0.00484991753452
0.00478699457387
0.00483743104351
0.0048207177949
0.00454701728193
0.00456673865672
0.00952866638445
0.00920030062078
0.00943767412056
0.00911426136152
0.00920260674083
0.00911426136157
0.00908284093963
0.0183218155839
0.00930770728824
0.00919280089343
0.00963689073074
0.00458808736509
0.00454418921235
0.00474377126946
0.0047560209836
0.0047134436098
0.00470971774804
0.0045331444012
0.00457331537676
0.00452879621186
0.00906202127118
0.00908284093963
0.00478904119786
0.0048207177949
0.00461474388769
0.00465644885421
0.00459915195472
0.0046331526347
0.00464431650105
0.00459673941266
0.00460272053615
0.00551272485163
0.00551305985957
0.00551305985957
0.00551272485163
0.00586263069055
0.00578474267095
0.00586263069055
0.00578474267095
0.00460282456514
0.0046188172435
0.00478904119786
0.00483316123918
0.00478364326598
0.0048207177949
0.00483743104351
0.00484991753452
0.00478699457387
0.00938612551979
0.00948351608625
0.00923117057306
0.00939254499705
0.00930770728827
0.00919280089347
0.00921204257006
0.00930770728827
0.00939254499705
0.00948351608625
0.036440711777
0.0364407117769
0.0360323044519
0.0364407117769
0.0434390308763
0.0434390308763
0.0183598686004
0.00908284093965
0.00920260674084
0.00911426136152
0.00911426136157
0.00959114193341
0.00969078065022
0.00930770728827
0.00921204257007
0.00921834781345
0.0186301848056
0.0183578302793
0.0183578302791
0.0188656428161
0.0181472370532
0.0186301848055
0.0188656428162
0.0181472370532
0.0183578302792
0.0219101004819
0.0218890178842
0.0110016508775
0.0111394004366
0.0110016508775
0.010990835709
0.0183578302791
0.0183701782055
0.037774507997
0.0364407117769
0.0360323044519
0.0373604992668
0.010990835709
0.0111394004365
0.0110016508775
0.0110016508775
0.0115817655026
0.0117384059399
0.0115817655026
0.0115817655026
0.0110016508775
0.0111394004366
0.010990835709
0.0110016508775
0.0110016508775
0.0111394004365
0.0110016508775
0.010990835709
0.0191143272884
0.0190614933741
0.00921834781345
0.00930770728827
0.00919280089345
0.00921204257007
0.0190614933741
0.0191143272884
0.00921834781345
0.00930770728827
0.00921204257007
0.00919280089345
0.0115817655026
0.0117384059399
0.0115817655026
0.0115817655026
0.0110016508775
0.0111394004366
0.010990835709
0.0110016508775
0.0093077072883
0.00921834781348
0.0095911419334
0.00969078065022
0.00959114193341
0.00956460813204
0.00920260674084
0.00908284093965
0.00911426136152
0.00921204257002
0.0093077072883
0.00921834781348
0.00919280089347
0.00956460813204
0.0095911419334
0.00911426136157
0.00959114193332
0.00969078065014
0.00956460813195
0.00959114193337
0.00930770728824
0.00921834781342
0.010990835709
0.0111394004366
0.0110016508775
0.0110016508775
0.0115817655027
0.0117384059401
0.0115817655027
0.0115817655027
0.0110016508775
0.0111394004366
0.010990835709
0.0110016508775
0.0110016508775
0.0111394004366
0.0110016508775
0.010990835709
0.00921204257002
0.00930770728822
0.00921834781342
0.00919280089346
0.00956460813195
0.00969078065014
0.00959114193337
0.00959114193332
0.00921834781342
0.00930770728824
0.00921204256997
0.00919280089343
0.00911426136152
0.00920260674083
0.00911426136157
0.00908284093963
0.00459281360197
0.00456194695716
0.00477622026233
0.00472973540251
0.00474330017806
0.0046322754037
0.00467049984996
0.00471559492806
0.00468390064626
0.00470019097666
0.00921204257006
0.00930770728827
0.00921834781341
0.00919280089347
0.00458062060943
0.0045956101723
0.00455166964156
0.00456627834958
0.00231542906454
0.00230938994475
0.00279338872802
0.00280289339106
0.00279407232756
0.00279407232756
0.00275674857486
0.0027652825034
0.00275674857486
0.00275590570638
0.00230938994475
0.00231542906454
0.00457705989707
0.00458808736511
0.00454418921234
0.00454701728193
0.00230828642211
0.00231542906454
0.00230938994475
0.00230988215304
0.00275590570638
0.0027652825034
0.00275674857486
0.00275674857486
0.00558212089041
0.00558212089041
0.00230938994475
0.00231542906454
0.00230828642211
0.00230988215304
0.0023339009319
0.0023396057684
0.00233350344892
0.00233228877902
0.0188656428162
0.0181472370532
0.0186301848055
0.0186301848054
0.0188656428161
0.0181472370532
0.0183578302791
0.010990835709
0.0111394004366
0.0110016508775
0.0110016508775
0.0115817655027
0.0117384059401
0.0115817655027
0.0115817655027
0.0110016508775
0.0111394004366
0.010990835709
0.0110016508775
0.0110016508775
0.0111394004366
0.0110016508775
0.010990835709
0.00921204256997
0.00930770728824
0.00919280089343
0.00921834781342
0.00959114193337
0.00969078065014
0.00959114193332
0.00956460813195
0.00911426136157
0.00920260674083
0.00908284093963
0.00911426136152
0.00921834781342
0.00930770728822
0.00919280089346
0.00921204257002
0.00908284093965
0.00920260674084
0.00911426136157
0.00911426136152
0.00952866638441
0.00920030062081
0.00940530525078
0.00556330088866
0.00549480434074
0.00554470845296
0.00554470845296
0.00556330088866
0.00549480434074
0.00551272485163
0.00290502894036
0.0029149340863
0.00290522588217
0.00290522588216
0.00294458508999
0.00295462548963
0.00294458508999
0.00294458508997
0.00290522588213
0.00291493408625
0.00290502894038
0.00290522588213
0.00290522588216
0.0029149340863
0.00290522588217
0.00290502894036
0.00460798586839
0.00454821754032
0.00457705989712
0.00458808736509
0.00454418921234
0.00454701728188
0.00465060677187
0.00460299469188
0.00463227540363
0.00464664897101
0.00460221327235
0.00461462474572
0.0029149340863
0.00290522588214
0.00290522588221
0.00294458509004
0.00295462548972
0.00294458509004
0.00294458509004
0.00290522588221
0.0029149340863
0.0029050289404
0.00290522588214
0.00290522588214
0.0029149340863
0.00290522588221
0.00275929743317
0.00276800841563
0.00275946606472
0.00275879082984
0.00279338872804
0.00280289339104
0.00279407232756
0.00279407232752
0.0027594660647
0.00276800841566
0.00275929743324
0.00275879082985
0.00275674857486
0.00276528250342
0.00275674857488
0.00275590570639
0.00454701728191
0.00458808736509
0.00454418921235
0.00457705989707
0.00474377126946
0.0047560209836
0.0047134436098
0.00470971774804
0.0045331444012
0.00457331537676
0.00452879621186
0.00456232368709
0.00466739147608
0.00470875354563
0.00466370041024
0.00469662661109
0.00461474388769
0.00465644885421
0.00459915195472
0.00464525580543
0.00952992265958
0.00972358490373
0.00461252663722
0.00461474388764
0.00461252663722
0.00461474388764
0.00461813094875
0.00461570880667
0.00233228877899
0.00233960576837
0.00233390093189
0.0023335034489
0.00461264658367
0.00461589000034
0.00460593239217
0.00460515050892
0.00230335771337
0.00231058375152
0.00230465585215
0.00230504846194
0.0023339009319
0.0023396057684
0.00233228877902
0.00233350344892
0.00230828642211
0.00231542906454
0.00230938994475
0.00230988215304
0.00230986762768
0.00231701516555
0.00231107074856
0.00231136554267
0.0046059323921
0.00460515050893
0.00233350344892
0.00233960576843
0.00233228877903
0.00233390093192
0.00230986762772
0.00231701516561
0.0023113655427
0.00231107074856
0.00230828642207
0.0023154290645
0.00230988215303
0.00230938994473
0.00275590570638
0.0027652825034
0.00275674857486
0.00275674857486
0.00279407232756
0.00280289339106
0.00279338872802
0.00279407232756
0.00275879082988
0.00276800841561
0.00275929743316
0.00275946606468
0.00275879082988
0.00276800841561
0.00275946606468
0.00275929743316
0.00290502894036
0.0029149340863
0.00290522588217
0.00290522588216
0.00294458508999
0.00295462548963
0.00294458508999
0.00294458508997
0.00290522588213
0.00291493408625
0.00290502894038
0.00290522588213
0.00290522588216
0.0029149340863
0.00290522588217
0.00290502894036
0.00275929743317
0.00276800841561
0.00275879082983
0.00275946606472
0.0027940723275
0.00280289339103
0.00279407232756
0.00279338872802
0.00275674857485
0.00276528250339
0.00275590570636
0.00275674857487
0.00275946606469
0.00276800841564
0.00275879082986
0.0027592974332
0.00275929743317
0.00276800841561
0.00275946606472
0.00275879082983
0.00279338872802
0.00280289339103
0.00279407232756
0.0027940723275
0.00275946606469
0.00276800841564
0.0027592974332
0.00275879082986
0.00275674857485
0.00276528250339
0.00275674857487
0.00275590570636
0.0092142954793
0.00949519360222
0.00913533229669
0.00946552920326
0.00910705544368
0.00935777129885
0.00908089960725
0.00932852796966
0.00908089960719
0.00935777129879
0.0091070554437
0.00932852796964
0.0094951936022
0.00913533229661
0.0092142954794
0.00461462474576
0.00461560570032
0.00461796838484
0.00461855510222
0.00461855510222
0.00461796838484
0.00466056414313
0.00466383920914
0.00230988215304
0.00231542906453
0.00230938994474
0.00230828642211
0.00476659630544
0.00473694093338
0.00907969914081
0.00464525580534
0.00465644885413
0.00459915195473
0.00461474388768
0.00275929743317
0.00276800841561
0.00275879082983
0.00275946606472
0.00558215235901
0.00461796838489
0.00461855510227
0.0115817655027
0.0116852711845
0.00930225135921
0.00921204257002
0.00921204257002
0.00930225135921
0.00921204257007
0.0112863140744
0.00921429547939
0.00918780022435
0.00911110338162
0.00908089960723
0.00908089960723
0.00911110338162
0.00918780022435
0.00921429547939
0.00551273859102
0.00556741974672
0.00549347267452
0.00555017242255
0.00554338641554
0.00556061253104
0.00549213358105
0.00550599878101
0.00550599878101
0.00556061253104
0.00549213358105
0.00554338641554
0.00555017242255
0.00556741974672
0.00549347267452
0.00551273859102
0.00460272053618
0.00464431650101
0.00459673941258
0.00463315263471
0.00464525580543
0.00465644885419
0.00459915195474
0.00461474388768
0.00461474388768
0.00465644885419
0.00459915195474
0.00464525580543
0.00463315263471
0.00464431650101
0.00459673941258
0.00454701728188
0.00454418921234
0.00454821754032
0.00460798586839
0.00456673865667
0.00460272053616
0.00464431650104
0.00459673941261
0.00463315263472
0.00459915195473
0.00465644885413
0.00461474388768
0.00464525580534
0.00484991753451
0.00478699457386
0.0095581130634
0.00460627093526
0.00588249189209
0.00588249189211
0.00290522588216
0.0029149340863
0.00290502894036
0.00290522588217
0.00558215235909
0.0055807921526
0.00275946606468
0.00276800841561
0.00275879082988
0.00275929743316
0.00558079215262
0.00558215235901
0.00275946606472
0.00276800841561
0.00275929743317
0.00275879082983
0.00550767795611
0.00480537785717
0.00480559953245
0.00480559953248
0.00480537785717
0.00456627834958
0.0045956101723
0.00455166964156
0.00458062060943
0.00459561017236
0.00455166964154
0.00464664897105
0.00460221327236
0.0046029946919
0.0046506067719
0.00461855510227
0.00463622090399
0.00478904119786
0.00483316123918
0.00478364326598
0.0048207177949
0.00478699457387
0.00484991753452
0.00231136554267
0.00231701516555
0.00231107074856
0.00230986762768
0.00466290981305
0.0046604651968
0.00460282456514
0.00460627093528
0.00478699457387
0.00955811306344
0.00466275377233
0.00466354527295
0.00230504846194
0.00231058375152
0.00230465585215
0.0046125266373
0.00461474388768
0.00480537785717
0.00480559953248
0.00461474388768
0.0046125266373
0.00460533969575
0.00460272053618
0.00909586636295
0.00918012673999
0.00455166964156
0.0045956101723
0.00456627834958
0.00458062060943
0.0045956101723
0.00456627834958
0.00241125779483
0.00240495954233
0.00460282456514
0.00455214979649
0.00453198629097
0.0045877148397
0.0045470172819
0.00455125762187
0.0027592974332
0.00276800841564
0.00275946606469
0.00275879082986
0.00279312642451
0.00276582948005
0.00553839164952
0.00551305985955
0.00276574988185
0.00278434683688
0.00277805289376
0.00461796838479
0.00461855510223
0.00461462474571
0.00461560570025
0.00476659630547
0.00477892421496
0.00472011995164
0.0047369409334
0.00472460071013
0.00476647425638
0.00471764551825
0.00475417849428
0.0093223423598
0.00940530525088
0.00458062060946
0.00275946606468
0.00276458751618
0.00275946606468
0.00228522089595
0.00229094642232
0.00241680616789
0.0024231336767
0.00240605877562
0.00241691816485
0.00480590809648
0.00480254424267
0.00240495954233
0.00241125779483
0.00240341260101
0.00240507102078
0.00241691816483
0.00242313367673
0.00240605877562
0.00241680616795
0.00469662661106
0.00953835236652
0.00945500553839
0.00930225135915
0.00921204256997
0.0045956101723
0.00455166964156
0.00909586636295
0.0045879007898
0.00459691096294
0.00290502894036
0.00291166212484
0.00230504846194
0.00230986439246
0.0023146880708
0.00230986762768
0.00461474388766
0.00461252663728
0.0046053396958
0.00460272053619
0.0046123442698
0.00464732965105
0.00469023503026
0.00472393204923
0.0218890178842
0.0227606989444
0.0216459483137
0.022474935566
0.00921204257006
0.00930770728827
0.00919280089347
0.00921834781341
0.00921834781341
0.00930770728827
0.00919280089347
0.00921204257006
0.00908284093965
0.00920260674084
0.00911426136157
0.00911426136152
0.0095911419334
0.00969078065022
0.00956460813204
0.00959114193341
0.00919280089346
0.00930770728822
0.00921204257002
0.00921834781342
0.0110016508775
0.0111394004366
0.010990835709
0.0110016508775
0.00921834781342
0.00930770728824
0.00921204256997
0.00919280089343
0.010990835709
0.0111394004366
0.0110016508775
0.0110016508775
0.00921204256997
0.00930770728824
0.00919280089343
0.00921834781342
0.00911426136152
0.00920260674083
0.00911426136157
0.00908284093963
0.00950123837082
0.00941430054203
0.00453314440117
0.00457331537674
0.00452879621193
0.00456232368706
0.00940530525076
0.00932234235975
0.00554338641554
0.00556061253104
0.00549213358105
0.00550599878101
0.00461462474576
0.00464664897108
0.00460221327232
0.0046322754037
0.00476061692384
0.00477622026233
0.00474330017806
0.00472973540251
0.00550599878103
0.00556061253111
0.00549213358111
0.00554338641557
0.00947148527446
0.00944237648391
0.00470019097666
0.00471559492805
0.00467049984995
0.00468390064625
0.00474330017808
0.00477622026235
0.00476061692386
0.00472973540247
0.00457860766839
0.00459281360198
0.00454812105379
0.00456194695715
0.00463227540363
0.00464664897101
0.00460221327235
0.00461462474572
0.00474377126946
0.0047560209836
0.0047134436098
0.00470971774804
0.0091403359702
0.00905451745064
0.00466739147608
0.00470875354563
0.00466370041024
0.00469662661109
0.00454418921234
0.00458808736509
0.00454701728188
0.00457705989712
0.00240495954235
0.00241125779481
0.00240341260099
0.00240507102075
0.00243009057589
0.00243645480191
0.00243009057586
0.00242841509681
0.00239840523669
0.00240457484272
0.00239664055787
0.00239840523668
0.00230335771337
0.00231058375152
0.00230504846194
0.00230465585215
0.00230986762768
0.00231701516555
0.00231136554267
0.00231107074856
0.00230749661665
0.00231313460164
0.00230551310321
0.00230749661665
0.00275590570636
0.00276528250339
0.00275674857487
0.00275674857485
0.00279407232756
0.00280289339103
0.00279338872802
0.0027940723275
0.00275879082986
0.00276800841563
0.00275929743318
0.00275946606469
0.00275879082983
0.00276800841561
0.00275946606472
0.00275929743317
0.00275929743318
0.00276800841563
0.00275879082986
0.00275946606469
0.00279407232756
0.00280289339103
0.0027940723275
0.00279338872802
0.00275674857487
0.00276528250339
0.00275590570636
0.00275674857485
0.00275946606472
0.00276800841561
0.00275879082983
0.00275929743317
0.0023113655427
0.00231701516561
0.00231107074856
0.00230986762772
0.00466290981306
0.00466046519679
0.00461560570031
0.00461462474571
0.00228522089595
0.00229080432969
0.0022853164844
0.0022833518324
0.00461125448339
0.00460717503114
0.00456673865672
0.00456290427226
0.00455125762193
0.00454701728193
0.00452879621193
0.00457331537674
0.00453314440117
0.00456232368706
0.00474377126948
0.00475602098363
0.00470971774803
0.00471344360979
0.0045441892123
0.00458808736506
0.0045470172819
0.00457705989707
0.00930484843478
0.00931215602961
0.0045470172819
0.00458808736506
0.0045441892123
0.00457705989707
0.00474377126948
0.00475602098363
0.00471344360979
0.00470971774803
0.00453314440117
0.00457331537674
0.00452879621193
0.00456232368706
0.00931215602961
0.00930484843478
0.00930225135921
0.00921204257002
0.0095383523666
0.00945500553845
0.00275946606469
0.00276800841563
0.00275879082986
0.00275929743318
0.00275929743317
0.00276800841561
0.00275946606472
0.00275879082983
0.00279338872802
0.00280289339103
0.00279407232756
0.0027940723275
0.00275946606469
0.00276800841563
0.00275929743318
0.00275879082986
0.00550762652682
0.00550762652691
0.00228522089595
0.00229080432969
0.0022833518324
0.0022853164844
0.00460717503114
0.00461125448339
0.00454701728193
0.00455125762193
0.00456290427226
0.00456673865672
0.00963318278792
0.00959114193338
0.00959114193338
0.00963318278792
0.00908284093965
0.00917254151143
0.00461462474571
0.00464664897105
0.00460221327236
0.00463227540368
0.00463622090399
0.0046506067719
0.0046029946919
0.00461855510227
0.00461855510221
0.00465060677187
0.00460299469192
0.004636220904
0.0115274400721
0.0114304433094
0.00544533394605
0.00549798204833
0.00542895191445
0.00548095180118
0.00569036452968
0.00570948596566
0.00563917341915
0.00565480655841
0.00572705618083
0.00578386984034
0.00576449687549
0.00571123340867
0.00548095180116
0.00549798204827
0.00542895191449
0.00544533394598
0.0055433864156
0.00556061253112
0.00549213358105
0.00550599878099
0.00947148527444
0.00944237648402
0.00468390064626
0.00471559492806
0.00467049984996
0.00470019097666
0.00470019097666
0.00471559492806
0.00467049984996
0.00468390064626
0.00944237648402
0.00947148527444
0.00461252663728
0.00461474388766
0.00461855510222
0.00465060677186
0.00460299469186
0.00463622090401
0.0046322754037
0.00464664897108
0.00460221327232
0.00461462474576
0.00551173129828
0.00551273859102
0.00461474388769
0.00461252663726
0.00460533969583
0.00460272053615
0.0046125266373
0.00461474388768
0.00478904119783
0.00483316123912
0.0047836432659
0.00482071779484
0.00483743104348
0.00484991753451
0.00478699457381
0.00480564448203
0.00230335771334
0.00231058375148
0.00230504846191
0.00230465585216
0.0023335034489
0.00233960576838
0.002332288779
0.0023339009319
0.00230986762767
0.00231701516555
0.00231136554269
0.00231107074853
0.00230828642208
0.00231542906449
0.002309882153
0.00230938994472
0.00580356045355
0.00586263069059
0.00578474267104
0.00584302812826
0.00584302812835
0.00586263069065
0.00578474267099
0.00580356045359
0.00275929743324
0.00276800841566
0.0027594660647
0.00275879082985
0.00279338872804
0.00280289339104
0.00279407232752
0.00279407232756
0.00275946606472
0.00276800841563
0.00275929743317
0.00275879082984
0.00275674857488
0.00276528250342
0.00275674857486
0.00275590570639
0.00230938994474
0.00231542906451
0.002309882153
0.00230828642211
0.00233228877899
0.00233960576837
0.0023335034489
0.00233390093189
0.00231107074855
0.00231701516557
0.00231136554268
0.00230986762769
0.00230465585215
0.0023105837515
0.00230504846194
0.00230335771336
0.00480564448204
0.00484991753457
0.0047869945738
0.00483743104354
0.00482071779481
0.00483316123908
0.00478364326594
0.00478904119779
0.00454701728188
0.00458808736509
0.00454418921234
0.00457705989712
0.00459691096296
0.00460798586839
0.00454821754032
0.00456673865667
0.00227537045645
0.00228289211014
0.00227742324322
0.00227742324322
0.00230749661663
0.00231313460162
0.00230551310324
0.00230749661663
0.00228335183239
0.00229080432972
0.00228522089597
0.00228531648444
0.00228335183239
0.00229080432972
0.00228531648444
0.00228522089597
0.00240495954232
0.0024112577948
0.00240341260101
0.00240507102074
0.00243009057587
0.00243645480187
0.00243009057587
0.00242841509678
0.00239840523667
0.00240457484273
0.00239664055789
0.00239840523667
0.00240507102074
0.0024112577948
0.00240341260101
0.00240495954232
0.00230335771337
0.00231058375152
0.00230465585218
0.00230504846193
0.00233390093191
0.00233960576839
0.00233228877901
0.0023335034489
0.00230828642211
0.00231542906453
0.00230938994474
0.00230988215304
0.00230986762767
0.00231701516557
0.00231107074855
0.00231136554269
0.00230335771337
0.00231058375152
0.00230504846193
0.00230465585218
0.0023335034489
0.00233960576839
0.00233228877901
0.00233390093191
0.00230986762767
0.00231701516557
0.00231136554269
0.00231107074855
0.00230828642211
0.00231542906453
0.00230988215304
0.00230938994474
0.00275590570636
0.00276528250339
0.00275674857485
0.00275674857487
0.0027940723275
0.00280289339103
0.00279338872802
0.00279407232756
0.00275879082983
0.00276800841561
0.00275929743317
0.00275946606472
0.00275879082986
0.00276800841563
0.00275946606469
0.00275929743318
0.0058039515361
0.0058035604535
0.00580356045351
0.00580395153606
0.00551173129828
0.00551273859102
0.00558212089036
0.00558212089045
0.00275674857487
0.00276528250339
0.00275674857485
0.00275590570636
0.00461855510227
0.0046506067719
0.0046029946919
0.00463622090399
0.00463227540368
0.00464664897105
0.00460221327236
0.00461462474571
0.00230938994473
0.0023154290645
0.00230988215303
0.00230828642207
0.00233228877903
0.00233960576843
0.00233350344892
0.00233390093192
0.00461570880672
0.00461813094877
0.00230465585219
0.00231058375151
0.00230504846191
0.00230335771336
0.00480564448205
0.00480251498777
0.00551273859111
0.00556741974672
0.00549347267453
0.00555017242251
0.00554338641559
0.00556061253115
0.00549213358104
0.00550599878105
0.00580356045359
0.00586263069065
0.00578474267099
0.00584302812835
0.00578474267104
0.00586263069059
0.00580356045355
0.00584302812826
0.00275929743324
0.00276800841566
0.00275879082985
0.0027594660647
0.00279407232756
0.00280289339104
0.00279407232752
0.00279338872804
0.00275674857488
0.00276528250342
0.00275590570639
0.00275674857486
0.00275946606472
0.00276800841563
0.00275879082984
0.00275929743317
0.00555017242252
0.00556741974672
0.00549347267456
0.00551273859104
0.00461474388768
0.00465644885413
0.00459915195473
0.00464525580534
0.00459673941261
0.00464431650104
0.00460272053616
0.00463315263472
0.00482071779484
0.00483316123912
0.0047836432659
0.00478904119783
0.00231136554269
0.00231701516555
0.00230986762767
0.00231107074853
0.0023335034489
0.00233960576838
0.0023339009319
0.002332288779
0.00230504846191
0.00231058375148
0.00230335771334
0.00230465585216
0.002309882153
0.00231542906449
0.00230828642208
0.00230938994472
0.00233228877899
0.00233960576837
0.00233390093189
0.0023335034489
0.002309882153
0.00231542906451
0.00230938994474
0.00230828642211
0.00240495954235
0.00241125779481
0.00240341260099
0.00240507102075
0.00239840523669
0.00240457484272
0.00239664055787
0.00239840523668
0.00230335771336
0.00231058375151
0.00230465585219
0.00230504846191
0.00233390093192
0.00233960576843
0.00233228877903
0.00233350344892
0.00230828642207
0.0023154290645
0.00230938994473
0.00230988215303
0.00230986762772
0.00231701516561
0.00231107074856
0.0023113655427
0.00233350344892
0.0023396057684
0.00233228877902
0.0023339009319
0.00230986762768
0.00231701516555
0.00231136554267
0.00231107074856
0.00230828642211
0.00231542906454
0.00230988215304
0.00230938994475
0.00550599878102
0.00556061253109
0.00549213358105
0.00554338641557
0.00576449687548
0.00578386984028
0.00572705618068
0.00571123340868
0.00544533394605
0.00549798204833
0.00542895191445
0.00548095180118
0.00565480655847
0.00570948596564
0.00563917341905
0.00569036452963
0.00569036452968
0.00570948596566
0.00563917341915
0.00565480655841
0.00572705618083
0.00578386984034
0.00576449687549
0.00571123340867
0.00548095180116
0.00549798204827
0.00542895191449
0.00544533394598
0.0055433864156
0.00556061253112
0.00549213358105
0.00550599878099
0.00580356045355
0.00586263069059
0.00578474267104
0.00584302812826
0.00578474267099
0.00586263069065
0.00580356045359
0.00584302812835
0.00275929743317
0.00276800841563
0.00275879082984
0.00275946606472
0.00279407232752
0.00280289339104
0.00279407232756
0.00279338872804
0.00275674857486
0.00276528250342
0.00275590570639
0.00275674857488
0.0027594660647
0.00276800841566
0.00275879082985
0.00275929743324
0.00550599878105
0.00556061253115
0.00549213358104
0.00554338641559
0.00555017242251
0.00556741974672
0.00549347267453
0.00551273859111
0.00480564448204
0.00484991753457
0.0047869945738
0.00483743104354
0.00482071779481
0.00483316123908
0.00478364326594
0.00478904119779
0.00454701728188
0.00458808736509
0.00454418921234
0.00457705989712
0.00459691096296
0.00460798586839
0.00454821754032
0.00456673865667
0.00231136554268
0.00231701516557
0.00230986762769
0.00231107074855
0.0023335034489
0.00233960576837
0.00233390093189
0.00233228877899
0.00230504846194
0.0023105837515
0.00230335771336
0.00230465585215
0.002309882153
0.00231542906451
0.00230828642211
0.00230938994474
0.00460272053616
0.00464431650104
0.00459673941261
0.00463315263472
0.00464525580534
0.00465644885413
0.00459915195473
0.00461474388768
0.00478904119783
0.00483316123912
0.0047836432659
0.00482071779484
0.00478699457381
0.00484991753451
0.00480564448203
0.00483743104348
0.00231136554269
0.00231701516555
0.00231107074853
0.00230986762767
0.002332288779
0.00233960576838
0.0023339009319
0.0023335034489
0.002309882153
0.00231542906449
0.00230938994472
0.00230828642208
0.00230504846191
0.00231058375148
0.00230465585216
0.00230335771334
0.0045925640679
0.00459366321801
0.0050850882495
0.00519758378126
0.00496944354988
0.00517268488783
0.00471153797167
0.004752808483
0.00464167899788
0.00472820567173
0.00480372729616
0.00466370041021
0.0046673914761
0.00480736764863
0.00458476027946
0.00457705989712
0.00475437108389
0.00453198629091
0.00275590570639
0.00276235439478
0.00470931392768
0.00461462474571
0.00455757868336
0.00475119530961
0.00227622866381
0.00229161192171
0.00227450336854
0.00228983920423
0.00230938994474
0.00231542906451
0.00230828642211
0.002309882153
0.00233390093189
0.00233960576837
0.0023335034489
0.00233228877899
0.00230465585215
0.0023105837515
0.00230335771336
0.00230504846194
0.00461813094875
0.00461570880667
0.00474922305793
0.00475002919429
0.00231586835952
0.0023214281613
0.00230577208743
0.00231547400901
0.00469023503029
0.00472393204919
0.00484500844297
0.00485751119523
0.00475702238904
0.00479786833935
0.00472011995164
0.00477892421496
0.0047369409334
0.00476659630547
0.00917295625306
0.00937410841189
0.00459305280068
0.00459691096296
0.0022853164844
0.00229080432972
0.0022833518324
0.00228522089601
0.00232979334505
0.00233548150055
0.00231583745263
0.00232828519525
0.00230986762772
0.00231701516561
0.00231107074856
0.0023113655427
0.00230335771336
0.00231058375151
0.00230465585219
0.00230504846191
0.00232343331635
0.00232900633968
0.00230941693936
0.00232173102091
0.00145330676376
0.0014570015766
0.00145215440849
0.00145578776416
0.00293323272068
0.00294579818839
0.00293126465997
0.00292480708619
0.00292480708619
0.00293126465997
0.00290502894036
0.00291166212484
0.0027644187074
0.00275929743316
0.00137929264889
0.00138355777179
0.00138039250422
0.00138240528802
0.00479227186226
0.00480454828703
0.00467794656238
0.00472994126345
0.00231136554269
0.00231701516557
0.00230986762767
0.00231107074855
0.0023335034489
0.00233960576839
0.00233390093191
0.00233228877901
0.00230504846193
0.00231058375152
0.00230335771337
0.00230465585218
0.00230988215304
0.00231542906453
0.00230828642211
0.00230938994474
0.00230938994474
0.00231542906453
0.00230828642211
0.00230988215304
0.00233390093191
0.00233960576839
0.0023335034489
0.00233228877901
0.00230465585218
0.00231058375152
0.00230335771337
0.00230504846193
0.00231107074855
0.00231701516557
0.00230986762767
0.00231136554269
0.00472994126345
0.00480454828703
0.00467794656238
0.00479227186226
0.00464088534641
0.00468569221054
0.00461245053797
0.00467363848928
0.0011562856483
0.00115874557512
0.00115517422432
0.00115800207303
0.00115706149496
0.00115780439702
0.00115498377888
0.0011553464567
0.00230986439246
0.00230504846194
0.00241079986022
0.00240495954233
0.00242589467928
0.00241832930604
0.00239260549533
0.00239331420846
0.00120072654085
0.00120149753985
0.00119841749991
0.00119874094321
0.00228314218253
0.00227742324321
0.0022890758769
0.0022833518324
0.0022833518324
0.00228907587689
0.00954588963502
0.00942690794879
0.00461462474571
0.00461560570025
0.00461796838479
0.00461855510223
0.00475689258249
0.00475417849427
0.00464025854454
0.0047207807168
0.00475792724979
0.00483539004331
0.0022810877804
0.00227537045645
0.00229602402354
0.00229041563627
0.00228274975946
0.00228957096247
0.00234094500791
0.00233565510106
0.00235573941228
0.00235527288957
0.00233352200498
0.00233996826776
0.00117554718311
0.00117813509258
0.0011753151316
0.00117736573583
0.00239604733651
0.00240866741039
0.00237927136382
0.00240339756246
0.00245437044597
0.00245986552012
0.00244697377944
0.00242972939636
0.00232814982421
0.00234029846505
0.00231165415574
0.00233518164966
0.00242547592098
0.00243814295143
0.00240838259714
0.00243269701061
0.00229931844501
0.0023049373845
0.00229290587285
0.00229986978945
0.0046285651877
0.00464844776427
0.00459710157379
0.00459638967098
0.00470774737258
0.00476868066745
0.00238665272011
0.00239453808084
0.00238870352702
0.00237349583561
0.00477527247454
0.0046912512286
0.00464050255266
0.00474002495271
0.00468186924426
0.00472785939862
0.00490126223439
0.00491368818942
0.00474697067531
0.00481200480145
0.00230335771334
0.00231058375148
0.00230504846191
0.00230465585216
0.0023335034489
0.00233960576838
0.002332288779
0.0023339009319
0.00230986762767
0.00231701516555
0.00231136554269
0.00231107074853
0.00230828642208
0.00231542906449
0.002309882153
0.00230938994472
0.00460717503113
0.00461125448338
0.00456627834961
0.0045664684851
0.00228335183239
0.0022908043297
0.0022853164844
0.00228522089599
0.00479009494577
0.00488070995188
0.00471632787917
0.00486517217697
0.00463199047563
0.00467657960372
0.00458790078983
0.00466136961389
0.0022833518324
0.00229080432972
0.0022853164844
0.00228522089601
0.00240545933827
0.0024028013392
0.00243292825926
0.00242713562295
0.00119843557417
0.00120117756759
0.00119725909022
0.00120040678014
0.00242660077323
0.00242088001017
0.00119704885719
0.00120013922909
0.00119739959153
0.00119936910343
0.00241873956898
0.00242452472401
0.00115314133943
0.00115559448572
0.0011519837295
0.00115485301232
0.00115379016153
0.00115453095841
0.00115176757476
0.00115208005175
0.00231018889976
0.00232208366943
0.00115706149496
0.00115780439702
0.00115498377888
0.0011553464567
0.00233031043379
0.00232467010985
0.00291166212484
0.00290502894036
0.00293126465997
0.00292480708619
0.00292480708619
0.00293126465997
0.00240495954233
0.00241079986022
0.00461796838484
0.00461855510222
0.00461855510222
0.00461796838484
0.01910992127
0.01910992127
0.00911426136152
0.00920260674084
0.00911426136157
0.00908284093965
0.0190614933741
0.0191143272884
0.00919280089347
0.00930770728827
0.00921834781341
0.00921204257006
0.0230600683435
0.0230600683434
0.0110016508775
0.0111394004365
0.0110016508775
0.010990835709
0.00963571290977
0.00954830332102
0.00454891195011
0.00458922251241
0.00453198629097
0.00457819272237
0.00953835236663
0.00945500553849
0.00478904119782
0.00479263090922
0.00480251498777
0.00480564448205
0.00460272053618
0.00460533969575
0.00460282456515
0.00464203716694
0.00459762736925
0.00463008992163
0.00460086082997
0.00465816596528
0.00461881724353
0.00464617734083
0.00946806898931
0.00950724272248
0.00457860766842
0.00459281360198
0.00454812105373
0.00456194695718
0.00240495954235
0.00241125779483
0.00240341260097
0.00240507102077
0.00243009057584
0.00243645480188
0.00243009057586
0.0024284150968
0.00239840523664
0.0024045748427
0.00239664055786
0.00239840523667
0.00240507102073
0.00241125779482
0.00240341260098
0.00240495954235
0.00461881724352
0.0046581659652
0.00460086082988
0.00464617734078
0.00463008992166
0.00464203716697
0.00459762736921
0.00460282456514
0.0219101004817
0.0218890178842
0.022474935566
0.0224965804954
0.0093861255197
0.00934958750521
0.00461474388769
0.00461252663726
0.00460533969583
0.00460272053615
0.00456673865672
0.00456290427226
0.0048558486448
0.00485245188311
0.00240341260101
0.00241125779483
0.00240495954233
0.00240507102078
0.00460717503114
0.00461125448339
0.0022853164844
0.00229080432969
0.00228522089595
0.0022833518324
0.00455125762191
0.00454701728191
0.00460533969579
0.00460272053611
0.00461474388764
0.00461252663722
0.00455068626832
0.00455068626832
0.00230749661663
0.00231313460162
0.00230551310324
0.00230749661663
0.00228335183239
0.00229080432972
0.00228522089597
0.00228531648444
0.00228335183239
0.00229080432972
0.00228531648444
0.00228522089597
0.00228522089601
0.00229080432972
0.0022853164844
0.0022833518324
0.00230551310321
0.00231313460164
0.00230749661665
0.00230749661665
0.0022853164844
0.00229080432969
0.00228522089595
0.0022833518324
0.00227742324321
0.00228289211013
0.00227742324321
0.00227537045646
0.00907943275472
0.0091841151837
0.00454821754032
0.00460798586839
0.00456673865667
0.00459691096296
0.00550599878105
0.00556061253115
0.00549213358104
0.00554338641559
0.00549347267453
0.00556741974672
0.00551273859111
0.00555017242251
0.00230938994472
0.00231542906449
0.00230828642208
0.002309882153
0.0023339009319
0.00233960576838
0.0023335034489
0.002332288779
0.00230465585216
0.00231058375148
0.00230335771334
0.00230504846191
0.00231107074853
0.00231701516555
0.00230986762767
0.00231136554269
0.00240495954235
0.00241125779483
0.00240507102077
0.00240341260097
0.0024284150968
0.00243645480188
0.00243009057586
0.00243009057584
0.00240507102073
0.00241125779482
0.00240495954235
0.00240341260098
0.00239840523664
0.0024045748427
0.00239840523667
0.00239664055786
0.00228522089599
0.0022908043297
0.00228335183239
0.0022853164844
0.00230749661663
0.00231313460161
0.00230749661665
0.00230551310321
0.00227742324318
0.00228289211008
0.00227537045644
0.00227742324321
0.00228531648439
0.00229080432972
0.0022833518324
0.00228522089598
0.00461881724348
0.00465816596521
0.00460086082998
0.00464617734079
0.00459762736925
0.00464203716692
0.00460282456516
0.00463008992161
0.00228522089601
0.00229080432972
0.0022833518324
0.0022853164844
0.00230749661665
0.00231313460164
0.00230749661665
0.00230551310321
0.00227742324321
0.00228289211013
0.00227537045646
0.00227742324321
0.0022853164844
0.00229080432969
0.0022833518324
0.00228522089595
0.00228522089598
0.00229080432972
0.0022833518324
0.00228531648439
0.00230749661665
0.00231313460161
0.00230749661663
0.00230551310321
0.00227742324321
0.00228289211008
0.00227537045644
0.00227742324318
0.0022853164844
0.0022908043297
0.00228335183239
0.00228522089599
0.00230938994472
0.00231542906449
0.002309882153
0.00230828642208
0.002332288779
0.00233960576838
0.0023335034489
0.0023339009319
0.00231107074853
0.00231701516555
0.00231136554269
0.00230986762767
0.00230465585216
0.00231058375148
0.00230504846191
0.00230335771334
0.00228522089599
0.0022908043297
0.0022853164844
0.00228335183239
0.00230551310321
0.00231313460161
0.00230749661665
0.00230749661663
0.00228531648439
0.00229080432972
0.00228522089598
0.0022833518324
0.0045506862683
0.00455068626833
0.00137861393846
0.0013820287123
0.00137776806375
0.00138096190452
0.0013946650598
0.00139576389248
0.00139231515449
0.00139143965053
0.00137515116821
0.00137853628583
0.00137426547528
0.00137747218023
0.00138799662872
0.00139141338766
0.00138712380676
0.00139031798835
0.00469038530583
0.00472747705183
0.00237954123452
0.00238535967773
0.00237913604816
0.00236927055683
0.00231547400899
0.00232142816129
0.00230577208747
0.00231586835953
0.00235626729066
0.00236232688341
0.00234649560252
0.00235656478371
0.0023113655427
0.00231701516561
0.00230986762772
0.00231107074856
0.00233350344892
0.00233960576843
0.00233390093192
0.00233228877903
0.00230504846191
0.00231058375151
0.00230335771336
0.00230465585219
0.00230988215303
0.0023154290645
0.00230828642207
0.00230938994473
0.00227502006226
0.00228586908791
0.00227881659111
0.00228202523459
0.00230310303859
0.00230697577902
0.00228462095249
0.0022960450649
0.00469093940752
0.00467049984996
0.00470019097666
0.00472068285581
0.00228088310959
0.00227502006226
0.0022960450649
0.00229029339027
0.0023870348855
0.00238146027244
0.00115134399947
0.00115411839911
0.00115213045996
0.00115322784989
0.00232543462738
0.00232801219521
0.00230788157914
0.00230952778083
0.00235455093027
0.0023607100705
0.00234488963472
0.00235505568766
0.00234461647401
0.00235024702586
0.00234259054195
0.00234411384653
0.00229602402354
0.00230360155553
0.00228308175049
0.00229809208318
0.00227742324322
0.00228289211014
0.00227742324322
0.00227537045645
0.00240764798965
0.00240495954233
0.00240507102078
0.00240775955829
0.00116656349884
0.0011690578602
0.00116620980406
0.00116829524221
0.00116930799314
0.00117007126741
0.0011664152188
0.00116757475822
0.00115455701764
0.00115476378442
0.00115535774823
0.00115555807311
0.00115555807311
0.00115535774823
0.00115476378442
0.00115455701764
0.00116757475822
0.00117007126741
0.0011664152188
0.00116930799314
0.00116829524221
0.0011690578602
0.00116620980406
0.00116656349884
0.00233874263136
0.0023339009319
0.00233228877902
0.00233712904976
0.00925278861992
0.00921204257002
0.00471304784451
0.00471698934344
0.0027644187074
0.00275929743316
0.00229094642232
0.00228522089598
0.00230594748642
0.0023003314655
0.00231396949297
0.00231136554268
0.00232275586757
0.00232021955798
0.00145333747174
0.00145330676376
0.00145330676374
0.00145333747174
0.00474066836055
0.00483172931177
0.00239161761596
0.00239689165705
0.00118351086888
0.00118427237123
0.00118060887409
0.00118167092327
0.00119760225406
0.00120030445051
0.00119953261558
0.0011965536248
0.00120737223821
0.00121117090896
0.00120844423297
0.0012103780769
0.00240733997781
0.00240975546923
0.00238549364088
0.00239099888889
0.00457059926203
0.00465273634975
0.00279987792127
0.00279338872802
0.00463227540367
0.00463326009455
0.00569211850613
0.00569036452963
0.00230335771337
0.00230910446536
0.00229524878025
0.00229489217346
0.00114556671874
0.00114813702699
0.00114538887641
0.00114743715327
0.00231317970256
0.00229914467772
0.00241079986018
0.00240495954232
0.00242660077318
0.00242088001016
0.00483097177198
0.00482071779489
0.00230335771337
0.00230817217081
0.00275590570636
0.00276235439473
0.00229241230946
0.00229437651889
0.00228522089601
0.00228724474744
0.0023119922732
0.00230938994473
0.00232077115369
0.00231823635115
0.00240495954233
0.00241079986022
0.00242088001017
0.00242660077323
0.00120310949956
0.00120587622778
0.00120195630706
0.0012051024171
0.00242588923095
0.00243949430292
0.00242660077323
0.00242088001017
0.00483097177199
0.0048207177949
0.00115229955748
0.00115208005175
0.00278092846686
0.00279037911167
0.00276310911321
0.0027817779851
0.00275674857486
0.00276528250342
0.00275674857488
0.00275590570639
0.00242660077323
0.00243294638169
0.0024108446348
0.00242504217765
0.00240341260097
0.00241125779483
0.00240507102077
0.00240495954235
0.00119874094324
0.00120149753988
0.00119841749989
0.00120072654084
0.00121179273213
0.00121258492337
0.00120980287164
0.00120946247727
0.00119739959155
0.00120013922906
0.00119704885717
0.00119936910339
0.00120668460091
0.00120944548983
0.00120634507399
0.0012086553542
0.00119725909021
0.00120117756759
0.00119843557417
0.00120040678012
0.00121620899685
0.00121700415584
0.00121303398276
0.00121421187856
0.00120195630708
0.00120587622777
0.00120310949955
0.00120510241709
0.00120990729953
0.00121385315229
0.00121108219353
0.00121306005675
0.00115534645668
0.00115780439703
0.0011549837789
0.00115706149498
0.00115800207302
0.00115874557511
0.0011551742243
0.00115628564831
0.00115208005174
0.00115453095842
0.00115176757477
0.00115379016154
0.00115485301231
0.00115559448572
0.00115198372949
0.00115314133942
0.00227674688476
0.00228779709695
0.00228035287025
0.00228414367515
0.00230397395668
0.00230765373529
0.00228567368465
0.00229652364671
0.00229652364673
0.00229125181431
0.00228212270215
0.00227674688477
0.00121569909579
0.00121850895233
0.00121449180731
0.00121771292152
0.00121666060128
0.00121745594864
0.00121427871377
0.00121464850619
0.00120318175284
0.00120297422683
0.00120235653903
0.00120214176641
0.00230504846194
0.00230986439246
0.00231448445572
0.00230159959788
0.00139186255384
0.00139179336982
0.00139211248766
0.00139205407939
0.00283729367288
0.00278434683692
0.0027592974332
0.00276441870739
0.0013803925042
0.00138355777177
0.0013792926489
0.001382405288
0.00276889110229
0.00275807268408
0.00276739485059
0.00277821983985
0.00140370099605
0.00140486506481
0.00139120630465
0.00139697692597
0.00138039329593
0.00138033530658
0.00229250819956
0.00229447247449
0.00138249495072
0.00138251074898
0.00235897803085
0.00237479491402
0.00233824604665
0.00236917822105
0.00231586835952
0.00232142816126
0.00231547400898
0.00230577208744
0.00236511286905
0.00235111179064
0.00228724474743
0.00228522089595
0.00229437651885
0.00229241230944
0.00460273762066
0.00458062060946
0.00234167426609
0.00230542132217
0.00229845001828
0.00230406450615
