0.165396134562
0.139300145008
0.139300145008
0.165396134562
0.139300145008
0.139300145008
0.139300145008
0.165396134562
0.165396134562
0.0718361073809
0.0718361073809
0.0434390308763
0.0457143672713
0.0434390308763
0.0434390308763
0.071836107381
0.0718361073809
0.071836107381
0.071836107381
0.0718361073809
0.0434390308763
0.0457143672713
0.0434390308763
0.0434390308763
0.0718361073809
0.071836107381
0.0364407117769
0.0379065952814
0.0364407117769
0.0360323044519
0.0718361073807
0.071836107381
0.0434390308764
0.0457143672716
0.0434390308764
0.0364407117769
0.0379065952813
0.0360323044519
0.0364407117767
0.0711160394571
0.0718769946211
0.0718769946212
0.0711160394572
0.0360323044519
0.0379065952815
0.0364407117769
0.036440711777
0.0434390308763
0.0457143672713
0.0434390308763
0.0434390308763
0.0364407117769
0.0379065952814
0.0360323044519
0.0364407117769
0.071836107381
0.0718361073809
0.0379065952813
0.0360323044519
0.0711160394571
0.0718769946212
0.0718361073809
0.0718361073809
0.0434390308763
0.0457143672713
0.0718361073809
0.0718361073809
0.0379065952814
0.0360323044519
0.0364407117769
0.0379065952815
0.0360323044519
0.036440711777
0.0854184518117
0.0854184518114
0.0364407117769
0.0379065952813
0.0360323044519
0.0364407117767
0.0360323044519
0.0379065952815
0.0364407117769
0.036440711777
0.0854184518114
0.0364407117769
0.0379065952813
0.0364407117767
0.0360323044519
0.0360323044519
0.0379065952815
0.0364407117769
0.036440711777
0.036440711777
0.0379065952815
0.0364407117769
0.0360323044519
0.0718769946212
0.071836107381
0.0718361073807
0.0434390308764
0.0457143672716
0.0434390308764
0.0434390308764
0.071836107381
0.0718361073807
0.0364407117769
0.0379065952813
0.0364407117767
0.0360323044519
0.071876994621
0.0711160394571
0.0379065952813
0.0364407117767
0.0360323044519
0.0718769946212
0.0711160394571
0.0711160394571
0.071876994621
0.0434390308763
0.0457143672713
0.0434390308763
0.0434390308763
0.036440711777
0.0379065952815
0.0360323044519
0.0364407117769
0.0718361073809
0.0373604992665
0.0360323044519
0.0364407117769
0.0377745079967
0.0218890178842
0.0224749355661
0.037774507997
0.0364407117769
0.0360323044519
0.0373604992668
0.0230600683434
0.0230600683434
0.0110016508775
0.0111394004366
0.010990835709
0.0110016508775
0.0219101004818
0.0218890178841
0.0183578302793
0.0188656428163
0.0181472370532
0.0186301848056
0.0361781576305
0.0183578302792
0.0188656428163
0.0181472370532
0.0186301848056
0.0181472370532
0.0188656428163
0.0183578302793
0.0186301848056
0.0183578302792
0.0188656428163
0.0181472370532
0.0186301848056
0.0186301848056
0.0188656428163
0.0181472370532
0.0183578302793
0.0219101004818
0.0218890178841
0.0218890178842
0.0219101004818
0.036440711777
0.0218890178842
0.0227606989444
0.0216459483137
0.022474935566
0.0216459483137
0.0227606989444
0.0218890178842
0.022474935566
0.0183701782055
0.0183578302792
0.0183578302792
0.0183701782055
0.0224749355662
0.0360323044519
0.0379065952813
0.0364407117767
0.0364407117769
0.0434390308764
0.0457143672716
0.0434390308764
0.0434390308764
0.0718361073807
0.071836107381
0.0718361073807
0.071836107381
0.0360323044519
0.0379065952814
0.0364407117769
0.0364407117769
0.0364407117769
0.0379065952815
0.036440711777
0.0360323044519
0.0360323044519
0.0379065952813
0.0364407117769
0.0364407117767
0.071876994621
0.0711160394571
0.0711160394572
0.0718769946212
0.0718769946211
0.0711160394571
0.0711160394571
0.0718769946212
0.0364407117769
0.037038345957
0.0219101004819
0.0218890178842
0.0183578302791
0.0188656428161
0.0181472370532
0.0186301848054
0.0375334080085
0.0361781576306
0.0364797388946
0.0360465547883
0.0360465547883
0.0364797388948
0.010990835709
0.0111394004366
0.0110016508775
0.0110016508775
0.0115817655027
0.0117384059401
0.0115817655027
0.0115817655027
0.0110016508775
0.0111394004366
0.010990835709
0.0110016508775
0.0110016508775
0.0111394004366
0.0110016508775
0.010990835709
0.0183701782055
0.0183578302792
0.0183578302791
0.0183701782055
0.0183578302791
0.0188656428161
0.0181472370532
0.0186301848054
0.0181472370532
0.0188656428162
0.0183578302792
0.0186301848055
0.0183598686004
0.0190277557779
0.0180988495931
0.0188426101826
0.037572606844
0.0359625900912
0.00959114193337
0.00969078065014
0.00959114193332
0.00956460813195
0.0181621681968
0.0181621681969
0.00921834781342
0.00930770728822
0.00919280089346
0.00921204257002
0.0218890178841
0.0219101004818
0.0181472370532
0.0188656428163
0.0183578302792
0.0186301848056
0.0449071376663
0.0434390308763
0.0434390308763
0.0449071376661
0.0434390308763
0.0449071376663
0.0219101004818
0.0218890178843
0.0360323044519
0.0373604992667
0.04315091882
0.0457400511042
0.0224749355662
0.0227606989446
0.0216459483137
0.0218890178843
0.0183578302792
0.0183701782055
0.0370383459568
0.0364407117769
0.0115274400721
0.0114304433096
0.00544533394599
0.00549798204837
0.00542895191453
0.00548095180122
0.00461855510223
0.00465060677183
0.00460299469184
0.00463622090398
0.00928487092364
0.00919650988024
0.0189438568612
0.0186301848056
0.0186427154701
0.0186301848056
0.0112729745356
0.0114697519943
