0.0413401482161
0.069640506373
0.041340118492
0.0413401174859
0.0348202839401
0.0348202844382
0.0348202412057
0.0348202419994
0.0348202534321
0.0348202535997
0.0348202537863
0.0348202642835
0.0348202633838
0.0348202614877
0.0348202448547
0.0348202438378
0.0348202444657
0.0696405444366
0.0696405718047
0.0413400852518
0.0348202740921
0.0348202745868
0.0348202506108
0.0348202632289
0.0348202628511
0.041339988784
0.0348202484795
0.034820240865
0.0413399614476
0.0413399607198
0.0348202221848
0.0348202227965
0.0348202236313
0.034820222158
0.0348202391352
0.0348202398745
0.0413400873936
0.0413400842316
0.0348202550621
0.0348202545522
0.0348202827042
0.0348202833224
0.0348202607662
0.0413399919368
0.0413399923266
0.0348202530181
0.0348202529738
0.0348202337591
0.0348202339266
0.0348202328853
0.0348202333718
0.0413400534129
0.0413400534129
0.0413400530722
0.0413400532426
0.0348202522663
0.0348202532349
0.0348202545073
0.0348202540491
0.0348202725942
0.0348202725942
0.0348202707259
0.0348202725942
0.0348202420536
0.0348202421028
0.0348202424061
0.0348202417537
0.0413400238442
0.0413400233682
0.0413400229749
0.0413400224236
0.0348202439806
0.0348202441245
0.0348202438911
0.0348202441043
0.0348202533091
0.0348202527456
0.0348202533091
0.0348202538781
0.0348202455367
0.034820245764
0.034820246155
0.0348202444505
0.0348202434739
0.0348202434739
0.0348202434739
0.0348202434739
0.034820243275
0.034820243275
0.0348202424202
0.0348202417212
0.0348202332808
0.0348202324747
0.0348202341619
0.0348202327955
0.0348202204143
0.0348202199832
0.0348202203803
0.0348202206964
0.0174101328946
0.0174101316347
0.0174101304351
0.0174101316347
0.0174101320067
0.01741013189
0.0174101319102
0.0174101319154
0.0103350373445
0.0103350363147
0.0103350365252
0.0103350360391
0.0103350367186
0.0103350370688
0.0103350370688
0.0103350370688
0.0103350370688
0.0103350372067
0.0103350373445
0.0103350369686
0.0174101384729
0.0174101391589
0.0174101391017
0.0174101395912
0.0174101390739
0.0174101383879
0.0174101386115
0.0174101382192
0.0174101426657
0.0174101429918
0.0174101434136
0.0174101430164
0.0174101436288
0.0174101424292
0.0174101424292
0.0174101424292
0.0174101218151
0.0174101209034
0.0174101212483
0.0174101208465
0.0348202413447
0.0348202422813
0.010335021891
0.0103350208938
0.0103350208938
0.0103350209789
0.0103350208086
0.0103350208938
0.0103350214776
0.0103350208938
0.0206700434537
0.0206700421158
0.0206700412037
0.0206700422861
0.034820253154
0.0348202521284
0.0174101273242
0.0174101275394
0.0174101266846
0.0174101275394
0.0174101414831
0.0174101420243
0.008705070538
0.00870507059493
0.00870507111561
0.00870507059493
0.0174101417469
0.0174101409036
0.008705070538
0.00870507105867
0.00870507105867
0.00870507105867
0.0348202531722
0.0348202525712
0.0206700589945
0.0206700589945
0.0103350290675
0.0103350293168
0.0103350297433
0.0103350295661
0.0174101319031
0.0174101331391
0.00870506553433
0.00870506553433
0.00870506622571
0.0087050661705
0.0087050661705
0.00870506685302
0.00870506681855
0.00870506689102
0.0087050661705
0.00870506685809
0.00870506670559
0.00870506678631
0.0174101420981
0.0174101423579
0.00870507104906
0.00870507097492
0.00870507104676
0.00870507107688
0.0174101208273
0.0174101204577
0.00870506033579
0.00870506025525
0.00870506033918
0.00870506022885
0.0103350213957
0.0103350213235
0.0103350213235
0.0103350213235
0.0103350213235
0.0103350213235
0.0103350217801
0.0103350213235
0.0103350219925
0.0103350224385
0.0103350217695
0.0103350221822
0.0206700428701
0.0206700438164
0.00870506391918
0.00870506397888
0.00870506380495
0.00870506398883
0.0087050639128
0.00870506398883
0.00870506398883
0.00870506398883
0.00870506392051
0.00870506387043
0.00870506381452
0.00870506398883
0.00870506395248
0.00870506337415
0.00870506453081
0.00870506337415
0.0174101412941
0.0174101413755
0.00870507107898
0.00870507128016
0.00870507099843
0.00870507099842
0.00870507090141
0.0087050709015
0.00870507120199
0.0087050704162
0.00870507088274
0.00870507122232
0.00870507099842
0.00870507122232
0.0174101267998
0.0174101258881
0.0206700585224
0.0206700585224
0.0103350295531
0.0103350294679
0.0103350288841
0.0103350289693
0.0206700562724
0.0206700576103
0.0103350290545
0.0103350290545
0.0103350290545
0.0103350284707
0.0174101317488
0.0174101319937
0.0174101414454
0.0174101414454
0.0174101423451
0.017410142334
0.0348202872986
0.0348202850384
0.0174101219767
0.0174101224179
0.0103350221611
0.0103350218003
0.0103350215246
0.0103350218128
0.010335021705
0.0103350215246
0.0103350213442
0.0103350216624
0.0206700432955
0.0206700432955
0.0206700438434
0.0206700433574
0.0348202629445
0.0348202633915
0.0174101320601
0.0174101320601
0.0174101311364
0.0174101328693
0.0348202719842
0.0348202720828
0.0174101205378
0.0174101205378
0.0174101209782
0.0174101205824
0.0348202411967
0.0348202423542
0.0103350210479
0.0103350210479
0.0103350213147
0.0103350213235
0.0103350210584
0.0103350213235
0.0103350213235
0.0103350213235
0.0103350214606
0.0103350217169
0.0103350210479
0.0103350219925
0.0206700430373
0.0206700430373
0.0174101427736
0.0174101436802
0.0174101434229
0.0174101436317
0.0348202524952
0.0348202513378
0.0174101265169
0.0174101265599
0.0174101250848
0.0174101270329
0.017410121151
0.0174101217145
0.0174101205578
0.0174101216223
0.0174101208366
0.0174101199682
0.0174101190826
0.0174101202588
0.0103350210357
0.0103350210633
0.0103350206336
0.010335021493
0.0206700422969
0.0206700431005
0.0103350206336
0.0103350207025
0.0103350207714
0.0103350209345
0.00870506633784
0.00870506633784
0.00870506633784
0.00870506661492
0.0087050667409
0.00870506690131
0.00870506649825
0.00870506694984
0.00870506698355
0.00870506658049
0.00870506690412
0.0087050667409
0.0174101333018
0.0174101326757
0.0174101371275
0.0174101375214
0.0174101383688
0.0174101365619
0.0174101199546
0.0174101193911
0.0174101196183
0.0174101193911
0.0174101196063
0.0174101192132
0.0174101201818
0.0174101186497
0.0103350058979
0.0103350058979
0.0103350053141
0.0103350058979
0.0103350048155
0.0103350053141
0.0103350052289
0.0103350059831
0.0103350059831
0.0103350059831
0.0103350053993
0.0103350058979
0.0103350059831
0.0103350048155
0.0103350048155
0.0103350047303
0.0174101257515
0.017410126315
0.017410126315
0.0174101262312
0.017410126315
0.017410126315
0.017410126315
0.0174101262312
0.00870506024009
0.00870506024009
0.0087050599396
0.00870506054058
0.0087050599396
0.0087050599396
0.00870505963686
0.0087050599396
0.0087050599396
0.00870505945431
0.00870505945431
0.00870506004228
0.0174101204427
0.0174101200553
0.0103350126423
0.0103350126423
0.0103350126423
0.0103350131992
0.0103350129768
0.0103350126423
0.0103350129768
0.0103350125767
0.0103350129768
0.0103350133113
0.0103350128451
0.0103350129768
0.0206700257966
0.0206700264848
0.00870506280531
0.00870506267725
0.00870506310561
0.00870506229761
0.0174101250836
0.017410126194
0.0174101246706
0.0174101247766
0.0174101314604
0.017410130952
0.0174101310934
0.0174101328643
0.00870505816949
0.00870505844879
0.00870505799894
0.00870505844879
0.00870505869204
0.00870505828498
0.00870505834192
0.00870505811255
0.0174101154393
0.0174101172461
0.00870505863322
0.0087050590264
0.00870505874898
0.00870505850573
0.0206699943068
0.0206699953892
0.0206699953892
0.0206699945623
0.0103349966548
0.0103349965696
0.0103349970682
0.0103349977372
0.00870506187678
0.00870506230417
0.00870506264041
0.00870506230417
0.0174101240673
0.0174101248534
0.0174101240673
0.0174101248534
0.00870505842078
0.00870505765904
0.00870505808642
0.00870505696593
0.00870505836384
0.00870505808454
0.00870505825697
0.00870505745025
0.0174101161934
0.0174101155727
0.00870505772956
0.00870505790199
0.00870505853627
0.00870505762269
0.0174101166301
0.0174101166301
0.00870505827455
0.00870505827455
0.00870505792327
0.00870505827455
0.017410116176
0.0174101165491
0.0087050580319
0.0087050580319
0.0087050582659
0.00870505827455
0.020670011176
0.0206700113015
0.010335005588
0.0103350055191
0.0103350054502
0.0103350056188
0.0103350057258
0.0103350056569
0.0103350059187
0.010335005588
0.0103350061242
0.0103350056569
0.0103350053813
0.0103350056569
0.0174101204611
0.0174101212306
0.0174101208591
0.0174101202207
0.00870506049446
0.00870506032166
0.0087050602339
0.00870506056178
0.0174101311258
0.0174101311258
0.0174101294858
0.0174101311258
0.017410129834
0.017410130128
0.0174101306947
0.0174101302636
0.0174101252182
0.0174101261299
0.00870506245439
0.00870506276816
0.0087050628251
0.00870506321801
0.00870506245439
0.0087050631475
0.00870506363182
0.00870506251321
0.00870506226996
0.00870506193372
0.00870506241804
0.00870506245439
0.0206700107134
0.0206700100444
0.0206700103851
0.0206700100444
0.020670011212
0.0206700107985
0.0206700086337
0.0206700113823
0.0348202335311
0.0348202334341
0.0174101164094
0.0174101166266
0.017410117431
0.0174101167805
0.0206699810062
0.0206699800975
0.0103349903866
0.0103349901423
0.0103349901423
0.0103349905031
0.00870506040166
0.00870505976798
0.00870505976798
0.00870505903969
0.0174101189899
0.0174101205382
0.00870506038688
0.00870506032995
0.00870506073701
0.00870506036441
0.0087050604577
0.00870506063013
0.00870506027327
0.00870506105752
0.0174101214946
0.0174101207085
0.00870506088509
0.00870506088509
0.00870505982342
0.0087050605732
0.0206700426996
0.0206700426996
0.0103350213072
0.0103350213072
0.0103350213072
0.0103350213924
0.0174101286377
0.0174101271625
0.0087050644688
0.0087050644688
0.00870506402814
0.0087050639278
0.00870507096564
0.00870507148631
0.00870507148631
0.00870507115007
0.0174101414657
0.0174101422518
0.0174101175249
0.017410118848
0.00870505879802
0.00870505985969
0.00870505985969
0.00870505961374
0.00870505879802
0.00870505952631
0.00870505948996
0.00870505976798
0.00870505901986
0.00870505899718
0.0087050590182
0.008705059175
0.0206699801868
0.02066997934
0.0206699796156
0.0206699797008
0.0206699796056
0.0206699805602
0.0206699802846
0.0206699813244
0.0174101329735
0.0174101329735
0.0174101332007
0.0174101322235
0.0174101313118
0.0174101309755
0.017410132289
0.0174101318872
0.01033502031
0.01033502031
0.0103350208938
0.0103350208938
0.0206700417024
0.0206700412889
0.0206700407051
0.0206700417875
0.0206700417024
0.0206700412889
0.0174101275922
0.0174101285039
0.0174101263806
0.0174101285039
0.0174101270167
0.0174101266685
0.0174101272923
0.0174101263323
0.0174101299332
0.0174101299332
0.0174101296195
0.0174101298421
0.0174101303321
0.0174101301607
0.0174101148901
0.0174101143702
0.0174101152558
0.0174101142301
0.0348202305356
0.0348202299481
0.0103349981763
0.0103349979097
0.0103349980637
0.0103349984245
0.0206699964502
0.0206699964502
0.0174101270159
0.0174101272958
0.0174101263382
0.0174101256298
0.0174101153444
0.0174101161682
0.00870505755366
0.00870505796278
0.00870505784145
0.0087050580841
0.0174101159459
0.0174101155424
0.00870505784145
0.00870505772013
0.0087050575988
0.00870505796278
