0.00870625906296
0.00870625906299
0.00870625906299
0.008706259063
0.008706259063
0.00870625906295
0.008706259063
0.008706259063
0.0206745168203
0.0206745168203
0.0206745168203
0.00870625906301
0.008706259063
0.0206745168203
0.00516862920504
0.00516862920507
0.00516862920505
0.00516862920505
0.00516862920505
0.00516862920505
0.00217656476575
0.00217656476577
0.00217656476577
0.00217656476577
0.00217656476575
0.00217656476574
0.00217656476574
0.00217656476574
0.00516862920509
0.00516862920509
0.0103372584101
0.00435312953151
0.00435312953151
0.00217656476576
0.00217656476576
0.00217656476576
0.00217656476576
0.00435312953151
0.00435312953151
0.00217656476576
0.00217656476576
0.00217656476576
0.00217656476576
0.00217656476576
0.00217656476576
0.00217656476576
0.00217656476576
0.00435312953151
0.00435312953151
0.00435312953151
0.00516862920508
0.00435312953148
0.00217656476577
0.00217656476577
0.00217656476577
0.00217656476575
0.00217656476575
0.00217656476575
0.00217656476575
0.00217656476575
0.00217656476575
0.00217656476575
0.00217656476577
0.00217656476573
0.0043531295315
0.00435312953149
0.00217656476576
0.00217656476576
0.00217656476576
0.00217656476576
0.00217656476576
0.00217656476576
0.00435312953151
0.00435312953151
0.00435312953148
0.00435312953151
0.00435312953148
0.00217656476575
0.00217656476576
0.00217656476575
0.00217656476575
0.00217656476576
0.00217656476575
0.00217656476576
0.00217656476575
0.00217656476575
0.00217656476576
0.00217656476575
0.00217656476575
0.00217656476576
0.00258431460251
0.00258431460254
0.00258431460254
0.00258431460254
0.00258431460254
0.00258431460254
0.00258431460254
0.00258431460254
0.00258431460254
0.00258431460254
0.00258431460254
0.00258431460254
0.00258431460254
0.00258431460254
0.00435312953151
0.00435312953151
0.00217656476576
0.00217656476576
0.00217656476575
0.00217656476575
0.00870625906303
0.008706259063
0.00435312953147
0.00435312953143
0.00435312953149
0.00435312953151
0.0043531295315
0.0043531295315
0.0043531295315
0.00435312953151
0.00435312953151
0.00870625906297
0.00870625906303
0.00870625906303
0.008706259063
0.00870625906299
0.00870625906295
0.008706259063
0.00870625906295
0.00870625906302
0.00870625906302
0.00870625906302
0.00870625906302
0.00870625906302
0.00870625906302
0.00870625906302
0.00870625906302
0.00870625906302
0.00870625906301
0.00870625906295
0.00870625906295
0.00870625906294
0.00870625906302
0.00870625906302
0.00870625906301
0.00870625906294
0.00870625906303
0.00870625906297
0.00870625906302
0.00870625906302
0.00870625906302
0.00870625906302
0.00870625906302
0.00870625906302
0.00870625906299
0.00870625906299
0.00870625906299
0.008706259063
0.00870625906297
0.0043531295315
0.0043531295315
0.0043531295315
0.0043531295315
0.0043531295315
0.0043531295315
0.00435312953152
0.0043531295315
0.00870625906299
0.00870625906299
0.00870625906302
0.00870625906302
0.00435312953152
0.00435312953152
0.0043531295315
0.00435312953152
0.00435312953152
0.0043531295315
0.00516862920505
0.00516862920505
0.00516862920499
0.00516862920505
0.00258431460254
0.00258431460254
0.00258431460251
0.00258431460254
0.00258431460251
0.00258431460251
0.00258431460251
0.00258431460254
0.00516862920507
0.00258431460254
0.00258431460251
0.00258431460251
0.00258431460251
0.00217656476575
0.00217656476575
0.00217656476575
0.00217656476575
0.00217656476575
0.00217656476575
0.00217656476575
0.00217656476575
0.00435312953151
0.00435312953151
0.00435312953151
0.00435312953151
0.00217656476572
0.00217656476575
0.00217656476575
0.00217656476575
0.00217656476572
0.00217656476572
0.00217656476572
0.00217656476575
0.00217656476575
0.00217656476575
0.00217656476572
0.00217656476572
0.00217656476575
0.00217656476576
0.00217656476575
0.00217656476575
0.00217656476575
0.00217656476576
0.00217656476575
0.00217656476572
0.00217656476572
0.00217656476572
0.00217656476575
0.00217656476572
0.00217656476575
0.00217656476575
0.00217656476575
0.00258431460254
0.00258431460254
0.00258431460254
0.00258431460254
0.00258431460254
0.00258431460254
0.00258431460251
0.00258431460254
0.00217656476575
0.00217656476572
0.00217656476572
0.00217656476572
0.00217656476575
0.00217656476575
0.00217656476575
0.00217656476575
0.00217656476575
0.00217656476575
0.00217656476572
0.00217656476575
0.00217656476575
0.00217656476572
0.00217656476572
0.00217656476572
0.00217656476575
0.00217656476572
0.00217656476572
0.00217656476572
0.00217656476575
0.00217656476575
0.00217656476576
0.00217656476572
0.00217656476575
0.00217656476576
0.00217656476575
0.00217656476575
0.00217656476575
0.00435312953149
0.0043531295315
0.00435312953148
0.0043531295315
0.0043531295315
0.00516862920508
0.00516862920502
0.00516862920497
0.00516862920502
0.0103372584102
0.00516862920502
0.00516862920499
0.00516862920505
0.00516862920501
0.00516862920505
0.00516862920504
0.00516862920501
0.00516862920507
0.00516862920504
0.00516862920504
0.00516862920508
0.00516862920504
0.0043531295315
0.00435312953152
0.00435312953152
0.0043531295315
0.0043531295315
0.0043531295315
0.0043531295315
0.0043531295315
0.00435312953151
0.00435312953153
0.00435312953153
0.0043531295315
0.00435312953147
0.00435312953147
0.0043531295315
0.00435312953151
0.00435312953151
0.0043531295315
0.00435312953149
0.0043531295315
0.0043531295315
0.0043531295315
0.00435312953148
0.00435312953149
0.0043531295315
0.00435312953151
0.00435312953153
0.00435312953153
0.0043531295315
0.00435312953149
0.0043531295315
0.0043531295315
0.0043531295315
0.0043531295315
0.00435312953149
0.00435312953149
0.00435312953148
0.00870625906299
0.00435312953149
0.00435312953151
0.00435312953151
0.0043531295315
0.00435312953153
0.0043531295315
0.00435312953151
0.00435312953151
0.00435312953151
0.00435312953151
0.00435312953152
0.00435312953152
0.00435312953153
0.00435312953151
0.0043531295315
0.0043531295315
0.0043531295315
0.00435312953151
0.00870625906297
0.00870625906303
0.008706259063
0.00870625906303
0.00870625906295
0.00870625906295
0.008706259063
0.00870625906299
0.00870625906299
0.00870625906299
0.008706259063
0.008706259063
0.00870625906295
0.00870625906294
0.00870625906294
0.00870625906302
0.00870625906301
0.00870625906302
0.00870625906294
0.00870625906294
0.00870625906294
0.008706259063
0.008706259063
0.017412518126
0.00870625906299
0.00870625906295
0.008706259063
0.00870625906295
0.008706259063
0.008706259063
0.008706259063
0.008706259063
0.00870625906299
0.00870625906299
0.008706259063
0.00870625906299
0.017412518126
0.017412518126
0.00435312953151
0.00435312953152
0.0043531295315
0.00435312953147
0.00435312953147
0.00435312953148
0.0043531295315
0.00435312953144
0.00435312953151
0.00435312953148
0.00435312953146
0.00217656476575
0.00217656476575
0.00217656476572
0.00217656476575
0.00435312953147
0.00435312953147
0.00435312953152
0.00435312953152
0.0043531295315
0.00435312953152
0.0043531295315
0.00435312953151
0.00435312953151
0.00435312953149
0.0043531295315
0.0043531295315
0.00217656476575
0.00217656476575
0.00217656476575
0.00217656476575
0.00217656476575
0.00217656476575
0.00217656476574
0.00217656476575
0.00435312953149
0.00435312953148
0.00217656476577
0.00217656476577
0.00217656476574
0.00217656476575
0.00435312953149
0.00435312953149
0.00435312953149
0.00435312953145
0.00435312953145
0.00435312953145
0.0043531295315
0.0043531295315
0.0043531295315
0.0043531295315
0.00435312953145
0.0043531295315
0.00217656476575
0.00217656476573
0.00217656476573
0.00217656476573
0.00435312953145
0.00435312953152
0.0043531295315
0.0043531295315
0.0043531295315
0.0043531295315
0.0043531295315
0.00435312953148
0.00435312953151
0.00435312953151
0.00435312953151
0.00435312953151
0.00435312953152
0.00435312953152
0.00435312953153
0.00435312953151
0.00870625906301
0.00435312953151
0.00435312953154
0.00435312953151
0.00435312953154
0.00870625906301
0.00870625906295
0.00258431460251
0.00258431460251
0.00258431460254
0.00258431460251
0.00258431460254
0.00258431460251
0.00258431460251
0.00258431460251
0.00516862920506
0.00516862920508
0.00516862920507
0.00516862920505
0.00516862920499
0.00258431460249
0.00258431460246
0.00258431460249
0.00258431460249
0.00516862920507
0.00516862920507
0.00217656476574
0.00217656476574
0.00217656476574
0.00217656476575
0.00217656476577
0.00217656476577
0.00217656476577
0.00217656476575
0.0043531295315
0.0043531295315
0.0043531295315
0.00217656476575
0.00217656476575
0.0043531295315
0.0043531295315
0.0043531295315
0.0043531295315
0.0043531295315
0.0043531295315
0.0043531295315
0.0043531295315
0.00435312953148
0.00435312953148
0.00435312953148
0.0043531295315
0.00217656476575
0.00435312953149
0.0043531295315
0.0043531295315
0.00435312953149
0.0043531295315
0.0043531295315
0.00435312953151
0.00435312953148
0.00217656476575
0.00217656476575
0.00217656476575
0.00217656476575
0.00217656476575
0.00217656476576
0.00217656476576
0.00217656476575
0.00217656476576
0.00258431460254
0.00258431460254
0.00258431460256
0.00435312953145
0.00435312953151
0.00435312953151
0.00435312953151
0.00435312953151
0.00435312953151
0.00217656476576
0.00217656476576
0.00217656476575
0.00217656476575
0.00217656476575
0.00217656476575
0.00217656476575
0.00217656476575
0.00217656476575
0.00217656476575
0.00217656476575
0.00217656476575
0.00217656476576
0.00217656476576
0.00217656476575
0.00217656476575
0.00217656476575
0.00217656476572
0.00217656476572
0.00217656476572
0.00217656476576
0.00217656476576
0.00217656476575
0.00217656476576
0.00217656476575
0.00217656476572
0.00217656476572
0.00217656476572
0.00217656476572
0.00217656476572
0.00217656476576
0.00217656476572
0.00217656476572
0.00217656476575
0.0043531295315
0.0043531295315
0.0043531295315
0.00435312953147
0.00435312953144
0.00435312953144
0.00258431460256
0.00258431460254
0.00258431460254
0.00258431460254
0.00258431460254
0.00258431460254
0.00258431460254
0.00516862920506
0.00516862920509
0.00870625906297
0.00870625906301
0.008706259063
0.00870625906294
0.00870625906299
0.00870625906297
0.00870625906297
0.00870625906303
0.00435312953151
0.00435312953151
0.00435312953151
0.00435312953151
0.00217656476576
0.00217656476576
0.00217656476576
0.00217656476576
0.00217656476576
0.00217656476576
0.00217656476576
0.00217656476576
0.00217656476576
0.00217656476576
0.00217656476576
0.00217656476576
0.00217656476576
0.00217656476576
0.00217656476576
0.00217656476576
0.00435312953145
0.00435312953149
0.0043531295315
0.0043531295315
0.00258431460251
0.00258431460251
0.00258431460253
0.00258431460253
0.00258431460253
0.00258431460254
0.00258431460254
0.00258431460251
0.00258431460251
0.00258431460251
0.00258431460248
0.00258431460254
0.00258431460249
0.00258431460246
0.00258431460249
0.00258431460249
0.00258431460254
0.00258431460251
0.00258431460251
0.00258431460248
0.00258431460248
0.00258431460251
0.00258431460254
0.00258431460251
0.00258431460254
0.00258431460254
0.00258431460254
0.00258431460251
0.00258431460254
0.00258431460251
0.00258431460251
0.00258431460251
0.00258431460254
0.00258431460251
0.00258431460251
0.00258431460251
0.00258431460254
0.00258431460253
0.00258431460253
0.00258431460253
0.00516862920507
0.00516862920507
0.00516862920508
0.00516862920507
0.00516862920502
0.00516862920502
0.00516862920508
0.00516862920505
0.00217656476575
0.00217656476575
0.00217656476575
0.00217656476575
0.00217656476575
0.00217656476573
0.00217656476573
0.00217656476573
0.00217656476575
0.00217656476573
0.00217656476573
0.00217656476573
0.00217656476574
0.00217656476577
0.00217656476577
0.00217656476575
0.00217656476575
0.00217656476575
0.00217656476575
0.00217656476575
0.00217656476574
0.00217656476575
0.00217656476575
0.00217656476574
0.00217656476574
0.00217656476574
0.00217656476575
0.00217656476575
0.00217656476577
0.00217656476575
0.00217656476577
0.00217656476577
0.00217656476577
0.00217656476575
0.00217656476575
0.00217656476575
0.00217656476575
0.00217656476575
0.00217656476575
0.00217656476574
0.00217656476574
0.00217656476574
0.00258431460254
0.00516862920506
0.00435312953144
0.00435312953144
0.0043531295315
0.00435312953144
0.0043531295315
0.0043531295315
0.00435312953147
0.00870625906295
0.00217656476575
0.00217656476575
0.00217656476575
0.00217656476575
0.00217656476575
0.00217656476575
0.00217656476575
0.00217656476573
0.00217656476573
0.00217656476573
0.00217656476575
0.00435312953149
0.00217656476575
0.00217656476573
0.00217656476573
0.00217656476573
0.00217656476575
0.00217656476575
0.00217656476575
0.00217656476575
0.00217656476575
0.00217656476575
0.00217656476575
0.00217656476575
0.00217656476575
0.00217656476575
0.00217656476575
0.00217656476575
0.0043531295315
0.00516862920504
0.00516862920504
0.00870625906295
0.00870625906295
0.008706259063
0.008706259063
0.0103372584102
0.0043531295315
0.0043531295315
0.0043531295315
0.00435312953151
0.00217656476575
0.00217656476572
0.00217656476572
0.00217656476572
0.00435312953147
0.0043531295315
0.00217656476575
0.00217656476572
0.00217656476572
0.00217656476572
0.00217656476575
0.00217656476575
0.00435312953149
0.00435312953145
0.0043531295315
0.00435312953145
0.00435312953149
0.0043531295315
0.0043531295315
0.0043531295315
0.00435312953152
0.00435312953152
0.0043531295315
0.0043531295315
0.00435312953152
0.00435312953152
0.00435312953152
0.00217656476575
0.00217656476575
0.0043531295315
0.0043531295315
0.01033725841
0.01033725841
0.01033725841
0.0103372584101
0.0103372584102
0.0103372584102
0.00516862920507
0.00516862920504
0.00516862920505
0.00516862920501
0.00435312953148
0.00435312953148
0.00435312953147
0.00435312953151
0.00870625906297
0.00870625906291
0.00217656476576
0.00217656476576
0.00217656476576
0.00217656476575
0.00217656476575
0.00217656476575
0.00217656476576
0.00217656476575
0.00217656476575
0.00217656476575
0.00217656476575
0.00217656476576
0.00435312953147
0.00435312953147
0.00217656476575
0.00217656476575
0.00217656476575
0.00217656476575
0.00217656476575
0.00217656476575
0.00217656476575
0.00217656476575
0.00217656476576
0.00217656476576
0.00217656476576
0.00217656476575
0.00217656476575
0.00217656476575
0.00217656476575
0.00217656476575
0.00435312953147
0.00435312953144
0.00217656476575
0.00217656476575
0.00217656476575
0.00217656476572
0.00217656476575
0.00217656476575
0.00217656476575
0.00217656476575
0.00217656476572
0.00217656476572
0.00217656476575
0.00217656476572
0.00258431460256
0.00258431460254
0.00258431460254
0.00258431460254
0.00258431460254
0.00258431460254
0.00258431460254
0.00258431460254
0.00258431460254
0.00258431460254
0.00258431460254
0.00258431460254
0.00258431460254
0.00258431460254
0.00258431460254
0.00258431460254
0.00258431460254
0.00258431460254
0.00258431460254
0.00258431460254
0.00258431460254
0.00258431460254
0.00258431460254
0.00258431460254
0.00516862920509
0.00516862920509
0.00258431460254
0.00258431460254
0.00258431460254
0.00258431460254
0.00258431460254
0.00258431460254
0.00258431460254
0.00258431460254
0.00258431460254
0.00258431460254
0.00258431460254
0.00258431460254
0.00516862920506
0.00516862920509
0.00516862920509
0.00258431460254
0.00258431460254
0.00258431460254
0.00258431460254
0.00258431460254
0.00258431460254
0.00258431460254
0.00258431460254
0.00258431460254
0.00258431460254
0.00258431460251
0.00217656476576
0.00217656476575
0.00217656476575
0.00217656476575
0.00217656476575
0.00217656476575
0.00217656476575
0.00217656476575
0.00217656476575
0.00217656476575
0.00217656476576
0.00217656476576
0.00217656476575
0.00217656476576
0.00217656476575
0.00217656476575
0.00217656476576
0.00217656476575
0.00217656476575
0.00217656476575
0.00217656476576
0.00217656476575
0.00217656476576
0.00217656476575
0.00217656476575
0.00258431460251
0.00258431460251
0.00258431460255
0.0025843146025
0.00258431460251
0.00258431460251
0.0043531295315
0.00217656476575
0.00217656476575
0.00217656476575
0.00217656476575
0.00435312953152
0.00435312953149
0.00217656476573
0.00217656476575
0.00217656476577
0.00217656476575
0.00217656476577
0.00217656476575
0.00217656476575
0.00217656476575
0.00217656476573
0.00217656476576
0.00217656476576
0.00217656476576
0.00217656476576
0.00217656476577
0.00217656476573
0.00217656476573
0.00217656476574
0.00217656476578
0.00217656476578
0.00217656476573
0.00217656476574
0.00217656476574
0.00217656476576
0.00217656476577
0.00217656476576
0.00217656476576
0.00217656476576
0.00217656476576
0.00217656476576
0.00217656476576
0.00217656476576
0.00217656476576
0.00516862920505
0.00258431460253
0.00258431460254
0.00258431460251
0.00258431460255
0.00516862920497
0.00258431460253
0.00258431460249
0.00129215730127
0.00129215730129
0.00129215730129
0.00129215730126
0.00129215730124
0.00129215730125
0.00129215730128
0.00129215730125
0.00258431460255
0.00129215730125
0.00129215730126
0.00129215730127
0.00129215730126
0.00258431460254
0.00258431460256
0.00108828238289
0.00108828238288
0.00108828238286
0.00108828238285
0.00108828238286
0.00108828238286
0.000544141191434
0.000544141191437
0.000544141191441
0.000544141191437
0.000544141191438
0.000544141191412
0.000544141191425
0.000544141191424
0.000544141191425
0.000544141191441
0.000544141191441
0.000544141191441
0.000544141191423
0.000544141191423
0.000544141191425
0.000544141191438
0.00108828238287
0.00108828238287
0.000544141191438
0.000544141191441
0.000544141191437
0.000544141191441
0.000544141191434
0.000544141191425
0.000544141191425
0.000544141191441
0.000544141191438
0.000544141191441
0.000544141191437
0.000544141191441
0.000544141191449
0.000544141191449
0.000544141191434
0.000544141191441
0.00108828238286
0.0010882823829
0.000544141191434
0.000544141191434
0.000544141191434
0.000544141191449
0.000544141191438
0.000544141191438
0.000544141191434
0.000544141191438
0.00108828238289
0.00108828238288
0.00108828238288
0.00108828238287
0.00108828238288
0.00108828238286
0.00108828238289
0.00108828238289
0.00108828238289
0.00108828238286
0.00108828238288
0.00108828238286
0.00108828238286
0.00108828238287
0.00108828238287
0.00108828238288
0.00108828238288
0.00108828238289
0.00108828238287
0.00108828238287
0.00108828238287
0.00108828238287
0.00108828238287
0.00108828238287
0.00108828238286
0.00108828238288
0.00108828238289
0.0010882823829
0.00108828238287
0.00108828238288
0.00108828238288
0.00108828238288
0.00108828238286
0.00108828238288
0.00108828238288
0.00108828238288
0.000544141191441
0.000544141191438
0.000544141191434
0.000544141191438
0.000544141191441
0.000544141191437
0.000544141191437
0.000544141191434
0.000544141191438
0.000544141191445
0.000544141191437
0.000544141191445
0.00054414119143
0.00054414119143
0.000544141191437
0.000544141191438
0.000544141191437
0.000544141191437
0.000544141191434
0.000544141191441
0.00054414119143
0.00054414119143
0.000544141191437
0.000544141191438
0.000544141191441
0.000544141191438
0.000544141191434
0.000544141191438
0.000544141191438
0.000544141191434
0.000544141191434
0.000544141191437
0.000544141191449
0.000544141191449
0.000544141191434
0.000544141191441
0.000544141191441
0.000544141191425
0.000544141191434
0.000544141191425
0.000544141191438
0.000544141191434
0.000544141191434
0.000544141191437
0.000544141191438
0.000544141191434
0.000544141191434
0.000544141191437
0.000544141191449
0.000544141191449
0.000544141191434
0.000544141191441
0.000544141191441
0.000544141191437
0.000544141191437
0.000544141191434
0.00108828238289
0.00108828238287
0.00217656476575
0.00217656476575
0.00217656476575
0.00217656476575
0.00217656476575
0.00217656476575
0.00217656476575
0.00217656476573
0.00108828238286
0.00108828238283
0.00108828238285
0.00108828238286
0.00217656476575
0.00217656476578
0.00217656476576
0.00435312953151
0.00217656476576
0.00217656476576
0.00435312953148
0.00435312953148
0.00258431460251
0.00258431460251
0.00129215730128
0.00129215730128
0.00129215730128
0.00129215730127
0.00258431460254
0.00258431460253
0.00129215730127
0.00129215730127
0.00129215730127
0.00129215730127
0.00258431460253
0.00129215730128
0.00129215730128
0.00129215730128
0.00129215730127
0.00258431460251
0.00258431460251
0.00217656476572
0.00217656476575
0.00217656476572
0.00217656476572
0.00217656476572
0.0010882823829
0.00108828238289
0.00108828238287
0.00108828238287
0.00108828238287
0.00108828238287
0.00108828238288
0.00217656476574
0.00217656476575
0.00217656476574
0.00217656476575
0.00217656476575
0.00108828238287
0.00217656476572
0.00217656476572
0.00217656476573
0.00217656476572
0.00217656476576
0.00217656476573
0.00108828238285
0.00108828238288
0.00108828238288
0.0010882823829
0.00108828238285
0.00108828238285
0.00108828238285
0.0010882823829
0.00108828238285
0.00108828238286
0.00108828238286
0.00108828238287
0.00217656476579
0.00217656476572
0.00217656476577
0.00217656476576
0.00108828238288
0.00108828238286
0.00108828238286
0.00108828238286
0.00108828238287
0.00108828238287
0.00108828238287
0.00108828238286
0.00217656476574
0.00108828238287
0.00108828238287
0.00108828238285
0.00108828238287
0.00108828238287
0.00108828238287
0.00108828238288
0.00108828238286
0.00108828238289
0.0010882823829
0.00108828238287
0.0010882823829
0.00108828238286
0.00108828238286
0.00108828238286
0.00108828238289
0.00217656476574
0.00217656476576
0.00108828238288
0.00108828238287
0.00108828238287
0.00108828238287
0.000544141191443
0.000544141191428
0.000544141191428
0.000544141191432
0.00108828238288
0.00108828238288
0.00108828238287
0.00217656476572
0.00217656476572
0.00217656476575
0.00217656476572
0.00108828238285
0.00108828238286
0.00108828238289
0.00108828238287
0.00217656476574
0.00217656476576
0.00108828238287
0.00129215730129
0.00129215730127
0.00129215730128
0.00129215730129
0.00258431460254
0.00129215730126
0.00129215730126
0.00129215730129
0.00129215730126
0.00129215730127
0.00129215730127
0.00129215730129
0.00129215730127
0.00217656476576
0.00217656476573
0.00217656476576
0.00217656476576
0.00108828238288
0.00108828238288
0.00108828238288
0.00108828238288
0.00217656476576
0.00217656476576
0.00217656476576
0.00217656476576
0.00217656476576
0.00108828238288
0.00108828238288
0.00108828238288
0.00108828238288
0.00217656476576
0.00217656476576
0.00217656476576
0.00217656476576
0.00217656476576
0.00217656476573
0.00217656476576
0.00108828238287
0.00108828238287
0.00108828238287
0.00108828238287
0.00108828238287
0.00108828238288
0.00108828238288
0.00108828238288
0.00108828238287
0.00108828238288
0.00108828238289
0.00108828238286
0.00108828238286
0.00108828238286
0.0010882823829
0.0010882823829
0.00108828238287
0.00108828238289
0.00108828238287
0.00108828238288
0.00108828238288
0.000544141191428
0.000544141191428
0.000544141191443
0.000544141191432
0.00108828238288
0.0010882823829
0.00108828238288
0.00108828238286
0.00108828238286
0.00108828238286
0.00108828238286
0.00108828238286
0.00108828238287
0.00108828238286
0.00217656476574
0.00217656476574
0.00217656476574
0.00217656476575
0.00217656476577
0.00217656476577
0.00217656476574
0.00217656476575
0.00217656476575
0.00217656476575
0.00217656476575
0.00217656476575
0.0043531295315
0.0043531295315
0.0043531295315
0.0043531295315
0.00435312953153
0.0043531295315
0.00435312953149
0.00435312953154
0.0043531295315
0.00435312953152
0.00217656476575
0.00217656476577
0.00217656476574
0.00217656476577
0.00217656476574
0.00217656476574
0.00217656476574
0.00217656476573
0.00217656476575
0.00217656476575
0.00217656476577
0.00217656476575
0.00217656476574
0.00217656476574
0.00217656476574
0.00435312953147
0.00435312953148
0.00217656476576
0.00217656476576
0.00217656476577
0.00217656476575
0.00217656476575
0.00258431460249
0.00258431460249
0.00516862920507
0.00516862920507
0.00516862920508
0.00516862920507
0.00516862920502
0.00516862920505
0.00516862920507
0.00516862920507
0.00516862920508
0.00516862920507
0.00516862920505
0.00516862920502
0.00516862920502
0.00516862920508
0.00258431460254
0.00258431460254
0.00258431460251
0.00258431460254
0.00258431460253
0.00217656476575
0.00217656476575
0.00217656476575
0.00217656476575
0.00217656476575
0.00217656476575
0.00217656476575
0.00217656476576
0.00217656476576
0.00217656476574
0.00217656476576
0.0021765647657
0.00217656476574
0.00217656476573
0.00435312953148
0.00435312953151
0.0043531295315
0.00435312953153
0.00435312953149
0.00217656476574
0.00217656476576
0.00217656476574
0.00435312953148
0.00435312953148
0.00435312953146
0.00435312953149
0.00217656476574
0.00217656476576
0.00217656476576
0.00217656476576
0.0043531295315
0.00435312953148
0.00435312953148
0.00217656476573
0.00217656476573
0.00217656476572
0.00217656476571
0.00108828238288
0.00108828238288
0.00108828238288
0.00108828238288
0.00108828238288
0.00108828238288
0.00108828238288
0.00108828238288
0.00108828238288
0.00108828238288
0.00108828238287
0.00108828238288
0.00217656476575
0.00217656476575
0.00217656476574
0.00217656476576
0.00217656476576
0.00217656476577
0.00217656476577
0.00217656476576
0.00435312953151
0.00217656476574
0.00217656476574
0.00217656476576
0.00217656476574
0.00217656476576
0.00217656476574
0.00217656476574
0.00217656476574
0.00217656476578
0.0021765647658
0.00217656476574
0.0021765647658
0.00217656476574
0.00217656476573
0.00217656476575
0.00217656476575
0.0043531295315
0.00217656476573
0.00217656476576
0.00870625906294
0.00870625906295
0.00870625906301
0.00870625906295
0.0174125181259
0.017412518126
0.00258431460253
0.00258431460253
0.00258431460253
0.00258431460254
0.00258431460251
0.00258431460251
0.00258431460254
0.00258431460251
0.00258431460251
0.00258431460254
0.00258431460254
0.00258431460254
0.00435312953147
0.00435312953145
0.00435312953145
0.0043531295315
0.00435312953152
0.00435312953152
0.00435312953152
0.0043531295315
0.0043531295315
0.0043531295315
0.00435312953149
0.0043531295315
0.00435312953148
0.00435312953148
0.00435312953148
0.0043531295315
0.00516862920508
0.00516862920508
0.00516862920508
0.00516862920508
0.00870625906303
0.00870625906303
0.008706259063
0.00870625906297
0.00870625906297
0.00870625906291
0.00870625906301
0.00870625906291
0.017412518126
0.017412518126
0.00435312953149
0.00435312953149
0.0043531295315
0.00435312953151
0.00435312953148
0.00435312953148
0.0043531295315
0.0043531295315
0.0043531295315
0.0043531295315
0.00217656476575
0.00217656476575
0.00217656476575
0.00217656476575
0.00217656476577
0.00217656476577
0.00217656476575
0.00217656476577
0.00217656476577
0.00217656476575
0.00217656476575
0.00217656476575
0.00217656476574
0.00217656476574
0.00217656476575
0.00217656476574
0.00258431460254
0.00258431460254
0.00258431460251
0.00258431460254
0.00258431460251
0.00258431460251
0.00258431460251
0.00258431460254
0.00258431460254
0.00258431460253
0.00258431460253
0.00258431460253
0.00217656476576
0.00217656476576
0.00217656476576
0.00217656476576
0.00217656476576
0.00217656476576
0.00217656476576
0.00217656476576
0.00435312953151
0.00435312953151
0.00435312953151
0.00435312953151
0.00435312953151
0.00435312953151
0.00435312953151
0.00435312953151
0.0043531295315
0.00435312953148
0.00435312953151
0.00435312953148
0.00217656476572
0.00217656476575
0.00217656476576
0.00217656476575
0.00217656476575
0.00217656476575
0.00217656476576
0.00217656476575
0.00258431460256
0.00258431460254
0.00258431460254
0.00258431460254
0.00258431460254
0.00258431460254
0.00258431460254
0.00258431460254
0.00258431460254
0.00258431460254
0.00258431460254
0.00258431460254
0.00258431460254
0.00258431460254
0.00258431460254
0.00258431460254
0.00258431460254
0.00258431460254
0.00258431460254
0.00258431460254
0.00258431460254
0.00258431460254
0.00258431460254
0.00258431460254
0.00258431460254
0.00258431460254
0.00258431460254
0.00258431460254
0.00258431460254
0.00258431460254
0.00258431460254
0.00258431460254
0.00258431460254
0.00258431460254
0.00258431460254
0.00258431460254
0.00258431460254
0.00258431460254
0.00258431460254
0.00258431460254
0.00258431460254
0.00258431460254
0.00258431460251
0.00258431460254
0.00258431460254
0.00258431460254
0.00258431460254
0.00258431460254
0.00217656476576
0.00217656476576
0.00217656476576
0.00217656476575
0.00217656476575
0.00217656476575
0.00217656476575
0.00217656476575
0.00217656476575
0.00217656476575
0.00217656476575
0.00217656476575
0.00217656476575
0.00217656476575
0.00217656476575
0.00217656476575
0.00217656476576
0.00217656476576
0.00217656476575
0.00217656476576
0.00217656476575
0.00217656476575
0.00217656476576
0.00217656476575
0.00217656476572
0.00217656476572
0.00217656476572
0.00217656476575
0.00217656476575
0.00217656476575
0.00217656476576
0.00217656476575
0.0043531295315
0.00435312953154
0.00217656476575
0.00217656476577
0.00217656476577
0.00217656476577
0.00217656476575
0.00217656476574
0.00217656476574
0.00217656476574
0.00217656476575
0.00217656476575
0.00217656476575
0.00217656476575
0.00217656476575
0.00217656476575
0.00217656476575
0.00217656476575
0.00217656476575
0.00217656476575
0.00217656476574
0.00217656476575
0.00217656476577
0.00217656476577
0.00217656476575
0.00217656476574
0.00217656476575
0.00217656476574
0.00217656476574
0.00217656476574
0.0043531295315
0.0043531295315
0.0043531295315
0.00435312953148
0.0043531295315
0.0043531295315
0.0043531295315
0.0043531295315
0.00258431460253
0.00258431460253
0.00258431460253
0.00258431460254
0.00258431460251
0.00258431460251
0.00258431460254
0.00258431460251
0.00258431460251
0.00258431460251
0.00258431460251
0.00258431460254
0.00258431460251
0.00258431460254
0.00258431460254
0.00258431460254
0.00258431460254
0.00258431460254
0.00258431460251
0.00258431460254
0.00258431460251
0.00258431460251
0.00258431460251
0.00258431460254
0.00217656476573
0.00217656476573
0.00217656476575
0.00217656476573
0.00217656476575
0.00217656476573
0.00217656476573
0.00217656476573
0.00217656476577
0.00217656476577
0.00217656476574
0.00217656476575
0.00217656476574
0.00217656476574
0.00217656476574
0.00217656476575
0.00217656476574
0.00217656476575
0.00217656476575
0.00217656476575
0.00217656476574
0.00217656476577
0.00217656476575
0.00217656476577
0.00217656476575
0.00217656476575
0.00217656476575
0.00217656476575
0.00217656476575
0.00217656476575
0.00217656476575
0.00217656476575
0.00217656476575
0.00217656476574
0.00217656476574
0.00217656476574
0.00217656476572
0.00217656476572
0.00217656476572
0.00217656476575
0.00258431460251
0.00258431460254
0.00258431460254
0.00258431460254
0.00258431460254
0.00258431460254
0.00258431460254
0.00258431460254
0.00258431460254
0.00258431460254
0.00258431460254
0.00258431460254
0.0043531295315
0.0043531295315
0.0043531295315
0.0043531295315
0.0043531295315
0.00435312953151
0.00435312953151
0.00435312953151
0.00217656476575
0.00217656476575
0.00217656476575
0.00217656476575
0.00217656476575
0.00217656476575
0.00217656476575
0.00217656476575
0.00217656476575
0.00217656476575
0.00217656476575
0.00217656476575
0.00217656476575
0.00217656476575
0.00217656476575
0.00217656476575
0.00435312953149
0.0043531295315
0.0043531295315
0.0043531295315
0.0043531295315
0.0043531295315
0.0043531295315
0.00435312953148
0.00258431460254
0.00258431460254
0.00258431460254
0.00258431460254
0.00258431460254
0.00258431460254
0.00258431460256
0.00258431460254
0.00258431460254
0.00258431460254
0.00258431460254
0.00258431460254
0.00516862920509
0.00516862920509
0.00516862920509
0.00516862920509
0.00516862920509
0.00516862920509
0.00516862920509
0.00516862920506
0.00435312953151
0.0043531295315
0.0043531295315
0.0043531295315
0.0043531295315
0.0043531295315
0.0043531295315
0.0043531295315
0.0043531295315
0.0043531295315
0.0043531295315
0.0043531295315
0.00217656476572
0.00217656476572
0.00217656476575
0.00217656476572
0.00217656476575
0.00217656476575
0.00217656476575
0.00217656476572
0.00217656476575
0.00217656476575
0.00217656476575
0.00217656476575
0.00217656476572
0.00217656476572
0.00217656476575
0.00217656476572
0.00217656476575
0.00217656476575
0.00217656476575
0.00217656476576
0.00217656476575
0.00217656476575
0.00217656476575
0.00217656476576
0.00217656476576
0.00217656476576
0.00217656476576
0.00217656476575
0.00217656476575
0.00217656476572
0.00217656476572
0.00217656476572
0.00217656476575
0.00217656476575
0.00217656476575
0.00217656476575
0.00217656476575
0.00217656476575
0.00217656476575
0.00217656476575
0.00217656476575
0.00217656476576
0.00217656476576
0.00217656476576
0.00217656476575
0.00217656476575
0.00217656476575
0.00217656476575
0.00217656476572
0.00217656476575
0.00217656476576
0.00217656476575
0.00217656476572
0.00217656476573
0.00217656476576
0.00217656476573
0.00217656476575
0.00217656476575
0.00217656476576
0.00217656476575
0.00217656476573
0.00217656476573
0.00217656476573
0.00217656476575
0.00217656476577
0.00217656476577
0.00217656476575
0.00217656476577
0.00217656476574
0.00217656476574
0.00217656476574
0.00217656476575
0.00217656476575
0.00217656476575
0.00217656476575
0.00217656476575
0.00258431460251
0.00258431460254
0.00258431460254
0.00258431460254
0.00258431460254
0.00258431460254
0.00258431460254
0.00258431460254
0.00258431460254
0.00258431460254
0.00258431460254
0.00258431460254
0.00258431460254
0.00258431460254
0.00258431460254
0.00258431460254
0.00258431460254
0.00258431460254
0.00258431460254
0.00258431460254
0.00258431460254
0.00258431460254
0.00258431460254
0.00258431460254
0.00258431460254
0.00258431460254
0.00258431460256
0.00258431460254
0.00258431460254
0.00258431460254
0.00258431460254
0.00258431460254
0.00258431460254
0.00258431460254
0.00258431460254
0.00258431460254
0.00258431460254
0.00258431460254
0.00258431460254
0.00258431460254
0.00870625906298
0.00870625906298
0.00217656476575
0.00217656476575
0.00217656476575
0.00217656476575
0.00217656476575
0.00217656476575
0.00217656476575
0.00217656476575
0.00217656476575
0.00217656476576
0.00217656476576
0.00217656476576
0.00217656476575
0.00217656476575
0.00217656476575
0.00217656476575
0.00217656476577
0.00217656476575
0.00217656476575
0.00217656476575
0.00516862920501
0.00516862920504
0.00516862920505
0.00516862920507
0.00516862920502
0.00516862920499
0.00516862920501
0.00516862920505
0.00516862920508
0.00516862920508
0.00516862920508
0.00516862920508
0.00516862920508
0.00516862920504
0.00516862920504
0.00516862920504
0.00516862920508
0.00516862920508
0.00516862920508
0.00516862920508
0.00435312953145
0.00435312953149
0.00435312953149
0.0043531295315
0.00435312953153
0.00435312953153
0.00435312953153
0.0043531295315
0.0103372584102
0.0103372584101
0.00516862920511
0.00516862920511
0.0051686292051
0.00516862920509
0.0103372584102
0.0103372584102
0.00516862920509
0.00516862920509
0.00516862920509
0.00516862920511
0.00435312953151
0.00435312953154
0.00435312953151
0.00435312953154
0.00870625906299
0.00870625906298
0.00435312953151
0.00435312953151
0.00435312953151
0.00435312953148
0.00217656476576
0.00217656476576
0.00217656476575
0.00217656476576
0.00217656476575
0.00217656476575
0.00217656476575
0.00217656476575
0.00435312953148
0.0043531295315
0.00217656476575
0.00217656476575
0.00217656476575
0.00217656476575
0.00217656476576
0.00217656476576
0.00217656476575
0.00217656476576
0.00435312953147
0.00435312953147
0.00217656476576
0.00217656476573
0.00217656476572
0.00217656476573
0.00217656476576
0.00217656476575
0.00217656476575
0.00217656476575
0.00217656476575
0.00217656476575
0.00217656476575
0.00217656476575
0.00516862920504
0.00516862920504
0.00516862920504
0.00516862920508
0.0103372584101
0.0103372584099
0.0103372584101
0.01033725841
0.00217656476572
0.00217656476575
0.00217656476575
0.00217656476575
0.00217656476575
0.00217656476572
0.00217656476572
0.00217656476572
0.00217656476575
0.00217656476572
0.00217656476572
0.00217656476572
0.00516862920496
0.00516862920497
0.00516862920499
0.00516862920502
0.00258431460251
0.00258431460251
0.00258431460254
0.00258431460248
0.00258431460249
0.00258431460254
0.00258431460251
0.00258431460254
0.00258431460254
0.00258431460251
0.00435312953153
0.00435312953152
0.00217656476575
0.00217656476575
0.00217656476577
0.00217656476575
0.00217656476575
0.00217656476575
0.00217656476575
0.00217656476575
0.00258431460254
0.00258431460254
0.00258431460254
0.00258431460254
0.00217656476575
0.00217656476575
0.00217656476572
0.00217656476575
0.00217656476575
0.00217656476572
0.00217656476572
0.00217656476572
0.00108828238286
0.00108828238286
0.00108828238286
0.00108828238288
0.00108828238286
0.00108828238288
0.00108828238288
0.00108828238288
0.00217656476575
0.00217656476572
0.00108828238287
0.00108828238287
0.00108828238288
0.00108828238287
0.00108828238287
0.00108828238287
0.00108828238288
0.00108828238287
0.00108828238288
0.00108828238288
0.00108828238286
0.00108828238288
0.00217656476576
0.00217656476576
0.00258431460254
0.00258431460251
0.00258431460248
0.00258431460251
0.00258431460251
0.00258431460249
0.00217656476575
0.00217656476577
0.00217656476575
0.00217656476575
0.00108828238286
0.00108828238286
0.00108828238289
0.00108828238286
0.00435312953151
0.00435312953151
0.00217656476576
0.00217656476576
0.00108828238288
0.00108828238288
0.00108828238288
0.00108828238288
0.00217656476576
0.00217656476576
0.00217656476576
0.00217656476576
0.00108828238288
0.00108828238288
0.00108828238288
0.00108828238288
0.00217656476573
0.00217656476573
0.00217656476577
0.00217656476574
0.00217656476577
0.00217656476573
0.00217656476573
0.00217656476574
0.00108828238288
0.00108828238288
0.00108828238288
0.00108828238288
0.00217656476576
0.00217656476576
0.00129215730125
0.00129215730129
0.00129215730129
0.00129215730129
0.00129215730125
0.00129215730126
0.00129215730128
0.00129215730127
0.00129215730127
0.00129215730128
0.00129215730126
0.00129215730129
0.00129215730127
0.00129215730128
0.00129215730128
0.00129215730128
0.00129215730127
0.00129215730127
0.00129215730127
0.00129215730127
0.00129215730127
0.00129215730127
0.00129215730127
0.00129215730127
0.00129215730127
0.00129215730127
0.00129215730127
0.00129215730127
0.00129215730127
0.00129215730127
0.00129215730127
0.00129215730127
0.000646078650633
0.000646078650641
0.000646078650648
0.000646078650633
0.00064607865064
0.00064607865064
0.00064607865064
0.000646078650633
0.00064607865064
0.00064607865064
0.000646078650633
0.00064607865064
0.000646078650633
0.000646078650633
0.000646078650633
0.00064607865064
0.000646078650633
0.00064607865064
0.00064607865064
0.00064607865064
0.000646078650633
0.000646078650633
0.000646078650633
0.00064607865064
0.00064607865064
0.00064607865064
0.00064607865064
0.000646078650633
0.00064607865064
0.00064607865064
0.000646078650633
0.00064607865064
0.000646078650633
0.000646078650633
0.000646078650633
0.00064607865064
0.00064607865064
0.00064607865064
0.00064607865064
0.00064607865064
0.00064607865064
0.00064607865064
0.000646078650633
0.00064607865064
0.00064607865064
0.00064607865064
0.00064607865064
0.000646078650633
0.00064607865064
0.00064607865064
0.000646078650633
0.00064607865064
0.000646078650633
0.000646078650641
0.000646078650648
0.000646078650633
0.00129215730126
0.00129215730128
0.00129215730127
0.00129215730129
0.00129215730125
0.00129215730126
0.00129215730127
0.00129215730128
0.00129215730129
0.00129215730129
0.00129215730125
0.00129215730129
0.00129215730128
0.00129215730128
0.00129215730127
0.00129215730128
0.00108828238288
0.00108828238288
0.00108828238288
0.00108828238287
0.00108828238285
0.00108828238287
0.00108828238287
0.00108828238287
0.000544141191443
0.000544141191428
0.000544141191432
0.000544141191428
0.00108828238288
0.00108828238288
0.00108828238288
0.0010882823829
0.00108828238288
0.00108828238286
0.00108828238286
0.00108828238286
0.00108828238286
0.00108828238286
0.00108828238288
0.00108828238286
0.00108828238286
0.00108828238287
0.00108828238287
0.00108828238287
0.00217656476576
0.00217656476577
0.00217656476575
0.00217656476575
0.00108828238287
0.00108828238286
0.00108828238286
0.00108828238285
0.00108828238288
0.00108828238285
0.00108828238288
0.00108828238288
0.000544141191439
0.000544141191436
0.000544141191428
0.000544141191444
0.000544141191443
0.000544141191428
0.000544141191432
0.000544141191426
0.000544141191432
0.000544141191432
0.000544141191441
0.000544141191432
0.000544141191427
0.000544141191427
0.000544141191432
0.000544141191441
0.000544141191432
0.000544141191447
0.000544141191443
0.000544141191447
0.000544141191443
0.000544141191447
0.000544141191432
0.000544141191447
0.000544141191432
0.000544141191441
0.000544141191441
0.000544141191443
0.00108828238287
0.00108828238287
0.000544141191443
0.000544141191447
0.000544141191447
0.000544141191432
0.000544141191439
0.000544141191436
0.000544141191436
0.000544141191436
0.000544141191439
0.000544141191439
0.000544141191439
0.000544141191439
0.000544141191439
0.000544141191439
0.000544141191439
0.000544141191439
0.000544141191439
0.000544141191439
0.000544141191439
0.000544141191439
0.00108828238285
0.00108828238285
0.00108828238288
0.00108828238286
0.00108828238288
0.00108828238288
0.00108828238287
0.00108828238286
0.00108828238287
0.00108828238288
0.00108828238288
0.00108828238286
0.000544141191426
0.000544141191426
0.000544141191447
0.000544141191428
0.00108828238286
0.00108828238289
0.00108828238288
0.00108828238288
0.00108828238287
0.00108828238287
0.00108828238288
0.00108828238288
0.00108828238287
0.00108828238287
0.00108828238289
0.00108828238287
0.00108828238288
0.00108828238288
0.000544141191443
0.000544141191443
0.000544141191447
0.000544141191434
0.00108828238287
0.00108828238288
0.00108828238287
0.00108828238285
0.00108828238286
0.00108828238285
0.000544141191426
0.000544141191425
0.000544141191431
0.000544141191443
0.000544141191432
0.000544141191432
0.000544141191428
0.000544141191447
0.000544141191439
0.000544141191436
0.000544141191444
0.000544141191428
0.000544141191447
0.000544141191447
0.000544141191426
0.000544141191447
0.000544141191447
0.000544141191447
0.000544141191443
0.000544141191432
0.000544141191441
0.000544141191432
0.000544141191432
0.000544141191432
0.00108828238286
0.00108828238288
0.000544141191426
0.000544141191428
0.000544141191432
0.000544141191443
0.000544141191439
0.000544141191436
0.000544141191436
0.000544141191436
0.00108828238288
0.00108828238288
0.00108828238288
0.00108828238288
0.000544141191443
0.000544141191447
0.000544141191447
0.000544141191432
0.00108828238286
0.00108828238289
0.00108828238287
0.00108828238287
0.000544141191432
0.000544141191441
0.000544141191443
0.000544141191441
0.000544141191432
0.000544141191447
0.000544141191443
0.000544141191447
0.000544141191447
0.000544141191447
0.000544141191443
0.000544141191432
0.000544141191443
0.000544141191428
0.000544141191426
0.000544141191432
0.00108828238287
0.00108828238287
0.00108828238286
0.00108828238287
0.00108828238285
0.00108828238288
0.00108828238288
0.00108828238287
0.00108828238288
0.00108828238288
0.00108828238288
0.00108828238287
0.00108828238288
0.00108828238288
0.00129215730127
0.00129215730128
0.00129215730127
0.00129215730126
0.00129215730127
0.00129215730128
0.00129215730127
0.00129215730127
0.00129215730127
0.00129215730127
0.000646078650633
0.000646078650633
0.00064607865064
0.000646078650633
0.00064607865064
0.00064607865064
0.00064607865064
0.000646078650633
0.000646078650633
0.000646078650633
0.00064607865064
0.000646078650633
0.000646078650633
0.000646078650633
0.00064607865064
0.000646078650633
0.00129215730128
0.00129215730127
0.000646078650633
0.00064607865064
0.00064607865064
0.00064607865064
0.000646078650633
0.00064607865064
0.00064607865064
0.00064607865064
0.000646078650633
0.000646078650633
0.00064607865064
0.000646078650633
0.000646078650633
0.00064607865064
0.00064607865064
0.00064607865064
0.000646078650641
0.000646078650648
0.00064607865064
0.00064607865064
0.00129215730127
0.00129215730127
0.00129215730128
0.00129215730127
0.000646078650633
0.000646078650641
0.000646078650633
0.000646078650648
0.000646078650633
0.00064607865064
0.00064607865064
0.00064607865064
0.000646078650633
0.000646078650633
0.000646078650633
0.00064607865064
0.00064607865064
0.00064607865064
0.00064607865064
0.000646078650633
0.000646078650633
0.00064607865064
0.00064607865064
0.00064607865064
0.00064607865064
0.00064607865064
0.000646078650633
0.00064607865064
0.00064607865064
0.000646078650633
0.000646078650633
0.000646078650633
0.00064607865064
0.000646078650633
0.000646078650633
0.000646078650633
0.000646078650633
0.000646078650633
0.000646078650633
0.00064607865064
0.000646078650633
0.00064607865064
0.00064607865064
0.00064607865064
0.000646078650633
0.000646078650641
0.000646078650633
0.000646078650648
0.00064607865064
0.00064607865064
0.00064607865064
0.000646078650633
0.00064607865064
0.00064607865064
0.00064607865064
0.000646078650633
0.00064607865064
0.000646078650633
0.000646078650633
0.000646078650633
0.00064607865064
0.00064607865064
0.00064607865064
0.000646078650633
0.00129215730128
0.00129215730128
0.00217656476576
0.00217656476576
0.00217656476576
0.00217656476576
0.00217656476576
0.00217656476576
0.00217656476576
0.00217656476576
0.00217656476576
0.00217656476576
0.00217656476576
0.00217656476576
0.00217656476576
0.00217656476576
0.00217656476576
0.00217656476576
0.00108828238288
0.00108828238288
0.00108828238288
0.00108828238288
0.00108828238288
0.00108828238288
0.00108828238288
0.00108828238288
0.00108828238288
0.00108828238288
0.00108828238288
0.00108828238288
0.00108828238288
0.00108828238288
0.00108828238288
0.00108828238288
0.00108828238288
0.00108828238288
0.00108828238288
0.00108828238288
0.00108828238288
0.00108828238288
0.00108828238288
0.00108828238288
0.00108828238288
0.00108828238288
0.00108828238288
0.00108828238288
0.00108828238288
0.00108828238288
0.000544141191436
0.000544141191436
0.000544141191439
0.000544141191436
0.000544141191447
0.000544141191447
0.000544141191432
0.000544141191443
0.000544141191432
0.000544141191432
0.000544141191432
0.000544141191441
0.000544141191426
0.000544141191428
0.000544141191443
0.000544141191432
0.00108828238288
0.00108828238286
0.000544141191444
0.000544141191436
0.000544141191439
0.000544141191428
0.00108828238288
0.00108828238288
0.00108828238289
0.00108828238286
0.000544141191447
0.000544141191447
0.000544141191443
0.000544141191432
0.00217656476575
0.00217656476575
0.00217656476575
0.00217656476577
0.00217656476575
0.00217656476575
0.00217656476575
0.00217656476575
0.00217656476575
0.00217656476575
0.00217656476575
0.00217656476575
0.00435312953147
0.0043531295315
0.00217656476573
0.00217656476576
0.00217656476576
0.00217656476576
0.00217656476576
0.00217656476576
0.00217656476576
0.00217656476576
0.00217656476576
0.00217656476576
0.00217656476576
0.00217656476576
0.00217656476576
0.00217656476576
0.00217656476576
0.00217656476576
0.00217656476575
0.00217656476575
0.00217656476575
0.00217656476575
0.00217656476575
0.00217656476576
0.00217656476576
0.00217656476575
0.00217656476576
0.00217656476576
0.00217656476576
0.00217656476576
0.00217656476572
0.00217656476572
0.00217656476575
0.00217656476575
0.00217656476568
0.00217656476573
0.00217656476575
0.00217656476575
0.00108828238287
0.00108828238287
0.00108828238288
0.00108828238287
0.00108828238288
0.00108828238288
0.00108828238288
0.00108828238287
0.00108828238287
0.00108828238287
0.00108828238284
0.00108828238288
0.00108828238287
0.00108828238287
0.00108828238288
0.00108828238287
0.00217656476574
0.00217656476576
0.00217656476576
0.00217656476576
0.00217656476573
0.00217656476575
0.00217656476575
0.00217656476576
0.00217656476574
0.00217656476573
0.00217656476573
0.00217656476574
0.00217656476575
0.00217656476576
0.00217656476576
0.00217656476576
0.00217656476575
0.00217656476576
0.00217656476576
0.00217656476576
0.00217656476576
0.00217656476576
0.00217656476576
0.00217656476576
0.00217656476576
0.00217656476576
0.00217656476576
0.00217656476576
0.00217656476576
0.00217656476576
0.00217656476576
0.00217656476576
0.00217656476576
0.00217656476576
0.00217656476576
0.00217656476573
0.00258431460251
0.00258431460254
0.00258431460254
0.00258431460254
0.00258431460254
0.00258431460254
0.00258431460254
0.00258431460254
0.00258431460254
0.00258431460254
0.00258431460254
0.00258431460254
0.00258431460254
0.00258431460254
0.00258431460254
0.00258431460254
0.00258431460254
0.00258431460254
0.00258431460254
0.00258431460254
0.00258431460254
0.00258431460254
0.00258431460254
0.00258431460254
0.00258431460254
0.00258431460254
0.00258431460254
0.00258431460254
0.00258431460254
0.00258431460254
0.00258431460254
0.00258431460254
0.00258431460254
0.00258431460254
0.00258431460254
0.00258431460254
0.00258431460254
0.00258431460254
0.00258431460254
0.00258431460254
0.00258431460254
0.00258431460254
0.00258431460256
0.00258431460254
0.00258431460254
0.00258431460254
0.00258431460254
0.00258431460254
0.00258431460254
0.00258431460254
0.00258431460254
0.00258431460254
0.00258431460254
0.00258431460254
0.00258431460254
0.00258431460254
0.00258431460254
0.00258431460254
0.00258431460254
0.00258431460254
0.00258431460254
0.00258431460254
0.00258431460254
0.00258431460251
0.00217656476572
0.00217656476572
0.00217656476572
0.00217656476575
0.00217656476572
0.00217656476575
0.00217656476575
0.00217656476575
0.00217656476572
0.00217656476572
0.00217656476572
0.00217656476575
0.00217656476575
0.00217656476575
0.00217656476575
0.00217656476575
0.00435312953151
0.00435312953152
0.0043531295315
0.00435312953152
0.00435312953151
0.0043531295315
0.0043531295315
0.00435312953144
0.00217656476572
0.00217656476572
0.00217656476575
0.00217656476572
0.00217656476575
0.00217656476575
0.00217656476575
0.00217656476572
0.00217656476575
0.00217656476575
0.00217656476575
0.00217656476575
0.00217656476572
0.00217656476572
0.00217656476575
0.00217656476572
0.00217656476575
0.00217656476575
0.00217656476575
0.00217656476575
0.00217656476575
0.00217656476575
0.00217656476575
0.00217656476575
0.00217656476575
0.00217656476576
0.00217656476576
0.00217656476576
0.00217656476575
0.00217656476575
0.00217656476575
0.00217656476575
0.00217656476572
0.00217656476572
0.00217656476575
0.00217656476572
0.00217656476575
0.00217656476575
0.00217656476575
0.00217656476572
0.00217656476575
0.00217656476575
0.00217656476575
0.00217656476575
0.00217656476572
0.00217656476572
0.00217656476575
0.00217656476572
0.00217656476575
0.00217656476575
0.00217656476575
0.00217656476575
0.00217656476573
0.00217656476573
0.00217656476573
0.00217656476575
0.00217656476574
0.00217656476577
0.00217656476575
0.00217656476577
0.00217656476575
0.00217656476573
0.00217656476573
0.00217656476573
0.00217656476575
0.00217656476575
0.00217656476575
0.00217656476575
0.00217656476575
0.00217656476575
0.00217656476575
0.00217656476575
0.00217656476575
0.00217656476575
0.00217656476575
0.00217656476575
0.00217656476575
0.00217656476575
0.00217656476575
0.00217656476575
0.00435312953151
0.00435312953151
0.00435312953151
0.0043531295315
0.00435312953149
0.00435312953149
0.00435312953149
0.0043531295315
0.0043531295315
0.0043531295315
0.0043531295315
0.0043531295315
0.0043531295315
0.0043531295315
0.00435312953149
0.0043531295315
0.00516862920502
0.00516862920509
0.00516862920509
0.00516862920509
0.00516862920509
0.00516862920509
0.00516862920509
0.00516862920509
0.00516862920509
0.00516862920509
0.00516862920509
0.00516862920509
0.00516862920509
0.00516862920509
0.00516862920509
0.0051686292051
0.00516862920509
0.00516862920509
0.00516862920509
0.00516862920509
0.00516862920509
0.00516862920509
0.00516862920509
0.00516862920509
0.00516862920509
0.00516862920509
0.00516862920502
0.00516862920509
0.00516862920509
0.00516862920509
0.00516862920509
0.0051686292051
0.00217656476573
0.00217656476576
0.00217656476576
0.00217656476576
0.00217656476576
0.00217656476576
0.00217656476576
0.00217656476576
0.00435312953151
0.00435312953151
0.00217656476576
0.00217656476576
0.00217656476576
0.00217656476576
0.00435312953151
0.00435312953151
0.00435312953151
0.00435312953151
0.00435312953145
0.00435312953151
0.00217656476576
0.00217656476576
0.00217656476576
0.00217656476576
0.00217656476576
0.00217656476576
0.00217656476576
0.00217656476576
0.00435312953148
0.00435312953148
0.00217656476576
0.00217656476576
0.00217656476576
0.00217656476576
0.0043531295315
0.00435312953151
0.0043531295315
0.0043531295315
0.00435312953151
0.00435312953151
0.00435312953151
0.00435312953151
0.00435312953152
0.00435312953147
0.00435312953153
0.00435312953149
0.00435312953149
0.00435312953145
0.00435312953147
0.0043531295315
0.0043531295315
0.00435312953152
0.00217656476574
0.00217656476575
0.00217656476575
0.00217656476575
0.00258431460253
0.00258431460254
0.00258431460251
0.00258431460254
0.00258431460254
0.00258431460251
0.00258431460251
0.00258431460251
0.00258431460254
0.00258431460253
0.00108828238286
0.00108828238286
0.00108828238286
0.00108828238288
0.00108828238288
0.00108828238286
0.00108828238286
0.00108828238286
0.00108828238287
0.00108828238287
0.00108828238286
0.00108828238286
0.00108828238288
0.00108828238288
0.00108828238287
0.00108828238287
0.00217656476574
0.00217656476576
0.00108828238287
0.00108828238287
0.00108828238287
0.00108828238287
0.00108828238287
0.00108828238287
0.00108828238287
0.00108828238287
0.00108828238287
0.00108828238287
0.00108828238288
0.00108828238287
0.00217656476574
0.00217656476574
0.00217656476575
0.00217656476575
0.00217656476571
0.00217656476575
0.00108828238288
0.00108828238287
0.00108828238287
0.00108828238287
0.00217656476573
0.00217656476573
0.00217656476573
0.00217656476573
0.00217656476573
0.00217656476573
0.00217656476577
0.00217656476577
0.00217656476577
0.00217656476575
0.00217656476575
0.00217656476577
0.00217656476577
0.00217656476576
0.00217656476574
0.00217656476574
0.00217656476575
0.00217656476574
0.00217656476575
0.00217656476577
0.00217656476577
0.00217656476577
0.00217656476575
0.00217656476575
0.00217656476575
0.00217656476577
0.00217656476575
0.00217656476575
0.00217656476575
0.00217656476575
0.00258431460254
0.00258431460254
0.00258431460254
0.00258431460249
0.00258431460251
0.00258431460251
0.00258431460254
0.00258431460251
0.00516862920497
0.00516862920497
0.00516862920508
0.00516862920497
0.00516862920508
0.00516862920508
0.00217656476575
0.00217656476575
0.00217656476575
0.00217656476575
0.00217656476575
0.00217656476575
0.00217656476575
0.00217656476575
0.00217656476572
0.00217656476574
0.00217656476573
0.00217656476575
0.00217656476575
0.00217656476575
0.00217656476574
0.00217656476574
0.00108828238288
0.00108828238288
0.00108828238287
0.00108828238288
0.00217656476574
0.00217656476574
0.00108828238287
0.00108828238287
0.00108828238287
0.00108828238287
0.00435312953148
0.00435312953148
0.00108828238287
0.00108828238288
0.00108828238288
0.00108828238288
0.00217656476577
0.00217656476577
0.0043531295315
0.00435312953151
0.0043531295315
0.0043531295315
0.0043531295315
0.0043531295315
0.0043531295315
0.0043531295315
0.00435312953151
0.00435312953151
0.00435312953151
0.00435312953144
0.008706259063
0.008706259063
0.00870625906299
0.008706259063
0.0043531295315
0.0043531295315
0.0043531295315
0.0043531295315
0.0043531295315
0.0043531295315
0.00435312953149
0.00435312953145
0.0043531295315
0.00435312953145
0.00435312953149
0.0043531295315
0.0043531295315
0.0043531295315
0.0043531295315
0.0043531295315
0.0043531295315
0.00435312953148
0.00870625906297
0.00870625906301
0.00870625906307
0.00870625906303
0.0043531295315
0.0043531295315
0.0043531295315
0.00435312953144
0.00435312953147
0.00435312953147
0.0043531295315
0.00435312953147
0.00129215730124
0.00129215730125
0.00129215730128
0.00129215730125
0.00129215730126
0.00129215730126
0.00129215730125
0.00129215730127
0.00108828238288
0.00108828238287
0.00108828238288
0.00108828238286
0.00108828238289
0.00108828238288
0.00108828238287
0.00108828238287
0.00108828238288
0.00108828238287
0.00108828238288
0.00108828238286
0.00108828238288
0.00108828238288
0.00108828238287
0.00108828238288
0.00217656476572
0.00217656476571
0.00217656476577
0.00217656476573
0.00217656476578
0.00217656476578
0.00217656476572
0.00217656476578
0.00217656476576
0.00217656476576
0.00108828238288
0.00108828238288
0.00108828238288
0.00108828238288
0.00108828238288
0.00108828238288
0.00108828238288
0.00108828238288
0.00217656476576
0.00217656476576
0.00217656476576
0.00217656476576
0.00217656476576
0.00217656476576
0.00217656476576
0.00217656476576
0.00217656476573
0.00217656476576
0.00217656476576
0.00217656476576
0.00217656476576
0.00217656476576
0.00217656476576
0.00217656476576
0.00217656476576
0.00217656476576
0.00217656476575
0.00217656476576
0.00217656476575
0.00217656476575
0.00217656476575
0.00217656476575
0.00217656476576
0.00217656476576
0.00217656476575
0.00217656476576
0.00217656476575
0.00217656476575
0.00217656476572
0.00217656476575
0.00217656476575
0.00217656476575
0.00217656476572
0.00217656476575
0.00217656476573
0.00217656476572
0.00217656476575
0.00217656476575
0.00217656476575
0.00217656476572
0.00217656476575
0.00217656476575
0.00217656476575
0.00217656476574
0.00217656476576
0.00217656476574
0.00217656476575
0.00217656476576
0.00217656476576
0.00217656476576
0.0043531295315
0.0043531295315
0.0043531295315
0.0043531295315
0.00217656476575
0.00217656476575
0.00217656476575
0.00217656476574
0.00217656476575
0.00217656476575
0.00217656476575
0.00217656476575
0.00217656476576
0.00217656476573
0.00217656476575
0.00217656476575
0.00217656476575
0.00217656476575
0.00217656476575
0.00217656476575
0.00217656476575
0.00217656476573
0.00217656476574
0.00217656476574
0.00217656476575
0.00217656476572
0.00217656476575
0.00217656476572
0.00217656476575
0.00217656476575
0.00217656476575
0.00217656476575
0.00108828238288
0.00108828238288
0.00108828238288
0.00108828238288
0.00108828238288
0.00108828238288
0.00108828238288
0.00108828238288
0.00217656476575
0.00217656476575
0.00108828238288
0.00108828238288
0.00108828238288
0.00108828238288
0.0021765647657
0.00217656476575
0.00217656476575
0.00217656476575
0.00217656476575
0.00217656476575
0.00217656476575
0.00217656476575
0.00108828238284
0.00108828238284
0.00108828238284
0.00108828238287
0.00108828238284
0.00108828238287
0.00108828238287
0.00108828238287
0.00108828238284
0.00108828238284
0.00108828238285
0.00108828238287
0.00108828238288
0.00108828238288
0.00108828238288
0.00108828238287
0.00108828238288
0.00108828238288
0.00108828238288
0.00108828238288
0.00108828238288
0.00108828238288
0.00108828238288
0.00108828238288
0.00217656476575
0.00217656476575
0.00108828238288
0.00108828238288
0.00108828238288
0.00108828238288
0.00108828238287
0.00108828238287
0.00108828238288
0.00108828238287
0.00108828238288
0.00108828238288
0.00108828238286
0.00108828238288
0.00108828238287
0.00108828238286
0.00108828238286
0.00108828238286
0.00217656476577
0.00217656476571
0.00217656476575
0.00217656476575
0.00108828238288
0.00108828238288
0.00108828238287
0.00108828238288
0.00217656476575
0.00217656476575
0.00108828238288
0.00108828238287
0.00108828238287
0.00108828238287
0.00217656476575
0.00217656476575
0.00108828238288
0.00108828238288
0.00108828238287
0.00108828238288
0.00435312953149
0.00435312953149
0.00217656476576
0.00217656476576
0.00217656476574
0.00217656476576
0.0043531295315
0.00435312953151
0.00435312953147
0.00435312953147
0.00435312953146
0.00435312953148
0.00217656476577
0.00217656476577
0.00217656476575
0.00217656476577
0.00217656476575
0.00217656476575
0.00217656476574
0.00217656476575
0.00435312953144
0.00435312953144
0.00217656476575
0.00217656476572
0.00217656476573
0.00217656476572
0.00258431460251
0.00258431460254
0.00258431460248
0.00258431460251
0.00258431460248
0.00258431460251
0.00258431460253
0.00258431460249
0.00129215730128
0.00129215730128
0.00129215730125
0.00129215730128
0.00129215730124
0.00129215730125
0.00129215730128
0.00129215730125
0.00258431460256
0.00258431460253
0.00217656476575
0.00217656476575
0.00217656476575
0.00217656476575
0.00217656476577
0.00217656476575
0.00217656476575
0.00217656476575
0.00217656476575
0.00217656476575
0.00108828238287
0.00108828238288
0.00108828238287
0.00108828238289
0.00108828238285
0.00108828238288
0.00108828238289
0.00108828238288
0.00108828238288
0.00108828238286
0.00108828238288
0.00108828238286
0.00217656476576
0.00217656476573
0.00217656476577
0.00217656476572
0.00217656476574
0.00217656476574
0.00217656476574
0.00217656476574
0.00108828238288
0.00108828238288
0.00108828238287
0.00108828238288
0.00108828238288
0.00108828238288
0.00108828238287
0.00108828238288
0.00108828238287
0.00108828238288
0.00108828238289
0.00108828238288
0.00108828238286
0.00108828238286
0.00108828238288
0.00108828238287
0.00108828238289
0.00108828238288
0.00108828238288
0.00108828238288
0.000544141191441
0.000544141191438
0.000544141191434
0.000544141191438
0.00217656476573
0.00217656476575
0.00108828238287
0.00108828238288
0.00108828238287
0.00108828238289
0.00217656476575
0.00217656476577
0.00108828238287
0.00108828238286
0.00108828238287
0.00108828238287
0.00217656476575
0.00217656476575
0.00108828238285
0.00108828238286
0.00108828238286
0.00108828238287
0.00217656476576
0.00217656476573
0.00108828238287
0.00108828238287
0.00108828238287
0.00108828238286
0.00108828238285
0.00108828238287
0.000544141191433
0.000544141191434
0.000544141191428
0.000544141191432
0.000544141191447
0.000544141191426
0.000544141191428
0.000544141191426
0.000544141191428
0.000544141191428
0.000544141191428
0.000544141191432
0.000544141191434
0.000544141191437
0.000544141191447
0.000544141191437
0.000544141191443
0.000544141191427
0.000544141191428
0.000544141191433
0.000544141191428
0.000544141191432
0.000544141191447
0.000544141191434
0.000544141191449
0.000544141191449
0.000544141191428
0.000544141191447
0.000544141191432
0.000544141191447
0.000544141191447
0.000544141191447
0.000544141191447
0.000544141191447
0.000544141191442
0.000544141191432
0.000544141191447
0.000544141191432
0.000544141191432
0.000544141191428
0.000544141191428
0.000544141191443
0.000544141191441
0.000544141191447
0.000544141191443
0.000544141191428
0.000544141191428
0.000544141191432
0.000544141191434
0.000544141191434
0.000544141191449
0.000544141191432
0.000544141191434
0.000544141191443
0.000544141191443
0.000544141191447
0.00108828238286
0.0010882823829
0.00108828238287
0.00108828238286
0.000544141191432
0.000544141191426
0.000544141191428
0.000544141191426
0.000544141191432
0.000544141191432
0.000544141191428
0.000544141191432
0.000544141191447
0.000544141191447
0.000544141191443
0.000544141191432
0.00108828238287
0.00108828238287
0.00108828238287
0.00108828238288
0.00108828238288
0.00108828238287
0.00108828238287
0.00108828238286
0.00108828238286
0.00108828238289
0.00108828238289
0.00108828238289
0.00108828238286
0.00108828238286
0.00108828238289
0.00108828238286
0.00108828238286
0.00108828238289
0.000544141191432
0.000544141191447
0.000544141191443
0.000544141191447
0.000544141191443
0.000544141191428
0.000544141191426
0.000544141191432
0.00108828238287
0.00108828238287
0.000544141191447
0.000544141191447
0.000544141191447
0.000544141191426
0.00108828238285
0.00108828238288
0.00108828238287
0.00108828238287
0.00129215730125
0.00129215730125
0.00129215730129
0.00129215730125
0.00129215730127
0.00129215730129
0.00129215730128
0.00129215730128
0.000646078650633
0.000646078650641
0.000646078650633
0.000646078650648
0.000646078650633
0.00064607865064
0.00064607865064
0.00064607865064
0.00129215730128
0.00129215730127
0.000646078650633
0.000646078650633
0.000646078650633
0.00064607865064
0.00129215730127
0.00129215730127
0.00129215730129
0.00129215730127
0.00129215730126
0.00129215730126
0.00129215730129
0.00129215730126
0.00129215730127
0.00129215730127
0.000646078650633
0.000646078650633
0.00064607865064
0.000646078650633
0.000646078650633
0.00064607865064
0.00064607865064
0.00064607865064
0.000646078650633
0.00064607865064
0.00064607865064
0.00064607865064
0.000646078650633
0.000646078650633
0.00064607865064
0.000646078650633
0.00064607865064
0.00064607865064
0.00064607865064
0.000646078650633
0.000646078650633
0.000646078650633
0.00064607865064
0.000646078650633
0.000646078650633
0.000646078650633
0.00064607865064
0.000646078650633
0.000646078650633
0.00064607865064
0.00064607865064
0.00064607865064
0.000646078650633
0.000646078650633
0.00064607865064
0.000646078650633
0.00129215730128
0.00129215730127
0.000646078650633
0.00064607865064
0.00064607865064
0.00064607865064
0.000646078650633
0.00064607865064
0.00064607865064
0.00064607865064
0.000646078650633
0.000646078650633
0.00064607865064
0.000646078650633
0.000646078650633
0.00064607865064
0.00064607865064
0.00064607865064
0.000646078650641
0.000646078650648
0.00064607865064
0.00064607865064
0.00129215730127
0.00129215730128
0.000646078650633
0.00064607865064
0.00064607865064
0.00064607865064
0.000646078650633
0.000646078650641
0.000646078650633
0.000646078650648
0.000646078650633
0.000646078650633
0.000646078650633
0.00064607865064
0.000646078650616
0.000646078650623
0.00064607865064
0.00064607865064
0.000646078650633
0.000646078650616
0.000646078650623
0.000646078650633
0.000646078650649
0.000646078650656
0.00064607865064
0.00064607865064
0.000646078650641
0.000646078650648
0.00064607865064
0.00064607865064
0.000646078650633
0.000646078650649
0.000646078650633
0.000646078650656
0.000646078650633
0.00064607865064
0.00064607865064
0.00064607865064
0.00129215730124
0.00129215730125
0.000646078650633
0.000646078650633
0.000646078650633
0.00064607865064
0.000646078650633
0.000646078650641
0.000646078650633
0.000646078650648
0.000646078650616
0.000646078650623
0.00064607865064
0.00064607865064
0.000646078650633
0.000646078650649
0.000646078650633
0.000646078650656
0.00129215730127
0.00129215730127
0.00129215730127
0.00129215730127
0.00129215730127
0.00129215730128
0.000646078650633
0.000646078650633
0.000646078650633
0.00064607865064
0.000646078650633
0.00064607865064
0.00064607865064
0.00064607865064
0.00064607865064
0.00064607865064
0.000646078650633
0.00064607865064
0.00064607865064
0.000646078650633
0.000646078650633
0.000646078650633
0.00129215730128
0.00129215730127
0.000646078650633
0.000646078650633
0.000646078650633
0.00064607865064
0.000646078650633
0.00064607865064
0.00064607865064
0.00064607865064
0.00129215730128
0.00129215730127
0.00064607865064
0.00064607865064
0.00064607865064
0.000646078650633
0.00129215730128
0.00129215730127
0.00064607865064
0.00064607865064
0.00064607865064
0.000646078650633
0.00217656476576
0.00217656476576
0.00108828238288
0.00108828238288
0.00108828238288
0.00108828238288
0.00108828238288
0.00108828238288
0.00108828238288
0.00108828238288
0.00108828238288
0.00108828238288
0.00108828238288
0.00108828238288
0.00108828238288
0.00108828238288
0.00108828238288
0.00108828238288
0.00217656476576
0.00217656476576
0.00108828238288
0.00108828238288
0.00108828238288
0.00108828238288
0.00108828238288
0.00108828238288
0.00108828238288
0.00108828238288
0.00217656476576
0.00217656476576
0.00108828238288
0.00108828238288
0.00108828238288
0.00108828238288
0.00217656476576
0.00217656476576
0.00108828238288
0.00108828238288
0.00108828238288
0.00108828238288
0.00217656476576
0.00217656476576
0.00108828238288
0.00108828238288
0.00108828238288
0.00108828238288
0.00108828238288
0.00108828238288
0.00108828238288
0.00108828238288
0.00108828238288
0.00108828238288
0.00108828238288
0.00108828238288
0.00108828238288
0.00108828238288
0.00108828238288
0.00108828238288
0.00217656476576
0.00217656476576
0.00108828238288
0.00108828238288
0.00108828238288
0.00108828238288
0.00108828238288
0.00108828238288
0.00108828238288
0.00108828238288
0.00217656476576
0.00217656476576
0.00108828238288
0.00108828238288
0.00108828238288
0.00108828238288
0.00435312953151
0.00435312953143
0.00217656476576
0.00217656476576
0.00217656476576
0.00217656476573
0.00108828238287
0.00108828238288
0.00108828238288
0.00108828238288
0.00108828238287
0.00108828238288
0.00108828238287
0.00108828238287
0.00108828238289
0.00108828238286
0.00108828238286
0.00108828238289
0.000544141191441
0.000544141191443
0.000544141191428
0.000544141191447
0.00108828238288
0.00108828238286
0.00108828238289
0.00108828238286
0.000544141191447
0.000544141191426
0.000544141191426
0.000544141191428
0.00108828238287
0.00108828238287
0.000544141191447
0.000544141191447
0.000544141191432
0.000544141191443
0.000544141191432
0.000544141191428
0.000544141191428
0.000544141191443
0.00108828238286
0.00108828238286
0.000544141191447
0.000544141191433
0.000544141191427
0.000544141191434
0.000544141191447
0.000544141191432
0.000544141191428
0.000544141191432
0.00108828238286
0.00108828238286
0.00108828238288
0.00108828238288
0.00108828238286
0.00108828238286
0.000544141191432
0.000544141191432
0.000544141191432
0.000544141191432
0.00108828238286
0.00108828238287
0.000544141191432
0.000544141191428
0.000544141191428
0.000544141191443
0.000544141191432
0.000544141191432
0.000544141191447
0.000544141191428
0.000544141191447
0.000544141191431
0.000544141191431
0.000544141191432
0.00108828238288
0.00108828238285
0.000544141191428
0.000544141191443
0.000544141191447
0.000544141191443
0.000544141191432
0.000544141191447
0.000544141191447
0.000544141191447
0.000544141191426
0.000544141191428
0.000544141191443
0.000544141191432
0.000544141191426
0.000544141191447
0.000544141191447
0.000544141191447
0.000544141191432
0.000544141191447
0.000544141191443
0.000544141191447
0.00217656476576
0.00217656476576
0.00217656476576
0.00217656476575
0.00108828238287
0.00108828238288
0.00108828238289
0.00108828238287
0.00217656476575
0.00217656476575
0.00217656476575
0.00217656476574
0.00108828238286
0.00108828238287
0.00108828238288
0.00108828238288
0.00217656476576
0.00217656476576
0.00217656476575
0.00217656476573
0.00217656476577
0.00217656476571
0.00217656476573
0.00217656476571
0.00129215730128
0.00129215730127
0.00129215730127
0.00129215730128
0.000646078650633
0.00064607865064
0.00064607865064
0.00064607865064
0.00129215730128
0.00129215730127
0.000646078650633
0.000646078650633
0.00064607865064
0.000646078650633
0.00129215730127
0.00129215730128
0.000646078650633
0.00064607865064
0.00064607865064
0.00064607865064
0.00129215730127
0.00129215730127
0.00129215730127
0.00129215730127
0.00129215730127
0.00129215730127
0.00129215730127
0.00129215730127
0.00064607865064
0.00064607865064
0.000646078650633
0.00064607865064
0.00129215730127
0.00129215730128
0.00129215730128
0.00129215730128
0.00129215730127
0.00129215730128
0.00129215730127
0.00129215730127
0.00129215730128
0.00129215730127
0.00129215730128
0.00129215730128
0.00129215730127
0.00129215730128
0.00129215730128
0.00129215730127
0.00129215730127
0.00129215730127
0.00129215730127
0.00129215730127
0.00129215730127
0.00129215730127
0.00129215730127
0.00129215730127
0.00129215730127
0.00129215730127
0.00129215730127
0.00129215730127
0.00129215730128
0.00129215730127
0.00129215730128
0.00129215730127
0.00129215730128
0.00129215730126
0.00129215730127
0.00129215730127
0.00129215730129
0.00129215730127
0.00258431460251
0.00258431460255
0.00258431460254
0.00258431460254
0.00129215730126
0.00129215730127
0.00129215730128
0.00129215730128
0.00129215730127
0.00129215730127
0.00129215730128
0.00129215730127
0.00129215730129
0.00129215730128
0.00129215730127
0.00129215730126
0.00129215730125
0.00129215730125
0.00129215730126
0.00129215730127
0.00129215730129
0.00129215730129
0.00129215730125
0.00129215730129
0.00435312953149
0.00435312953146
0.00217656476575
0.00217656476575
0.00217656476572
0.00217656476575
0.0043531295315
0.00435312953147
0.00217656476575
0.00217656476572
0.00217656476572
0.00217656476572
0.00435312953151
0.0043531295315
0.00217656476576
0.00217656476575
0.00217656476573
0.00217656476576
0.0043531295315
0.00435312953148
0.00217656476576
0.00217656476575
0.00217656476575
0.00217656476574
0.00217656476576
0.00217656476576
0.00217656476576
0.00217656476576
0.00217656476576
0.00217656476576
0.00217656476576
0.00217656476573
0.00217656476576
0.00217656476576
0.00217656476576
0.00217656476576
0.00217656476576
0.00217656476576
0.00217656476576
0.00217656476576
0.00217656476576
0.00217656476576
0.00217656476576
0.00217656476576
0.00217656476576
0.00217656476576
0.00217656476576
0.00217656476576
0.00108828238288
0.00108828238288
0.00108828238288
0.00108828238288
0.00108828238288
0.00108828238288
0.00108828238288
0.00108828238288
0.00108828238288
0.00108828238288
0.00108828238288
0.00108828238288
0.00108828238288
0.00108828238288
0.00108828238288
0.00108828238288
0.00108828238288
0.00108828238288
0.00108828238288
0.00108828238288
0.00108828238288
0.00108828238288
0.00108828238288
0.00108828238288
0.00108828238288
0.00108828238288
0.00108828238288
0.00108828238288
0.00108828238288
0.00108828238288
0.00108828238288
0.00108828238288
0.00108828238288
0.00108828238288
0.00108828238288
0.00108828238288
0.00108828238288
0.00108828238288
0.00108828238288
0.00108828238288
0.00108828238288
0.00108828238288
0.00108828238288
0.00108828238288
0.00108828238288
0.00108828238288
0.00108828238288
0.00108828238288
0.00108828238288
0.00108828238288
0.00108828238288
0.00108828238288
0.00108828238288
0.00108828238288
0.00108828238288
0.00108828238288
0.00108828238288
0.00108828238288
0.00108828238288
0.00108828238288
0.00108828238288
0.00108828238288
0.00108828238288
0.00108828238288
0.000544141191425
0.000544141191425
0.000544141191439
0.000544141191439
0.000544141191439
0.000544141191425
0.000544141191425
0.000544141191439
0.000544141191453
0.000544141191453
0.000544141191439
0.000544141191439
0.000544141191446
0.000544141191446
0.000544141191439
0.000544141191439
0.000544141191439
0.000544141191453
0.000544141191453
0.000544141191439
0.000544141191439
0.000544141191425
0.000544141191439
0.000544141191425
0.000544141191439
0.000544141191425
0.000544141191425
0.000544141191439
0.000544141191439
0.000544141191446
0.000544141191446
0.000544141191439
0.000544141191439
0.000544141191439
0.000544141191439
0.000544141191439
0.000544141191439
0.000544141191439
0.000544141191439
0.000544141191439
0.000544141191425
0.000544141191425
0.000544141191425
0.000544141191439
0.000544141191453
0.000544141191453
0.000544141191439
0.000544141191439
0.000544141191439
0.000544141191439
0.000544141191439
0.000544141191439
0.000544141191439
0.000544141191439
0.000544141191439
0.000544141191439
0.000544141191446
0.000544141191446
0.000544141191439
0.000544141191439
0.000544141191439
0.000544141191439
0.000544141191439
0.000544141191439
0.00108828238288
0.00108828238288
0.00108828238288
0.00108828238288
0.00108828238288
0.00108828238288
0.00108828238288
0.00108828238288
0.00108828238288
0.00108828238288
0.00108828238288
0.00108828238288
0.00108828238288
0.00108828238288
0.00108828238288
0.00108828238288
0.00217656476576
0.00217656476576
0.00217656476576
0.00217656476576
0.00108828238288
0.00108828238288
0.00108828238288
0.00108828238288
0.00258431460251
0.00258431460251
0.00129215730127
0.00129215730127
0.00129215730127
0.00129215730127
0.00129215730127
0.00129215730127
0.00129215730127
0.00129215730127
0.00129215730127
0.00129215730127
0.00129215730127
0.00129215730127
0.00129215730127
0.00129215730127
0.00129215730127
0.00129215730127
0.00129215730127
0.00129215730127
0.00129215730127
0.00129215730127
0.00129215730127
0.00129215730127
0.00129215730127
0.00129215730127
0.00129215730127
0.00129215730127
0.00129215730127
0.00129215730127
0.00129215730127
0.00129215730127
0.00129215730127
0.00129215730127
0.00129215730127
0.00129215730127
0.00129215730127
0.00129215730127
0.00129215730127
0.00129215730127
0.00129215730127
0.00129215730127
0.00129215730127
0.00129215730127
0.00129215730127
0.00129215730127
0.00258431460254
0.00258431460254
0.00258431460254
0.00258431460255
0.00258431460254
0.00258431460254
0.00258431460254
0.00258431460255
0.00258431460254
0.00258431460254
0.00258431460254
0.00258431460255
0.00258431460255
0.00258431460254
0.00258431460254
0.00258431460254
0.00129215730127
0.00129215730127
0.00129215730127
0.00129215730127
0.00129215730127
0.00129215730127
0.00129215730127
0.00129215730127
0.00129215730127
0.00129215730127
0.00129215730127
0.00129215730127
0.00129215730127
0.00129215730127
0.00129215730127
0.00129215730127
0.00129215730127
0.00129215730127
0.00129215730127
0.00129215730127
0.00129215730127
0.00129215730127
0.00129215730127
0.00129215730127
0.00129215730127
0.00129215730127
0.00129215730127
0.00129215730127
0.00129215730127
0.00129215730127
0.00129215730127
0.00129215730127
0.00129215730127
0.00129215730127
0.00129215730127
0.00129215730127
0.00129215730127
0.00129215730127
0.00129215730127
0.00129215730127
0.00129215730127
0.00129215730127
0.00129215730127
0.00129215730127
0.00129215730127
0.00129215730127
0.00129215730127
0.00129215730124
0.00435312953147
0.00435312953147
0.00435312953147
0.00435312953147
0.00435312953147
0.00435312953147
0.00435312953147
0.0043531295315
0.00217656476579
0.00217656476579
0.00217656476573
0.00217656476578
0.00217656476571
0.00217656476571
0.00217656476573
0.00217656476575
0.00217656476575
0.00217656476574
0.00217656476576
0.00217656476571
0.00217656476572
0.00217656476572
0.00217656476572
0.00217656476572
0.00108828238286
0.00108828238286
0.00108828238286
0.00108828238289
0.00108828238286
0.00108828238286
0.00108828238286
0.00108828238289
0.00108828238289
0.00108828238289
0.00108828238285
0.00108828238289
0.00108828238289
0.00108828238289
0.00108828238289
0.00108828238286
0.00217656476572
0.00217656476571
0.00217656476578
0.00217656476571
0.00217656476578
0.00217656476578
0.00217656476578
0.00217656476571
0.00217656476573
0.00217656476571
0.00217656476575
0.00217656476571
0.00217656476574
0.00217656476577
0.00217656476577
0.00217656476575
0.00217656476575
0.00217656476577
0.00217656476574
0.00217656476577
0.00217656476575
0.00217656476574
0.00217656476574
0.00217656476574
0.00217656476576
0.00217656476576
0.00217656476576
0.00217656476576
0.00217656476576
0.00217656476576
0.00217656476576
0.00217656476576
0.00217656476573
0.00217656476576
0.00217656476576
0.00217656476576
0.00217656476576
0.00217656476576
0.00217656476576
0.00217656476576
0.00217656476574
0.00217656476576
0.00217656476576
0.00217656476576
0.00217656476574
0.00217656476575
0.00217656476575
0.00217656476576
0.00217656476576
0.00217656476576
0.00217656476576
0.00217656476576
0.00108828238289
0.00108828238289
0.00108828238286
0.00108828238289
0.00217656476577
0.00217656476573
0.00129215730125
0.00129215730125
0.00129215730126
0.00129215730127
0.00129215730128
0.00129215730128
0.00129215730128
0.00129215730127
0.00129215730127
0.00129215730127
0.00129215730128
0.00129215730127
0.00129215730127
0.00129215730127
0.00129215730129
0.00129215730127
0.00129215730125
0.00129215730129
0.00129215730129
0.00129215730129
0.00129215730125
0.00129215730126
0.00129215730128
0.00129215730127
0.00129215730127
0.00129215730128
0.00129215730126
0.00129215730129
0.00129215730127
0.00129215730128
0.00129215730128
0.00129215730128
0.00129215730127
0.00129215730127
0.00129215730127
0.00129215730127
0.00129215730127
0.00129215730127
0.00129215730127
0.00129215730127
0.00129215730127
0.00129215730127
0.00129215730127
0.00129215730127
0.00129215730127
0.00129215730127
0.00129215730127
0.00129215730127
0.00258431460254
0.00258431460254
0.00258431460254
0.00258431460254
0.00258431460254
0.00258431460254
0.00258431460254
0.00258431460254
0.00129215730127
0.00129215730127
0.00129215730127
0.00129215730127
0.00129215730127
0.00129215730127
0.00129215730127
0.00129215730127
0.00217656476575
0.00217656476575
0.00217656476575
0.00217656476575
0.00217656476572
0.00217656476572
0.00217656476572
0.00217656476575
0.00217656476575
0.00217656476576
0.00217656476576
0.00217656476573
0.00217656476572
0.00217656476575
0.00217656476577
0.00217656476575
0.00217656476578
0.00217656476574
0.00217656476574
0.00217656476573
0.00217656476573
0.00217656476574
0.00217656476574
0.00217656476573
0.00217656476574
0.00217656476579
0.00217656476577
0.00217656476577
0.00217656476571
0.00217656476571
0.00217656476579
0.00217656476571
0.00217656476571
0.00217656476572
0.00217656476572
0.00217656476572
0.00108828238287
0.00108828238286
0.00108828238289
0.00108828238285
0.00217656476573
0.00217656476571
0.00108828238287
0.00108828238287
0.00108828238287
0.00108828238286
0.00108828238286
0.00108828238288
0.00108828238287
0.00108828238288
0.00217656476577
0.00217656476573
0.00217656476574
0.00217656476574
0.00108828238288
0.0010882823829
0.00108828238287
0.00108828238289
0.00435312953153
0.00435312953147
0.00217656476575
0.00217656476577
0.00217656476574
0.00217656476578
0.00108828238286
0.00108828238285
0.00108828238288
0.00108828238285
0.00108828238286
0.00108828238286
0.00108828238287
0.00108828238286
0.00108828238288
0.0010882823829
0.00108828238287
0.0010882823829
0.00108828238286
0.00108828238285
0.00108828238289
0.00108828238285
0.00108828238288
0.00108828238288
0.00108828238287
0.00108828238288
0.00108828238286
0.00108828238286
0.00108828238289
0.00108828238286
0.00108828238287
0.00108828238289
0.00108828238289
0.00108828238288
0.00108828238289
0.00108828238286
0.00108828238286
0.00108828238286
0.00108828238289
0.00108828238289
0.00108828238286
0.0010882823829
0.00108828238288
0.00108828238288
0.00108828238287
0.00108828238289
0.00217656476574
0.00217656476577
0.00217656476575
0.00217656476575
0.00108828238287
0.00108828238287
0.00108828238288
0.00108828238287
0.00108828238286
0.00108828238289
0.00108828238289
0.00108828238289
0.00217656476575
0.00217656476575
0.00217656476573
0.00217656476578
0.00129215730125
0.00129215730125
0.00129215730126
0.00129215730125
0.00129215730127
0.00129215730127
0.00129215730127
0.00129215730129
0.00129215730126
0.00129215730124
0.00129215730126
0.00129215730125
0.00129215730126
0.00129215730128
0.00129215730126
0.00129215730125
0.00108828238287
0.00108828238287
0.00108828238288
0.00108828238287
0.00108828238287
0.00108828238287
0.00108828238288
0.00108828238287
0.00108828238287
0.00108828238287
0.00108828238288
0.00108828238287
0.00108828238289
0.00108828238289
0.00108828238286
0.00108828238289
0.00108828238288
0.00108828238288
0.00108828238288
0.00108828238288
0.00108828238288
0.00108828238286
0.00108828238288
0.00108828238286
0.00108828238287
0.00108828238287
0.00108828238288
0.00108828238288
0.00217656476574
0.00217656476574
0.00217656476577
0.00217656476577
0.00129215730128
0.00129215730128
0.00129215730127
0.00129215730128
0.00129215730127
0.00129215730127
0.00129215730128
0.00129215730127
0.00064607865064
0.000646078650633
0.000646078650633
0.000646078650633
0.00129215730127
0.00129215730127
0.00129215730127
0.00129215730128
0.00258431460254
0.00258431460254
0.00129215730128
0.00129215730128
0.00129215730127
0.00129215730128
0.00258431460254
0.00258431460254
0.00258431460254
0.00258431460254
0.00258431460253
0.00258431460258
0.00129215730127
0.00129215730127
0.00129215730128
0.00129215730127
0.00258431460254
0.00258431460254
0.00217656476573
0.00217656476575
0.0043531295315
0.0043531295315
0.000544141191436
0.000544141191436
0.000544141191439
0.000544141191436
0.000544141191439
0.000544141191439
0.000544141191447
0.000544141191436
0.000544141191436
0.000544141191427
0.000544141191434
0.000544141191441
0.000544141191436
0.000544141191436
0.000544141191436
0.000544141191436
0.000544141191434
0.000544141191438
0.000544141191438
0.000544141191441
0.000544141191434
0.000544141191424
0.000544141191424
0.000544141191441
0.00108828238289
0.00108828238288
0.000544141191445
0.000544141191442
0.000544141191434
0.000544141191436
0.000544141191437
0.000544141191437
0.000544141191434
0.000544141191441
0.00108828238289
0.00108828238288
0.000544141191436
0.000544141191445
0.000544141191438
0.000544141191442
0.00108828238287
0.00108828238286
0.00108828238285
0.00108828238288
0.00217656476577
0.00217656476577
0.00217656476575
0.00217656476575
0.00108828238289
0.00108828238287
0.00108828238288
0.00108828238288
0.00108828238289
0.00108828238288
0.000544141191438
0.000544141191438
0.000544141191441
0.000544141191434
0.00108828238287
0.00108828238288
0.00108828238289
0.00108828238288
0.00108828238286
0.00108828238286
0.00108828238288
0.00108828238287
0.00108828238287
0.00108828238287
0.00108828238287
0.00108828238286
0.00108828238288
0.00108828238288
0.00108828238287
0.00108828238288
0.00258431460254
0.00258431460251
0.00258431460251
0.00258431460249
0.00258431460251
0.00258431460251
0.00258431460251
0.00258431460251
0.00258431460245
0.00258431460245
0.00258431460252
0.00258431460245
0.00258431460247
0.0025843146025
0.00258431460253
0.00258431460254
0.00258431460257
0.00258431460254
0.00258431460256
0.00258431460253
0.00217656476576
0.00217656476576
0.00217656476574
0.00217656476576
0.00217656476571
0.00217656476574
0.00217656476574
0.00217656476578
0.0043531295315
0.00435312953153
0.0043531295315
0.0043531295315
0.0043531295315
0.0043531295315
0.00435312953145
0.00435312953145
0.0043531295315
0.00435312953147
0.00435312953149
0.00435312953152
0.00516862920511
0.00516862920509
0.00435312953151
0.00435312953151
0.00217656476576
0.00217656476576
0.00217656476576
0.00217656476576
0.00217656476576
0.00217656476576
0.00217656476576
0.00217656476576
0.00217656476576
0.00217656476577
0.00217656476577
0.00217656476576
0.00108828238288
0.00108828238288
0.00108828238288
0.00108828238288
0.00217656476575
0.00217656476575
0.00217656476575
0.00217656476575
0.0043531295315
0.0043531295315
0.00217656476575
0.00217656476575
0.00217656476576
0.00217656476575
0.00217656476575
0.00217656476576
0.00108828238287
0.00108828238288
0.00108828238288
0.00108828238288
0.00217656476575
0.00217656476575
0.00108828238286
0.00108828238289
0.00108828238286
0.00108828238289
0.00108828238286
0.00108828238286
0.00108828238289
0.00108828238286
0.00108828238286
0.00108828238286
0.00108828238289
0.00108828238286
0.00217656476574
0.00217656476574
0.00108828238288
0.00108828238286
0.000544141191434
0.000544141191434
0.000544141191438
0.000544141191437
0.00108828238289
0.00108828238288
0.00108828238285
0.00108828238288
0.00217656476578
0.00217656476572
0.00258431460254
0.00258431460254
0.00129215730128
0.00129215730125
0.00129215730127
0.00129215730127
0.00129215730129
0.00129215730127
0.00258431460255
0.00258431460255
0.00108828238288
0.00108828238288
0.000544141191439
0.000544141191439
0.000544141191439
0.000544141191439
0.000544141191432
0.000544141191427
0.000544141191427
0.000544141191441
0.00108828238289
0.00108828238286
0.000544141191432
0.000544141191447
0.000544141191447
0.000544141191443
0.00108828238287
0.00108828238287
0.00217656476572
0.00217656476575
0.00217656476572
0.00217656476572
0.00108828238286
0.00108828238286
0.000544141191432
0.000544141191432
0.000544141191432
0.000544141191432
0.00108828238286
0.00108828238285
0.00108828238285
0.00108828238287
0.00108828238287
0.00108828238288
0.00108828238288
0.00108828238288
0.00108828238287
0.00108828238288
0.00108828238286
0.00108828238285
0.00108828238289
0.00108828238285
0.00108828238286
0.00108828238289
0.00108828238289
0.00108828238289
0.00108828238287
0.00108828238287
0.00108828238287
0.00108828238287
0.00108828238288
0.00108828238288
0.00108828238287
0.00108828238286
0.00108828238286
0.00108828238288
0.00108828238287
0.00108828238288
0.00217656476575
0.00217656476575
0.00258431460258
0.00258431460254
0.00258431460254
0.00258431460254
0.00108828238286
0.00108828238284
0.00108828238289
0.00108828238286
0.00108828238286
0.00108828238285
0.00108828238288
0.00108828238286
0.0025843146025
0.0025843146025
0.00258431460245
0.00258431460249
0.00129215730125
0.00129215730124
0.00108828238289
0.00108828238287
0.00108828238287
0.00108828238287
0.00108828238288
0.00108828238289
0.00217656476576
0.00217656476576
0.00217656476577
0.00217656476578
0.00217656476578
0.00217656476577
0.00129215730125
0.00129215730127
0.00129215730129
0.00129215730127
0.000646078650636
0.000646078650636
0.000646078650636
0.000646078650636
0.00064607865064
0.000646078650633
0.000646078650633
0.000646078650633
0.000646078650636
0.00064607865064
0.000646078650636
0.00064607865064
0.00064607865064
0.000646078650636
0.00064607865064
0.000646078650636
0.000646078650633
0.000646078650633
0.00064607865064
0.000646078650633
0.000646078650636
0.000646078650636
0.000646078650636
0.000646078650636
0.000646078650636
0.000646078650633
0.000646078650633
0.000646078650636
0.000646078650636
0.000646078650633
0.000646078650633
0.000646078650636
0.00129215730127
0.00129215730129
0.00129215730129
0.00129215730127
0.00129215730127
0.00129215730125
0.00108828238288
0.00108828238285
0.00108828238287
0.00108828238288
0.00108828238287
0.00108828238287
0.000544141191428
0.000544141191435
0.000544141191435
0.000544141191447
0.000544141191439
0.000544141191439
0.00054414119142
0.000544141191439
0.000544141191431
0.000544141191432
0.000544141191436
0.000544141191451
0.000544141191441
0.000544141191443
0.00108828238288
0.00108828238288
0.000544141191447
0.000544141191428
0.00108828238286
0.00108828238287
0.00108828238287
0.00108828238286
0.00108828238288
0.00108828238286
0.000544141191443
0.000544141191441
0.000544141191428
0.000544141191447
0.00064607865064
0.000646078650633
0.00064607865064
0.00064607865064
0.00129215730128
0.00129215730128
0.00108828238286
0.00108828238291
0.00108828238291
0.00108828238289
0.00108828238285
0.00108828238285
0.00108828238291
0.00108828238285
0.00108828238288
0.00108828238289
0.00108828238288
0.00108828238286
0.00108828238288
0.00108828238288
0.00108828238288
0.00108828238288
0.00108828238288
0.00108828238288
0.00108828238288
0.00108828238288
0.000544141191428
0.000544141191426
0.000544141191447
0.000544141191428
0.000544141191441
0.000544141191443
0.00217656476575
0.00217656476575
0.00217656476576
0.00217656476574
0.00217656476577
0.00217656476575
0.00217656476575
0.00217656476575
0.00108828238288
0.00108828238287
0.00108828238289
0.00108828238289
0.0010882823829
0.00108828238286
0.00108828238289
0.00108828238287
0.00129215730127
0.00129215730126
0.00129215730126
0.00129215730123
0.00129215730125
0.00129215730125
0.00129215730126
0.00129215730125
0.00129215730124
0.00129215730123
0.00129215730129
0.00129215730123
0.00129215730124
0.00129215730126
0.00129215730126
0.00129215730125
0.00129215730129
0.00129215730124
0.00129215730124
0.00129215730126
0.00129215730128
0.00129215730127
0.0012921573013
0.0012921573012
0.00129215730123
0.00129215730124
0.00129215730129
0.00129215730126
0.00258431460248
0.00258431460257
0.00258431460253
0.00258431460257
0.00129215730128
0.00129215730126
0.00129215730129
0.00129215730122
0.000646078650638
0.000646078650605
0.000646078650605
0.000646078650605
0.000646078650638
0.000646078650621
0.000646078650609
0.000646078650632
0.000646078650632
0.000646078650634
0.000646078650648
0.000646078650607
0.00129215730129
0.00129215730126
0.000646078650621
0.000646078650634
0.000646078650634
0.000646078650646
0.000646078650602
0.000646078650615
0.000646078650632
0.000646078650632
0.000646078650605
0.000646078650605
0.000646078650621
0.000646078650632
0.000646078650648
0.00064607865065
0.000646078650623
0.000646078650648
0.000646078650632
0.000646078650648
0.000646078650621
0.000646078650634
0.00108828238287
0.00108828238288
0.00108828238285
0.00108828238284
0.00217656476574
0.00217656476574
0.00217656476576
0.00217656476573
0.00108828238288
0.00108828238288
0.00108828238284
0.0010882823829
0.00108828238292
0.00108828238284
0.00217656476573
0.00217656476573
0.00108828238286
0.00108828238287
0.00108828238287
0.00108828238288
0.00108828238287
0.00108828238287
0.00108828238287
0.00108828238288
0.00108828238287
0.00108828238287
0.00108828238287
0.00108828238288
0.00217656476576
0.00217656476576
0.00217656476575
0.00217656476575
