0.0364495862502
0.0222563044891
0.0240601248271
0.0276685224105
0.0353631103544
0.0370646742594
0.0370501988932
0.031195644527
0.0341042699199
0.0290022832996
0.035411215018
0.0351792419953
0.0326291535198
0.036229100993
0.0198962166968
0.0230897665666
0.0299692461359
0.02656959473
0.0193177229502
0.0212099245358
0.0281611396296
0.0349647070003
0.0201408000942
0.0305473045686
0.038156157642
0.0357318880852
0.0311689820107
0.0268624701941
0.0274034636771
0.0310413138605
0.0264179338131
0.0339664327813
0.0273995288149
0.0281721232255
0.0284304025049
0.0316100565014
0.0346366996753
0.0359932161645
0.0350970373693
0.0355073864724
0.0319963126228
0.0351115841125
0.0331299567551
0.0312037219791
0.0228851343542
0.0366986381115
0.0271709236394
0.0307183798191
0.0311453762921
0.0242590910397
0.0221042106606
0.0273364744322
0.0240483586097
0.0252646931517
0.0274706854697
0.0299416863822
0.0387779127128
0.0391906771372
0.0374691782613
0.0298715632792
0.0305558653888
0.0375459667735
0.036720028715
0.035994473294
0.0360294233524
0.0338939103148
0.0335565417791
0.0340142951446
0.035806574567
0.0331336935218
0.0276901709128
0.0280278340877
0.0276427206797
0.0342792344937
0.0102427000747
0.0108440802428
0.0215776450236
0.0209918091811
0.0277962938891
0.0182488181076
0.0220393421185
0.0183379954803
0.0208479266786
0.0208508193902
0.0275890879221
0.0275869690754
0.0330370459245
0.0387580729884
0.0334305745612
0.0340910791193
0.0328275550811
0.0191223334388
0.0168480128762
0.0169034281099
0.0192998144063
0.0149936006589
0.0176119245168
0.0156690414922
0.0182918636896
0.0149753976039
0.0246510860955
0.0242152551205
0.017073600218
0.0201926171588
0.019984024351
0.0180176478497
0.0168017339855
0.0163776723257
0.0124016338157
0.0120483751894
0.0234868420615
0.00962977558751
0.00954465312272
0.0223053326223
0.0173153049827
0.0186754056286
0.0183777005029
0.0213035900087
0.0174890439658
0.0222505469437
0.021962358334
0.0173398475474
0.0192635516024
0.027608119114
0.0233910924256
0.0232854394502
0.0267911849821
0.0225189583531
0.0175948395062
0.0185546251307
0.0209450657673
0.0271090179839
0.0240614836108
0.0213931924392
0.0211761367797
0.0256109853363
0.0222065330467
0.015427845116
0.0337344840315
0.0156915896789
0.0172317305433
0.0132102235059
0.0222200511891
0.0211025557402
0.0197167782408
0.0270587348865
0.0251849708976
0.0181616695558
0.016393579854
0.0174568868971
0.0173150959039
0.0180884133436
0.0208744368711
0.0245523316817
0.0191483077862
0.0231097184416
0.0243109951549
0.0264039454648
0.0157759910879
0.0127200363845
0.00937445689467
0.0147241371933
0.0179833966523
0.0264067886376
0.0198566343959
0.0204337871201
0.0214021993654
0.0233564996724
0.0202529254961
0.0233606033613
0.0212912311181
0.0167617497374
0.0175368558182
0.0205636744283
0.0149771134754
0.0293954861662
0.0217702392307
0.0195554494453
0.0172847904316
0.0213037821183
0.0170291741118
0.0221754951395
0.0220745875557
0.0165669484269
0.0202066296942
0.0159836295935
0.0211971426253
0.0206046504384
0.0161094033772
0.0187815529184
0.0251674781062
0.0282381384131
0.019034922618
0.0152536258654
0.0177587499883
0.0148543450664
0.016334006334
0.0208906793888
0.0188788319783
0.0221797228453
0.0173738029258
0.0200872750278
0.0158697383424
0.0151541825288
0.0122146972897
0.0179961842427
0.0282447537106
0.0235923971039
0.0193501156944
0.0230189741352
0.0198856806932
0.0148777628166
0.0217872614333
0.0186758357263
0.0225686625697
0.0178300370667
0.0198221715817
0.0127022547065
0.0154194637568
0.0143594463917
0.0123650948364
0.0153967852724
0.0142358245711
0.0180457759185
0.0152507537171
0.0158947510181
0.011811227356
0.0143583768435
0.0194231308029
0.0199772506554
0.0124352414958
0.0155579030089
0.0185757957587
0.0144575597916
0.0127776198085
0.0197692870829
0.0211627327563
0.0195696767537
0.0248256312727
0.0110231371045
0.0144410906971
0.0133524727001
0.0089628018024
0.0149613145968
0.0189106469645
0.0173721291028
0.0154296913514
0.0143763147355
0.014862412918
0.0132500599591
0.0135520798094
0.0160151889951
0.0193934046483
0.0205323462264
0.0178303735973
0.0249584345132
0.0139421866491
0.0182039339503
0.0157120610989
0.0113822596329
0.0191570568705
0.0161499355823
0.0231421026109
0.0150685580139
0.0114409600568
0.0151050043968
0.0105224806192
0.0131836722362
0.0120257226801
0.019316023074
0.0162655635045
0.0125855022132
0.0135706604224
0.0137997975247
0.00968246075302
0.00835287718557
0.00957545885805
0.00955334895142
0.00750659580198
0.0107133084176
0.00961292275372
0.00878483141123
0.0060350913625
0.00769634291319
0.00874791729966
0.0103650891987
0.012118324191
0.021443443328
0.012364477591
0.00896783367078
0.00906784864743
0.0110233848083
0.0101092596109
0.015785112454
0.0163877419606
0.0181667637851
0.0138801049548
0.024184907443
0.0116017660481
0.0105121678024
0.00944108955064
0.00794240465095
0.0189604486833
0.0151596532173
0.0170689133865
0.0177160141733
0.0131049458744
0.0155518369749
0.0142670678974
0.0111597948054
0.0142479064918
0.0128475546353
0.0122960562484
0.0104006313338
0.0111138456763
0.0142256751885
0.0137638660576
0.014655353899
0.0106755755665
0.006865189683
0.00942605856215
0.0159535871824
0.013407625174
0.0102958542596
0.00929638421262
0.011841525867
0.00675639493767
0.0090135338654
0.0111408046513
0.0110999664685
0.013050405712
0.0137306190341
0.00994997127054
0.0188432379036
0.010130438944
0.0099376192905
0.00992256897332
0.0178458934961
0.0166407593064
0.0122057923026
0.0139846793713
0.0120562903002
0.0207344673926
0.0206311029271
0.0135785017059
0.0145541737208
0.0103006214924
0.0123819198658
0.0105624485356
0.00823822257687
0.00733754813363
0.0122775855052
0.00772040785911
0.0117162872551
0.00947789315007
0.0107579953178
0.00798989797292
0.00927147072209
0.00831682973564
0.0111692877884
0.0105607902728
0.00865746063695
0.0151983195097
0.0147895095512
0.0122982311464
0.0148714912852
0.0132927436911
0.014819530135
0.0164732075705
0.0169461592952
0.0133921972074
0.00972686134104
0.0103226044165
0.0102442139364
0.0088908718988
0.011391794985
0.00873943624665
0.0119080727274
0.0125932687354
0.0116187122207
0.0171119991665
0.0216894014066
0.0127846911948
0.0105153080591
0.00987916094194
0.0135287453471
0.0116241532262
0.0126204515342
0.0115974937447
0.0137553407171
0.0162650616886
0.0139965649259
0.0184970654989
0.00962309730732
0.0113112505863
0.0101910921172
0.0118022509869
0.00926877073495
0.0121211105077
0.0146139691404
0.0107021681987
0.00853819800222
0.0126409222923
0.0116210579345
0.00933468543808
0.00830002776457
0.00687509738757
0.00967893077326
0.0179284386213
0.0182653714111
0.0173266069269
0.0111916129157
0.0151884600533
0.0186893412328
0.0152025071358
0.0121606669061
0.0149734772268
0.0166301268511
0.0193282732595
0.0124381098835
0.0142646235941
0.0115000933924
0.0132963879857
0.0148536552767
0.0149825659063
0.0113995581155
0.0109084810277
0.0102363291167
0.0101694199386
0.00854744620808
0.00910963193079
0.011654264256
0.0116053017238
0.0149503677275
0.0110016995719
0.00704060467479
0.00787658982769
0.00759102427573
0.00922244965082
0.00640296303365
0.00507327693199
0.00570524426006
0.00648517779501
0.00760444835107
0.0101482045517
0.00892632130862
0.00926940739436
0.0131384034118
0.0130242742958
0.00742499319128
0.00621141575691
0.0184908479244
0.00987354934769
0.0098527928905
0.0107676942393
0.00960561800377
0.0098579318873
0.0108073437273
0.0149941936205
0.0201828103479
0.0190343637003
0.0134108981842
0.0155031038664
0.0204346563358
0.00849552151081
0.0102095146477
0.0113575261424
0.0124034560185
0.0136570261444
0.013229253983
0.0158905668617
0.0151713880904
0.0173396258966
0.0169089135911
0.0108193726577
0.00916676629993
0.00886067115186
0.00773663637019
0.00608309475696
0.00649182340106
0.00788800080787
0.00653569342647
0.00766873736174
0.00844898460112
0.0106616142611
0.0106446462916
0.0164865511662
0.0191867379689
0.0111857058746
0.00821232353183
0.0187493401835
0.0149859927118
0.00804942104489
0.00783395600876
0.00883131819591
0.00778517252689
0.0112711123974
0.0113283836383
0.00913266516566
0.00790934524296
0.00968069495149
0.00647673000158
0.0152536155038
0.015382495464
0.0183556467211
0.00656571181141
0.00774999471016
0.00658236714384
0.00590115734828
0.00619534524551
0.0066560524772
0.00779604012329
0.0060000535614
0.00682759193208
0.00789767752194
0.00687034861946
0.00789884101131
0.00710885427496
0.00875565058411
0.00940057532355
0.0086560969516
0.00799785010253
0.0113556577089
0.00841651181964
0.00886650653792
0.00977827124424
0.0103179799445
0.0124081190212
0.0121146782462
0.0121259980189
0.0105045478782
0.0125101664824
0.0113251431428
0.0127068278113
0.0122249120466
0.00887182959115
0.00813104994475
0.00998458028804
0.00943257240316
0.00793646450788
0.01027546517
0.0119622831128
0.0112772244144
0.0140488664857
0.0117464708389
0.00623629503613
0.00914252193719
0.0080738266824
0.00951654744809
0.0111581218106
0.00959066689855
0.0114830449784
0.00896400694533
0.00972137938443
0.0214517871219
0.0194226025533
0.0117128253011
0.00913980686891
0.00913350344556
0.0113423826581
0.00783347612635
0.00780581594048
0.00885847271251
0.00946937449511
0.0126854815893
0.0106421002257
0.0125364071901
0.0120220717438
0.0172865570363
0.0136103302039
0.0105501383813
0.00913987118182
0.0106038061219
0.0101671827045
0.00876213304859
0.00778350436401
0.00884014123703
0.00974124079718
0.017344117911
0.0159428975193
0.0172327982791
0.0134723319391
0.0228632993035
0.0147688146758
0.0112012930154
0.00960686385401
0.0100765515706
0.0111279399247
0.011501296031
0.0097007414292
0.00994092932356
0.0111752900943
0.00578459466669
0.00529887445311
0.00535322887719
0.00515294457088
0.00697362573801
0.00569720451198
0.0125480617353
0.0111027842618
0.0130749442423
0.0113296467557
0.00889256347084
0.00974601445354
0.0169930917825
0.011075433169
0.00899336166229
0.0107978697111
0.00748227697834
0.00835326628644
0.0135030317913
0.0151380419154
0.0160228802941
0.0137804697335
0.0115196448504
0.0140919319689
0.0174775667253
0.0130604017169
0.0151751504107
0.0153217394685
0.00990007151574
0.00968422860869
0.0123518116598
0.0132516350606
0.0113587178419
0.013776083584
0.0125058734794
0.00749911385842
0.00749317924817
0.00607335934192
0.00532501341919
0.00645705702058
0.00605661328186
0.00824011572664
0.00708996997492
0.00808613849373
0.00965368405202
0.0089218960529
0.00721846527269
0.00934734311233
0.0104531570528
0.0099261321703
0.01125406042
0.0115178527079
0.0104523929793
0.00541056134806
0.00398519115118
0.00452963228315
0.00729586349028
0.00834720513111
0.0159686174827
0.0158170422568
0.00679099556607
0.00619246486568
0.00426487871347
0.00422234957699
0.00593504813411
0.0044706062533
0.00895888718859
0.00777301655034
0.00711227812025
0.00878828873422
0.0099801196181
0.0181418375406
0.0111966320486
0.0125786102356
0.0120190675836
0.00500528333464
0.00599447818379
0.00491049364718
0.00420834761516
0.00450683327916
0.0050041298987
0.00611766084654
0.00524375080424
0.00918141866465
0.0111600633038
0.00992183477092
0.00777293844726
0.00717803712353
0.0129584776662
0.0105470697758
0.0065927865737
0.00662781713395
0.0050957259515
0.00458463313697
0.00534975630965
0.00577759555858
0.0201987232848
0.0210530286072
0.0140872408879
0.00895741907229
0.0100810979993
0.00910032541624
0.00999744987756
0.00949602014023
0.0160243229094
0.0163469127319
0.015664283202
0.0155910347272
0.00548243041291
0.00860570592903
0.00958155029985
0.00954265408276
0.0194091888171
0.0195347328199
0.0161019441571
0.0176291372053
0.00975204368206
0.00956837026112
0.0103417411454
0.0105508581122
0.0174532833459
0.0173517910244
0.0162122665884
0.016493091935
0.00870021922219
0.0078772585615
0.00900583601252
0.00933006619027
0.00954982582387
0.00874051202117
0.00957049632924
0.00637762157915
0.00340161857453
0.0188138041619
0.0166157827071
0.0165038179766
0.00939302182651
0.00854648173988
0.00879572243415
0.00936167285858
0.00942102252356
0.00833447786634
0.00536365037508
0.00851888098223
0.0112580494758
0.0101681863681
0.00933210652272
0.0109219788084
0.0205814794454
0.0236146872605
0.00302789523645
0.020174049274
0.0134976306583
0.0143216172323
0.00960875584756
0.0102268725656
0.0100417505218
0.011114746753
0.0100161550655
0.00885534056045
0.00993436086488
0.0101545734936
0.0200749828287
0.0199809650787
0.0139534329319
0.0177140119214
0.00334659673693
0.0196924758447
0.00897285413106
0.00973286106079
0.0105392807984
0.00985939042455
0.0178994911738
0.0196194009706
0.0191604594495
0.0175418710383
0.0187770938589
0.0176383491859
0.0139418350126
0.0146732064491
0.0113701427474
0.0118467303298
0.00736333957672
0.00621703030809
0.0067989240321
0.00698529169627
0.0186952023259
0.0174529926108
0.00955839636152
0.0162238862905
0.0104898340567
0.0102033109105
0.0143040984472
0.0146011216238
0.00612473565025
0.00515931360356
0.00563298888942
0.00597508860436
0.00665359506744
0.00735695144994
0.00943325751431
0.0100987690592
0.0104688411245
0.0102116383777
0.00451186817428
0.013313898529
0.00927070027024
0.0108074380697
0.00963066115442
0.0101361195808
0.0102441410042
0.00910473164589
0.0123177084664
0.018641734912
0.0090441473674
0.0101835047651
0.00990428440334
0.00977807042909
0.0122758985915
0.0102001530215
0.0104608711018
0.0173271053373
0.0109783055532
0.0109098564438
0.0116672833152
0.0109668324918
0.00235884099994
0.00296988205361
0.00288659012667
0.00283196760266
0.0031111242267
0.00334657261768
0.00540825600751
0.00543579533805
0.0037516281385
0.0042421525729
0.00506970261929
0.00425495289169
0.00817847060585
0.00764809374669
0.00294583977456
0.00315635070536
0.023489721434
0.0037838134249
0.00308164963187
0.0038542678737
0.00530888086275
0.00597589449834
0.00666404855098
0.00655195633847
0.00602574847941
0.00766505379602
0.00691939214179
0.00632738668368
0.0202986409726
0.00409873916271
0.0031325792714
0.00387480875273
0.00380139808831
0.00431778283676
0.0037896445042
0.00526544610891
0.0123512826312
0.00716927408672
0.00223318176898
0.00214193558427
0.00127496174912
0.000848255156989
0.00135146456375
0.00111516395282
0.0011593766457
0.000881591108604
0.00141442477907
0.0013279453182
0.00218670116527
0.00230080633599
0.0131810370808
0.011965943212
