0.139300145008
0.139300145008
0.139300145008
0.139300145008
0.0696500725039
0.0413490336406
0.0413490336407
0.0413490336408
0.0413490336406
0.0696500725039
0.0348250362519
0.0348250362519
0.034825036252
0.0348250362519
0.0348250362519
0.0348250362519
0.034825036252
0.0696500725039
0.034825036252
0.034825036252
0.0348250362519
0.0348250362519
0.0348250362519
0.034825036252
0.034825036252
0.0348250362519
0.0413490336405
0.0413490336403
0.069650072504
0.069650072504
0.034825036252
0.0348250362521
0.034825036252
0.0348250362521
0.069650072504
0.0413490336405
0.0413490336403
0.0413490336405
0.0413490336405
0.034825036252
0.034825036252
0.034825036252
0.0348250362519
0.0348250362519
0.034825036252
0.034825036252
0.034825036252
0.0696500725039
0.0413490336406
0.0348250362519
0.0348250362519
0.0696500725039
0.0413490336406
0.0413490336407
0.0413490336406
0.0413490336408
0.034825036252
0.0348250362521
0.0348250362521
0.034825036252
0.034825036252
0.0348250362519
0.0348250362519
0.0348250362519
0.034825036252
0.034825036252
0.034825036252
0.0348250362519
0.0413490336405
0.0413490336403
0.0413490336405
0.0413490336405
0.0348250362519
0.034825036252
0.034825036252
0.034825036252
0.034825036252
0.034825036252
0.0348250362519
0.034825036252
0.0826980672814
0.0826980672812
0.0348250362519
0.0348250362519
0.034825036252
0.0348250362519
0.069650072504
0.069650072504
0.0413490336405
0.0413490336403
0.0413490336405
0.0413490336405
0.0826980672812
0.0826980672814
0.0348250362519
0.0348250362519
0.0348250362519
0.034825036252
0.069650072504
0.069650072504
0.0413490336405
0.0413490336403
0.0413490336405
0.0413490336405
0.069650072504
0.069650072504
0.0413490336406
0.0413490336407
0.0413490336408
0.0413490336406
0.0696500725037
0.0696500725039
0.0413490336405
0.0413490336403
0.0413490336405
0.0413490336405
0.0348250362519
0.034825036252
0.034825036252
0.034825036252
0.069650072504
0.069650072504
0.0348250362519
0.0348250362519
0.0348250362519
0.034825036252
0.0413490336406
0.0413490336407
0.0413490336406
0.0413490336408
0.0696500725039
0.0696500725037
0.034825036252
0.034825036252
0.0348250362519
0.034825036252
0.0413490336405
0.0413490336403
0.0413490336405
0.0413490336405
0.034825036252
0.034825036252
0.034825036252
0.0348250362519
0.0348250362519
0.034825036252
0.034825036252
0.034825036252
0.017412518126
0.017412518126
0.017412518126
0.017412518126
0.0174125181259
0.0174125181259
0.0174125181259
0.017412518126
0.0348250362521
0.034825036252
0.0348250362519
0.0348250362519
0.0174125181259
0.0174125181259
0.0206745168204
0.0206745168204
0.0103372584102
0.0103372584102
0.0103372584102
0.0103372584102
0.0103372584102
0.0103372584102
0.0103372584101
0.0103372584102
0.0103372584102
0.0103372584102
0.0103372584102
0.0103372584101
0.0348250362517
0.0348250362519
0.00870625906296
0.00870625906302
0.00870625906302
0.00870625906302
0.00870625906302
0.00870625906302
0.00870625906302
0.00870625906302
0.00870625906302
0.00870625906302
0.00870625906296
0.00870625906302
0.00870625906302
0.00870625906302
0.00870625906302
0.00870625906302
0.017412518126
0.017412518126
0.017412518126
0.017412518126
0.0103372584101
0.0103372584101
0.0103372584101
0.0103372584101
0.01033725841
0.01033725841
0.01033725841
0.01033725841
0.0103372584101
0.0103372584101
0.0103372584101
0.0103372584101
0.0103372584101
0.0103372584101
0.0103372584101
0.0103372584101
0.00870625906297
0.00870625906303
0.008706259063
0.00870625906303
0.00870625906295
0.00870625906295
0.008706259063
0.00870625906299
0.00870625906299
0.00870625906299
0.00870625906299
0.008706259063
0.008706259063
0.008706259063
0.008706259063
0.008706259063
0.008706259063
0.008706259063
0.008706259063
0.008706259063
0.00870625906299
0.00870625906295
0.00870625906295
0.008706259063
0.00870625906303
0.00870625906303
0.00870625906297
0.008706259063
0.008706259063
0.00870625906299
0.00870625906299
0.00870625906299
0.017412518126
0.017412518126
0.00870625906302
0.00870625906302
0.00870625906302
0.00870625906302
0.017412518126
0.017412518126
0.017412518126
0.017412518126
0.0206745168203
0.0206745168203
0.0103372584102
0.0103372584102
0.0103372584102
0.0103372584102
0.0103372584102
0.0103372584102
0.0103372584102
0.0103372584102
0.0206745168203
0.0206745168203
0.0174125181259
0.0174125181259
0.017412518126
0.017412518126
0.017412518126
0.017412518126
0.00870625906299
0.00870625906299
0.008706259063
0.00870625906301
0.017412518126
0.017412518126
0.00870625906299
0.00870625906299
0.00870625906301
0.008706259063
0.017412518126
0.017412518126
0.0174125181259
0.0174125181259
0.008706259063
0.00870625906299
0.00870625906299
0.00870625906301
0.0103372584101
0.0103372584102
0.0103372584102
0.0103372584102
0.0103372584102
0.0103372584102
0.0103372584102
0.0103372584102
0.0103372584102
0.0103372584102
0.0103372584101
0.0103372584102
0.0103372584102
0.0103372584102
0.0103372584102
0.0103372584102
0.0348250362519
0.0348250362521
0.0348250362521
0.0348250362519
0.00870625906301
0.00870625906299
0.00870625906299
0.008706259063
0.00870625906301
0.00870625906302
0.00870625906294
0.00870625906302
0.008706259063
0.00870625906294
0.00870625906294
0.00870625906294
0.017412518126
0.0174125181259
0.017412518126
0.017412518126
0.0206745168202
0.0206745168202
0.0206745168202
0.0206745168202
0.008706259063
0.008706259063
0.008706259063
0.008706259063
0.00870625906299
0.00870625906295
0.00870625906295
0.008706259063
0.00870625906303
0.00870625906303
0.00870625906297
0.008706259063
0.008706259063
0.00870625906299
0.00870625906299
0.00870625906299
0.0174125181259
0.0174125181259
0.017412518126
0.0174125181259
0.0174125181259
0.017412518126
0.017412518126
0.017412518126
0.0103372584101
0.0103372584102
0.0103372584102
0.0103372584102
0.0103372584102
0.0103372584102
0.0103372584102
0.0103372584102
0.0103372584102
0.0103372584102
0.0103372584101
0.0103372584102
0.0103372584102
0.0103372584102
0.0103372584102
0.0103372584102
0.0174125181259
0.017412518126
0.017412518126
0.017412518126
0.017412518126
0.017412518126
0.017412518126
0.0174125181259
0.00870625906301
0.00870625906299
0.00870625906299
0.008706259063
0.00870625906301
0.00870625906302
0.00870625906294
0.00870625906302
0.008706259063
0.00870625906294
0.00870625906294
0.00870625906294
0.017412518126
0.0174125181259
0.00870625906301
0.00870625906295
0.00870625906295
0.00870625906294
0.00870625906302
0.00870625906302
0.00870625906301
0.00870625906294
0.008706259063
0.00870625906299
0.00870625906301
0.00870625906299
0.00870625906294
0.00870625906294
0.008706259063
0.00870625906294
0.0103372584102
0.0103372584102
0.0103372584102
0.0103372584102
0.0206745168204
0.0206745168204
0.0206745168204
0.0206745168203
0.0206745168203
0.0206745168204
0.0174125181259
0.0174125181259
0.017412518126
0.0174125181259
0.0174125181259
0.017412518126
0.017412518126
0.017412518126
0.034825036252
0.034825036252
0.0348250362521
0.034825036252
0.017412518126
0.0174125181259
0.017412518126
0.0174125181259
0.0174125181261
0.0174125181261
0.017412518126
0.0174125181259
0.0348250362521
0.034825036252
0.034825036252
0.0348250362518
0.017412518126
0.0174125181261
0.017412518126
0.017412518126
0.017412518126
0.017412518126
0.017412518126
0.017412518126
0.0174125181259
0.0174125181259
0.017412518126
0.0174125181259
0.017412518126
0.017412518126
0.017412518126
0.017412518126
0.0348250362519
0.0348250362521
0.0174125181259
0.017412518126
0.017412518126
0.017412518126
0.017412518126
0.0174125181261
0.017412518126
0.017412518126
0.017412518126
0.017412518126
0.017412518126
0.017412518126
0.017412518126
0.017412518126
0.017412518126
0.0174125181259
0.0174125181259
0.0174125181259
0.017412518126
0.0174125181259
0.0103372584102
0.0103372584102
0.0103372584102
0.0103372584102
0.0206745168204
0.0206745168204
0.0206745168203
0.0206745168204
0.00870625906301
0.00870625906299
0.008706259063
0.00870625906299
0.017412518126
0.017412518126
0.0348250362521
0.034825036252
