0.136560
0.195618
0.162555
0.369056
0.427527
0.487808
0.489675
0.417380
0.299836
0.268045
0.359235
0.134027
0.229819
0.289617
0.446510
0.191812
0.230834
0.257262
0.437186
0.337924
0.318061
0.203938
0.428295
0.381906
0.414588
0.313720
0.241880
0.227704
0.186783
0.296268
0.413575
0.206369
0.210561
0.442127
0.502792
0.103694
0.152645
0.349642
0.317497
0.327186
0.228388
0.378373
0.383423
0.317557
0.413349
0.218712
0.403603
0.536025
0.408869
0.260168
0.224349
0.230755
0.247834
0.102277
0.125740
0.190716
0.247362
0.370109
0.372371
0.518267
0.480570
0.421313
0.405214
0.470052
0.143373
0.264545
0.507619
0.277576
0.232394
0.357701
0.371068
0.272503
0.348577
0.389108
0.313954
0.410646
0.491892
0.209230
0.424571
0.397804
0.584436
0.458734
0.233267
0.267071
0.424408
0.471304
0.148137
0.388108
0.587489
0.218767
0.443708
0.483555
0.165918
0.346698
0.369974
0.315122
0.234145
0.177249
0.205271
0.285521
0.357886
0.472497
0.225776
0.393883
0.173485
0.388815
0.263786
0.346581
0.300947
0.199791
0.258170
0.391622
0.260150
0.193268
0.061697
0.126011
0.166295
0.162622
0.158029
0.236502
0.280652
0.264585
0.199520
0.144231
0.329461
0.218096
0.397431
0.354354
0.209257
0.392269
0.351186
0.264523
0.278048
0.332066
0.399424
0.265527
0.112171
0.109281
0.149318
0.219936
0.278997
0.409448
0.216549
0.301090
0.420144
0.285052
0.175165
0.291233
0.355904
0.403939
0.258677
0.439908
0.489738
0.187390
0.310154
0.385921
0.194017
0.236234
0.443716
0.473737
0.275099
0.108014
0.156250
0.368934
0.496879
0.135256
0.271397
0.177944
0.332401
0.367090
0.396190
0.518724
0.399201
0.359417
0.282000
0.349606
0.452786
0.110798
0.426530
0.373779
0.167741
0.317313
0.182515
0.156350
0.316751
0.399761
0.463620
0.492204
0.510854
0.480694
0.505140
0.452802
0.261083
0.296758
0.106679
0.255228
0.261721
0.486947
0.381837
0.369539
0.187764
0.307197
0.177986
0.167116
0.309437
0.365352
0.177728
0.418369
0.445787
0.182235
0.303213
0.299920
0.403821
0.330287
0.451787
0.405591
0.256791
0.311934
0.388029
0.369450
0.425469
0.447011
0.257751
0.271447
0.433239
0.375227
0.480817
0.499289
0.443883
0.394228
0.158630
0.281775
0.389369
0.152706
0.331627
0.383346
0.361500
0.273976
0.100144
0.202975
0.277546
0.427883
0.243118
0.342070
0.355079
0.342096
0.161499
0.260353
0.268018
0.288788
0.232462
0.212806
0.243635
0.378998
0.432074
0.465785
0.307705
0.218044
0.249221
0.232883
0.345569
0.420110
0.172849
0.341152
0.360324
0.295049
0.310049
0.253564
0.312887
0.380869
0.208669
0.174296
0.433366
0.336062
0.223362
0.230720
0.123905
0.234097
0.423732
0.285731
0.206262
0.222303
0.208677
0.351857
0.246974
0.189600
0.437195
0.206302
0.205326
0.207092
0.390256
0.371279
0.172653
0.347658
0.099078
0.187334
0.343562
0.376700
0.304882
0.228064
0.200508
0.167958
0.118977
0.177188
0.259057
0.115451
0.164587
0.201999
0.245395
0.435349
0.409999
0.260396
0.117482
0.139666
0.342752
0.438993
0.348051
0.347241
0.406558
0.271559
0.388326
0.351301
0.217511
0.228710
0.283933
0.356966
0.268341
0.306272
0.397892
0.457084
0.537915
0.480580
0.099250
0.181817
0.404982
0.386015
0.457634
0.256772
0.163587
0.270978
0.415624
0.163483
0.370221
0.268306
0.424076
0.300849
0.173595
0.176442
0.507253
0.568830
0.499735
0.488821
0.409590
0.410805
0.262461
0.198416
0.292027
0.201177
0.326832
0.093873
0.070187
0.262943
0.158036
0.466445
0.330832
0.264899
0.420153
0.454386
0.418018
0.385445
0.195260
0.324493
0.388272
0.168220
0.181878
0.326925
0.433344
0.204914
0.321920
0.597022
0.520192
0.438713
0.437448
0.438329
0.463261
0.425431
0.460604
0.470653
0.260579
0.277603
0.151459
0.189283
0.221720
0.505035
0.496378
0.486499
0.408903
0.382889
0.345953
0.461663
0.313960
0.339424
0.198135
0.217516
0.445431
0.470582
0.339445
0.338242
0.223437
0.324208
0.367847
0.362327
0.214647
0.198969
0.264040
0.417340
0.411203
0.179721
0.098983
0.233947
0.344488
0.405184
0.158729
0.289792
0.260074
0.233780
0.304636
0.552269
0.198446
0.352848
0.215332
0.277924
0.298219
0.182297
0.076862
0.211329
0.422121
0.434130
0.432944
0.274872
0.213465
0.139106
0.266245
0.439723
0.287759
0.321598
0.478613
0.337482
0.343694
0.287136
0.293229
0.335509
0.306556
0.353589
0.294931
0.330869
0.234171
0.408076
0.431018
0.201197
0.152173
0.335769
0.621556
0.164386
0.211124
0.280409
0.416848
0.385462
0.223915
0.216533
0.489447
0.224203
0.302356
0.293121
0.387982
0.140895
0.365804
0.335387
0.540919
0.390406
0.113755
0.121713
0.293761
0.341889
0.376588
0.357357
0.262784
0.171666
0.196542
0.195426
0.251736
0.105024
0.255538
0.304651
0.451929
0.412162
0.260013
0.307221
0.409563
0.317634
0.333485
0.360528
0.261087
0.443294
0.353473
0.371968
0.359149
0.396280
0.451804
0.265724
0.352907
0.276974
0.292918
0.233676
0.492460
0.476782
0.461424
0.508637
0.285998
0.204601
0.363355
0.453908
0.252442
0.305235
0.163412
0.379165
0.410473
0.073811
0.425516
0.456068
0.241294
0.315322
0.462744
0.283626
0.125238
0.180450
0.467048
0.536848
0.415277
0.451222
0.191367
0.202356
0.164265
0.129181
0.139180
0.083825
0.292962
0.280747
0.131473
0.262035
0.375537
0.218436
0.340857
0.321523
0.455056
0.445999
0.292405
0.394231
0.279532
0.284374
0.358263
0.424456
0.388764
0.405730
0.210579
0.287892
0.286210
0.294412
