0.0171922614645
0.0296370694471
0.00630477659051
0.00627005788973
0.0129586922828
0.00583752001126
0.00340895686834
0.00240771825938
0.0108314364716
0.0092228452008
0.0130339086503
0.00406968032727
0.00564023672766
0.00392585287482
0.00548703890982
0.00194957725669
0.00407639088707
0.00286591054173
0.00388998694205
0.00349226223393
0.00371329762906
0.00359276187007
0.0203454834407
0.0170418508594
0.00444425092468
0.00427521036139
0.00950135324846
0.00858929511302
0.00858676575348
0.00599625094791
0.00489363000992
0.00813384101853
0.00388758154366
0.00733796926
0.00758082356106
0.00769146195267
0.00878792814225
0.011030027683
0.0108928600238
0.0024431559859
0.00234825261486
0.00242936031946
0.00284366132135
0.00561837682068
0.00645740369749
0.00647876399125
0.00801622166465
0.0161338619028
0.00285985407113
0.00314354673987
0.00341417559939
0.00344878781618
0.00262001339114
0.00304367167339
0.00391950237194
0.0185600008225
0.0152066057855
0.0154854198735
0.0132408853332
0.0122571420852
0.0109400395431
0.0136087332636
0.0167923532594
0.0172701195905
0.0243599086533
0.00847666469731
0.00605849208871
0.00475819575503
0.00454630676905
0.00373202660864
0.0039531482232
0.00398069316955
0.0405948842628
0.0353736485149
0.0302474336144
0.0389858384692
0.028468547478
0.00477904972646
0.00564471770208
0.00554643222395
0.0099643493899
0.0130973794177
0.0172577472807
0.0181071040766
0.00721438670216
0.00265503478343
0.0120699474863
0.00668061431223
0.00628733738126
0.0051396873882
0.00497063694785
0.00623312725432
0.00828224943146
0.0212417840872
0.00295942228434
0.00993542388554
0.00630995927776
0.00405188840999
0.00554958357759
0.00496255760161
0.00489750099489
0.00506109069307
0.00676769001829
0.0224937070839
0.0282856568543
0.0267557408663
0.0305786786495
0.023239895484
0.00211671754748
0.00237804935951
0.00278639328454
0.00228053949443
0.00203353463998
0.00243300771872
0.00360987747166
0.00531544396117
0.0110827623337
0.00756287854404
0.00912027035289
0.00759001813699
0.00980898241254
0.018419341736
0.013711114473
0.0164729808879
0.0221493985841
0.00889982677936
0.00340432780212
0.00336601150878
0.00279850131867
0.00257527552576
0.00242960061418
0.00196820593536
0.00209792991034
0.0310439131878
0.00280981634022
0.00290217352467
0.00253449384677
0.00289599306309
0.0125606194918
0.0084053934118
0.00254062402789
0.0031823600591
0.00190506788765
0.00219169108616
0.00233709871966
0.00237828146788
0.0366737748532
0.0024116426186
0.00699778183191
0.00839337459614
0.00858579163793
0.00826783434474
0.0121728593703
0.0125528330317
0.0282896689421
0.0237037036866
0.0163380406898
0.0196344007466
0.0240312972902
0.027010638239
0.0342711946616
0.0243705079539
0.00730246133926
0.00685833086882
0.00820998989062
0.00772301971192
0.0088354705464
0.00592488888845
0.00499545865658
0.00732882841576
0.00775069982159
0.00603491968484
0.0057857455595
0.00696249561681
0.0060517260468
0.026704226154
0.0216043231892
0.0207815095491
0.0261587709058
0.00810729529653
0.00851929124459
0.00944022625694
0.00889436781594
0.00232059979177
0.00214969316202
0.00210730976454
0.00259530107828
0.0083703659103
0.0121910306735
0.0113324704435
0.0134182908544
0.00236214794985
0.00205915612193
0.0018304416173
0.00637663524669
0.00679741183816
0.00231160616624
0.00317079668214
0.00205876268764
0.00197814630011
0.00203331903689
0.00220236538478
0.00200585296304
0.00477330858294
0.00339166637202
0.00352611767838
0.00204505831346
0.00511612596886
0.0106481634636
0.00369043192251
0.00509192137106
0.00571346059492
0.00402597429189
0.00318595290359
0.0044684128912
0.00900059496202
0.0101558866045
0.0110056836613
0.00503541247123
0.00436183261861
0.00724755236437
0.00179599212495
0.00267935484766
0.0020363143825
0.0103241415604
0.00751730234135
0.0105618300363
0.0239817079875
0.00217400246301
0.00271064154788
0.00343872485423
0.00238283913115
0.02652905251
0.0253527974943
0.0315157802838
0.00337480684555
0.00316014741658
0.00244510566992
0.00236769347835
0.00298783087511
0.00240597813275
0.0243323007909
0.00982223416262
0.00929172944233
0.00549465342215
0.00644015701845
0.00239990957124
0.0213771615448
0.020082079756
0.00294786052111
0.00285839482628
0.0149062761529
0.0118972360223
0.0121754876459
0.00879568085617
0.00561840791001
0.00194688848892
0.00418792111114
0.00392551785085
0.00382590274381
0.00369805643878
0.00214350358645
0.00191977508217
0.00191092520839
0.00203906638877
0.00192717768846
0.00207416652298
0.0021189397667
0.00258391403794
0.00241444984005
0.00210815033718
0.00217313693151
0.00217060178895
0.00220471868688
0.00289731790869
0.00465400946345
0.00431626090801
0.00219142969838
0.00222897462212
0.00471065866745
0.00545727810893
0.00297280512124
0.00265370972491
0.00292018831046
0.00333220657893
0.00295391657988
0.00269639707745
0.00275629709945
0.00261533201823
0.00390465813624
0.00364035679411
0.00307290282232
0.00351311284318
0.00365560609681
0.00317555975256
0.00289760409954
0.00232940846862
0.00247864739012
0.00279181555415
0.00194859806032
0.00238679247657
0.00231104491634
0.0031415635001
0.00331071541892
0.00451474360179
0.00358364133201
0.00188549490261
0.00186842941238
0.00190608370623
0.0032326129279
0.00265020314053
0.00210268206212
0.00199337509159
0.00178921326295
0.0035267275472
0.00386501276744
0.00346316746509
0.00278801616099
0.00214276113593
0.00221815254182
0.00218325618548
0.00292806816647
0.00248522104546
0.00276495790746
0.010311098251
0.0101049498805
0.0121268447095
0.00298768030652
0.00688617370224
0.0087010825023
0.00307286437769
0.00310931493708
0.00694358584713
0.00251343857261
0.00230858908847
0.00244146833203
0.0023317305376
0.00307688759803
0.00296053752861
0.00399687800384
0.00509832157322
0.00493415660538
0.00174750565066
0.00181359973468
0.0026182519509
0.0020845625714
0.00203128799198
0.00215019452635
0.00240656969507
0.00192828239106
0.00224780264509
0.00203352986733
0.00196025527122
0.00177074510135
0.00328158154181
0.00227804803833
0.00296064361082
0.00260280752643
0.00216827213668
0.00250940663098
0.00211540538993
0.00231985344663
0.00284593079566
0.00311346006719
0.00288818856237
0.00252162228848
0.00292020298437
0.00235260039596
0.00191087373867
0.00230770129542
0.0264420021924
0.0118523921783
0.00768169491033
0.0112818636327
0.0062069509215
0.0146111191871
0.010922130036
0.0132543010943
0.0107590886525
0.0110798179706
0.011017329203
0.0126900835418
0.0138208916933
0.00463458243605
0.00500521322542
0.00546863986918
0.00573464452145
0.007517084257
0.00642591919818
0.00664123068043
0.00740314170369
0.00802415607946
0.00758562578715
0.00561758083826
0.0034965995954
0.00420745031357
0.00405181803904
0.00415376396353
0.00180695185873
0.00152357925859
0.00141199397369
0.00152778921401
0.00132615056102
0.00174982558514
0.00240937980098
0.00184999954338
0.0036086190928
0.0035187468607
0.00345113035179
0.00412749615866
0.00255078445754
0.00327868864154
0.0022929393776
0.00239497771999
0.00309239219589
0.0033097245713
0.00411454384596
0.00347761359644
0.0105133951654
0.00389758700231
0.00337850428062
0.00286763579933
0.00379217595138
0.00271255213878
0.00195755918676
0.0020176989148
0.0019068886325
0.00215060221288
0.00168274404451
0.00178807719058
0.00154501610563
0.00151900244512
0.00218504970539
0.00261906454107
0.00592727491521
0.00648544554923
0.00525917111348
0.00603829067245
0.00550131821059
0.00585789827101
0.00761289492803
0.00220566840292
0.00879600627425
0.00259273683202
0.00248008621913
0.00385463244974
0.0100362235603
0.0124755712693
0.00739739731698
0.00536435360902
0.00463263515297
0.00289098657775
0.00288574385991
0.00324985949039
0.00278228786011
0.00203606211046
0.00665269862145
0.0073337378539
0.00576366108006
0.0029774879121
0.00317103148108
0.00236490536575
0.00258668168654
0.00271013121045
0.00258454983797
0.0184676810964
0.0161778619783
0.0171496753108
0.0139727691722
0.0151495763137
0.0201250285398
0.0171428171608
0.00389270442875
0.00362296174827
0.0049230737802
0.00413361757755
0.00497125663931
0.00415667235368
0.00521353329325
0.00447482733255
0.00339125928556
0.00287172412646
0.00544825812373
0.00483059828524
0.00472888254276
0.0042079971263
0.00412029754488
0.0045785019572
0.0041086532741
0.00430798480321
0.0115292401823
0.0211188640239
0.0194876289722
0.00302929702659
0.0053797526337
0.00484536311405
0.00447242053092
0.00402950634827
0.00386927731543
0.00420130855416
0.00479604310829
0.00497324641403
0.00759594230617
0.00990494129962
0.00228777472833
0.00261844780666
0.00189883107926
0.00227679123029
0.00308476379842
0.00457048086007
0.00574461249531
0.00621502283788
0.00796346392662
0.00747988456992
0.00606899194769
0.0107633170695
0.00263086299807
0.00299641817258
0.00205120560405
0.00290436908394
0.0127808597376
0.0137443272145
0.0117643702593
0.0106159036873
0.0106587629232
0.0117111016116
0.0147934576366
0.0181226488155
0.0159053897121
0.0154901386658
0.0137076357191
0.00219525406601
0.00256904020184
0.00236238326601
0.00455358347016
0.00476070947931
0.00414711922067
0.0106941178732
0.012145076715
0.0151757219883
0.010495502469
0.00223027296876
0.00225822769831
0.00273019179941
0.00143116970178
0.00194418090431
0.00174233760283
0.00169050554259
0.00235901464362
0.00847625568018
0.00190350637798
0.00173163234139
0.00280827547571
0.00211052141511
0.00206792760794
0.00290483695196
0.0278678205012
0.0218743440267
0.0267667843477
0.0293118572602
0.0340506329013
0.0351565872924
0.02878774752
0.029136367882
0.033031371837
0.0310992051445
0.029130534741
0.0300184894376
0.0297110531434
0.0277716300324
0.0348552663414
0.0319679976267
0.0357556035631
0.0318118551068
0.035185672379
0.0186167811864
0.0330366524958
0.00943938651726
0.00999043969292
0.0068767817315
0.00817947942029
0.00745479312855
0.0084077511127
0.00961472607634
0.0113084844529
0.0157857758453
0.0195564657096
0.0169616482755
0.0280056394844
0.028753724905
0.00701046926833
0.005287093084
0.00628606400294
0.0052608751242
0.00712632641321
0.00547100707726
0.00649006465725
0.00818430219081
0.00282612137025
0.0026130363938
0.00264674101027
0.00315223746068
0.00327074505286
0.00315980306576
0.00222328617947
0.00208584059282
0.002078614173
0.00305513512543
0.00395134533248
0.00358019813743
0.00263500664959
0.00196409320065
0.00247716612026
0.00262343948441
0.00326243403791
0.0022063061036
0.00173479900435
0.001916395609
0.00220658320302
0.00368383251517
0.00232245909129
0.00224625454049
0.00181292559066
0.00214430000898
0.0029480814641
0.00276666126199
0.00264096560331
0.00285174352468
0.0212722440405
0.00273252067717
0.00284893317518
0.00315663588675
0.00361472752474
0.00303226484294
0.00266095750869
0.00276835675722
0.00266056692396
0.00308460153022
0.00358203703175
0.00369414624242
0.00293211812015
0.00348887793379
0.0032016325439
0.00903768600584
0.0105889312532
0.0249711601923
0.0146515838867
0.0138050852655
0.0311816753801
0.040512319272
0.0352517263773
0.0371512303931
0.0201972704521
0.0219526593549
0.019177850298
0.0161601373401
0.0184257483563
0.0225040271111
0.0089172780286
0.0136135912892
0.0173041565731
0.0116008222542
0.0127943187108
0.00997583176148
0.0097382247151
0.00861243228499
0.00232568039216
0.00385696151893
0.00396613997174
0.00561512491348
0.00543442136802
0.00501984512089
0.00831174315078
0.0103538300322
0.00886539570259
0.0131401749866
0.00436946021679
0.0184830042601
0.0314560750433
0.00189851510395
0.00149107634717
0.00208889726304
0.0015707545154
0.0013464836374
0.00151490888454
0.00161585714543
0.0016192425098
0.00144175951047
0.00168167708533
0.00179345202077
0.00219091095468
0.00242357118992
0.00308948889201
0.00281370882333
0.00203209830939
0.00144699038581
0.00113966899492
0.00122312173332
0.00185562920515
0.0201658146517
0.0229316105649
0.00710330593475
0.00839222205284
0.00939214762628
0.00776303522261
0.00822645558586
0.00612472314194
0.008174800433
0.0178704689719
0.0130405771355
0.0156061984466
0.00185711036591
0.00178787239974
0.00932934405847
0.0100581691245
0.00257592093309
0.00255658523161
0.00128777455528
0.00159832158788
0.0228232843295
0.0256035729645
0.0257673929908
0.0244407169422
0.0238520872286
0.0212590824762
0.0220320049113
0.0217050373068
0.0197100429781
0.0126855146058
0.0284910891082
0.0127706556458
0.0192358678253
0.0184619671247
0.0270341158459
0.0177488325115
0.0167876306036
0.0147178029807
0.0099801473368
0.00996317696546
0.0133800538509
0.0163254634109
0.00695314289576
0.0134778684094
0.00781944940938
0.00585862152957
0.00683124264425
0.00683511160405
0.00581336715654
0.00419705115469
0.00356663656308
0.00329387829818
0.00399673733891
0.00477279887074
0.00602485861397
0.00895677746019
0.00862344711938
0.00944397280083
0.0079513990258
0.018909889298
0.00770124271379
0.00905071565491
0.00211555239221
0.00193031595422
0.0134230913754
0.0113896680844
0.0292928570898
0.0248396305028
0.0299529199205
0.0251570876794
0.0236725304455
0.0256257830327
0.0267746780546
0.027165822696
0.0134485107322
0.0147716909997
0.00929321555642
0.00936056442379
0.00895167114404
0.0122984598161
0.0185034649647
0.0149943013832
0.0102159438187
0.00841540830704
0.00977047772532
0.00987680860722
0.0109282447171
0.00787269355339
0.0089884432301
0.00991670448047
0.00502455587217
0.00576031871223
0.0118841039076
0.00803568626216
0.00436996255666
0.00370946736282
0.00409453134791
0.00426425883619
0.00113351006058
0.00276564660289
0.00220466165766
0.00247453915351
0.00224572663552
0.0030304349796
0.00265414773992
0.00391550394238
0.00293898869274
0.00279126745329
0.00290382647137
0.0175934106807
0.0137894314921
0.0114536364569
0.00998392905802
0.00899153918479
0.00962823894318
0.00978905925893
0.00906269466763
0.00977189469592
0.0102297860883
0.00982234999964
0.00932534885982
0.00999889056233
0.0114711482064
0.0155497832554
0.0180505697636
0.00397425567031
0.00458792500732
0.00314370661217
0.00237231805873
0.00239598552546
0.00276332382927
0.00219704983812
0.00189879343627
0.00232392549606
0.00187296081223
0.0029118687033
0.00258307327674
0.00207690748389
0.00254811526824
0.00192637879551
0.00158341666346
0.00199054636085
0.00146389887345
0.00187283350347
0.00168969308728
0.00180324317713
0.0014765223694
0.00160083157569
0.00282902416006
0.00236023963447
0.00253366390429
0.00193093189504
0.00211519509917
0.00208492685197
0.00197515064689
0.00140326924939
0.00151631269432
0.00156937101789
0.00182000855694
0.0021275392475
0.00145489639054
0.0030814408014
0.00276879753481
0.00117026383593
0.00158615275396
0.00221664963731
0.0136522362358
0.00741871314819
0.00977115701274
0.00443618053165
0.00373515702164
0.00207581641413
0.0016029830009
0.00151521202461
0.00146844085661
0.00214361493422
0.00209933498287
0.00230679383254
0.00387097864051
0.00394943489606
0.00450097385104
0.00536275380514
0.00295849516456
0.00297295351034
0.00289459915713
0.00377727264909
0.0223659481762
0.0223959344763
0.00173671683732
0.00170826952077
0.00140627232531
0.00137230938447
0.0114378805111
0.0102916373057
0.00381091799392
0.00431815401183
0.0146323460736
0.00940536237105
0.00768223009672
0.00838845785832
0.00881169458648
0.0131679210685
0.0135981198588
0.00132440904774
0.00155959043943
0.00149244092887
0.002170061651
0.00249639148261
0.00187645380794
0.00389469538604
0.0169598301026
0.0155682953964
0.0271829897164
0.0263562317683
0.0291527175236
0.0247777081248
0.00914290645058
0.00788292519924
0.00586938581046
0.0104699900504
0.0144963888038
0.0109000786119
0.00255222927168
0.00242722668684
0.00334266810367
0.00302144371775
0.00248540309213
0.00288621091109
0.00423373266217
0.0039896601352
0.00330582625308
0.00674015336999
0.00855790687602
0.00665461199241
0.00443790267252
0.00409670541884
0.00526784305171
0.00387207923935
0.00491221497772
0.00368415661512
0.00248101224397
0.00164579456962
0.00514805094427
0.00612479738249
0.00567802124092
0.00441276818691
0.00257005850957
0.00370472455242
0.00379090934973
0.0037243938769
0.00335389777343
0.00353805266929
0.00340495865644
0.0025515905114
0.00188509533481
0.0169593901558
0.0132068458155
0.00967376706764
0.00871025886416
0.00983112738019
0.00970232550504
0.00885828598969
0.0099241460819
0.0105833142952
0.00809088183083
0.00934392029194
0.0019321297262
0.00193717092201
0.00201866046443
0.00215147714787
0.0281713878477
0.0216543839051
0.0196042612842
0.0216065431911
0.0270096309093
0.0232188778777
0.0237393680228
0.0247081149766
0.0245927154076
0.0298086608439
0.0292698083814
0.0329574631931
0.0129910183288
0.0132682478614
0.00575235370178
0.00496027735611
0.00683728776339
0.00543918823009
0.00985784168785
0.0145722829254
0.0233976972031
0.0231696540443
0.0143029106975
0.0184499337508
0.0169645848963
0.0102148572688
0.0102964320035
0.00907813496717
0.0103647964478
0.0137277553903
0.00868139322183
0.017718818494
0.0191092929194
0.0155851660423
0.0251285040002
0.0281275553671
0.0171103675881
0.0245973258454
0.00326698884849
0.00258679578907
0.0207249839042
0.0175693434602
0.0180431219619
0.020828046444
0.00149897303392
0.00169957866124
0.0125226074958
0.0109484422285
0.00831027255494
0.00835436646133
0.00615260963586
0.00351562431186
0.00306598402629
0.00298413080174
0.00337319118524
0.00253969636262
0.00619953959863
0.00626365881648
0.00601108272704
0.00582601496002
0.00465956678393
0.0042026282952
0.0045382144542
0.0188221050801
0.0137744411646
0.018251008161
0.0170517643979
0.00240976632737
0.00249064881524
0.00540322662703
0.00456212539198
0.00590073428786
0.00476879940267
0.00155148781357
0.00186230692148
0.00130142841863
0.00164316071974
0.0131305172626
0.0117916565864
0.00971356157865
0.0078094952815
0.00708829444458
0.00728742491555
0.00520842261145
0.0041361719756
0.00732573054266
0.00761104971584
0.00288998980845
0.00301936531788
0.00350265511079
0.00559598614881
0.00143078335386
0.00103960836077
0.00102340214759
0.00121529935858
0.000935041809349
0.00111624756171
0.00143865540978
0.00131212634581
0.00100082670145
0.000984633315433
0.00116993109842
0.00128143416984
0.00155135120736
0.00190959013016
0.00153815169721
0.00511399165585
0.00406964903553
0.00524376985361
0.00195705438564
0.00143588836283
0.00131560815169
0.00221612873951
0.0022938770031
0.00608718380636
0.00398613309526
0.00321168563626
0.00369271122478
0.00351961209403
0.00919520182736
0.00393380678124
0.00700383460465
0.00451490371345
0.00554120606784
0.0050713892345
0.00445582446782
0.00569715711739
0.00447480738191
0.00338360032659
0.00411641862532
0.00414280287008
0.00566992126372
0.00460680301518
0.00615214590261
0.00241079318714
0.00211914894235
0.00169425659062
0.00156418846111
0.0017649601088
0.00164168978769
0.00553963791858
0.00573081823545
0.00481489184984
0.00719577419782
0.0049629465672
0.00555349826741
0.00560534020065
0.00637061941106
0.00955981892253
0.0122931516246
0.00115505374756
0.00114497808079
0.00149291723542
0.00348395659449
0.00296296846089
0.00226197953352
0.00167320920847
0.00172482925814
0.00191671203653
0.00222257978021
0.00246558729905
0.00220270189937
0.0226693800944
0.0212369688353
0.0146007435806
0.0182211071928
0.0181701102582
0.016769378841
0.00506191867416
0.00246309464859
0.00424532822516
0.0036547851282
0.00406670622748
0.00389764339141
0.00599154385024
0.00252303640097
0.00160085514804
0.00111235066041
0.00124900985457
0.00113118829911
0.00107446943361
0.000870823784786
0.00130264444669
0.00120109310052
0.00225989632462
0.00508390424091
0.00613477504366
0.00504494484848
0.00466880655665
0.00177900966733
0.001452274312
0.00115683135333
0.00119248008269
0.00125290507645
0.00184823597811
0.00177504197396
0.00145060196379
0.00208860143237
0.00130895698617
0.00392278376951
0.00160548860775
0.00147046614516
0.00153110716601
0.00102946219478
0.00122568891357
0.00148033967253
0.00172530230524
0.00257823626555
0.0017507823607
0.00265890253394
0.00287348663007
0.00273947478519
0.00151177457538
0.00159634918583
0.00121162715478
0.00105314003128
0.00193674554403
0.00122843279159
0.00194851923172
0.00158144316118
0.00194917400149
0.00170004336314
0.00201373355777
0.00226095777464
0.0022554568207
0.0202120294827
0.0229355179423
0.00163537812745
0.0015817749015
0.000914345597018
0.000918616367534
0.00135867635144
0.000971691145462
0.00175034147933
0.00141251338103
0.00130474685136
0.00146230748474
0.00176280119679
0.00147803557818
0.00170100614785
0.0015976797682
0.00125643742137
0.00123616654472
0.0014295439291
0.00129267746765
0.00199302712111
0.00219382413772
0.00166636480214
0.00137233924226
0.00156675040182
0.00144877825066
0.00176148458761
0.00171040693264
0.00225263923302
0.00284585204632
0.00231001626617
0.00173440173433
0.00139065238507
0.00142365678062
0.0023460131304
0.00181897172763
0.00148189661656
0.0032629706004
0.00273566597794
0.0036080988702
0.00296024992973
0.00526882534759
0.00585284499343
0.00173268711299
0.00152954719113
0.00214803169245
0.00239377959658
0.00245309346097
0.00271249001099
0.00733091020267
0.00818297702542
0.00273469606605
0.00297552101653
0.00443013752826
0.00428917485989
0.00217479015304
0.00226158901677
0.00198104496287
0.00185327492283
0.0178136224989
0.0173245910241
0.0128664160503
0.0114251697279
0.0127131415044
0.0154514288178
0.012621061706
0.0130690652329
0.016660030232
0.0262697571225
0.00192611276166
0.00165319600301
0.00391306813202
0.00316570210269
0.0035547825266
0.00348324990866
0.00355334048
0.00359288591374
0.00382548712948
0.00411771434473
0.00891069551072
0.0108187572514
0.0122522405113
0.00903091024877
0.0102681874258
0.0103335950766
0.00213804288099
0.00164172310161
0.00252383027561
0.00261576160562
0.00151166865791
0.00154803105692
0.00130492690088
0.00177818674708
0.00148288699289
0.00118400428106
0.000967101722404
0.00189874427122
0.00147344847574
0.00148495853471
0.00882756019264
0.00659520157718
0.00489672558044
0.00559313652746
0.00547068857894
0.00473192786847
0.00196813456894
0.00200019550907
0.00229009718512
0.00200718550785
0.00129336515925
0.00139483944338
0.00161262909376
0.00136729840556
0.00198866078008
0.00186915569742
0.00563969872996
0.00857705099253
0.00728039373195
0.0203764520854
0.018256169994
0.00425340386935
0.00408880922464
0.00541289444378
0.00425310692369
0.0023480349645
0.00231867105549
0.00228710047939
0.00196101240977
0.00263536297411
0.00285956409987
0.00255202420988
0.0026689348901
0.00219342639523
0.00178864365037
0.00192990818572
0.00235797933234
0.00205052655862
0.00324035077013
0.00170509237641
0.00168321081845
0.00261326738891
0.0020417896787
0.0030391293023
0.00213865562322
0.00500085740595
0.00413560425989
0.00136689876293
0.00142771906573
0.00143140965368
0.00208918962647
0.00480658417907
0.0082242756239
0.00578050181247
0.00606478966886
0.00340240472483
0.00285418661761
0.00353123829439
0.00374170824844
0.0062595298783
0.00717285508279
0.00375976698615
0.00298944116916
0.00425738492795
0.00319165283751
0.00390938071362
0.00412530842525
0.00437974467249
0.00334854497809
0.00567557893721
0.00710087724101
0.00944223152404
0.0151141246217
0.0183687543484
0.0140370389472
0.0136130219027
0.00775230642334
0.00683215179284
0.00439814183991
0.00388394853702
0.00437525492287
0.00398530737768
0.00288728242588
0.00336827687717
0.00294110115339
0.00395308036821
0.00324604985158
0.00428551573594
0.00355750065032
0.00480514570679
0.00574983287274
0.00416974351505
0.00547431100129
0.00658749765438
0.00574421515156
0.00732089460979
0.00917954083919
0.00968073167201
0.00996530346731
0.0102893723484
0.0158047816315
0.0135080842812
0.0107285657205
0.00657399479359
0.00165094415088
0.00150781995565
0.00157904153261
0.00215008721788
0.00163692301351
0.00218434385105
0.00325234594781
0.00169588419292
0.000984647032413
0.000891172939143
0.00125877051944
0.000955321528608
0.00148797991561
0.00471551065533
0.00538575201706
0.00969746173815
0.00593088598897
0.00292023648481
0.00192505937244
0.00399436934981
0.00417028476893
0.00173480272472
0.00616906943035
0.00513250397407
0.0041696764086
0.00447602958687
0.00100070232799
0.000795077131748
0.000775653798688
0.000899818935209
0.000758385366004
0.000729577727755
0.000978483203575
0.000765504077855
0.00135957198989
0.000876431078666
0.00092335585073
0.00107403843413
0.000882336465844
0.000635055380281
0.000607292776532
0.000675898408235
0.000952423047817
0.00270504593333
0.0022411179614
0.00260042612966
0.0028167887771
0.00279037480035
0.0024914386017
0.0026986113139
0.0032323477787
0.00338368743868
0.00328653243398
0.00326751911048
0.00378815928264
0.00453421762448
0.00475302754821
0.00554365850203
0.00530383976996
0.00340963656107
0.00253684359088
0.00255968474615
0.00300142808396
0.00414509062604
0.00352729425591
0.0028548282396
0.00434283663672
0.00404455828331
0.00426596486109
0.00266498041758
0.00213914514958
0.0028895777273
0.00275605889503
0.00127562373999
0.000986814287048
0.00126443603737
0.00158542248397
0.00268922151277
0.00224867197016
0.00276922151545
0.00339832890081
0.00379144585519
0.00377696405159
0.00311676298325
0.00211033941308
0.00238051989563
0.00219493123016
0.00311221183365
0.0035305637457
0.00550136701829
0.0043059575036
0.00425121752298
0.00442941700032
0.000933491768622
0.000815073023361
0.000898023261458
0.000904456701592
0.00144503402055
0.00128552774534
0.0011146766247
0.0010660608323
0.00151390053347
0.00164949456757
0.0013962598503
0.00101370336246
0.00122445522323
0.00134754971686
0.00249671890817
0.00172326883273
0.00175669656384
0.00159715100583
0.00186911645461
0.00173119128545
0.00134231735575
0.00107379977871
0.00163465224298
0.00124401528978
0.0009680055197
0.00107565596243
0.00112306915985
0.00167151112667
0.0017530657506
0.00125689469732
0.0013886938813
0.00102220410075
0.000792571427761
0.000919994131863
0.00111023297203
0.00239592030369
0.00211868100852
0.00268346345349
0.00274217070693
0.0062704412517
0.00402133840602
0.00460529582634
0.00436588357664
0.00319443496464
0.00199110770145
0.00157000108233
0.00420448190876
0.00452808384013
0.00359937434208
0.00361959619675
0.00422709197824
0.00373762806565
0.00166295059575
0.00206607222084
0.00227566124168
0.00186058178721
0.0102878874104
0.0104225444881
0.0111087240319
0.00853607967497
0.00281676904746
0.00321180107575
0.00421409008446
0.00350021482281
0.00234100346932
0.00262047930485
0.00109288244002
0.00137103693042
0.00114297677151
0.00162917470272
0.00118415020895
0.00117084850258
0.00403593041226
0.00481991431641
0.00641477786595
0.0074903222408
0.00129428641939
0.00122587053398
0.00116469386216
0.00118402598773
0.00145585854802
0.00189333806518
0.000979230568604
0.00100769373788
0.00809965999004
0.0085000763948
0.0083813672
0.0071080439559
0.00691063875415
0.00912664679299
0.0017744240554
0.00198661509817
0.00306908431177
0.00416977901566
0.00166833753733
0.00150155688639
0.00142383947454
0.00224765310934
0.00143222569096
0.00129170258699
0.00324054833652
0.00238710872333
0.00112529793569
0.00101778426373
0.00118970883506
0.00124030470674
0.00173937321488
0.00167503584683
0.00118972154538
0.00128851732515
0.000846772642595
0.000859278653928
0.000968239965204
0.00100408681405
0.00311689462718
0.00344189607932
0.00135760044559
0.00545294448229
0.00401865751351
0.00148757439543
0.00118855937394
0.00126578998666
0.0015495735542
0.00272183483901
0.00334610140452
0.00204604936658
0.0018008001329
0.00180646582692
0.0020374979357
0.00262451057481
0.00208533880914
0.00396917995184
0.00296225301178
0.00120327272697
0.000895635433456
0.000795812438014
0.000820893330806
0.00108187804277
0.00272525015157
0.00181500401062
0.00790173711609
0.00833512385681
0.00400508018607
0.00443047458042
0.00792386540826
0.00498306703452
0.00345470677459
0.00373115368262
0.00156286836423
0.00240872010787
0.00201672869752
0.00150465786982
0.00120082297017
0.00151986629727
0.00775340941694
0.00569790025807
0.00849636254679
0.00664221339326
0.00110810643434
0.00101048345323
0.00114715792353
0.000987054675604
0.00180260555497
0.00134611559636
0.00139998966604
0.00129472985607
0.00354434219806
0.00370137441024
0.00144129090056
0.00125202067707
0.00153377324145
0.00144058514443
0.00112126428259
0.000902223268693
0.000937016535875
0.00124761375137
0.00075862455666
0.000752291153164
0.00355741039756
0.00318226314757
0.00128319094672
0.00130517095003
0.00196921114442
0.00161926132077
0.00148460756348
0.00168992320527
0.0103000750086
0.0111170745111
0.00170712892356
0.00198253018768
0.000936834700861
0.000766162112612
0.000828936999496
0.00105518766894
0.00199012465343
0.00193855267546
0.00207886101779
0.00194210001545
0.00163141387325
0.00137124981115
0.00159167255619
0.00131476466313
0.00327039335705
0.00364354914067
0.0011224283322
0.0010795101228
0.00127063548546
0.00109229478155
0.00161536067167
0.00224808748797
0.00176389063587
0.00220182388438
0.0012048812132
0.00235265115107
0.0105249514493
0.0103391143704
0.00173747198212
0.00165673400926
0.0021951245852
0.00193887588728
0.00299967894271
0.00299832478704
0.00331021228606
0.00280086027645
0.0045482629439
0.00509600935273
0.00293873299824
0.0030098496928
0.00374762783789
0.00362703868872
0.00250050867878
0.00212913633422
0.00176007646222
0.00209770990468
0.00242463747914
0.00238938846501
0.00314574194048
0.00248456891772
0.0137592652652
0.0135611418647
0.0098345532678
0.00865527753362
0.0100389406837
0.00946047384501
0.00250830066651
0.0021887733156
0.00228454621159
0.00203727352093
0.00233543394385
0.00291973542722
0.0096798811484
0.0107858299245
0.00353337053106
0.00428021065265
0.00362282385969
0.00312029508549
0.0172327950662
0.0171588750715
0.00904468600297
0.00925047762114
0.00997066222425
0.00880503379099
0.00292712208408
0.00201635686003
0.0027338979527
0.00369283407714
0.00213795624636
0.00185859342885
0.00181986066563
0.00198752620297
0.0021426241071
0.00299456120423
0.00127691444634
0.00162184804653
0.00182577938195
0.00157876660974
0.00202281663124
0.00180100772312
0.00178953256292
0.00200627244048
0.00185492566614
0.00218831971496
0.00106347852011
0.000877019128166
0.000964512688976
0.000953713611797
0.00107475170166
0.000944946057793
0.000991850683581
0.0013088550203
0.00203994877289
0.00165161342079
0.00409117174515
0.00612121890926
0.00252405498897
0.00277129289385
0.00226500611411
0.00346065519239
0.00368407820383
0.0037936304812
0.00264373804379
0.00361190513026
0.00154424068894
0.00196146436159
0.00182068141053
0.00238215663405
0.00085755548911
0.000612167826809
0.000646523288349
0.000759163304925
0.00218316957546
0.0020568790801
0.00203577717879
0.00250567747466
0.000964760889195
0.000795392019933
0.00102089461376
0.000764276614839
0.00335724090098
0.00279823865573
0.00496308600297
0.00526948713267
0.0101693614977
0.0142230933502
0.0152912779437
0.0149915317428
0.00763820553721
0.00791724220234
0.00893503911617
0.00885037448419
0.0138349338024
0.0133196994341
0.014063817958
0.013426609158
0.00183931627087
0.00184239875126
0.00127037629363
0.00102509292373
0.00116066787911
0.0012072022285
0.0011381363766
0.000954196158387
0.000930790766835
0.00111444323603
0.00189751338792
0.00184029566256
0.0015248181906
0.00162708971931
0.00411715903728
0.00381965784769
0.00155682083346
0.00131889215461
0.000853995602854
0.000701238053425
0.000682986128223
0.000838013572826
0.00728857706963
0.00563888068478
0.00627436139386
0.00502602333001
0.00622766879747
0.00529822564753
0.00816554124862
0.00894441879006
0.000931097541514
0.000961957279822
0.00112945982604
0.00120115862291
0.000967012710283
0.000769807846127
0.000866133433532
0.000933657042002
0.00165303601395
0.00149186377739
0.00133136254019
0.00150994657958
0.000745268698962
0.000589032005177
0.000576643599398
0.000815267046986
0.0125223581348
0.0147349481116
0.00959310623109
0.00860231971885
0.00934641058267
0.00978728080311
0.00292846940983
0.00297924401739
0.00141252042914
0.001679736981
0.00305067823849
0.00362550663015
0.00321634099865
0.00387082732093
0.00105552413778
0.00110234806258
0.0148826392428
0.0159565797693
0.00129506258081
0.00154159158966
0.000790273014574
0.000706772370538
0.000791577015579
0.000738560887936
0.0014473243345
0.00135440995822
0.00126533639554
0.00133789390411
0.00148820394675
0.00135256586139
0.00222565107502
0.00196188380132
0.00141323922674
0.00135199845502
0.00196104442909
0.00163917188858
0.00316187212314
0.00255145042534
0.00313485671318
0.00308420532806
0.00577910830036
0.00580980278277
0.00319169834032
0.00355463772469
0.00155688507571
0.00140798969558
0.000849893746764
0.000768159465521
0.000923545220244
0.000945482807347
0.00195176299824
0.00220176467866
0.00250129530681
0.00225332029204
0.00350154541677
0.00508235946841
0.00204949759267
0.0018788585573
0.00198244122043
0.00188777329851
0.001639833412
0.001279135445
0.0022232969199
0.00256418927556
0.00171144151202
0.00165024064211
0.00175996576364
0.00164152157643
0.00980405928616
0.0105472894473
0.013363789159
0.0124593169304
0.00282557160419
0.00229054003452
0.00155365287705
0.00181210794941
0.000973190091401
0.00118501781862
0.00120481976104
0.000900785184265
0.00161319558685
0.00168936777356
0.00177263682838
0.0015196401919
0.00690313165232
0.0062971628252
0.00616798265913
0.00702983253506
0.0129086348498
0.0132405328012
0.00441793683845
0.00441315574255
0.00167735688017
0.00130244554506
0.00273133785256
0.00230265564938
0.0130178377299
0.0129945030493
0.00165729739232
0.00154597142253
0.00538750120785
0.0101529093078
0.00496209586613
0.00423213193952
0.00336826963608
0.00399070523515
0.00695457702977
0.00552220570857
0.0113916264502
0.010362061465
0.00109775210952
0.00113521324472
0.0084605544169
0.00912026048382
0.0098010668355
0.00968100595818
0.00356970851894
0.00288046475745
0.000763602015992
0.000696088066288
0.00109908836379
0.000909297169404
0.00505035446792
0.00459154524836
0.00533082108476
0.00530096899915
0.00399780679718
0.00296192576449
0.00366827049414
0.00227663635173
0.00103306096424
0.000911623446316
0.000800022647803
0.000854319463794
0.000706531692829
0.000590101622755
0.00066528091215
0.000828992749787
0.000599571880201
0.000661573367379
0.00064385529771
0.000650585571313
0.0010005390083
0.000802554647694
0.00105484162124
0.000780759226255
0.0014040216801
0.00112955139069
0.00117631891453
0.00106803640841
0.00918240545718
0.00784415040152
0.00279704992845
0.00236467931899
0.00333497370657
0.00308882964511
0.00181398829445
0.0020411324769
0.00252957874142
0.00217617501511
0.00272221656593
0.00251109635206
0.00479116123847
0.00511446818957
0.00662420201871
0.00512594317217
0.00501570487303
0.00616918075738
0.00473608774039
0.00459185166751
0.00100508773756
0.000839822572745
0.0010904094437
0.000774238175842
0.00089610055977
0.000779307311211
0.000878007494576
0.00102084303415
0.000898052565588
0.000672540295557
0.000795841351972
0.000700275976976
0.000764259654982
0.000619159131034
0.00060526974984
0.000661014811873
0.002273074609
0.00242565181354
0.00353780143872
0.00381611536106
0.00393063203214
0.00326485728097
0.00564188453955
0.00712700640801
0.00131588870591
0.00120711837254
0.00159148829615
0.0013830880839
0.00171481573428
0.00166779074375
0.00105698636268
0.000824985037825
0.00205971049585
0.00190888634937
0.00135585533715
0.00103072408983
0.0013409157536
0.00141200299645
0.00299750990827
0.00313655694181
0.00368799765358
0.00373703037249
0.00374841646376
0.00475209049467
0.00380015589947
0.0033202884806
0.00313984138788
0.00363640906818
0.00355879177669
0.00324840561538
0.005349894672
0.00387461612346
0.00118236388464
0.00123715995769
0.000809521267991
0.0010570917425
0.000848916096049
0.000757891960851
0.000806012568231
0.000972114659143
0.00066836752232
0.000866865815962
0.00169497040713
0.00154018869771
0.00200840930164
0.00199850618567
0.000634355115819
0.000658248879182
0.000638571313707
0.000930750598127
0.000806877308004
0.00068815404083
0.000651192565192
0.000832343702419
0.0011014170526
0.00096989579753
0.000850651500791
0.00111714819707
0.000696096970948
0.000886633423675
0.00099652128741
0.000744469861309
0.000658629153811
0.00065526863871
0.000967355114066
0.00105462859416
0.00106313852444
0.00116782500178
0.000623596886161
0.000681547550587
0.000543952507641
0.000499909422167
0.000441514141254
0.000684965149775
0.00330814758846
0.00396393717181
0.00394931500083
0.00360889960947
0.00363677621015
0.00417589808158
