0.0872827178362
0.1005148461
0.0381997208052
0.0665706215811
0.0623664772894
0.0280310168194
0.03415748629
0.0417021701551
0.0355488792715
0.0343703755818
0.0472691887244
0.0206828685347
0.0264667922597
0.0420698896287
0.0303772059408
0.0231667041021
0.0147013708464
0.0173256744499
0.0206799500502
0.0196518481312
0.0226371718863
0.0367616244155
0.0350268703483
0.0184397791927
0.0217612462933
0.021888862651
0.020547686468
0.0205537536011
0.0318604321179
0.0187048608154
0.0181573649164
0.015825873049
0.0251898578096
0.0140457220741
0.0101927624311
0.00985244542271
0.00974463479857
0.00952704448343
0.0084516130069
0.0132687171762
0.00692440647397
0.0074146299521
0.00961687458789
0.00865089094387
0.00981003743429
0.00960969212954
0.00853637156475
0.00731373134964
0.00688345487875
0.0150196122985
0.0167691744263
0.028600822591
0.00541472750186
0.00479506859242
0.0062370343776
0.007992180413
0.0104852578347
0.0126115210928
0.01123439687
0.00882482080127
0.0065459244684
0.031173959286
0.0269156194374
0.0445288295934
0.0438322161279
0.0634135417436
0.0672729397853
0.0409708697691
0.0489630841375
0.0282817300241
0.0198685009005
0.0320049710142
0.0179803812738
0.017532833996
0.0290558546993
0.0243671315645
0.00852959040162
0.0259715492051
0.0267426811448
0.0133886493113
0.0215630815423
0.0110450525407
0.00574740316418
0.00588296179792
0.00783029000199
0.00586006957452
0.00603204353361
0.00583805803947
0.00539965797909
0.00870304433993
0.00755349452134
0.00502957417587
0.00711464540832
0.00733956649802
0.0144413153333
0.0155252809245
0.00987672951669
0.00750152133958
0.00702898782235
0.00669351446527
0.00490496128123
0.00547952691836
0.00463263750715
0.00579006962712
0.00474153659735
0.00662929382619
0.00752771151828
0.00639354338272
0.0102132447443
0.00640607939304
0.007545745749
0.00746949094017
0.00750787818776
0.00648780046659
0.010959910411
0.0114313897907
0.0111252909897
0.00780478413474
0.0116910443006
0.0136408405997
0.0119358838961
0.00777573663896
0.0117132034288
0.0101245720703
0.00910656366244
0.00904026664796
0.00863072483671
0.00846432728951
0.00865079486692
0.0101909165208
0.011891196235
0.00750897322043
0.00860241629851
0.00767844337285
0.0317997495754
0.00796049281518
0.0121197348023
0.0123597441728
0.0126329913763
0.00903662508691
0.0163488164465
0.0164814253221
0.0227808080288
0.0565406255475
0.0670205032549
0.0237168571552
0.0278490292904
0.0356428418034
0.0293452202459
0.0261590948203
0.0296030255812
0.00860818529828
0.00719753078741
0.0105055105433
0.0207638521699
0.0127972784919
0.0120891173896
0.00896246664242
0.00907515237761
0.00933799473797
0.0109652062552
0.00822347917323
0.00718093451819
0.00975245134624
0.0212007468151
0.0121790931641
0.015057955496
0.0149512161114
0.0125690420872
0.0248842161619
0.0105293698048
0.00774887990791
0.0131305322379
0.0135522966841
0.0142931702595
0.0100218951729
0.00780918433836
0.00676143468571
0.00812775734671
0.0073580253708
0.00756048924931
0.00877238795102
0.00852775796434
0.00829096856948
0.00848166844664
0.00828700443712
0.00749470052343
0.0119006539292
0.0078493104743
0.00848970438612
0.0132044930711
0.00768853391025
0.0128049058424
0.00622119791599
0.00780035726648
0.0106184730084
0.00585322851556
0.0055832603854
0.00560711183387
0.00728058778125
0.0105609660997
0.0104449301349
0.00666581964408
0.00617293418184
0.0116403410861
0.00919494651937
0.00707071731089
0.00841373423097
0.00538650117036
0.00844497018516
0.00658106743018
0.00533515266906
0.00817599775907
0.0088581954428
0.00689156118378
0.00746424343225
0.00861388930648
0.0127139257855
0.00895303856764
0.00958273579782
0.00783679367952
0.0208075292582
0.046604979786
0.0262584132436
0.0123154487335
0.00820087659866
0.00849038307526
0.00795570624363
0.00818431630891
0.0093998926045
0.0104381532941
0.0159456759377
0.00929617108754
0.00814533316203
0.0117295641016
0.0115805522882
0.0200927639811
0.0143451348483
0.0125117984003
0.0189891662784
0.0124052848499
0.0111592792729
0.0151385706149
0.0108270393493
0.0151221335754
0.00937173802563
0.013449399269
0.00983510859915
0.0103233720695
0.00750773434423
0.0098254970872
0.0106944536312
0.0111968031736
0.00863147488813
0.0124585925848
0.00978988742366
0.00983564021167
0.0116591713945
0.00992737013176
0.00827177380867
0.00730976702816
0.00818329852829
0.00706419703023
0.00753626121191
0.0102073985692
0.00943248874911
0.0108237030158
0.0184105139223
0.0160243544301
0.0199056529854
0.0225390936564
0.010263308255
0.0128216037092
0.0216445603403
0.0224873232781
0.0125196451195
0.00974777591943
0.0114973928876
0.00928722925766
0.00829114330882
0.00764140674296
0.00726493387309
0.00794651474121
0.00977641857008
0.00661729147249
0.00638982285767
0.0105848196828
0.00954883863152
0.00944073607947
0.00832585410203
0.0132428042081
0.00398559337559
0.00382961050532
0.00844260734363
0.00719884700856
0.00781806294696
0.00766954246441
0.00905207862671
0.00703988237604
0.00787869390753
0.00800716624236
0.00491122395146
0.00408240278296
0.00535494548417
0.0043606268175
0.00446613453595
0.00367635817866
0.00436853761802
0.00424285231601
0.00515779273059
0.0060445793442
0.00712503901541
0.0133950456821
0.0197823876514
0.00910260495757
0.00766702639638
0.00747627850462
0.00522281283632
0.00346424624912
0.00282949445068
0.00350487362822
0.00295921948535
0.00394322259112
0.00362300387168
0.0216058169335
0.0246652349055
0.00717222556278
0.00814560583061
0.00992921891998
0.0107561722286
0.00356029006735
0.00334370905642
0.00395937264963
0.00367348188572
0.0285075751303
0.0288710277638
0.0172237800066
0.0152081962795
0.0154115151966
0.0167151515633
0.0271161592997
0.0270731160335
0.0248611007908
0.019866412204
0.0183757128621
0.0169942509339
0.0355354493762
0.0368532987449
0.0212534314882
0.0230865527953
0.0174651067641
0.0191788567867
0.00544370824341
0.00389291345099
0.00621620129555
0.00627885956589
0.00771956313898
0.00608864677351
0.00525688902899
0.00375641401423
0.0056465537768
0.00383485271729
0.00671451305015
0.00741441294088
0.0068806036913
0.00500351708206
0.00420342032667
0.00294135228339
0.00291244904007
0.00254684430433
0.00314995829769
0.00363628769316
0.0028248593846
0.00254331450908
0.00262296977821
0.00242153752484
0.00395545260197
0.00358301372908
0.00395974670962
0.00393914467262
0.0049079947313
0.00426992422707
0.00446476440767
0.00534676574931
0.00682632179126
0.0294201448757
0.0322904324787
0.0482586215156
0.0320762016364
0.0353465637544
0.0389716176241
0.0394755073475
0.0379557886387
0.0311971008993
0.00505248662457
0.00740416480536
0.00737107227591
0.00769871094299
0.00788350482724
0.00922935329
0.00846737847612
0.00885386555405
0.00957383906299
0.0235214883413
0.0196421827619
0.0218064517781
0.0289893451558
0.0315244255777
0.0267428138116
0.0222356392902
0.0301655680982
0.0199859854778
0.012983796947
0.0107124515802
0.0143834521122
0.0155196683974
0.0222340236782
0.0382622514653
0.0144812036314
0.013205822372
0.021854557931
0.0209187459723
0.0117780109713
0.00812370993277
0.00672158987909
0.00632670336722
0.00795705845342
0.00767436404783
0.00816858620573
0.00892923263206
0.0061303883644
0.00586124183484
0.00726760061551
0.00680748708509
0.00912446218605
0.00526019317041
0.00973727451156
0.0101893428022
0.00646806179268
0.00916386308539
0.00842534315952
0.0103600000491
0.00783581863315
0.00794211109368
0.00827444912791
0.00795569715934
0.00744038872815
0.00781260188536
0.00678488962307
0.00530050283647
0.0033418257956
0.00504986989709
0.00315187417823
0.00247457670704
0.00258451914968
0.0028950107827
0.00340109973091
0.00390041317497
0.00298697254471
0.00648399504606
0.00794693069935
0.00483179606502
0.00418667388214
0.0051153055883
0.007959725912
0.00381871092901
0.00408512588274
0.00407827362569
0.00434838661113
0.0103998122818
0.00948938627128
0.00860871155813
0.00947200484041
0.0102570807684
0.009731976314
0.0116350139985
0.00856001592874
0.0120939309217
0.0154536914764
0.0167012564315
0.0151805954365
0.0104716539136
0.0122652101186
0.0137651229296
0.00843295427848
0.00729714584806
0.00648047389799
0.00785282075523
0.0253371744866
0.0297599099293
0.00714797994661
0.00519867072531
0.00556230697832
0.0057881326187
0.00563143291479
0.00479109808644
0.00493100829134
0.00451515838463
0.00593400540845
0.0062826662254
0.00676579579019
0.00674791049409
0.00877846218136
0.00471279717338
0.00570605335462
0.00587856380589
0.00598479504667
0.0078928325936
0.00656846900373
0.00545376933377
0.0059442849217
0.00747014277919
0.00985020276407
0.00597186563112
0.0095694603013
0.0111722139342
0.00907929356503
0.00647961539785
0.00818737188919
0.00593485385729
0.00651857958191
0.00679259543714
0.00453675582595
0.0172618559502
0.0200061188679
0.0111494698072
0.0155895060131
0.0121703270648
0.00923691185344
0.01239144781
0.0152090532369
0.00328552198612
0.00724208487486
0.00464942715621
0.0035664794972
0.00297547123891
0.00336080548142
0.00348306857415
0.00517288152851
0.010843309624
0.00556185197147
0.0107336266003
0.0106963430205
0.0063192235707
0.00547350279619
0.00978774288928
0.00818980292241
0.00833236794761
0.00682055015266
0.0268471227329
0.0234623572662
0.0224395090844
0.0188809950059
0.0171152974517
0.015710455059
0.0141587025953
0.0133254095134
0.0166147184499
0.0145395110659
0.0160641647013
0.0164705755928
0.0171924228107
0.0166979500245
0.0158328424636
0.0190307801252
0.0190348413101
0.0230079093344
0.0240111020462
0.0220824039957
0.0205358830976
0.00885504135709
0.00934141787441
0.00983861768108
0.00872914440049
0.00948509484481
0.00864489223069
0.008366611446
0.00652540711747
0.00631569363937
0.00477905381042
0.00702677539631
0.0128123836032
0.0100638455107
0.0094377571453
0.0065747789694
0.00941883609949
0.00646348330574
0.00880570687134
0.00937715824694
0.00792436258468
0.0112997253919
0.0109743746235
0.0126472233692
0.0150530065562
0.0112461115102
0.0217301344535
0.0320000286995
0.0218446986546
0.0130497287913
0.0131173720118
0.0172838392461
0.0111175492629
0.0113384043848
0.00664387854481
0.00897469792968
0.0051919990287
0.00676204363759
0.00981752195147
0.00670432019143
0.017929373828
0.0207217787258
0.0217169025055
0.012117385962
0.0107767440388
0.013211313437
0.0136801241793
0.0209604434172
0.0166065177243
0.0131036799808
0.0139034035741
0.0131512918919
0.0117916950112
0.0137702238407
0.0164692541866
0.00872494044237
0.00936514706561
0.0109663727646
0.00894968061582
0.00902086423154
0.0107250161202
0.00928115481854
0.0100888776407
0.0119059351821
0.0116044250057
0.0109684321257
0.010552604453
0.0135074850911
0.0301699779488
0.0248918009615
0.0448364527512
0.0287212823313
0.0124722675571
0.012296112927
0.0147447551546
0.0140924281474
0.0165500459579
0.0145415477658
0.0193719393416
0.0143797802965
0.0203641150657
0.0228241628062
0.0293203482292
0.0226974549075
0.0171530468346
0.0211971668681
0.0381402066457
0.0432397172764
0.0116057492268
0.0115257828149
0.0117926013937
0.0149323955356
0.0106680799873
0.0111785911181
0.0255358608068
0.0137591615941
0.0120823773657
0.0110135966381
0.0208426330059
0.0360960523606
0.0149466491868
0.0141615834924
0.0101804852841
0.0146254831443
0.00986058313094
0.0116236623559
0.0132252598855
0.0114843613096
0.0129661396949
0.0139206486265
0.0159741585658
0.0210709950361
0.0157946261473
0.0190723665793
0.0139548476979
0.012306719392
0.0122318522614
0.0120888201795
0.0277561062757
0.0216936471683
0.0344035744778
0.0393201466893
0.0060281217433
0.00456935884278
0.00529115480902
0.00541433569485
0.00591758932835
0.00635928704271
0.00608250519924
0.00988691255402
0.0244097107385
0.0237972920328
0.0180814094939
0.0121549867004
0.00936778099755
0.0140655227497
0.0167599750741
0.0160681509595
0.00791148662971
0.00588562123225
0.00633636740473
0.00735160452635
0.00773857940944
0.00727623396077
0.0111379608514
0.0171065462467
0.0100201912644
0.0122445502601
0.0143609562045
0.00651196480656
0.0076654630654
0.00687833732963
0.0107076526462
0.00599143518863
0.00706427752354
0.00952874535938
0.0107677293704
0.0155773508785
0.0223655050997
0.0151272357581
0.0140972601049
0.00619339514596
0.0043199706543
0.00504912366838
0.00505246455596
0.00708036048068
0.00676964005526
0.0316947651863
0.0211542388507
0.011177468702
0.00788261363539
0.00923658511851
0.0113812620712
0.00877189016979
0.00870355917865
0.0143844735454
0.00936164260094
0.00702010156552
0.00699744964132
0.00614445473863
0.00617569368241
0.00510195335862
0.00450843711451
0.00889915457249
0.0133154919229
0.00669287503008
0.00540685430519
0.0109188857002
0.0102316791593
0.0080763430229
0.0071023391361
0.00678191591943
0.00752114682684
0.00687958032767
0.0108822893114
0.0178477964747
0.0153731623698
0.0157068024234
0.0186534451667
0.0276565642723
0.0216378979929
0.0157325455588
0.0131767122006
0.0147232458377
0.0149176776108
0.01445410854
0.0122779906827
0.0145196018874
0.0133231834491
0.0257460461892
0.0235281674783
0.0275639448655
0.0283218717399
0.0300750965341
0.0320622300262
0.0022953420638
0.00224727530986
0.00261227586389
0.00277340271167
0.0114920151528
0.0117949618077
0.00910271916719
0.0152323796086
0.00569816823557
0.00559592489622
0.00831693670719
0.00935947093482
0.02109364788
0.0320706305518
0.0117945687621
0.0109057531459
0.0130492550894
0.0122020963406
0.0195226365051
0.0163537519931
0.0158346047148
0.0036125656275
0.00415654229783
0.00365511208615
0.00354595136819
0.0186544592964
0.0210634280159
0.00804269559268
0.0124193189708
0.011101349934
0.0174253135332
0.029457940149
0.0196757244948
0.00805687652479
0.00522577472653
0.0249849825756
0.0256195685223
0.0257548988011
0.0238920262761
0.0252920508939
0.028771464177
0.0281370246567
0.0274937817542
0.0665877515468
0.08782601988
0.00511574760364
0.00463442442464
0.00578884071722
0.00611319892336
0.0243232854996
0.0284311652522
0.00950531486767
0.00847468456009
0.0182945876913
0.0150103792604
0.0163771544457
0.0229241922931
0.019128567147
0.0161367466659
0.0182860672601
0.0157993781809
0.016032648773
0.0170131645866
0.0165200665131
0.025660712667
0.0237612900801
0.00514887413184
0.00408949414183
0.00468875912081
0.00493792291814
0.00581479611332
0.00724100514919
0.00728659492402
0.00664225565652
0.00642014072876
0.00676217364307
0.0147111260845
0.0136145214788
0.0141315413609
0.0150425516294
0.0273864230939
0.028976376962
0.00724843763412
0.00775029218157
0.0273087200958
0.0291752557195
0.00546101309119
0.00481666828315
0.00555315937653
0.00557250429196
0.00765404795369
0.00762249542415
0.00986544168676
0.00990164076427
0.0082035115616
0.00747893714883
0.0130851216862
0.0115170312113
0.00566488591785
0.00568373742552
0.00255506732476
0.00215702771471
0.00208797552652
0.00237117244215
0.00255298215083
0.00387012429757
0.00244720344481
0.00213601739493
0.00202027594747
0.00262097820345
0.00296608286442
0.00251409912256
0.00227420427568
0.00308595375453
0.00240742285231
0.00311122967542
0.00343405175195
0.00354286938553
0.00418568979254
0.00417693126293
0.00632625329287
0.00549200144786
0.00458635184543
0.00515436307546
0.004022845305
0.00377901285848
0.0110014682977
0.0103386453725
0.0108291681006
0.0118301570227
0.0114539431652
0.0110991354963
0.0108040228463
0.0102946603383
0.013396427348
0.0123700183674
0.0126300486832
0.0144997075515
0.0114511848888
0.0131602547434
0.00719958971053
0.00744864725423
0.00576017340315
0.00467485304525
0.0056021342161
0.00520763439473
0.00731411623647
0.00700090592359
0.00622838491139
0.00626494893308
0.00667119578567
0.00678720095435
0.00930402520293
0.00960007331025
0.00799091377539
0.00832783631919
0.0278539178765
0.013277349378
0.0100210099291
0.00970771039512
0.0157825123906
0.0168015689657
0.0187478325817
0.0116158546763
0.0117651060085
0.0137905132713
0.00727679860912
0.00640561667258
0.00620536064131
0.00677811760783
