0.0990825759004
0.0986464821496
0.063348847727
0.0619148750145
0.117780935227
0.12262201671
0.0911719285867
0.0858693563193
0.125479221934
0.132001654975
0.0654063856592
0.0617570083077
0.0478677954714
0.0465254810667
0.0458906647994
0.0304442140148
0.0527580218316
0.0350789993736
0.0487596532778
0.0456334569319
0.0444797355484
0.066646021964
0.0645870202891
0.01765703433
0.0220849577098
0.0419847356897
0.0560920068849
0.0350342168966
0.031631869975
0.0370542316818
0.0224270727839
0.0324578410883
0.00670488508931
0.0134359737987
0.0279261369688
0.0197606261495
0.0349567263503
0.0668694233123
0.0368054268646
0.0341554333917
0.0543231104449
0.0654758486128
0.0762857340062
0.0561481747151
0.045799311466
0.0580032724892
0.0654039313139
0.0407795094093
0.0371400206651
0.0428801554125
0.0379671132286
0.072105976659
0.0427455606754
0.0255720402114
0.0484329067835
0.0284508831659
0.0214913170006
0.050572482344
0.0256116079774
0.0179878413297
0.0208976719096
0.0232372915523
0.0213600418761
0.0204933398257
0.0308152705679
0.0239656971478
0.0304290385254
0.040875839609
0.0270412922072
0.0326490960793
0.0462212678484
0.0619246925323
0.0506095114076
0.0481989678266
0.0209924413295
0.0183669007444
0.0126776028815
0.0163432293327
0.0248457282477
0.0268760690862
0.0230119768582
0.019454080041
0.0305153098093
0.0179532624631
0.0189485206221
0.0147065033905
0.0253663407545
0.0467232799056
0.0641137977614
0.0164634250302
0.0108979746128
0.0091099273646
0.009566206306
0.0100183272669
0.00993701753464
0.00922580549529
0.016384017817
0.0164391538975
0.0102470296047
0.00871359159315
0.0110091210151
0.0102423160429
0.0112246436861
0.0181379618964
0.0332242474006
0.038746819523
0.0199632545123
0.0773816375012
0.0509503056757
0.00856871218905
0.0077547296793
0.00682700615636
0.00683318954223
0.0150532674552
0.0195680241033
0.035738758273
0.00525156645288
0.00464726599622
0.00628495109966
0.0083194771235
0.0120067745941
0.0125657789566
0.0187980904794
0.00920990272707
0.0165588834606
0.0302964304165
0.0296019461304
0.0264996086835
0.00663254079358
0.0292377381519
0.0248372622918
0.0404934667941
0.0434582098403
0.0843377788853
0.071356458997
0.0481801367601
0.0596336010327
0.0286375380841
0.0198970346286
0.0309559016541
0.0417319702131
0.0419350421213
0.0178866522109
0.0277466113067
0.0239270156347
0.00932971203746
0.0251582244509
0.0289216213463
0.0138332043974
0.0218434892415
0.0144932396612
0.00470144047564
0.00520058924476
0.00681526568699
0.00547152220194
0.0054031030242
0.00561002417387
0.00513801937455
0.00813659727614
0.00690839944606
0.00468258889064
0.00655004794651
0.00676338845953
0.0167945633711
0.0201228396777
0.02517774703
0.0273411611364
0.0297939184822
0.0290237032438
0.0136756773337
0.00749084870124
0.0064635943856
0.00656217872511
0.00479214440456
0.00546601788421
0.00490131058346
0.00561368332416
0.00487433212971
0.00692397445971
0.00769191179498
0.00712330405316
0.0139433267746
0.00608542868405
0.0076813209379
0.00733184356009
0.00705869442122
0.00562255770592
0.0120349285013
0.015278194161
0.0111937961758
0.00830724293738
0.0148934588644
0.0142728919457
0.0113374584926
0.00824150571143
0.0151516814824
0.0216631600249
0.0145443666331
0.0112392213986
0.00991542186364
0.00970417140679
0.00896679010032
0.0102798670721
0.0102249154702
0.0145703732808
0.00723133338244
0.00736465890585
0.00720809237424
0.0393006401854
0.00769945907966
0.0111722065905
0.0114454199476
0.0116959675263
0.00994769493711
0.0182596542424
0.0187695348052
0.025084690592
0.0305422895403
0.0663665834639
0.0713811595682
0.0286038785919
0.0293337024659
0.0353429816618
0.0394160412723
0.0264123153881
0.03461982168
0.0397090947767
0.0309577497969
0.017043326212
0.0126050389129
0.0100052087125
0.00960803128225
0.0109987389924
0.0179682930354
0.0123242791751
0.0114093662576
0.00937905752075
0.0106238800246
0.0103767534908
0.0121103013577
0.00907802112036
0.0462410045347
0.00760250454664
0.010053295884
0.0239425476947
0.0162198904912
0.0149449277196
0.013962351741
0.0112605886024
0.0233623834332
0.0106503943959
0.00793314261651
0.0124117118819
0.012446694034
0.0186485353287
0.0146311825013
0.0112700151223
0.00787690185036
0.00687866874467
0.00789530665367
0.00690783129754
0.00659267010348
0.00820416390874
0.00779323726803
0.00784470694377
0.00799411551605
0.00790393025548
0.00667880209736
0.012461542246
0.00698671859951
0.00975949141499
0.0184823003072
0.0377973663555
0.0164680038003
0.00709421375235
0.0161595694497
0.00618158173161
0.0083600621878
0.0121987461491
0.00522151127399
0.00484649053391
0.00450916307721
0.00624267504326
0.0108136914758
0.00897917482119
0.00628766444406
0.00608841329597
0.0132313352599
0.0110010756839
0.011236591271
0.00724678902466
0.00880755989692
0.00572170919514
0.00943084921132
0.00888245541707
0.00723844328666
0.00613521709679
0.00830943945041
0.00970636660339
0.00974130875598
0.00747155344869
0.0106556880653
0.00936744896428
0.00734336342056
0.00837856653188
0.0094662701368
0.0105357596474
0.00629969075192
0.00850632593263
0.0102612549436
0.0142977668485
0.00863207155139
0.00982500644703
0.00755551977617
0.0440508786635
0.0470914035587
0.0650865186511
0.0622745137777
0.0419687099416
0.0376908012342
0.0319114040345
0.0443315680756
0.0544192674547
0.0690970059286
0.023470699951
0.0167581184304
0.0595761828899
0.0351290458267
0.0130954662587
0.0138783069323
0.00716802345968
0.00726742923685
0.00674863321786
0.00730908147732
0.0080366108119
0.00849353222317
0.0140390546393
0.00850037725298
0.0073574782168
0.00989058946212
0.0124528259881
0.0172943122938
0.0188416925969
0.0132179488153
0.013091222213
0.0187617168931
0.0118927247769
0.0120939090441
0.0125328004835
0.0109505203535
0.00728233344432
0.01306735343
0.00718674926122
0.01424281521
0.00967012345795
0.00914177582657
0.00651491408855
0.00936288620318
0.0108834177475
0.0104229389532
0.00660796589134
0.0137690688012
0.0106507548396
0.00966425024822
0.0113508244898
0.0101015478755
0.00733927221113
0.00625579623526
0.00798602389096
0.00595474721639
0.00685247174744
0.00800010787152
0.00859486968703
0.00940244792563
0.0189087187817
0.0146314201763
0.020948911156
0.0207862876858
0.00999014296186
0.0128937615063
0.0212685401921
0.0234777773324
0.0117016858755
0.00821445836595
0.00998347687783
0.00845559916354
0.00714118185391
0.00686404678134
0.00765121480894
0.00779218209567
0.0101442112106
0.00805888045412
0.00611973092501
0.00589659155554
0.0114758714035
0.0103534709656
0.0104170833793
0.00800597580602
0.0167961943383
0.0224472687955
0.00354835934369
0.00386391645294
0.00722168147905
0.00674836299574
0.00720060216189
0.00727342933462
0.00850742496793
0.00641010446223
0.00853818889653
0.00883765798146
0.0035704694237
0.00292234507624
0.00345580427919
0.00352702982933
0.00276760574588
0.00256624909324
0.00325292956297
0.00335382735617
0.00362395656656
0.00610855468617
0.00696347804297
0.0103648608199
0.018779265795
0.00781285919239
0.0058130822689
0.00528597935797
0.00394784595354
0.00260769489298
0.00222656286536
0.00271833309427
0.00253843744497
0.00366474400278
0.00309861892615
0.0269162560395
0.0261568637189
0.00745029396969
0.00845671155044
0.0145071526304
0.0142332896327
0.0032213172482
0.00291540907324
0.00354023177698
0.00274900737984
0.0291190953498
0.0287984577059
0.0125212171059
0.00969807694843
0.0103217564589
0.0127716179904
0.0217991786268
0.0257234783374
0.0209055849825
0.017835225385
0.0171151169635
0.0142124552497
0.0327801125113
0.0436010714947
0.0157937449235
0.0167605428198
0.0141835821974
0.018702498187
0.00523186081569
0.00372154870901
0.00588234283244
0.00543780326298
0.00719418304145
0.00493113300184
0.00391663867919
0.00262119956596
0.00551487439506
0.00261644166608
0.00342039544389
0.00482467542079
0.00514468602303
0.00302125545182
0.00227591870652
0.00179088153137
0.00195616311112
0.00170096651489
0.00203525492562
0.00260136064232
0.00187666161574
0.00176045717068
0.00191528261358
0.0019251125524
0.0026921708048
0.00219255224364
0.00274848510392
0.00301203357165
0.00415068734611
0.00396365525323
0.00384437437428
0.00429011265608
0.00573696256552
0.0382464310377
0.045198237497
0.0547153879785
0.0416226168501
0.0542058351973
0.0518952163521
0.0597000109726
0.0534740188723
0.0328561593736
0.0302980994714
0.0306582594229
0.030707705756
0.0154930940218
0.00586847735728
0.00608764065798
0.00742892910241
0.0068122075768
0.00681243359751
0.00727881633351
0.00991850303682
0.00929741424267
0.00842573366885
0.00933675070964
0.021274683113
0.0182816652175
0.0198079767911
0.0261566569578
0.0287453111072
0.0238112685867
0.0208997884616
0.0240291699237
0.0156068292947
0.0117178898209
0.0102159158988
0.0121024730866
0.0165492068139
0.0213532132011
0.0461458782012
0.0500589244592
0.0150524096809
0.0138723137618
0.0211547759089
0.0204004409301
0.0133342364914
0.0126642054075
0.00625472199109
0.00460953011807
0.00491295346011
0.00626639801577
0.00859821611965
0.00674028935212
0.00738072053679
0.00822880295632
0.00476009424126
0.00479141274263
0.00595703085389
0.00596616708639
0.0084019536993
0.00461007114168
0.0135155372089
0.0127331686136
0.00919620249248
0.00704260968332
0.00885500291794
0.00890599419829
0.0105680447735
0.0112245552432
0.00795235985514
0.00716737534264
0.00772834511691
0.00729171548391
0.00916916267673
0.00892005602265
0.00573734402764
0.00451112353487
0.00181917823304
0.00345887687829
0.00211117894658
0.002134993008
0.00271839837426
0.00226280910294
0.00374287130766
0.00341776033171
0.00236809465677
0.00607156352753
0.0059122595766
0.00389469744245
0.00269506848095
0.00447377548487
0.0116150748058
0.00353735286607
0.00403035291515
0.00366856136165
0.00342677111477
0.0088803909781
0.00859500088981
0.00843471855163
0.00947013456464
0.00955637521941
0.0091991732337
0.0105873353075
0.00960930212909
0.0100818866332
0.0127153016629
0.0143782759614
0.0123137949512
0.012783708217
0.0129275305762
0.0216853188914
0.0233468293178
0.00963555677254
0.00956746129836
0.00719770663094
0.00777402478499
0.0320328437055
0.0309456637678
0.0142349737753
0.0111608964967
0.012861881102
0.0203023481465
0.00522790445195
0.0041078596556
0.00412397025083
0.00426866915698
0.00400017374846
0.00380166309422
0.00400937578993
0.00391934459067
0.00494014316479
0.00504004869474
0.00657477536203
0.00558912326933
0.0100037251643
0.00891326555604
0.00492625349916
0.00465926637137
0.00496949670596
0.00516745733213
0.00804394460963
0.00640357762382
0.00553441933095
0.00667191061139
0.00685065603138
0.00718531065479
0.00544079180212
0.00875762042795
0.0125792830495
0.00981784953478
0.00716111283293
0.00989658787191
0.00594503588593
0.00616417380728
0.00677412795552
0.00419009040048
0.020745220183
0.0245590187119
0.0098877565342
0.0176800102584
0.00804806801532
0.00779353017318
0.00979129709182
0.0117477915965
0.00395287367505
0.00511367050572
0.00318309218594
0.00315584944703
0.00201284200782
0.00205809286195
0.00213963424454
0.00301758231086
0.00813510319257
0.00419727545876
0.0091051119196
0.0141861920105
0.00536022717459
0.00452182747206
0.0087958290057
0.0152058639795
0.00773928361257
0.00663698835551
0.0068568844363
0.00588915107473
0.0264961332994
0.0248015754565
0.0141159102246
0.0131325059574
0.0120042552975
0.0125203702405
0.0108007047343
0.010536643534
0.0120317540252
0.0110851940183
0.0109537159875
0.0110827447824
0.010947331794
0.0110687182371
0.0148641665121
0.0176979762953
0.0213026864828
0.0412495707733
0.0258843788516
0.0478771072857
0.0233409244794
0.0219297302456
0.00823802168088
0.00876056104563
0.00939741643113
0.00796190645609
