0.119346371706
0.129267537851
0.124064148104
0.131386947136
0.128535972603
0.139069421071
0.164834315874
0.139200272158
0.139181047802
0.115059133901
0.126816613112
0.131982207139
0.122551263577
0.122887934839
0.123462978078
0.129000608798
0.125082458381
0.12299464181
0.138875772986
0.16496471469
0.138012814186
0.138982812412
0.139107401235
0.15711543789
0.126336994749
0.125756476745
0.158746283878
0.13038969832
0.134134065038
0.136302038272
0.138494021518
0.164851305708
0.139829370626
0.13889690438
0.120919319303
0.120761972979
0.129582892586
0.115323904802
0.1253694845
0.0756394262595
0.0861116077104
0.0485059704301
0.0484306373388
0.0554819432328
0.0578551430406
0.0804255767735
0.0754442531838
0.0822674759185
0.0422764818167
0.0456286077309
0.0742873130921
0.0738747827019
0.0854034868879
0.0754250193061
0.0634668926844
0.0366578782997
0.0438687686636
0.0723747537102
0.0835446724032
0.0706480380383
0.0757779129915
0.0415833845257
0.041362287346
0.0494749674141
0.0648962001463
0.0386517644194
0.0431887681538
0.050271197966
0.0503146300707
0.0882850434626
0.089769316321
0.0372868623555
0.0370905054633
0.0411158358301
0.0481050259965
0.0901934505408
0.084747887112
0.0841687598542
0.0444937534953
0.0264363233893
0.0247644607439
0.0242489187322
0.0338859170164
0.0264436446706
0.0190119112355
0.0195698550607
0.0222536296389
0.0222530700618
0.0170084427423
0.019727677918
0.0200511915049
0.0304966045156
0.0273123207175
0.0181137494823
0.0171767003097
0.0218469861425
0.0207446235713
0.0452224918128
0.0344635871118
0.0250714062588
0.0243313648004
0.0708896016431
0.0804550448284
0.0763642091296
0.0801363419833
0.0485047076333
0.0440048955968
0.0453190928926
0.0491635509458
0.0432093221728
0.0392315068924
0.0394781849552
0.0439270637785
0.0780981951848
0.0701809759176
0.0397417357692
0.0394556422831
0.0449010501732
0.0426345978282
0.0865002244067
0.0952616561506
0.0845415267771
0.0708957426422
0.0794185588811
0.0852347010444
0.0376313899112
0.0359008095025
0.037798439353
0.0407788874339
0.0750127736964
0.0879955213377
0.075908522624
0.0433371928104
0.0404555191228
0.0435312293155
0.0403299883748
0.0786930117962
0.0747037924318
0.0368077249163
0.0356153304432
0.0402758330382
0.0371206882342
0.074972550725
0.081311689268
0.0471845181545
0.0458073916116
0.044995450571
0.0449004900265
0.0766151857646
0.0653371129063
0.0655461785724
0.078529748258
0.0389481867796
0.0419528669976
0.0413464309905
0.040936385924
0.0896247107962
0.0894301104458
0.0188733329438
0.0189701527751
0.0191187435817
0.0209711659656
0.0228324954035
0.0211943247734
0.0209386597636
0.0231759495188
0.0235159163311
0.0243169347051
0.0299029540471
0.0258995813207
0.0353032363013
0.0371937870487
0.0377866961588
0.0393233615886
