0.0808402711405
0.102706953313
0.101991918657
0.0680895002071
0.0717397480297
0.0837425748116
0.0923227819742
0.1023659163
0.13431180436
0.128206404892
0.101259463697
0.0993043016142
0.0973027576589
0.131652285401
0.133632346853
0.0742470426711
0.0734843596726
0.0489758627381
0.0474613129623
0.0477416200018
0.0532575401222
0.0548237349964
0.0335452558991
0.0478065251773
0.0486242037996
0.0469482509323
0.0838695708423
0.072832515644
0.0250349592334
0.0262371369228
0.0442696543633
0.0586772879281
0.0383624626986
0.0315234609262
0.037300047979
0.0298891231361
0.0342043857659
0.0277680155859
0.0311509142616
0.035548363323
0.0350322121403
0.0349720385352
0.0275569820393
0.0356939340161
0.0394253162895
0.0176503079526
0.0101996331686
0.0158005859504
0.0130846285728
0.0231515003585
0.0279705540001
0.0225748085688
0.0731180823842
0.0755060463151
0.0404051190976
0.0344554753375
0.0286063982293
0.022648702589
0.0370405240849
0.069014339509
0.0380541393134
0.0346588250284
0.0531146574051
0.0690275104482
0.0825450831127
0.067429918205
0.0466707461159
0.0575710514429
0.0656920314827
0.0424627109368
0.0373535978508
0.0426352893964
0.0400738395472
0.0752100986917
0.0448011940347
0.0477498712818
0.0511976812983
0.0303813980862
0.028718854443
0.0618122100772
0.0994982241466
0.0645818649742
0.0255826009743
0.0205847656985
0.0200129754555
0.0252751336038
0.0228371152731
0.0213086430055
0.0206019455653
0.0307616244524
0.0232023326231
0.0308979057777
0.0398242932076
0.0257504782889
0.0338131677329
0.0336121845833
0.0471976562012
0.0550702479802
0.0482335446227
0.0432592444096
0.0354519574006
0.0283319123164
0.0417891654479
0.0532181156453
0.0140879694482
0.0126153053122
0.0197675282347
0.0209191411115
0.015102244666
0.0675266805539
0.0540623628031
0.0390650593266
0.0244614064569
0.0197369186068
0.0536846697551
0.0280670194746
0.0243578837755
0.0176819560883
0.0129332529665
0.0151100316624
0.0275990222247
0.0374399515313
0.0288340582343
0.0240853873134
0.0183136531712
0.0300041797086
0.0164765627786
0.0189803344427
0.0146103394439
0.0257211659179
0.0493034336858
0.0668250676376
0.0185114081643
0.0121008307757
0.010458178912
0.0090579320455
0.00961840001183
0.00882739055618
0.00916054820255
0.0150923226911
0.0157052392131
0.00961651309762
0.00927001588387
0.00982957130695
0.013655131763
0.0226396589333
0.0149664676147
0.0198256045494
0.0204707054071
0.0147139735978
0.033515945197
0.0412365451013
0.0205310834752
0.0129516256067
0.0815434531076
0.0525475974694
0.00925767523747
0.00767926919978
0.0072097818773
0.00787225926075
0.0142168816372
0.0192637659553
0.0404315799014
0.00557221166237
0.00498665043223
0.00707131215234
0.00859694042706
0.0116541152086
0.0154449381111
0.0150223561768
0.0210656603856
0.0128210386394
0.0181834300967
0.0314185406532
0.0309172426375
0.0320472927106
0.0144391309942
0.00946733573848
0.0194941169311
0.00792632079321
0.0307173620332
0.027779214952
0.0398503073482
0.045110273079
0.0857327869112
0.0739245420429
0.0503076505213
0.0630419821695
0.0265148400752
0.0218872782361
0.0315751136588
0.0456752990693
0.0474219554028
0.018584038415
0.0273877452172
0.0235109062787
0.0102418571703
0.0274859817457
0.0322706305493
0.0156195727345
0.0218511059192
0.0149957596306
0.00461090137622
0.00490007261243
0.00641940350883
0.00537060222472
0.0051985446732
0.00577219021156
0.00507550957971
0.0082824941543
0.00713542978124
0.00466132990083
0.00607866560907
0.00703700359087
0.0169214510708
0.0201816808437
0.0248945477237
0.0281627558269
0.0302344737535
0.0295794132045
0.0161308931854
0.0110039953104
0.0126426643875
0.00687828078326
0.00547613166674
0.00596973663275
0.00449077396973
0.00549210816435
0.00623467416189
0.00526368343094
0.00938012941785
0.00728383072078
0.00655709431014
0.00731246220574
0.00817859816875
0.0128938159947
0.00713915623496
0.00893968398298
0.00709996095043
0.00681805741913
0.00510675089301
0.0112386568594
0.0144374063252
0.0104377096518
0.00776511099017
0.0142773729859
0.0137901291578
0.0104976782455
0.00764448581333
0.0146956224255
0.0246486444911
0.0151642510085
0.0115014837399
0.0100305534725
0.00962468363469
0.00856505112112
0.00998959290063
0.00951098006055
0.0161909800992
0.00726440947404
0.00723443031197
0.00723176705211
0.0413168545833
0.00780141961263
0.0103397226316
0.0108014149334
0.0108498513281
0.0104057994115
0.0162862000275
0.0170474339935
0.0237240639411
0.0335014042025
0.0661911227108
0.0706821759866
0.0307163450306
0.0294206219014
0.034087528402
0.0369291408503
0.0256874033143
0.0344808236905
0.0407099749211
0.0355101273196
0.0142449476673
0.0173392273598
0.0134224271051
0.00994042751414
0.0106600226735
0.0107330958902
0.0192551735945
0.0173409448028
0.0113904101684
0.0107619092043
0.0102566845989
0.0134670407678
0.0108359197981
0.0122555830423
0.0112697575161
0.0432782101897
0.044588222486
0.0078683609456
0.0103034493296
0.0235067261072
0.0173343286499
0.0136639357363
0.0129121957997
0.010417126638
0.0210807480171
0.0104958367595
0.00832922546874
0.0114417115793
0.0113391261389
0.0189687386997
0.0138870144887
0.010683582917
0.00763877173755
0.00679908234176
0.0077350815909
0.00663554792027
0.00595084536491
0.00728960095028
0.00729657062888
0.00737679197513
0.00714574031936
0.00695465792694
0.00665676731009
0.011048665869
0.00690140320761
0.0082058668601
0.0148086960962
0.0412263832397
0.0155208219203
0.00957584200664
0.016147337965
0.007413815259
0.00864980669687
0.0126158928962
0.00485372097861
0.00450162607589
0.00422750635696
0.00567706404565
0.00991211272288
0.00826864400382
0.00605881288501
0.00594244011542
0.0220458704218
0.0276580981381
0.0158433610692
0.013249407502
0.0111912981105
0.014782176016
0.00751183525064
0.00874995210521
0.00678745881392
0.00894852733959
0.00833309542128
0.00731019706541
0.00624269002653
0.00852587149381
0.00936483948991
0.00972715639235
0.00791296913417
0.0114562604317
0.00955482554104
0.008983394047
0.00923007477881
0.0113467065371
0.0109869607851
0.00647321142262
0.0087444464022
0.00994496194622
0.013434950835
0.00843752839491
0.00976217029202
0.00763748866643
0.0446996369833
0.0469681095307
0.0688396145937
0.0688013904247
0.0385469573498
0.0364272381655
0.0310402597231
0.0407182829095
0.0533393255582
0.0643901299308
0.0245558706201
0.0179151936944
0.0622330429481
0.0374110246444
0.014178888258
0.0141350639983
0.00653871883115
0.00641933762469
0.00579088078642
0.00670970800754
0.00731772796222
0.00770828439074
0.0118382430483
0.00727545976557
0.00716454491007
0.00933819940097
0.0113968989967
0.014295967533
0.0175173210005
0.0133381607615
0.0132416005524
0.0175461778217
0.0127516333771
0.0113266359995
0.0111960696059
0.00987524571538
0.00712822872421
0.0111715092369
0.00745480463694
0.0178255613545
0.0107208220573
0.00861554524064
0.00629169550094
0.00872062750408
0.0102936184477
0.0107097277317
0.0060306969973
0.012781341386
0.0103471496945
0.00963949307505
0.0113788132264
0.0108196157428
0.00671446656779
0.00565225676153
0.00725169469022
0.00535737238716
0.00620871792137
0.00739590763968
0.00805498485324
0.00894888024412
0.0225423545436
0.0251931320762
0.0176778115138
0.01640865119
0.0183517564374
0.017702771267
0.00969439934191
0.0120862125089
0.0205670751227
0.0225892070428
0.010157041725
0.0075693680431
0.00886239582211
0.00875018423251
0.00609215440547
0.00528230504595
0.00638134855926
0.00790741621435
0.0111549785439
0.0114164638911
0.0161404881943
0.0127733657799
0.00571845581713
0.00714133252014
0.00700571454439
0.00922627755958
0.0167065214646
0.0153375713029
0.00708749561021
0.00650504213684
0.00590040703789
0.00520625789424
0.00605428053842
0.00800259528375
0.0096816534999
0.00792246118143
0.00811468214204
0.00642370176596
0.0159946592584
0.029717508359
0.0036837984858
0.00410296132127
0.00634445744779
0.00608268530969
0.00666782931808
0.00868816122775
0.00801774629055
0.00603729780887
0.00910324195945
0.012294965093
0.00279914614362
0.00225318769632
0.00240776061506
0.0026946106485
0.00211848024892
0.00205262823716
0.00271165082148
0.0025501000234
0.00662404204238
0.00520172621503
0.00532400569665
0.0060045977755
0.00723923444204
0.0185533094935
0.00579907610706
0.00440810094304
0.00336547489049
0.00327846292941
0.00224517324039
0.00193950547311
0.00227230351209
0.00226880631643
0.00352552544332
0.00302526866942
0.0309126824785
0.0283298165195
0.00750633168914
0.0104398753275
0.0131982232486
0.0131155011463
0.00260510333233
0.00265956692616
0.00329138570604
0.00231171250576
0.0252687246432
0.0248050332535
0.00937643391815
0.00789932915984
0.00827742048176
0.00916622762994
0.0188613421683
0.0211202638059
0.0179362441989
0.0165034191979
0.0143313457741
0.013446441328
0.0283332997744
0.051806594326
0.012145366181
0.0126478600932
0.0115400106278
0.0143008002648
0.00578285432476
0.00375482420986
0.00627540332387
0.00536602178247
0.00614540766296
0.00750318036837
0.00347754980401
0.00304600461369
0.00236927389807
0.00377951044541
0.00224687284497
0.00252234012608
0.00337594452485
0.00343071826963
0.00216684428223
0.00171214744526
0.00152007571238
0.0016546198315
0.00140031041585
0.00151354438698
0.00162914423401
0.00149448375191
0.00141547439634
0.00150697492221
0.00155984387025
0.00165757860485
0.00173037962983
0.00203662003126
0.00193272348185
0.00272590283007
0.00374319863465
0.00352424503449
0.0039476394734
0.00504707723311
