0.0149577476993
0.0144859659926
0.012051719298
0.00876065637947
0.00817589206982
0.00633487950065
0.00747069913783
0.00441676899105
0.0215090996098
0.00919977091263
0.0166539582982
0.0216797659489
0.0190634757003
0.0068191639284
0.00323915539786
0.00319209231622
0.00393427501914
0.00500967001215
0.0049087599814
0.00941805880208
0.00990772126841
0.00333983323288
0.00363066408347
0.00370382577393
0.00564968676603
0.00356247742983
0.004900637831
0.00497921465999
0.00571004206459
0.00562418150093
0.00841888661655
0.00792677295946
0.00939788349805
0.00502846500097
0.00453175162354
0.00509741903181
0.00456997574275
0.00538983122269
0.00629840366158
0.00813422398657
0.00473578826943
0.00413148175537
0.00585416459222
0.0051638423239
0.00509265625983
0.0051366002167
0.00452167832574
0.00425791873456
0.0150795439958
0.0160212903218
0.0132170559666
0.00805438389515
0.00966420689519
0.00877926287568
0.0090945413933
0.0104260023628
0.0109232919932
0.012635082473
0.0103921144273
0.00911890056996
0.0135788414895
0.0135406360153
0.0175044599548
0.0138911004016
0.0137474492376
0.0141859902599
0.0119762933324
0.0118259699213
0.0110422801762
0.0126877109533
0.0109769922896
0.014845478234
0.00904330609343
0.00869707178878
0.0104437714374
0.00983370394353
0.00705673278389
0.00794877610228
0.00827339583306
0.0113020002409
0.00942871182982
0.0125763116461
0.0156542826824
0.0157785241989
0.0163908160618
0.0159927491985
0.0102148009026
0.0132725374219
0.0157277772098
0.0179785558678
0.0111821480476
0.00935656404096
0.0119766598181
0.0100011807522
0.0075443134024
0.00758114273622
0.00744005459493
0.00759949727895
0.00951238304405
0.00551425541823
0.00582515247423
0.0102903712147
0.00898055902447
0.00858946194449
0.00780943036342
0.0035859152829
0.00602326900223
0.00604885191459
0.00658295839859
0.00628798997402
0.00653477001694
0.00577769057612
0.00592635481371
0.00542143021273
0.0046228382642
0.00599565821784
0.00427896094796
0.00535058414416
0.00474032806291
0.0057193693539
0.00460849728174
0.0064399138159
0.00427764481573
0.00728623353859
0.00657996285085
0.00555935563255
0.00665224473892
0.00564938266312
0.00394741586415
0.0028828674932
0.00329889556606
0.00268150520634
0.00266585486459
0.00311185171604
0.0168545008052
0.0209597858516
0.00638317340491
0.00603780359876
0.00538866796851
0.00344436941972
0.00326649061056
0.00404073083526
0.0039881153908
0.0137908057493
0.0159818752287
0.0126764298608
0.0199999054907
0.0167951248864
0.0185270769847
0.0183663804616
0.0203185288178
0.0223456104328
0.0190425033582
0.0189593176547
0.00423568144071
0.00398665225554
0.0055947637305
0.00583739930475
0.00540175546765
0.00547476481105
0.00436517947764
0.00566593129153
0.00422372183575
0.0069817713271
0.00640498648254
0.00491380484501
0.00412491949628
0.00313621043017
0.00344073932754
0.0030854671906
0.00373028860487
0.004325268162
0.00344340290558
0.00281985001585
0.00295475549489
0.00290105099283
0.00451167427737
0.00401119040864
0.0045040642441
0.00430292069883
0.00422296830489
0.00378250873946
0.00313480339401
0.00387774046992
0.00500388286637
0.0218250554343
0.00461600547585
0.00485342256006
0.0057002485542
0.00713750109053
0.00879665136351
0.00825963512365
0.00683231392556
0.00777404457369
0.0165833521197
0.0175606660993
0.0193436975315
0.0203880339546
0.0233290220582
0.0189452911115
0.0137533024189
0.0127528061217
0.0114211750531
0.0134968605733
0.015445427027
0.0185918064921
0.0163073261506
0.0174112689661
0.00738423570541
0.00742798466438
0.00692117400396
0.00766396155801
0.00734787007037
0.00616896056321
0.00590275905585
0.00582486559428
0.00657520221711
0.00582240317695
0.00766602684027
0.00556757635092
0.00864297554996
0.00512447208083
0.00751286578894
0.00624865803672
0.00699496686322
0.00566419223041
0.00717622098037
0.00418958806368
0.00559288936389
0.00447865582637
0.00364610673215
0.00485020157039
0.0038895625609
0.00360329774205
0.00324791992229
0.00316608284215
0.00309450095436
0.00451816117049
0.00418411092899
0.006391692671
0.00690091395994
0.0039542547009
0.00479912660842
0.00443615206916
0.00442064781229
0.00416707401683
0.00412360079672
0.00450398903053
0.00929414191007
0.00905384573085
0.00883009582703
0.009141018398
0.0101769798883
0.0098030057122
0.00980005414967
0.00793109691989
0.0118919861991
0.0121095424633
0.00982727892471
0.00955920210838
0.00972888527186
0.0104249926023
0.00747082536427
0.00679421075707
0.00489474115691
0.00629202624806
0.016671866673
0.0073319068004
0.00523039589971
0.00629359033254
0.00556130593601
0.00575711352703
0.004771249666
0.00465402205819
0.00462818222062
0.00576580490957
0.00626689845295
0.00727844074877
0.00663603747469
0.00790315552028
0.00488973573523
0.00619504739342
0.00587907711154
0.00657554809387
0.00859505961299
0.00707123033972
0.00627065654572
0.00647749902099
0.00846965878758
0.0113880235672
0.00631866212395
0.00987383625156
0.00909757919985
0.00522504069242
0.00476580676034
0.00457020118498
0.00440078742327
0.00578834841311
0.00464017181198
0.0103260181939
0.00895406474419
0.00997521627287
0.0102969014216
0.00350509743534
0.00676200579288
0.00500710101248
0.00382475012225
0.00323869235195
0.00418848656283
0.00431539312047
0.00537302355494
0.00654114837301
0.00639195331392
0.00889495957615
0.00913083542493
0.00745235519874
0.00563960834438
0.00719397245836
0.0057175794617
0.00694694205841
0.00682272313317
0.0120279050974
0.0114065082768
0.0120456761204
0.0128995212572
0.0136984829229
0.0133785350938
0.0122296064004
0.0156232194786
0.0150766633907
0.0152418796299
0.0151842946323
0.0143332947272
0.00906983874338
0.0093127577587
0.00717142825412
0.00741304316834
0.0100941643057
0.00968917730564
0.00874889443803
0.00674156369828
0.00627253301911
0.00505940723828
0.0074506683982
0.0111332399704
0.00943595251902
0.00875380344256
0.00706678784394
0.00913268550534
0.0073036751227
0.0103688939765
0.0111605151682
0.00932044158348
0.0115200287108
0.00893907692219
0.0153807579316
0.0187325360738
0.0134138325241
0.0187297767372
0.0113969018009
0.0191470177023
0.0104813814999
0.011328341453
0.0169138647282
0.00884998783936
0.00779309789921
0.00682470896504
0.00907045951328
0.00550959323543
0.00729743712346
0.00998433085812
0.00696922002136
0.0135244160202
0.0105511079788
0.00905132209917
0.0101647318572
0.0111151110872
0.00697691812029
0.0110236635458
0.0110947965052
0.0103980231003
0.0103088100464
0.0115437556361
0.0153759459287
0.0221433680831
0.0151376700913
0.0171898246556
0.0118432931059
0.00734536774337
0.00655016920493
0.00854166765392
0.00869345930941
0.00753529082689
0.0103107205367
0.0103962574902
0.0140324040427
0.0098492646907
0.0115312759205
0.0131462902281
0.00971375287051
0.0136897578145
0.0109226165859
0.0082634847754
0.00770367635749
0.0170143892474
0.00690792817575
0.00552107015657
0.00625967184595
0.00591402188523
0.00626328370464
0.00704917675296
0.00710951856152
0.00852878925561
0.0118129087379
0.00788566772035
0.0119363938756
0.0140102756536
0.0159002707947
0.0102875999536
0.00876821705483
0.00791211523664
0.0102407092902
0.00687519819928
0.00710759012057
0.00957049209679
0.010110014049
0.00930987426041
0.00947706186731
0.00715030815226
0.00700423372074
0.00595694564867
0.00708646842431
0.0074506835316
0.00726568675998
0.00992372867796
0.00768877772324
0.00517526857166
0.00516408238206
0.00545506363119
0.00514832324692
0.00724984250319
0.00564894206395
0.00968273130937
0.0104069372234
0.0105623586287
0.0110963648522
0.00820075668415
0.00703544048622
0.00605007526991
0.0066949872492
0.00642558772664
0.00454658808682
0.00493552232629
0.00833381598801
0.0095967871997
0.006862030027
0.00605292342898
0.00948299917792
0.010535421287
0.00837131917452
0.00794730289595
0.00796193701838
0.00813963370691
0.00860687298977
0.00982455928636
0.0125543723992
0.0118486727242
0.010405807926
0.0105879149194
0.0137939639504
0.0122419985723
0.0112863748493
0.0151174036624
0.00275485759066
0.00416754077408
0.00425146636109
0.00425672995307
0.00989880631682
0.00952192924609
0.0103558050421
0.00546755374904
0.00559284476547
0.0111828070716
0.0124715392102
0.0115440144752
0.0130591250591
0.0145369696537
0.0115520349545
0.0137144176136
0.00372564212954
0.00474977344918
0.00401419920664
0.00407785363815
0.0119970591045
0.0071392856862
0.00581435068223
0.00418072585769
0.0150050226723
0.0149855395184
0.0136118403758
0.0119474810124
0.00474114163691
0.00528998864978
0.00487719746283
0.0117914009875
0.0144909813515
0.0136213252328
0.0193548234094
0.00661904753948
0.00904347229542
0.0223939033434
0.00632458670906
0.00723016265718
0.00819844677233
0.0070461564614
0.00613180932933
0.00348534054912
0.00289653507298
0.00262350526497
0.00342252418569
0.00269765642315
0.00488091728896
0.00308060814811
0.0024500640385
0.00247250408595
0.00236368652137
0.00230905003382
0.00279434810601
0.00270260171246
0.00384565950666
0.0040031396169
0.00347626992586
0.00431309846098
0.00433705791413
0.00438770869215
0.00417139739421
0.00483583170478
0.014320488406
0.0138544354493
0.0140136051523
0.0171271547009
0.0159461721797
0.0156500435288
0.0155138380163
0.0127722042794
0.0148577261485
0.0136106911439
0.0142202388711
0.0159207874183
0.0138459254723
0.0153884900715
0.00767148174986
0.00638687224932
0.0088889885052
0.00620913450665
0.00711537199732
0.00732732804522
0.0067390066226
0.00657572013196
0.00674845920485
0.0109948256612
0.00846364711731
0.00856062190701
0.00731994485118
0.0128769699015
0.0118543116798
0.0088662674286
0.0159191392813
0.0121398455013
0.0140685006156
0.010690816424
0.00785979556567
0.00998713370914
0.0122231527804
0.00977589731077
0.0157248629944
0.0101071519558
0.0126702944894
0.0127733187691
0.0128776650511
0.0181157088519
0.0129867491395
0.0109857039323
0.0121435357416
0.0103315555763
0.0159885128435
0.00484303362354
0.00388666323839
0.00385884496016
0.00419683996243
0.00334563897339
0.00294244824871
0.00307462394399
0.00386245778006
0.00434342560459
0.00401814960771
0.00324632178194
0.00266341009183
0.00387113549521
0.003479132016
0.00387878034173
0.00326779902358
0.00338637180685
0.00323261910586
0.00391290541467
0.00309418397795
0.00261554699202
0.00249305085181
0.00303767275321
0.00344874065339
0.00274733838054
0.00244532667089
0.00422139081587
0.00377795151973
0.00483584255345
0.00306315764253
0.00300954004476
0.00290909557098
0.00315584457559
0.0105510201108
0.00189446767274
0.00182246593742
0.00163950820497
0.00273525317526
0.0025693097845
0.00190625545842
0.00159304638163
0.00224269793041
0.00168874709369
0.0020900619914
0.00253624241458
0.00182732137511
0.00340256520028
0.00330688545897
0.00239270258219
0.00311950791232
0.0121029833168
0.0155981731312
0.0138437554276
0.0184198177185
0.016299183669
0.00389734149332
0.00334717357193
0.00327377048466
0.00413486652165
0.00349522243679
0.0037766389957
0.00308337259541
0.00272564374412
0.00263222213839
0.00319959799692
0.00553866256209
0.0033974941753
0.00310369313967
0.00396363830836
0.0050349448397
0.00338158595195
0.00389850973459
0.00337278117
0.00349718424776
0.0057520397758
0.00549995711338
0.00450432932758
0.00453672237858
0.00442167490089
0.00343387421506
0.00490373808511
0.00347582216014
0.00449223734352
0.00613259803189
0.00610587174702
0.00519288660555
0.00376367657773
0.00379167646554
0.0144808696561
0.0141565450794
0.0142824360195
0.0181429266575
0.0157558124066
0.0132548309271
0.0125411732628
0.0171131219108
0.0177279364242
0.0138469160543
0.00716739456842
0.00654084517797
0.00839003385825
0.00753173931735
0.00947409541963
0.00843669543061
0.0103808754883
0.0103966672356
0.00758892535272
0.0129982625799
0.0132079055649
0.0132076066022
0.0145908720451
0.0193362332388
0.0150148616982
0.0162365396399
0.0156033153363
0.00935770023619
0.0090789867289
0.0112849894701
0.00921424817135
0.0176028557269
0.0150414308291
0.00925551591186
0.00919981256269
0.0122536347764
0.00693397486138
0.00615084072407
0.00884812418381
0.00904498002374
0.0062727238267
0.011227778224
0.00564432296478
0.00481360213651
0.00618262921315
0.00551051025412
0.00523888845306
0.004636057095
0.00540174500924
0.00325634658303
0.00267639032295
0.00249205572137
0.00326895032949
0.00259866952888
0.00330316524064
0.00284856576785
0.00364815630704
0.0040733161362
0.00438312040118
0.00377501765797
0.00306544280952
0.00372990282831
0.00400023758074
0.00376647946797
0.00333654920905
0.00306943004182
0.00277239882042
0.00261316974736
0.00261389476985
0.00289520285306
0.00383015005123
0.00299129171846
0.00254216591367
0.00258228819617
0.00248620687155
0.00315507891941
0.00353498678046
0.00256509861912
0.0035496509127
0.00496658175776
0.0046689171147
0.0103210027016
0.0120987278447
0.0100407762756
0.0108462753516
0.0113018284717
0.0123633200845
0.0208349917027
0.00851298359429
0.00872447210506
0.0106738208187
0.0139012754034
0.00877899197103
0.00851095757132
0.00903598248767
0.0112055296521
0.00974327347067
0.0134962634692
0.0138877600502
0.0164448171031
0.00307601954015
0.00348151382435
0.0034198693782
0.00324118560876
0.00239992968244
0.00251959846334
0.00292263177474
0.00312976217076
0.00260827493192
0.00337671990022
0.0107837903678
0.0105578222704
0.00914711691348
0.0061521232241
0.00577370304736
0.00611933871534
0.00741267720271
0.00796763795047
0.00804301595575
0.00806505885265
0.00882151339218
0.00887969819323
0.0105207869216
0.0152380830084
0.0104172647745
0.00787839074289
0.00671520328546
0.00779201839762
0.00745267948184
0.00324494204006
0.00331856287424
0.00317659651729
0.00345671712363
0.00292077176067
0.00441010706368
0.00455665563845
0.00466219939731
0.00302175365812
0.00495325909568
0.00651166108849
0.00392785396797
0.00433407916777
0.0030948060602
0.00386581170407
0.00398538692358
0.00475459253745
0.00574009542643
0.00723992316032
0.0083521600704
0.0141284855689
0.0109062752323
0.00772631481174
0.00997569001234
0.00895310635299
0.00934543924531
0.00733790173196
0.0104088458881
0.00761514021397
0.00846186821534
0.00355258321026
0.00389147231222
0.00705770229799
0.00761796245735
0.00833080526724
0.00781781186585
0.00770536772051
0.00817707652098
0.00850853144984
0.00994553224694
0.00810805913154
0.00877326809857
0.00827517318593
0.00676732971423
0.00856637769537
0.00673103979281
0.00434195764289
0.00265498412748
0.00434514433892
0.00436876379864
0.00532188294048
0.00449854657263
0.00373152550462
0.00400647299309
0.00397036493384
0.00463777987819
0.00352241943498
0.0034403229514
0.00406132626191
0.00377514606821
0.00374940094383
0.00457104487895
0.0038070901563
0.00455219402005
0.00411964166369
0.00392843159229
0.00364824896913
0.00321261660596
0.00290510837455
0.00375910015333
0.00294620150681
0.00359194014853
0.00323966900408
0.00385017584813
0.00411164330861
0.00280567758091
0.00293409515314
0.00371211748544
0.00311560925105
0.00448400086949
0.00451062469957
0.00348919927735
0.00361796369915
0.00439107344241
0.00491253191026
0.00444449814598
0.00425346227503
0.00500494587414
0.00596126982707
0.00559269559689
0.00523722812312
0.00559196673192
0.00545809278794
0.00419068721483
0.00369653074635
0.00327095160327
0.00385854023894
0.00405098701444
0.00317903846
0.00266395948457
0.00360255746791
0.0149877020469
0.0168831598315
0.0096455115924
0.0104833364733
0.0112376579071
0.0116784853844
0.00894747183975
0.0132825399244
0.0118553001062
0.0143800420666
0.0064220731516
0.00945606661885
0.00671326043083
0.00306998898054
0.00450353802736
0.00344410541522
0.00370106488844
0.00393240029032
0.00324176337344
0.00426569397817
0.00546144421543
0.010015175773
0.00947045893898
0.00253855367761
0.00259596457201
0.00253252417187
0.00230106049239
0.00263354641107
0.00279226339382
0.00282357226283
0.0032625331612
0.00363432424699
0.00363041859177
0.00418055373547
0.00357745097177
0.00607390852675
0.00707769382054
0.00278877174595
0.00645992155803
0.00871038770047
0.00430796693049
0.00436201512733
0.00374794822528
0.00590288964468
0.00303107892785
0.00256159304648
0.00257116140018
0.00337412172707
0.00792025185294
0.00636140868949
0.00852425021306
0.005623175244
0.00459792031259
0.0064126335945
0.00647268087199
0.0053479556748
0.0150699686643
0.0134820164106
0.00582967301209
0.00550423229494
0.00732868610026
0.00595597487499
0.0103229657266
0.00725506138269
0.00834649141305
0.00697232482941
0.005882138174
0.00572399204869
0.00685116586605
0.00736287007508
0.00794379718573
0.00693111221026
0.00799577899743
0.00840814339987
0.00912605423996
0.00704939690951
0.00755510453502
0.00836832221941
0.00974980063234
0.0116603179915
0.00727798363689
0.00820218755483
0.00642781736684
0.00688413639035
0.00806106530268
0.00714113927534
0.00804014533847
0.00999362829853
0.0108551084816
0.00546675647131
0.00509107298877
0.00546350911488
0.00658408876572
0.00549693935688
0.00681818521787
0.007839363229
0.00812842842215
0.0077209359777
0.0067691400937
0.00897840349514
0.00406340897201
0.00495208228266
0.0103682988989
0.00913666590991
0.0090015627541
0.0104801377813
0.00759929373069
0.00623498659379
0.00742253870237
0.00717163020268
0.00900037994553
0.00784207041185
0.00773647458692
0.0101986885579
0.0111618848343
0.00919331870823
0.0104269159288
0.00800813233793
0.00835425906931
0.00830327203197
0.00923599662026
0.00883107153579
0.00964933179828
0.00887191083786
0.0091024566064
0.00952327079273
0.00499593905049
0.00369140681859
0.00441751818348
0.00430014427217
0.00572341759819
0.00549099040617
0.0123936566255
0.0118527809978
0.0135154720221
0.0139897956048
0.00901500387801
0.00554505813657
0.00612726117189
0.00533054429316
0.00449349756883
0.00492978223924
0.00725923856487
0.00777172208454
0.00834258316562
0.00792148434535
0.00319049911836
0.00370532941503
0.00468318824685
0.00337418627277
0.0044506064776
0.00510517408377
0.00328626186793
0.00427069148445
0.00391049453257
0.00452827610765
0.00519819743655
0.003963879653
0.00471972608816
0.00582570139613
0.0028780861929
0.0027122369757
0.00242967388962
0.00224425980191
0.00233063607593
0.00205884796165
0.00258069076493
0.00257928044365
0.002131518398
0.00260302966112
0.00274182952332
0.00272070780587
0.00417698174028
0.00365128730003
0.00377393898405
0.00549028722198
0.00245657887875
0.00240777531593
0.00267670401574
0.00353688218101
0.00241796629583
0.002169486155
0.00265484899226
0.00255792164073
0.00613719987493
0.00470355494513
0.00335043105696
0.00759198404148
0.00346973840598
0.0042542768916
0.00331650796222
0.00462611815293
0.00572671118655
0.00535469443567
0.00485160194026
0.0036595695508
0.00321365763878
0.00479645251506
0.00294298226716
0.00432245794512
0.00382241461797
0.00552758032568
0.00843424187728
0.00966282573387
0.0141291177249
0.00793209706386
0.0144303167081
0.00652940063156
0.00674795585837
0.00496812940517
0.00423863827347
0.00522363180211
0.00598166420758
0.0102076363586
0.00972963365047
0.00913685739789
0.00969206157835
0.0103203600448
0.0114265943846
0.0096990720992
0.0108673485863
0.00839765107559
0.00860321205164
0.00986917443566
0.015293942983
0.012349080393
0.0154307379773
0.0116804247315
0.00288682335533
0.00265346196556
0.0157218755439
0.013922303251
0.0131433929302
0.0121060673596
0.010848670333
0.012999601269
0.0111430372323
0.0169827998687
0.017278293744
0.0230413502042
0.021439074285
0.0132884329036
0.0123541124698
0.0136319119939
0.0108563522007
0.0118770350046
0.0126636071832
0.0130167233164
0.0139699677738
0.0133978773403
0.0176995856145
0.0162033091129
0.0209134420855
0.0133035282427
0.0120761167112
0.00859885713971
0.00981843236965
0.0115524806353
0.00938798669318
0.0134232175983
0.0157804840586
0.0125238563595
0.0132671857224
0.012411028534
0.0102721775378
0.0172347397569
0.019031784327
0.0151533464668
0.0160073382962
0.0128328460265
0.0107964052289
0.0104183920127
0.011052962599
0.0119889107862
0.0110654751959
0.0130199789303
0.0149681679738
0.0117292257014
0.0119820914233
0.0111154517861
0.00499241022748
0.00380135360426
0.0037861886391
0.00432863643805
0.00243023606456
0.00396147851749
0.0185462246536
0.0181763345822
0.00403963068644
0.00343377390811
0.00585916532505
0.00523077485761
0.0121647251939
0.0113809449965
0.00737789831106
0.00634272635405
0.00580538535532
0.00457705360897
0.00435681410723
0.005206989525
0.00505306935515
0.00352630627544
0.00425397119944
0.00378167947464
0.00459542584232
0.0044922200316
0.00472414080215
0.00532085328219
0.00550925326371
0.00814018498974
0.0135595466778
0.0117202896858
0.0139339402414
0.0106090283725
0.0116053784632
0.0129748444739
0.00412652517727
0.00554103674592
0.00521945840418
0.00584698215622
0.00796771084737
0.0103088263361
0.00752272505474
0.00750867050594
0.00818297192636
0.00948530122793
0.0122114103958
0.0171311705333
0.0149303095418
0.0124724848766
0.00553922024634
0.00582748414323
0.012461878981
0.0113849836863
0.00871300140222
0.0090717996943
0.0105310863943
0.0101517637114
0.00803603051929
0.00796229624629
0.0066830668638
0.00513878641584
0.00365978738575
0.00318466967134
0.00256384305351
0.00393568911136
0.0035102745143
0.00428303218994
0.00421728668789
0.00402805254946
0.00621786837243
0.00185135300473
0.0017461327099
0.00242239952149
0.00192094932684
0.00329112530077
0.00290840186874
0.00259200134174
0.00235649832792
0.0025937343894
0.00311530573605
0.00546153078724
0.00479621154509
0.00391956024407
0.0034953885531
0.00463404599236
0.00375449004939
0.00273498274769
0.00336282502525
0.00280241627439
0.00288090884495
0.0034193644114
0.00274262421548
0.00455769060484
0.00427740842257
0.00415051849122
0.00428613495464
0.00237231111636
0.0021399910271
0.00493445419467
0.00525297654404
0.00585521683887
0.00540623290657
0.0048270893145
0.0045816750965
0.00579753981093
0.00524846466392
0.00855072039727
0.00624350141623
0.00765573197096
0.00698824986375
0.0117283572308
0.0114688706193
0.00470261836048
0.00529142305214
0.00805482637624
0.00565894344038
0.00627969233806
0.00443552049965
0.0109762826951
0.0114637651688
0.00835496639034
0.00756861981001
0.00803285785782
0.00735105527116
0.0129846566448
0.0153085264625
0.0087288246783
0.00756707559866
0.00521524131375
0.00532248058151
0.00430717157754
0.00499110204211
0.00484631436689
0.00690908073068
0.0075086071609
0.00846304222782
0.00897452379452
0.00955007911224
0.00437300973502
0.00433022035689
0.00555691075096
0.00726058185683
0.0074405885435
0.0131169972941
0.00474422970141
0.00544047880701
0.0032589201853
0.00315680848314
0.00297445832129
0.00383928290755
0.00330826764117
0.00268107450921
0.00386137484325
0.0026637605257
0.00523714627283
0.00399283202785
0.00316287272225
0.00342737139797
0.0021702414577
0.00208586635548
0.00203083053234
0.00241028917444
0.00236729281895
0.00230322743601
0.00331366186564
0.00210671671738
0.00264932162014
0.0023965624592
0.00212176848744
0.00342899243102
0.00391609736404
0.00555708910018
0.00976857287003
0.00773193880707
0.00927311128257
0.00858389298075
0.00765806075498
0.00670010896583
0.0112556456235
0.0108078494402
0.0141943313275
0.00457793299439
0.00321351771264
0.00352910152308
0.00309409624367
0.00385328210882
0.00493501148071
0.00861534310313
0.00880625269662
0.00574507216174
0.00387155402362
0.0060561144902
0.00474415410765
0.00627158227189
0.00611293843648
0.00690234482169
0.00716767164575
0.00543160808584
0.00428821061695
0.00469167727336
0.00546681669148
0.0093836278516
0.00959785019236
0.00812167145078
0.00750363516657
0.00867652177418
0.00996298445896
0.00776276294184
0.00649054076923
0.00631372829159
0.00480499487114
0.00458899338658
0.00452671001115
0.00605771356086
0.00492760201994
0.0048298251499
0.00521851016871
0.00550723929461
0.00505251940476
0.00702569238144
0.00555162412387
0.00442323300339
0.00981861061656
0.0098469465285
0.00763584298419
0.0066448232818
0.0061380438862
0.0072209181069
0.0059118606752
0.0020096777947
0.00182310560469
0.00168223774078
0.00195799036698
0.00195935703705
0.00306077198979
0.00283905353427
0.00258621150365
0.00220850635573
0.00358104012904
0.00566199473861
0.00392916612555
0.00389149847838
0.00581937307556
0.00530657025883
0.00423491576295
0.0065127082008
0.00565530093014
0.00469283107745
0.00871894252659
0.0089413072063
0.00846506378773
0.00844589111153
0.00643930717054
0.00541243553974
0.0063895426483
0.00534810547426
0.0214530332852
0.0252516483433
0.0152174405015
0.0184599130055
0.00862488721453
0.00852796442265
0.011384981818
0.00998940332686
0.00999344252517
0.00605243830678
0.00554734449567
0.00541115348194
0.0066113214609
0.00527136401565
0.00542799193251
0.00595881699727
0.00630095340122
0.00435105969241
0.00408618506009
0.004195347751
0.00493336702026
0.0150501590348
0.0128320079438
0.0082409436195
0.00740738768379
0.00595611100566
0.00566046244695
0.00660285336621
0.00803595340367
0.00655287615129
0.0058255304119
0.00661782312843
0.00463866299106
0.00333834822158
0.00457270515417
0.0183099392021
0.0160120150356
0.00870177918937
0.00903198888145
0.0113889986702
0.00846252881481
0.011678117539
0.0143823801157
0.0138430554893
0.0160744872097
0.00456822751902
0.00768685564683
0.00776446969122
0.0045916241057
0.0148925007892
0.0105176000767
0.00958960501316
0.0129415010454
0.00245564743137
0.00250062298501
0.00298141946335
0.00356571451911
0.00444852687329
0.00456543178551
0.00250712733531
0.0019377629533
0.00227996466917
0.00276761563987
0.00420445594507
0.00340481438319
0.00566910036626
0.00518960095803
0.00588654094546
0.00659508172784
0.00653857536995
0.00717924333235
0.0101104284895
0.00670149325873
0.00777067589869
0.008636283669
0.00735831345972
0.00880309997369
0.00479285150523
0.00381182017965
0.00384993310606
0.00441641067172
0.00461827611463
0.00492599470225
0.00588043765527
0.00515000197392
0.0040797011226
0.00388438773345
0.00470680961809
0.00474910577231
0.00955344855214
0.00852840012712
0.00923167794646
0.00861673356782
0.0078678043493
0.00865575222394
0.00506899878803
0.00609121081795
0.00743778703337
0.00806363985542
0.00670468933291
0.00853347210696
0.00702362768653
0.00610752315617
0.0100713658209
0.013668638168
0.010037465324
0.0130658326587
0.00820111379618
0.00531902485935
0.00243415228931
0.00181090901339
0.00163129276828
0.00217803513989
0.00183646673467
0.00155958389355
0.00136985030982
0.00236521049142
0.00241526328147
0.00161161114162
0.00150241284055
0.00182448222929
0.00799354832011
0.0102333604117
0.00785603563932
0.00736943849471
0.0073033571621
0.00756431785543
0.00839511512484
0.00801371878854
0.00470411956223
0.00494454708534
0.00551108714999
0.00571906926513
0.0109621949049
0.0114761327817
0.00874016195113
0.0104526920573
0.00547821971353
0.00490264840284
0.00474330745017
0.00597113166753
0.00470551633458
0.00404618501532
0.00324874984644
0.00372014728905
0.00264906655316
0.00655334976754
0.00671438554781
0.00787270377546
0.0030124720928
0.00334370200172
0.0038468499033
0.00287995655688
0.0028207264865
0.00278413052532
0.00336687686642
0.00329427471157
0.00595474370822
0.0060134149915
0.00287443648721
0.00243848611424
0.00248927221063
0.00263089482049
0.00273896662276
0.00254143178001
0.00281720443546
0.00267158588297
0.00495407482756
0.00431637382311
0.00424063838064
0.00486531702885
0.0051662574664
0.00770636706519
0.00688952131963
0.0076082248011
0.00824621722265
0.00786569419479
0.00432300225883
0.00454075859779
0.00521688318658
0.00401210330502
0.00528141157546
0.00571984960134
0.00340734324285
0.00336643163519
0.00322949254787
0.00378783352084
0.00356657360782
0.00317879867572
0.00368693529022
0.00303807099256
0.00640006855011
0.00890993951412
0.00424847595254
0.0111816577326
0.00323879060011
0.00353660907992
0.00407260205938
0.00407238514408
0.00511223741489
0.00490786612577
0.00624662187803
0.00657376171725
0.00599819712172
0.00598067816003
0.00782841832233
0.00701545782093
0.00176413303139
0.00138104633829
0.00138481026283
0.00162443423049
0.00141248963525
0.00140794868794
0.00154886375011
0.00154469067017
0.00168974631987
0.00173918350384
0.00211929204394
0.00174293149562
0.00164069872844
0.00149430446823
0.00165877045512
0.00188450038627
0.00300457717916
0.00259432828129
0.0033658435003
0.00293588184532
0.00315779731923
0.00421987939781
0.00320133782247
0.00276347098628
0.00319109307672
0.00280792470357
0.0071556098858
0.00616895911529
0.00452685044993
0.00492230338502
0.00516845714357
0.00481007112949
0.0113126779862
0.0117987238648
0.00262804222006
0.00315019608618
0.00283635861214
0.00358230198848
0.00616363739639
0.00898230258051
0.00509563713165
0.00572938073973
0.00567079036306
0.00551372338315
0.0110056616105
0.00683123126414
0.00708570938291
0.00634725234988
0.00274682456185
0.00220236818842
0.00216129054703
0.00239253800146
0.0037191154569
0.00314958483047
0.00573682902735
0.00542649379256
0.00349121282275
0.00182083237904
0.00169059247917
0.00221860066519
0.0032330505782
0.00543049997636
0.00602767527795
0.00611398657574
0.00601029551237
0.00898369578984
0.00318249938328
0.00254475050161
0.00228990304223
0.00254915683648
0.00490569974708
0.00543920309694
0.00723789842054
0.0043658588552
0.00341796976638
0.00334445899225
0.00473216236289
0.00527338750591
