0.0110956252583
0.013523000137
0.0115820174092
0.00728300379389
0.00747833540034
0.00580627470603
0.0181495913957
0.00886487281331
0.0152258278351
0.0206591275899
0.0148692999119
0.00602001455965
0.00334753416831
0.00325979756554
0.00391711179293
0.0051640545246
0.00472326872688
0.00917587377054
0.00828041822426
0.00348074412112
0.00370191501941
0.00368164482221
0.00639143068724
0.00358258917905
0.00492455883329
0.00489169439976
0.00545090964074
0.00558043592673
0.0084914235678
0.00787974300154
0.00883776986521
0.00501853560848
0.00437514735319
0.00443922624662
0.00537563586698
0.0061052804423
0.00798016436151
0.00478096139013
0.00412102716242
0.00578186140459
0.0051752298706
0.0051433371584
0.00512084868334
0.00413753028823
0.0131741471573
0.00545085734791
0.00875976252771
0.0121032848542
0.0122106639596
0.0112622413062
0.0115066184178
0.0112700834055
0.00961361773661
0.0128578801732
0.0108112884316
0.014161018321
0.00824768628776
0.00726907182043
0.0159541799936
0.0152465212696
0.0161157949447
0.0160516326136
0.00921366637783
0.0124569742827
0.0150372056432
0.0167778024734
0.00812037774365
0.0118647465118
0.00692592807331
0.00680875516612
0.00880027453753
0.00540065216827
0.00594164095416
0.00916546877202
0.00755776612476
0.00354324500141
0.00500912118807
0.00591082323937
0.00630650567192
0.00583358429917
0.00579968571351
0.00521487960584
0.00454443336429
0.00590374085829
0.00425822079354
0.00532900659104
0.00477124468382
0.00573467620658
0.00458864808262
0.00654321540229
0.00431286116187
0.0075159163116
0.00642987634322
0.00533452715885
0.00651147952356
0.00551632457037
0.00392077306447
0.00285789130139
0.00325341450183
0.00267061203402
0.00265871508098
0.00313031516724
0.0133393493965
0.0184052780617
0.00622913530439
0.00593316452543
0.00444946032497
0.00307301178726
0.00356316653995
0.00395233409079
0.0133272813396
0.0149532693323
0.0123996113048
0.0163986471358
0.0148122448772
0.0188499608508
0.0176356896481
0.0202413591281
0.0213300250091
0.019152380417
0.0177705941399
0.00399295710639
0.00547493402874
0.00580965514452
0.00532640399309
0.00523395916818
0.00430257537676
0.00536495699888
0.00413357558983
0.00604145028859
0.00493651962244
0.00489366706764
0.00414508257948
0.00314684077752
0.00344803624528
0.00310990118508
0.00371438582135
0.00437475617094
0.00346060630146
0.00274022225594
0.00295716293958
0.00276288114691
0.00447038523075
0.00395011522622
0.00464979892771
0.00427615330494
0.00403882680542
0.00342814053225
0.00310956340148
0.00390475333816
0.00505741721942
0.0209043754852
0.00467538857721
0.00497044131513
0.00563133036806
0.00683761566031
0.00848549182534
0.0081129632187
0.00640715099345
0.00701673210278
0.0147173618692
0.0139871918149
0.0159794040466
0.017139922712
0.0193960519123
0.0162340226976
0.0120354973913
0.0118861601444
0.0111225639745
0.0118916668917
0.014163815881
0.0165216748718
0.00654859195568
0.00577657185336
0.00552410643949
0.00504243087662
0.00578142183061
0.0057255463865
0.00635094246497
0.00579409253216
0.00746701419664
0.00554584182611
0.00804036170955
0.00478200582652
0.00689224195235
0.00635079272483
0.00701459279736
0.00557917498917
0.00705691368958
0.00425916652896
0.00557534508936
0.00438993893278
0.00364193504789
0.00484300052634
0.00395053546488
0.0036742986934
0.00331474850669
0.00318737629023
0.00317711140574
0.00411571546394
0.00365086328825
0.00380968688709
0.00424678073465
0.00446336759139
0.004330964616
0.00411679781451
0.00404943744239
0.00445156202633
0.00888976936586
0.00849312643585
0.00860081658311
0.00900751377147
0.00965935819865
0.00962622168116
0.0096725474679
0.00753779469306
0.0114512696329
0.0110916903286
0.00848703841992
0.00903929713191
0.00925433720214
0.00649573329527
0.00654889221969
0.00496032254611
0.00589119158834
0.0158367239633
0.00697363247793
0.00511664915786
0.00614933819526
0.00541493934568
0.00565793626611
0.00466082231069
0.00455458359683
0.00452564289039
0.00565379242367
0.00614423279101
0.00723264873845
0.00655060159013
0.00691752567587
0.0049525849492
0.00607328425615
0.00577985119513
0.00633779958527
0.00874561956554
0.00691729704853
0.00629725658213
0.00645608549061
0.00845807859598
0.0110215066921
0.00630832179863
0.00940765285979
0.00889218153277
0.00517651320052
0.00478232575391
0.00445942170839
0.00426899623163
0.00551997010376
0.00455406869086
0.0100915352854
0.00866567214259
0.00979883607373
0.00984925544451
0.00359214493535
0.006323531373
0.00526204716853
0.00390907796018
0.00329325832288
0.00436277480164
0.00458964714057
0.00537468909833
0.00655314239247
0.00626099857261
0.00834136227564
0.00899497559906
0.00674682628432
0.00552139598524
0.00696645928662
0.00573337191052
0.00688566609672
0.00671687943485
0.0111220792724
0.0107725334648
0.0109675669667
0.011980527879
0.0126490003121
0.012765533578
0.0113086148785
0.0122517620383
0.0149282235638
0.0142518276493
0.014748833419
0.0122735225546
0.00885115606784
0.00904684038762
0.00626474548773
0.00694497310556
0.00976852973389
0.00949086936724
0.00887025876219
0.0068333074885
0.00630320864763
0.00517269543395
0.00751919234377
0.0112244559593
0.00697570210663
0.00909302681834
0.0113354329453
0.00896333400704
0.0116202271621
0.00892254817691
0.0149252876971
0.0181619790463
0.0130519534463
0.0169935003403
0.0132807228671
0.0168760393632
0.00948556400978
0.0106824938235
0.0164354729686
0.0086547814452
0.00780264998566
0.00624762990018
0.00795978297295
0.00565102061018
0.00608093589736
0.0102962453267
0.0071101801863
0.010485778822
0.010432272231
0.00902939452581
0.00924942786839
0.0103839154999
0.00577397981034
0.0109792219061
0.0100122983476
0.0102674717637
0.0104692816483
0.0108101857389
0.0146798166821
0.0210222501802
0.0142666042267
0.0162227664719
0.0100727531158
0.00706881432944
0.00642254720518
0.0078901843557
0.00787440961076
0.00699141457701
0.01023706076
0.0102378037529
0.013700108213
0.00956535160555
0.0114245823986
0.0130999679655
0.00903275780788
0.012684871281
0.0106789682104
0.00817444489982
0.00791998464656
0.016830579551
0.00476372017149
0.00564481026361
0.00588771299711
0.00596377019508
0.00691945914008
0.00716906315803
0.00788519464847
0.0116215664185
0.00694011378957
0.0116994476525
0.0140048517025
0.0155598216127
0.010106783962
0.00912696132997
0.00803247030833
0.0104052211809
0.00606296788271
0.00952771672972
0.00868929379056
0.00720017963154
0.00716801828345
0.00665567252885
0.00452201225369
0.00697675873627
0.00551813494424
0.00936265314586
0.0100941485979
0.00948700854345
0.00643488738734
0.00487805978183
0.007835604545
0.00836530052215
0.00659979590294
0.00598182047369
0.00895889790317
0.00761801477061
0.00829927218827
0.0102654613089
0.0122846050764
0.00280429980953
0.00433805214186
0.00441696059336
0.004388273718
0.00533718526672
0.00579567485306
0.0109834788503
0.00372242709412
0.00473519833753
0.00411520459308
0.00420301475376
0.00937847312488
0.00381689621033
0.0137686043897
0.013624862014
0.0103689425195
0.00446231341771
0.00493469214051
0.00477310978871
0.0109596972319
0.0104760389927
0.0184765932257
0.00642879897201
0.00870865951512
0.0199605733798
0.00631480500233
0.00620555540635
0.00667776382239
0.00676119043627
0.0061227746428
0.00349022084274
0.00291744263055
0.00264469256043
0.00344090125221
0.0027277480166
0.00493915490843
0.00310227980019
0.00250105244221
0.00251956254366
0.00240747570622
0.00236597138664
0.00286265566723
0.0027572814261
0.00393325616298
0.00408918362673
0.00356494821297
0.00434956804839
0.00437700996687
0.00443152899521
0.00414321719823
0.00485478221067
0.0135653809872
0.0134156297372
0.0133759796654
0.0165782850448
0.0138828290452
0.0141433792006
0.0151784478243
0.0116961325647
0.0142027666639
0.0133413023308
0.0121988049611
0.0155140573671
0.0126043666747
0.00706130381956
0.00599139664648
0.0083495866109
0.00606391708521
0.00692175951648
0.00712209580285
0.00658713302389
0.00645831539199
0.00668279109479
0.00948847734295
0.00711786643733
0.00831685613019
0.00712076086583
0.0102678660543
0.00821614110512
0.0135872932345
0.0118537505181
0.0136669450483
0.0101373873731
0.00737500873134
0.00776350224786
0.009687693953
0.00976651602097
0.0147256309527
0.00966412158171
0.010616651909
0.00960720825344
0.0179892797157
0.0107349734948
0.0120732201473
0.0102578441826
0.014164305447
0.00428283641366
0.00375561110174
0.00377704808607
0.00404032252534
0.00339062201458
0.00297507422604
0.00312658324188
0.00389916299258
0.00410371579779
0.00287829877682
0.00274741130534
0.00394151764658
0.00349631473925
0.00366955832027
0.00342990977261
0.00329870707923
0.00395099572684
0.00314454759438
0.00268393146653
0.00254515788552
0.003118622943
0.00351718219532
0.00277266435725
0.00244426851973
0.00419979747876
0.00394486651544
0.00492777123919
0.00311441464172
0.00303475530753
0.00306075521375
0.00319455353472
0.00193177630043
0.00187536978253
0.00168822732763
0.00280305594456
0.00263777128246
0.00195174848803
0.00162720290062
0.00228686998243
0.00173092002624
0.00212780105523
0.00260559099542
0.0018686546029
0.00339399579314
0.00336791898212
0.00243430266242
0.00315441284886
0.0114459755789
0.0151963184898
0.0114296274739
0.017958348817
0.0163510758929
0.0038152716447
0.00342329345416
0.00333525894076
0.00421663185219
0.00353090111973
0.00380015940701
0.00330391024876
0.0027601308745
0.00276794330998
0.00327093292724
0.00553045874927
0.0031175912001
0.00290082050224
0.00325048009352
0.00346821772639
0.00339330247078
0.00328555242155
0.00578511124011
0.0055653340378
0.00454527002034
0.00453828919241
0.00454991132064
0.00352022426322
0.00497694785683
0.0035251315194
0.00459990672489
0.00619489669613
0.0062570879761
0.00526045776353
0.00379630912976
0.00378502673871
0.014031004837
0.0137758870153
0.0121942214781
0.0177640376574
0.0156554985325
0.0132835335326
0.0122338837447
0.0170168196249
0.0172163123615
0.0134966997283
0.00744578336571
0.00681555150301
0.00765705874277
0.00700338304589
0.00830598196396
0.0101650707255
0.0101431759864
0.00685987997531
0.0128611957991
0.0128504028948
0.0144892604736
0.0190756741296
0.0148417023107
0.0160638845014
0.0152824767598
0.00864019251121
0.00933024516229
0.0117611465459
0.00806947479756
0.0171091187587
0.0147613641235
0.00757969152167
0.00927372751375
0.0106694860821
0.00702920502166
0.00611979827559
0.00727696542741
0.0094723780867
0.00635953041354
0.0108092819361
0.00558902641258
0.00487305533699
0.00626897329377
0.00554040162299
0.00522682822935
0.00453738733565
0.00530109390716
0.00330206176807
0.00289432790985
0.00254183383175
0.00348491419394
0.00268276138538
0.003386844633
0.00290371836717
0.00369061089285
0.00416346841858
0.00441459501872
0.00375414915076
0.00314782037087
0.0037976971447
0.0040543213045
0.00326085895745
0.0027763987728
0.00298114785876
0.00273091331291
0.00259546412077
0.00258476191932
0.00291110767378
0.00345086694027
0.00301967536372
0.00259160254615
0.00263215882003
0.00255151527157
0.00324458370157
0.00360563359931
0.00260825752945
0.00362692298733
0.00408677107849
0.00449165159896
0.00963018626856
0.00890022952131
0.00949516012111
0.0112748772372
0.0120473520632
0.0200359637987
0.0125741887273
0.00832038821459
0.00828492678421
0.0135774154106
0.015897409092
0.00313057467444
0.00353190821768
0.00331379809247
0.00324785975041
0.00239994742367
0.00248298121591
0.00297397018196
0.0030019864598
0.0026264376546
0.00330273561692
0.0105893189782
0.0105900859085
0.00870980604013
0.00623126960805
0.00635550716179
0.00644276710931
0.00721886626477
0.00826923544341
0.00812134645102
0.00824914623969
0.00796078921735
0.00913464149921
0.0107950177449
0.0151494210098
0.0107818843919
0.00742677717832
0.00667431332878
0.00792139604671
0.00656769893521
0.00314175487468
0.00336943197021
0.00323696540782
0.00350543194887
0.00294399566534
0.00391642095933
0.004559873684
0.00470690017662
0.00308820789483
0.00500367395551
0.00638696788288
0.00396230362726
0.00436018797521
0.00306439818038
0.00384059795682
0.00397768187919
0.00472832048026
0.0056315290244
0.00643348955354
0.00762931756059
0.0136904349188
0.0105502610664
0.00856352955709
0.00836305297389
0.0070216054316
0.0103177868745
0.00721225427819
0.00344529375463
0.006971088894
0.00762015834444
0.00671731196615
0.00785976364766
0.00627554293523
0.00857627722582
0.00981532793973
0.00815819045819
0.00883925952248
0.00827349400649
0.00690120042243
0.00771735728743
0.00654644269872
0.00444655187452
0.00271500178341
0.00433698030488
0.00434734172326
0.00495093513338
0.00431578638882
0.0036437546335
0.00403820903511
0.00365670273205
0.00474346235479
0.00360910181632
0.00351484242424
0.00410129290685
0.00337573735802
0.00379178913562
0.00452735455179
0.00374759332155
0.0047030544402
0.00431075136486
0.00394743530643
0.00367986014571
0.00323842456581
0.00297835429465
0.00386484783575
0.00300281987524
0.0035953274088
0.00328402385901
0.00383116576065
0.00425606569009
0.00286158103592
0.0030177358172
0.0038148521052
0.00317476877515
0.00444938111397
0.00447744766572
0.00352141237842
0.00364818311214
0.00448417078187
0.00473295377858
0.00457669115991
0.00425824138836
0.00499880761435
0.0059487995384
0.00527553117297
0.00514121264168
0.0055193726121
0.00526603694076
0.00416412311533
0.00375119324431
0.00329574106562
0.00395007935319
0.0041529565794
0.00326417568158
0.00270224782998
0.00367684573101
0.0152115319802
0.0157462129678
0.00975001692183
0.0108252418613
0.0114260513635
0.0124347001435
0.009299199544
0.0126171074246
0.0109423147858
0.0141435828356
0.00580630684343
0.00881771218996
0.00665243544945
0.00308135442613
0.00442572664712
0.00353818937263
0.0038169914898
0.00394322129806
0.00323814986051
0.00425413294453
0.00521783896221
0.00988685090919
0.00891328585647
0.0026475414678
0.00274778420107
0.00268144214101
0.00247818708894
0.00277789717759
0.00307410226958
0.0029229629479
0.00339965131803
0.00371524593933
0.00380387939483
0.00412818505047
0.00364631447135
0.00622903195808
0.0070734697854
0.00293031215466
0.00654182186786
0.00885744440375
0.00446122753167
0.00443746128471
0.00395655313886
0.00601865033172
0.00318242454767
0.00272424265984
0.00271798483399
0.00369663437611
0.00788410279446
0.00635139282192
0.00884003565772
0.00610925645717
0.00500254894196
0.00610102944974
0.00485459599549
0.00532434370558
0.0144730524467
0.0134877742291
0.00649327972344
0.00582450295774
0.00772853658989
0.00622585673851
0.00948115130936
0.00569753484256
0.00800167512653
0.00705456533513
0.00662770912814
0.00607853952615
0.00708629808744
0.00785825239679
0.00834174483954
0.00715946121749
0.00793650332027
0.00864789320078
0.00881414589942
0.00713404774456
0.00765297429781
0.00865018905833
0.00964198802037
0.0111598294945
0.00732445404052
0.00841439191952
0.00659754632439
0.00685391125886
0.00845598445587
0.00741031059835
0.00777592407928
0.00995872204169
0.0109411239499
0.00551301443694
0.0052829140492
0.00561096496704
0.00679119927117
0.00562917125431
0.00705938048522
0.0079997395749
0.00853917211071
0.00776727306304
0.00685083691517
0.0089995553109
0.00417301359007
0.00501967410068
0.00659073969919
0.00588371696342
0.00921521160896
0.00832607573127
0.00817133439579
0.010597153945
0.0110936535859
0.00952618476641
0.00901251136397
0.00712034497089
0.00882689743947
0.00873451362652
0.00938790055345
0.00895538021982
0.00879335781377
0.00863477366113
0.00877695124007
0.00836570406304
0.00513025097058
0.00374191227078
0.00450004584303
0.0044458960761
0.00567386566485
0.00551116962053
0.0123615105726
0.0115097430735
0.0138502649495
0.0142622111085
0.0089262116268
0.00587834444022
0.00641458288112
0.00577739825361
0.00452897043261
0.00519868244485
0.00727089461357
0.00770919984507
0.0083857023945
0.00793403199486
0.00324890669553
0.00383953791683
0.00486541850919
0.00342741789981
0.00458736141351
0.00512436544311
0.00331185112708
0.00443431642409
0.00398300284222
0.00471299723113
0.00529217454002
0.00402485313592
0.00481221795783
0.00597128140512
0.0030497996794
0.00288597349476
0.00256073229537
0.00236598462284
0.00253251285028
0.00217589962091
0.00266361123814
0.00270837209716
0.0022556900488
0.00277077698414
0.0028494119642
0.00278502508302
0.00405451844838
0.003709785767
0.00403869803651
0.00544116386554
0.00280156189989
0.00255476394806
0.00283156327727
0.00367813794788
0.00272608710682
0.00231793202827
0.0027584761174
0.00276541005689
0.00604279378577
0.00469139697014
0.00342902340128
0.00767977382166
0.00359665180996
0.00445625715553
0.00343988090557
0.0047539559176
0.00584282229304
0.00544960807594
0.00491783417251
0.00376295209864
0.00325654234291
0.00495484959606
0.00298223131473
0.00420008722717
0.00381624178414
0.0054767221558
0.00820204223573
0.00972038118623
0.0140921919543
0.0078199694302
0.014286273113
0.00648394219835
0.00682396810285
0.00513658448866
0.00434527750395
0.00526404444532
0.00610209090237
0.00893316127595
0.00715576197678
0.00934358767838
0.00921918019301
0.00898811411618
0.00699473457293
0.00700589293807
0.00737432291969
0.0145748173666
0.0103020837576
0.0100840746568
0.00303843139314
0.00276476453052
0.0160002318111
0.014157861219
0.0131012287561
0.0119043758297
0.0105933593461
0.0129021384243
0.0109945301356
0.0174812633162
0.0169147133589
0.0214815114391
0.020949523489
0.0132946917358
0.012645574244
0.0138410245874
0.0108484027571
0.0117690751029
0.0128064261891
0.0130117190748
0.0140093987268
0.0134612432791
0.0181864351008
0.0165394463015
0.0215209276378
0.0133866151865
0.0120713726228
0.00916343687428
0.010380985292
0.0121390187391
0.00979900344156
0.013417136223
0.0160335347912
0.0124656400625
0.0138620705179
0.0132093830226
0.0102763780585
0.0172017005061
0.0141028937014
0.0147440342103
0.0156929393811
0.0129817743477
0.010644033991
0.0099632649185
0.0110726902988
0.0119591179511
0.0109111674257
0.0128231958522
0.0158311903838
0.0124440923113
0.0124166113234
0.0117362543213
0.00510152959462
0.00407557594969
0.00395366896414
0.00458148985245
0.00239292642837
0.0042630306177
0.0188836941038
0.0170501027321
0.0040261211083
0.00330654863321
0.00569855350402
0.00535345144076
0.0124129245074
0.0115133024183
0.00752276644692
0.00588129607548
0.0059814594992
0.00482233803017
0.00460403817327
0.00531300142595
0.0052460384337
0.00378744069174
0.00453992785423
0.00416682649036
0.00442338080848
0.004463238593
0.00473697600071
0.00483092167807
0.00571607726992
0.00771129179857
0.013468303831
0.0116541033435
0.0146126074493
0.0108805808742
0.0117333114333
0.0133156409809
0.00405798206236
0.00531309530506
0.00499139017341
0.00507855579365
0.00815078937373
0.010526021348
0.00779877947863
0.00795643814054
0.00893729828167
0.00963234875306
0.0116294340194
0.0126036025879
0.0146405677348
0.0122014048968
0.00592598233004
0.00594491800131
0.0133451623799
0.0121093357265
0.00928282142534
0.00924507763958
0.0109515475659
0.0102199391012
0.00824739830068
0.00804844430141
0.00662413201854
0.00432725280204
0.0037458351625
0.00326860398014
0.00273580619045
0.00415559595023
0.00357027305249
0.00433014233285
0.00367761147496
0.00351311751561
0.0060104114849
0.00189473582471
0.0018616686563
0.00250257920099
0.00207136672843
0.00324631373601
0.00290088337237
0.00283954153748
0.00249429983127
0.00264870476945
0.00323011397134
0.00550786773989
0.0044400299693
0.00403176123385
0.00355457917246
0.00467506236885
0.00390482031413
0.00288566690975
0.00354236747718
0.00293505393901
0.00307293361778
0.00360224403977
0.00294947920649
0.00418153977083
0.00417790373205
0.00432243993967
0.00444676023527
0.00239630309686
0.00218776576805
0.00499510462462
0.00511497177541
0.00596796214188
0.00554313642772
0.00511186051848
0.0046755518458
0.00581923323382
0.0050521494207
0.00858095469257
0.00659829067445
0.00809183585414
0.00684720102483
0.0125631389055
0.0118011605694
0.00477899264569
0.00548716159185
0.00898188563426
0.0061151054404
0.00654600298724
0.00497407215317
0.0110841197658
0.0112778621143
0.00824966983969
0.00810606281452
0.00968793957035
0.00808314870836
0.0130813894985
0.0140634906398
0.00870612044149
0.00857427534558
0.00594579280212
0.00509639389822
0.00435421481898
0.00528625038045
0.00500367789677
0.00712258101434
0.00799418357481
0.00861065619174
0.00896156065213
0.00965944090526
0.00471862201277
0.00442641411375
0.00568176836245
0.00634994893868
0.00697967972644
0.0126165452955
0.00483970726861
0.0053984074185
0.00367704376642
0.00358958193424
0.00344706921086
0.00427577772753
0.00368056463023
0.00297328487448
0.00434870640687
0.00303298083279
0.00531223991559
0.00414594660517
0.00308164611729
0.00334317500437
0.00238498185217
0.0022247828083
0.00220098746517
0.00256762460496
0.00271443318541
0.00261322330911
0.00371729592362
0.00228812469112
0.00283333226041
0.00255963209204
0.00230215673686
0.00377264510612
0.0039661044052
0.00567768662707
0.0106923588025
0.00797551972222
0.00943147292096
0.00869418881116
0.00767613861236
0.0059553326746
0.0106298737575
0.0105233270072
0.0134962251451
0.00355943317439
0.0033311367566
0.00396631045161
0.00520155719514
0.0080398525632
0.0091213415776
0.00606681003545
0.00397869745309
0.0060111461553
0.0054153905333
0.00662723639461
0.00372163980822
0.00575033532481
0.00806106586953
0.00672709872564
0.00931611403001
0.00970846317365
0.00626209390596
0.00518902241865
0.00464469945255
0.00478860335239
0.00492543124295
0.00484141145804
0.00474345216772
0.00525961907203
0.00744325538134
0.003636550303
0.00882857387845
0.00733936577863
0.00574217489176
0.00590210844198
0.00211302095075
0.00171565858026
0.00182728143749
0.00225635502314
0.00215028285921
0.00318266065139
0.00328640752312
0.00290146419318
0.00251830788534
0.00407952357431
0.00564081142218
0.0038615569025
0.00414557392239
0.00552819980186
0.00548506269905
0.00425212691361
0.00607927563303
0.0055195557075
0.00462848799629
0.00979296543806
0.0105661426682
0.00969799995433
0.0097457398457
0.0073591766108
0.00673206501422
0.00785471253097
0.00601518536559
0.0164623753819
0.0212873375975
0.0143413321458
0.0155305157898
0.0094674075189
0.00923344841977
0.011025459196
0.0105652754618
0.00583010555733
0.00545187070371
0.00533581357923
0.00721076847003
0.00549058061617
0.00584345709157
0.00634808668999
0.00703200449489
0.00462414425145
0.00422036535102
0.00410257772287
0.00528773056986
0.0150896453634
0.0126235340286
0.0086042634531
0.00655388053668
0.00619159341937
0.0073259331335
0.00958228313344
0.0047180137035
0.00404972830832
0.00297098110155
0.0205292519095
0.0152337248864
0.0115478965781
0.0118943637815
0.013624644486
0.00974894351051
0.0116578320382
0.0115656301941
0.0134935515058
0.0152597853334
0.00230692505321
0.0132883532608
0.0106400659315
0.00952994513405
0.0101360494612
0.0037918490646
0.00404682268979
0.00279582041488
0.00214092667837
0.00257790679759
0.00306623215959
0.00407278965761
0.00338916041349
0.00683825529222
0.00585277631102
0.0068196927189
0.00822088421763
0.00716628198454
0.0082099814042
0.0127701795258
0.00668517498757
0.00930175750377
0.00727492413824
0.00927265445974
0.00592113174867
0.00444745843445
0.00423782151763
0.00521999600892
0.00501714936804
0.00521904442241
0.00662499375682
0.00540127587146
0.00509350273102
0.00455566007085
0.00457119158363
0.00558014078666
0.0084082879558
0.00802693383582
0.00985338862289
0.0089061115181
0.00663662680484
0.00489584769556
0.00600525712558
0.0072720795526
0.00715313228622
0.00749801580202
0.00798351082253
0.00759569650708
0.00636559094544
0.00902722353856
0.00840275182795
0.0139182349542
0.00768977088864
0.00518651317314
0.0027323407378
0.00191782840606
0.00183735662871
0.00245721455318
0.00206505813988
0.00159187318627
0.00163738708111
0.0024403952821
0.00281982332482
0.00177635404715
0.0016606628811
0.00222452245296
0.00773989346791
0.0118595872481
0.00784445725137
0.007561010905
0.00678665213076
0.00748646517241
0.00526587171207
0.0057098759918
0.00622978794821
0.0073270055629
0.0116542998518
0.00841413384439
0.0095334034147
0.00596276343376
0.00585254730781
0.0058794553234
0.00799557520573
0.00652366178644
0.00474189699774
0.00350621728025
0.00420010540149
0.00373763619595
0.00799569411253
0.00744366118825
0.00722553107151
0.00346407528663
0.00415580767933
0.00473481474723
0.00334287002834
0.00320286871154
0.00332312555988
0.00426526979802
0.00376156777945
0.00644389808663
0.00331811963228
0.0027610429116
0.00281277791546
0.00288819925673
0.00268537675047
0.0027035306581
0.0031855444512
0.00296224413617
0.00489716244012
0.00406487585434
0.00399337737934
0.00634519030364
0.00918994277986
0.00820064805818
0.00724143649683
0.00649365983421
0.0048002128166
0.00531691340486
0.00226303133802
0.00244612693262
0.00423041813078
0.00255608636036
0.00411361715499
0.0040268285077
0.006082237018
0.00667102611654
0.00643896835211
0.00656453127634
0.00813898882565
0.00226730968276
0.00151819751162
0.00149651542719
0.00199507316977
0.00181879667133
0.00178559221722
0.00210813905047
0.00205823055275
0.00201036575736
0.00203094071548
0.00284052651863
0.00203282866339
0.00204305296502
0.00154406414863
0.0017039898402
0.00357100040869
0.00289002178522
0.00339525810345
0.00464829071466
0.00393453782836
0.00302170018182
0.00412089170678
0.00292574109826
0.00694572951296
0.00573463256979
0.00417632370117
0.00449343623453
0.00476014193278
0.00418099840008
0.0116600710603
0.0120295961209
0.00273068692832
0.00344870990539
0.00279277815074
0.00409015412049
0.00649339775001
0.00890652383687
0.00552126409635
0.00655992622417
0.00710112171114
0.00630186772162
0.00625735176237
0.0081486933704
0.00710597976464
0.00429778806287
0.00323003218587
0.00318775947793
0.00348265921975
0.0046372765553
0.00365713190677
0.00645179419212
0.00609570732708
0.00352061241265
0.00173687521006
0.00170239386011
0.00263556431204
0.00374080125958
0.00512475420971
0.00697195854076
0.00612995671227
0.00805765681716
0.00729102915674
0.00461535921683
0.00378832097721
0.00332381358498
0.00263756257846
0.00587003593434
0.00743271563959
0.00478532428373
0.00419577759535
0.00421634024804
0.0051092723625
0.00567057998106
0.00772841683621
0.00930204070769
0.00589771460201
0.00586373774695
0.00336032191471
0.00292571909651
0.00347236506173
0.00369665032567
0.00328743930277
0.00302752242517
0.00470522018898
0.00251550239877
0.00516047576568
0.00292262879716
0.00307179853684
0.00432103174219
0.00366721712049
0.00322268314351
0.0030458656466
0.00285630297526
0.00382628402206
0.00304387650547
0.00347729762696
0.00470465986452
0.0046928776544
0.00297228683086
0.00344025314879
0.00442356797078
0.00401567675773
0.00482718352607
0.00385385221848
0.00436403366757
0.00491755942309
0.0050428124638
0.00400971193823
0.00344893237647
0.00603920022627
0.00516229437599
0.00354865822701
0.00296956703307
0.00370636163416
0.0097518952172
0.0078672481588
0.00840391954485
0.00935776668597
0.00776540651371
0.00709598972037
0.00662192787096
0.00770854455234
0.00280990145717
0.00757795816611
0.00451488207587
0.00451257543968
0.00502110757465
0.00588502398696
0.00477376907054
0.00520526736497
0.00356968688652
0.00370175381221
0.00331475124038
0.00279365381844
0.00328494597846
0.003989705491
0.00308633711193
0.00304255771248
0.0024492238892
0.0021603575968
0.00206322268296
0.00230253759479
0.00228721419318
0.00371329447545
0.00327196484927
0.00379981209945
0.00288848196429
0.00414934238692
0.00291230406327
0.00605506888809
0.00548777205249
0.00273323422224
0.00717964830465
0.00385971335805
0.00444862269276
0.00665712414153
0.005329238292
0.002949727866
0.00504056659399
0.00211123216712
0.00191784732893
0.00167765914539
0.00181458484812
0.00236923290115
0.00239857556617
0.00354228638362
0.00213638621372
0.00194902012461
0.00227527569317
0.00101490476474
0.00298638266989
0.0010971502653
0.00169071923892
0.0015054067329
0.00180022873372
0.00185296305516
0.00173060380522
0.00313632406132
0.00267064764112
0.00265336007272
0.00246017910663
0.00154779390752
0.0014371528428
0.00154124218447
0.00095784804848
0.00272725750294
0.00269202614639
0.00104302434125
0.00192063840703
0.00294498048622
0.00466963495024
0.00362859181578
0.0028038319537
0.00198776447778
0.0025355465985
0.00195311645829
0.00226533783932
0.00655414386571
0.00573908745432
0.00524776084743
0.00486305558521
0.00225587017853
0.0020832972032
0.00237574231308
0.00264548281391
0.00452253955465
0.00529232294002
0.00374543793246
0.00318867566739
0.00391974153605
0.00424670142707
0.00248485163959
0.00203860610576
0.00244403871313
0.00222156828555
0.00561445968183
0.00590284448838
0.0030879380537
0.00268568933649
0.00313011808181
0.00342021358955
0.00438740205493
0.00423412566996
0.0055114708035
0.00542963772007
0.00315719053282
0.00275412029009
0.0028577317844
0.00291087113304
0.00320345873145
0.00310798311332
0.00303914003646
0.00324951787964
0.00366954627391
0.0047518237051
0.00558421002833
0.00272500687628
0.00301654650723
0.00277967343029
0.00283134563287
0.00310516387534
0.00286522657781
0.00325229434003
0.00322683076911
0.00380522137303
0.0029512649507
0.00321578061158
0.00299631966756
0.00875911425948
0.00587277053025
0.00340274113981
0.00403592191703
0.0054456519238
0.00315529225347
0.00461483069426
0.00493910301662
0.00241901398781
0.00255766357241
0.0021708287694
0.00261206306301
0.00258824034105
0.00318722276409
0.00325256532897
0.00269157635089
0.00667315734609
0.00563586593856
0.0044714941045
0.00435238293787
0.00377603539651
0.00478117349849
0.00222577195575
0.00278024078665
0.00265922224572
0.00325737591185
0.0042872522817
0.0035412529437
0.00340610685459
0.00510822172473
0.002904047227
0.00300185927407
0.00308839692885
0.00308417591479
0.00299935873024
0.00429443581666
0.0045973276679
0.00631120787597
0.00457025805538
0.00274132380386
0.0031583988733
0.00276845345098
0.00256879204587
0.00213725921187
0.00222682161179
0.00220303089858
0.003422289135
0.00361685733988
0.0069460183365
0.00574461180915
0.00759769265584
0.00817804345185
0.00375634106592
0.00377500307077
0.00225536506057
0.00170907251681
0.00197729731447
0.00208558409347
0.00296784055684
0.00300336818737
0.00297839860261
0.00248328197605
0.00286318290606
0.00320290650153
0.00505441618546
0.00415844464879
0.00444182967077
0.00413777219015
0.00621250569061
0.00721406449128
0.00639011707379
0.00653948031338
0.00323215215084
0.00248407522636
0.0030093934265
0.00281744399048
0.00523341460335
0.00657473123542
0.0052390239057
0.00434741822011
0.00431489110772
0.00487234722898
0.00258640331816
0.00297865205406
0.00254281864637
0.00272974152155
0.00222695705276
0.00271960165426
0.0015985691702
0.00264632206739
0.00642069591563
0.00722650516684
0.00418430784553
0.00386689753527
0.00280639247969
0.00255964620021
0.00219752321508
0.00303847087611
0.00477190081286
0.00494501503651
0.00244820964356
0.00262472828733
0.00274887576165
0.00334232950498
0.00293246296677
0.00285136215932
0.00291505031441
0.00324613605204
0.00319829161825
0.00332386813846
0.00405514845952
0.00325661068007
0.00215616068937
0.00247281559697
0.0025824568033
0.002559719825
0.0032740009485
0.00355043146327
0.00450390115241
0.00337883360984
0.00774923023382
0.00621361540058
0.00404494405084
0.00422838232762
0.00532377910872
0.00518499409858
0.00248324997091
0.00292939758907
0.00344292512124
0.00290108319395
0.00286683920711
0.00268790859807
0.00297127932868
0.00323841197082
0.00294353112861
0.00323333359527
0.00245935423994
0.00207580092325
0.00212977351317
0.00201293267216
0.00203249680193
0.00228329400598
0.00238637341543
0.00248481409095
0.00303783988655
0.0032678796157
0.00318189266613
0.00332059279581
0.0023180262385
0.00227012653925
0.00224332977264
0.002453101157
0.00578152987538
0.00943549905124
0.00525102906255
0.00649207842467
0.00558644500358
0.00475205464261
0.00238442501879
0.00200522699589
0.00227224418684
0.00244864136205
0.0042383847947
0.00403317509037
0.00350894013582
0.00358988490489
0.00334751722354
0.00355825394298
0.0021455818039
0.0020801794023
0.0012419430834
0.00116903465938
0.00138874597362
0.00122470227706
0.00836457430662
0.00715153519678
0.00431439295326
0.00422288728711
0.00499205559669
0.00444078750122
0.00337875057403
0.00397355850723
0.00240202263443
0.00188658795816
0.00221280448014
0.0016814639341
0.00635103365309
0.00599249539408
0.00417537490476
0.00331683865991
0.00211246538762
0.00158319304142
0.00153240671858
0.00215166515716
0.00303705274557
0.00329671790402
0.00182675564792
0.00176169158334
0.00208520494545
0.00190482641441
0.00146082327061
0.00132632279679
0.00147777163747
0.00171722726531
0.00512016318242
0.00526367207897
0.00273736486115
0.00196572588447
0.00179041548229
0.00220693332532
0.00137285772595
0.00143176713329
0.00162286668655
0.00179605147818
0.00142464650151
0.00146600845378
0.00170872529266
0.00159563709888
0.00344090403451
0.00308295896751
0.00418955310298
0.00399891499262
0.00309914501181
0.00397630951906
0.00206576267059
0.00156241200471
0.00169629603061
0.00151903474278
0.00258308200697
0.00306632005807
0.00151137986962
0.00292683866189
0.00309703649676
0.00252352234845
0.00327873924346
0.00265773657461
0.00260489418176
0.00229220370852
0.002321693828
0.00259906266227
0.00384742185468
0.0042709074928
0.00259168636561
0.00224426967984
0.00225344298256
0.00255996510501
0.0045710401359
0.00403306522513
0.00434595465613
0.00366542688387
0.0016605159026
0.00158730308316
0.00196300011365
0.00147994883398
0.00818074616513
0.00835499793732
0.00248324312332
0.00194546012971
0.0017473692549
0.00174497356955
0.00206144902775
0.00221729837556
0.00172510413514
0.00156772147237
0.00176945959948
0.00139501753977
0.00412563689544
0.00432939846637
0.00439178661198
0.00444441022365
0.00306827576602
0.00250794779125
0.00290344942833
0.00285998263901
0.00467408072521
0.00395278241747
0.00199721633065
0.00211012501266
0.00198131525537
0.00230059750728
0.00128174216769
0.00108341482901
0.00110504088529
0.0011240596512
0.0036408371729
0.00274461241409
0.00132058163338
0.0013054022484
0.00136392888553
0.00175397195041
0.00301954240734
0.00215852895109
0.00169656029443
0.00135516627103
0.00155294325875
0.00129325788498
0.00476912592179
0.00510213388817
0.00430792571967
0.00427448757648
0.00366352719536
0.00369743258058
0.00347809148255
0.00363293103339
0.00231586690991
0.00323585311555
0.00133150096017
0.00146734314569
0.000946835311167
0.00106163208086
0.00117026232908
0.00104945623636
0.00213402879092
0.00182768763065
0.0012152596556
0.00136306326279
0.00173972099641
0.00172442925803
0.00620487272253
0.00716760755008
0.00406159277346
0.00310335939765
0.00254745089997
0.00282893774789
0.00122030289541
0.00147378412827
0.001143435021
0.0010464098433
0.00087917987774
0.0012998627418
0.00171226509907
0.00132694916219
0.00269941268413
0.0028190730461
0.00179006738711
0.00179924624247
