0.0106248974409
0.0134627841407
0.0114671136923
0.00699442134774
0.00723637579616
0.0057076680541
0.0176087097689
0.00813543505038
0.0149046482547
0.0203975803121
0.0141816630643
0.00587779837229
0.00338343214721
0.00329207686637
0.00393437300923
0.00529633754776
0.00887033063459
0.00717025145967
0.00352277090976
0.00372195220099
0.00361532017639
0.00626092500946
0.00359551557834
0.00428667771046
0.00483332158815
0.00534727020927
0.00556457305292
0.0078594223585
0.00872142133664
0.00497403550193
0.00430393744504
0.00497587950214
0.0048113958674
0.00409614162148
0.00576596687873
0.00517726993064
0.00516023359179
0.00511733151005
0.00383937195274
0.012966957576
0.00468773989081
0.00814169083769
0.0112966032854
0.0113352201636
0.0110826195866
0.0112467035514
0.0111371661713
0.00902881569753
0.0128622562262
0.0107111434851
0.0140533353425
0.00820154119092
0.00695471385628
0.0159890671902
0.015127801715
0.0158361089859
0.0159756306557
0.00882974300911
0.012237403539
0.0147768544299
0.0161768739363
0.00753019979942
0.0117684426959
0.00683611427114
0.00429403918805
0.00734391564098
0.00543315084471
0.00597479523394
0.00867657669849
0.00729364902206
0.0035414889627
0.00470899720605
0.00521716099376
0.00624472600473
0.00583758570169
0.00571833165645
0.00517491331726
0.00452869139589
0.00588058189434
0.00425565639419
0.00532271920969
0.00477817134043
0.00573105620246
0.00458634967002
0.00657389617538
0.00432180292996
0.00755831782262
0.00640143545287
0.00530283591058
0.00647562420856
0.00549123873915
0.00391591081227
0.00285504055972
0.00324749418662
0.00267291888985
0.00266551025996
0.00313952255055
0.0126362920309
0.0179144249532
0.00617467342111
0.00589791275381
0.00427978947693
0.00301872744742
0.00334906839858
0.00394678421928
0.0132024224818
0.0147183308486
0.0123681334799
0.0157765168169
0.0145834437591
0.0188439752562
0.0175223888591
0.0201745238685
0.0209415083757
0.0190448711568
0.0174110176871
0.00382591923628
0.00544981787316
0.00581598061531
0.00529340691247
0.00508373606862
0.00422299040721
0.00525660104988
0.00408404055989
0.00554342048946
0.00441240063745
0.00488084549041
0.00415390477971
0.00313832047001
0.00344370995623
0.00311666685253
0.00370420428265
0.00439014697406
0.00345740461765
0.002680506957
0.00295406749449
0.00273339140436
0.00446205177494
0.00392518172554
0.00468957395809
0.00427038200181
0.00398546612294
0.00326954465261
0.00308880478636
0.0039074019932
0.00505527416975
0.020666418185
0.0038383571496
0.00478822596824
0.00571899213589
0.00661496691058
0.0085012655741
0.00809473459578
0.00628399391428
0.00690900480573
0.0142337873767
0.0133294612222
0.0154252329941
0.0165638157118
0.0180951253051
0.0155099459452
0.0117203673467
0.0117074246676
0.0110149850902
0.0115225155465
0.0139215861898
0.0161598395201
0.00619705790414
0.00535966976345
0.00520276877314
0.00490814706495
0.00571116803509
0.00568444042565
0.0062855414786
0.00577009794634
0.00740621266879
0.00552848193107
0.00790576611844
0.0045996249524
0.00653431853523
0.00637166965577
0.00700176039191
0.00557431359078
0.00702785655678
0.00416567926207
0.00557588418662
0.00436383117934
0.00362293870374
0.00483014925856
0.00390985574997
0.00364513926962
0.00327618929161
0.00318622707586
0.00316193281986
0.00398841956492
0.00341372193012
0.00373841980471
0.00406808856035
0.00440516649682
0.00429619174874
0.00410804549834
0.00399529923487
0.00440303790677
0.00758301243508
0.00826294827194
0.00851404645062
0.00904490116558
0.0095055106921
0.00953525823576
0.0096319387364
0.00745466963559
0.011342082511
0.0108972636051
0.00804438704846
0.00886710997605
0.00911916012814
0.00501048159903
0.00577871181082
0.015614963337
0.00585714858783
0.00483573864274
0.00529858721042
0.00511920225901
0.00467224629465
0.00452406911001
0.00450014967527
0.00578212768996
0.00644001752072
0.00651221517399
0.00470109036435
0.00574652949828
0.00839712538643
0.00592742824871
0.00649322189296
0.00744790500119
0.0105799559448
0.00611106204378
0.00924714636873
0.00883543260583
0.00543745826412
0.00492461536653
0.00443842034613
0.00424565318981
0.0052113222968
0.00445650691601
0.0100524273267
0.00861498550916
0.0097547003851
0.00975305944933
0.00360634772253
0.00619683851649
0.00532528536083
0.00392241592923
0.0033013566474
0.00435223212148
0.00460943139659
0.00535121445657
0.00657488370698
0.00623838367392
0.00812781525281
0.00828947109593
0.00657752848233
0.00549538476523
0.00674141206788
0.011017798619
0.010547377862
0.0108256117004
0.0116800480902
0.012265154605
0.012525687202
0.0110612060168
0.0118923539181
0.0148568996324
0.0139191544727
0.0146210794017
0.0119676745233
0.0078790715043
0.00534737926417
0.00954636949563
0.00934454278233
0.00958366138468
0.00619744690358
0.00883574598278
0.0113589175412
0.00914219180972
0.0115958637059
0.00762736203118
0.0149852778147
0.0161467251401
0.0110409487852
0.0151835659434
0.00941606579522
0.00906427653263
0.0071749365411
0.0085916961313
0.00779313195484
0.00900707731402
0.00987117940281
0.0103811632832
0.00900796383848
0.0102386928712
0.00561134617502
0.0108801506103
0.00968738697963
0.0101988161734
0.00978647849531
0.0105708698154
0.0145068374985
0.0207310242495
0.0141225016559
0.0160010987453
0.00977453816169
0.00701102946078
0.00640256403025
0.0077809102917
0.00773311111904
0.00687914676081
0.0102210940413
0.00923765874726
0.011173515417
0.0102525881758
0.00803172584693
0.00798479486239
0.00564829095145
0.00616014962874
0.00682412136258
0.00777435351164
0.0107786799162
0.00664776054252
0.0105451896667
0.0140132299314
0.0152854937889
0.00999582504672
0.0094274787322
0.00818167446169
0.0106024831094
0.00567876326262
0.00950186196084
0.00811306019379
0.00723429609844
0.00712837918809
0.00658404788569
0.00419116335321
0.00691627508032
0.00547781338521
0.00909655520789
0.00994420341466
0.00884130544337
0.00615353251247
0.00435429885167
0.00769867524531
0.00808553926473
0.0052174500939
0.00876329913169
0.00715768245127
0.0078002649215
0.00998573415342
0.0115485357011
0.00281946120959
0.00438318997423
0.0044382280826
0.00444874594106
0.00537655931241
0.00593811079757
0.0107147874792
0.00373574247116
0.00475686784668
0.00405484377397
0.00419153947923
0.00910507730144
0.00380354001405
0.0132787208552
0.0136338400717
0.010256782548
0.00451747531985
0.00489449380869
0.0042024964317
0.0106208086284
0.0101703111502
0.0182204818255
0.00638623763092
0.00862571869466
0.0187288298255
0.00632736118434
0.00615941550449
0.00649393250896
0.0067095695146
0.00614162346226
0.00349405105245
0.00292489062291
0.00265251760142
0.00344742443903
0.00273864314887
0.00495740413416
0.00310986162851
0.00251629475148
0.002534186314
0.00241984211536
0.00238384280405
0.00288348847168
0.00277486374906
0.00395266400535
0.0040945401767
0.00360244059251
0.00436496117966
0.0043917155452
0.00443138934183
0.00413753313327
0.00486005577434
0.0131730289797
0.0132006457995
0.0131007764324
0.0163405756768
0.0135783736088
0.0138759062566
0.0149345383946
0.0115862188444
0.0139738023941
0.0132098508624
0.0119704062736
0.0153418412042
0.0120795797578
0.0067718239805
0.00577065391552
0.00818429160155
0.00602171374449
0.00687409792469
0.00698316932569
0.0064777804638
0.00641487622863
0.00666248203763
0.00894139752754
0.00668905140574
0.00825725644094
0.00701481770225
0.00615810259356
0.00815245836185
0.0133312617744
0.0118474621998
0.0135091577341
0.0107544489914
0.00752418506744
0.0075983154522
0.00911700139959
0.00981009764268
0.0145370468713
0.00955332367195
0.0103305521119
0.00912883894622
0.0176464648807
0.0106626000812
0.0120531816678
0.010268453422
0.0138418985669
0.00393200487343
0.00371356153478
0.00373594942499
0.00400555401072
0.00340257135526
0.00298200368947
0.00314542513659
0.00390580932647
0.00393477407963
0.0026901292754
0.00277480427761
0.00394754472941
0.00346225911335
0.00352255086714
0.00344574706726
0.00331322974908
0.00395583084684
0.00315877345332
0.00270219414212
0.00255959925085
0.0031353184158
0.00352465899303
0.00276369269454
0.00245080053328
0.00421518097215
0.00407859523124
0.00495757200004
0.00313580366351
0.00305234888932
0.0031484345
0.0032329828036
0.0019423472858
0.00188949302517
0.00170102203634
0.00281512103737
0.00265704090588
0.00196476122435
0.00163739007296
0.00229893054066
0.00174296516106
0.00213790773776
0.00262762799612
0.00188127931769
0.00342832766892
0.00340482581605
0.00244481288071
0.00316371543564
0.0112786912852
0.0150844946622
0.0113521331085
0.0178377683146
0.0163578986966
0.00373923937502
0.00341851226422
0.00331016416698
0.00373038640514
0.00347648361438
0.00345275571652
0.00344023424413
0.00281541913971
0.00285745079155
0.00318891304958
0.00314299860816
0.00307453494584
0.00303060670283
0.00326398094867
0.00334574535618
0.00323097296382
0.00488685501754
0.00502984905925
0.00452943445876
0.0044700461933
0.0043658522514
0.00352607834535
0.00496176153337
0.00352721227285
0.00462609281347
0.00620035994054
0.00473040101456
0.00360696327498
0.00378535514812
0.0138473286298
0.0136524672123
0.0120807387964
0.0176062127187
0.0156147202388
0.0132806474382
0.0122755523179
0.0169657836218
0.0170580685591
0.0134290211162
0.00742291456747
0.00619036100329
0.00738079681087
0.00649978498182
0.0080872775365
0.0100740707895
0.00999308183766
0.00657331515831
0.012865171251
0.0128025144891
0.0144424774463
0.0190284584206
0.0147747719734
0.0160006778926
0.015178779135
0.00846157888768
0.00923623225036
0.0115522834406
0.00810068442092
0.0170695259199
0.0146829152561
0.00719920853685
0.00923410219075
0.0103432708739
0.00700237489522
0.00610072238568
0.00709256156981
0.00959376884058
0.00636298614995
0.0106367839405
0.0055801958761
0.00489185554242
0.00629992643862
0.00556911091289
0.00522068419511
0.00467846225753
0.00525324926052
0.00331544425014
0.00302623304556
0.00257783493644
0.00363959215984
0.00273043365344
0.00342343977548
0.00291379180843
0.00368014439772
0.00419386765463
0.00440597502216
0.00373653507699
0.00317630661768
0.00382058923756
0.00407470101626
0.0030190829347
0.00270670299496
0.00293055257841
0.0026916276926
0.00256152601052
0.00255326730536
0.00288564002963
0.00325167676436
0.00289860850662
0.00260560241844
0.00263647573027
0.00258337320349
0.0032721572054
0.00362616278049
0.00262171181652
0.00365158064842
0.00411571876751
0.00455661000321
0.0095319458865
0.00869794282007
0.00921841456763
0.0111195883844
0.0119176811171
0.0198158408354
0.0120592490223
0.00798845238134
0.00770528348205
0.0134757009404
0.0157177276859
0.00312164381313
0.00335222781786
0.00327933092669
0.00326234766681
0.00240906009966
0.00255151328174
0.00305840476319
0.0030489523593
0.00260186066702
0.00320801975234
0.0105691738359
0.0105803322261
0.00866301014286
0.00615109824145
0.00638832356427
0.00652559426838
0.00708636493388
0.0083162819797
0.00809695276326
0.00827826486505
0.00773830087433
0.0092670230781
0.0108996228509
0.013970726089
0.0108376862735
0.00729794522428
0.00662783059076
0.00791387034611
0.00645212344172
0.00309778116467
0.00335974828545
0.00322037306878
0.00352423846412
0.00292255232447
0.00371015574405
0.00453258723498
0.0046976733935
0.00309703038281
0.00500126772903
0.00634847526114
0.00397814716893
0.00437430508182
0.00306286850525
0.00384392323671
0.00397909424479
0.00472345545343
0.00556094868102
0.00613377631734
0.00742173234065
0.0083146728601
0.00701652509629
0.00599962253588
0.00699412218906
0.00324260229196
0.0069289717346
0.00758885445173
0.00657180149546
0.00783851782597
0.00610646845406
0.00854727508596
0.00979933911524
0.00816896575537
0.00882400049004
0.00827890965234
0.00689422419162
0.00766498771251
0.00636734821564
0.00447033419736
0.00272656512265
0.00435435278906
0.00435051365577
0.00491555305965
0.00425624918594
0.00359848700146
0.00398355618085
0.00352477364513
0.00474401185195
0.00362034943335
0.0035393910157
0.0040947879491
0.00321879068558
0.0037549053462
0.00451416370939
0.00374132096145
0.00474293247507
0.00433510836285
0.00395705395944
0.00369283019839
0.00324635741533
0.00299780820801
0.00389091759434
0.00301968251126
0.00359701646016
0.00329490221176
0.00382563361391
0.00429193913664
0.00287879444759
0.00303904484475
0.00383958567257
0.00319119698393
0.00444152706811
0.00446805672434
0.00352671253588
0.00365025969859
0.00450002380227
0.00468711406184
0.00460612706321
0.00425047634578
0.00498327667177
0.00594507374235
0.00522679634777
0.00511481899356
0.00546427776945
0.00515106385557
0.0041561587524
0.00376435945499
0.00329945051972
0.00397309797669
0.00417524560096
0.00328498610425
0.0027108692735
0.00368579991909
0.0137188414012
0.0155467989747
0.0112245719636
0.0123657325222
0.0104599067303
0.0127549221375
0.00573541808804
0.00865238130808
0.00658934938136
0.00308669534815
0.00440656929408
0.00356707615075
0.00385017130423
0.00393686742044
0.00323820333558
0.00424014804474
0.005149760387
0.00975712898474
0.00889671356789
0.00268497135118
0.00279768616944
0.00272881859966
0.00252680671318
0.00281814374653
0.00314857859872
0.00294839929898
0.00343660668937
0.00375255740402
0.00384298731651
0.00412615162325
0.00366238271647
0.00625818068959
0.00699782486641
0.00297485751536
0.00655833363104
0.0088802073692
0.00449660438739
0.00444025787558
0.00398983606223
0.00596039696459
0.00322175943621
0.00276839498992
0.00276427283882
0.0037731670294
0.00780896134695
0.00634300396067
0.00885411130878
0.00608117162847
0.00508986550075
0.00602150798015
0.00448757221491
0.004838284084
0.0143112045191
0.0134790324927
0.00661151948287
0.0059134668039
0.00782786434935
0.00629195867746
0.00933717839562
0.00557858706409
0.0079034526872
0.00703744124361
0.00676399019307
0.00615687695809
0.00713360145811
0.00798265375588
0.00843600841662
0.00720903712389
0.00791175684841
0.00869206255127
0.0087410593005
0.00715686677984
0.00767108813099
0.00871450560264
0.00964326463728
0.0110910700398
0.00735338201457
0.00843591352219
0.00663994124318
0.00684510248324
0.00854607814686
0.0074308142178
0.00769914868322
0.00493080279169
0.00497848312072
0.00564169681588
0.00567882002001
0.00704698047116
0.00802510602931
0.00791103290791
0.00778334241402
0.00687854609872
0.00824915339655
0.00420410136524
0.00503785416021
0.00643259719489
0.00558116931215
0.00904011642712
0.00830296155262
0.00823892362522
0.0106610296343
0.011036513026
0.00952888841324
0.00862292003764
0.00703916585272
0.00890449050342
0.0086894324881
0.00924471031805
0.00893444173392
0.00874882762996
0.00849871239891
0.00876884089837
0.00820427243097
0.00515366337342
0.00369603639045
0.00451002066781
0.00439908222654
0.00563169738509
0.00550479775922
0.0123584361124
0.0114327687438
0.0139247341693
0.0143154666223
0.00885652531979
0.00598058235635
0.006469810024
0.00575046395127
0.00471821814174
0.00526889308431
0.00728234060833
0.00771088414931
0.00403846687465
0.00804019232
0.00326931545196
0.00387175406015
0.00490380017696
0.00344417533528
0.00463027786542
0.0051479892907
0.00332945299046
0.00448169917152
0.00400732561003
0.00475456535863
0.00531326487959
0.00404383978748
0.00484166048995
0.00602440508296
0.00309522080854
0.00292846236976
0.00260111604951
0.00240251022004
0.00258950856489
0.00221249616461
0.0026891830169
0.00274990410246
0.00229746542559
0.0028236684867
0.00288486389746
0.00280459729433
0.00397608075558
0.00383948479079
0.00419860879328
0.00531527643091
0.00307275449798
0.00263999812273
0.00288709108655
0.00374412834075
0.00293559917633
0.00237357209017
0.00281350280932
0.00282396282784
0.00601771947425
0.00470619254311
0.00345791690988
0.0077207543744
0.00362979887274
0.00451326380401
0.00347506266441
0.00479453949262
0.0058802383742
0.00547654810535
0.00433570928741
0.00377231560046
0.00326203201614
0.00498516283932
0.00299699372617
0.00419061940132
0.00343361625855
0.00816116150724
0.00969574463375
0.0140195905078
0.00781617394791
0.014210726713
0.00648163245244
0.0068594957145
0.00514514585013
0.00447092164577
0.00546825721862
0.00509490245122
0.00865938045091
0.00694278268667
0.00919663868284
0.00892239251473
0.00857697475288
0.00662919856398
0.00676439675196
0.00704674663039
0.0144040721676
0.0100937943576
0.00982104403261
0.00308096669524
0.00279906983527
0.016027963197
0.0140723569074
0.0129678962804
0.0109379721422
0.0105286633879
0.0128822588512
0.0107712277138
0.0175416197759
0.0167841949068
0.0210898508784
0.0207940166148
0.0132666775658
0.0127043678528
0.0138632873308
0.0108654894468
0.0106981711036
0.0114924525939
0.0130177127809
0.013500439668
0.0182552708934
0.0165767529905
0.0215979902574
0.0134036107861
0.0120851921288
0.00926548403214
0.0104736690348
0.0122173230877
0.0098792875159
0.0134127601331
0.0161166639578
0.0124698696822
0.0139674308657
0.0133885149029
0.013279821358
0.0144682714483
0.015537296164
0.0115682457534
0.0105247645176
0.00991133506867
0.0111139746547
0.0119720931552
0.010905777302
0.0127844215245
0.0159504325643
0.0125120253071
0.0124295268681
0.0118020721183
0.00510306792582
0.00410322543229
0.00400546943421
0.00461854507454
0.00243631437294
0.00432572165257
0.0188761815122
0.0168667462321
0.00403187485763
0.00322803272953
0.00565000358308
0.00536414370459
0.0124574235262
0.0115141488276
0.00753353697462
0.00583204968263
0.00599017342621
0.00485379218567
0.00464809213237
0.00533555912628
0.00528382893359
0.00384664823236
0.0046117575993
0.00426120451709
0.00437623661928
0.00443131686183
0.00474899335236
0.0048391316841
0.00577251042414
0.00772303228931
0.0134261411985
0.0116138862129
0.014634125844
0.010909338705
0.0117236379269
0.0133438830468
0.00407453085265
0.00530628915234
0.00472996780278
0.00488542806014
0.00818587942076
0.0104810533771
0.00784669527257
0.00801784507906
0.00906795711645
0.00958037266504
0.011607088338
0.0121553352648
0.0145368951598
0.0121437479825
0.00602567430496
0.00598443320907
0.0134727219809
0.0122427198149
0.00940518403648
0.00923146007029
0.0110284123314
0.0101627667736
0.00830522995903
0.00807841173249
0.00655893699315
0.00419873721759
0.00370989119795
0.00324225620948
0.00275602360065
0.00411555090498
0.00357707412483
0.00433260705853
0.00307240999292
0.00254674032291
0.0059681525374
0.00189908764531
0.00186990386601
0.00246932616013
0.00208449174994
0.0031690354068
0.00289869030216
0.00286882345861
0.0025287483101
0.00262034169649
0.00332129767681
0.00550960127213
0.00436893777224
0.00403461082003
0.00355058461888
0.00465379300569
0.00391900536844
0.00291486622185
0.00357712548589
0.00302610380904
0.00315729672543
0.00323344506222
0.00295708309924
0.00221217044447
0.00422056174462
0.0043146620179
0.00406506323311
0.00240045116322
0.00219761070397
0.00497747812514
0.0050646648599
0.00597496659387
0.00556501254228
0.00515842055835
0.00467433237605
0.00579304163872
0.00498925526342
0.00859501751686
0.00698315238942
0.008180339859
0.00708000172167
0.0126725342485
0.0117921801162
0.0047603304676
0.00548453142065
0.00913371169573
0.00618675774111
0.00656825509682
0.005084474744
0.011143921178
0.0112618572093
0.00735583884082
0.0048084253668
0.00813222949155
0.00881921500978
0.00768218976267
0.00594737486317
0.00505820754646
0.00438680915292
0.00534052456022
0.00503360807749
0.00714762137845
0.00805553806229
0.00867107197104
0.009026550164
0.0097019758885
0.00480333083952
0.00444724700848
0.00568735971942
0.00640611153752
0.00681137292335
0.0124147959297
0.00486575846615
0.0055348120942
0.00377256572739
0.00369374148593
0.00355945153128
0.00448535458566
0.0037536463362
0.00304099350476
0.00443140287041
0.00313012246177
0.00555457543551
0.00420373136551
0.00307986914342
0.00334662818176
0.00243738614249
0.00225932125925
0.00224505415941
0.00260591199084
0.00280305515035
0.00268467873424
0.00379287553295
0.0023338766413
0.00287122165963
0.00291609755371
0.00252127298524
0.00404233273682
0.0039730318154
0.00568062173188
0.0108888963213
0.00805384056447
0.00941012124107
0.00881580859879
0.00752782162205
0.00570770559597
0.0104554161822
0.010499634202
0.01339656877
0.00338911784193
0.00307453333959
0.00399637964945
0.00525237829514
0.00773233968997
0.00912621878415
0.00636874130778
0.0040363316908
0.00600869013262
0.00560095017872
0.00654583458127
0.00344785935809
0.00556925183977
0.00793727644048
0.00660492420317
0.00943682978381
0.00965011339374
0.00595045311452
0.00488336052787
0.00464116897278
0.00461450337883
0.00488896949705
0.0048766001198
0.00472011079268
0.00539095848362
0.00757164010905
0.00349758144707
0.00876576621704
0.00695753240194
0.0056627077023
0.00600478738986
0.00215656602784
0.00174195232884
0.00187520377586
0.00232424115319
0.00219862811274
0.00322683333866
0.00288757182269
0.0025676848937
0.00258440484308
0.0056407484139
0.00381242468482
0.00550026256944
0.00424775234173
0.00596238296554
0.005479651743
0.00469390400059
0.00882941914796
0.0107206186871
0.00984925147456
0.00973669234017
0.00661868819537
0.0138339589889
0.0128381452187
0.0147534183248
0.00898756878892
0.00861838806991
0.0109479094456
0.0105524993323
0.00577524369104
0.00544425195918
0.00532784964388
0.00726853708711
0.00551919583999
0.00589298141142
0.00621687191057
0.00715303759445
0.00471358569664
0.00426174200644
0.00416281384025
0.0053703390796
0.0148581058163
0.0123960297923
0.00853463130825
0.0067007714595
0.00633770418095
0.00745233780006
0.00980813062991
0.00445074632039
0.00379395772269
0.00279284731265
0.0183920900415
0.0150354226423
0.0090942216741
0.0124437014624
0.00990682344549
0.0115956906331
0.0111356809091
0.0137567300637
0.0149238993323
0.00248979900587
0.0129937287157
0.0105449006521
0.00957774588589
0.00988094110629
0.003802896052
0.00408152894947
0.00306224328877
0.00229404728418
0.00264709552707
0.00307580331462
0.00392016577872
0.00337661307038
0.00644236245663
0.00615934173636
0.00781588470433
0.0131568597884
0.00677412923272
0.00933792009486
0.00720957460107
0.00919131134905
0.00606594203465
0.00455418875201
0.00428321248676
0.00531259060388
0.00513563894773
0.00528253454223
0.00667625261233
0.00551316297779
0.00526385519084
0.00466929128876
0.00467414278622
0.00564526715376
0.00831824802007
0.00790343384433
0.0099553348192
0.00896260468924
0.00654353128542
0.00491648118373
0.00592542586745
0.00693202680391
0.00714345373459
0.00758850687775
0.00788714166597
0.0076499328965
0.00637484844198
0.00870219439574
0.00810386031421
0.0137537674046
0.00745993175905
0.00511163236234
0.00278483309164
0.00196922757325
0.00190772116327
0.00250890942105
0.00196840421758
0.0015680464767
0.00171678147096
0.00235776137668
0.00287286699108
0.00178741566839
0.00165203756707
0.0023325486602
0.00748435464168
0.0120468246252
0.00789562597987
0.0076829205224
0.00671857243337
0.00739020301078
0.00532968714146
0.00585405975601
0.00620211368707
0.00749692632754
0.0117449190849
0.00806509895948
0.00952912621668
0.00586834324271
0.00610075384791
0.00622397617344
0.00819822006112
0.00677443942457
0.00486926794419
0.00361858164807
0.00429584453767
0.00394592580071
0.00821750270953
0.00752006209614
0.00722987753881
0.00359322324204
0.00434277293347
0.0048462054007
0.00344552690001
0.00333729169853
0.00346374397857
0.0043923847053
0.00358875365796
0.00651607990652
0.00315344493239
0.00283086336873
0.00285779783225
0.00298722004077
0.00269334522149
0.00274282189899
0.00320592528657
0.00300547113929
0.00451703040103
0.00387502450859
0.00378173617514
0.00651670180341
0.00940586830662
0.00844199447676
0.00724786989688
0.00651025313678
0.00482223340372
0.00492474976807
0.00216286340553
0.00247936809944
0.00420615096588
0.00263549907788
0.00427495864186
0.00351757977091
0.00613664734689
0.00680635825631
0.00671828492012
0.00682582694142
0.00827046973527
0.00233440675162
0.00156488622275
0.00154639920787
0.00207017625534
0.00190034834511
0.00182240280802
0.00222053064354
0.00209091758438
0.00209144089287
0.00208638466931
0.00292675210962
0.00209819217215
0.00215567867694
0.00153887982235
0.00167670909968
0.00358942253555
0.00291373868833
0.00339655675811
0.00470076432685
0.00392127419495
0.00307206822304
0.00422874673266
0.0029352896145
0.00658444980898
0.00564469379055
0.00419904999291
0.00447020579672
0.00471453351921
0.00416366508582
0.0115514838713
0.0118852614548
0.00277262473017
0.00325678531084
0.00281742374789
0.00417169941423
0.00645277307635
0.00879506260397
0.00549920078338
0.0065870982345
0.00712378467308
0.00648809045496
0.00622819532875
0.008271905212
0.00728208862825
0.0044868251208
0.00340898495132
0.00337534075162
0.00365192923379
0.00471414302482
0.00373531233477
0.00649836141272
0.00617118287856
0.00350965929275
0.00177151762
0.00174050311095
0.00269598140123
0.00383841436593
0.00514606541599
0.00716010712256
0.00597283127484
0.00832604260815
0.00743762214239
0.00484622131123
0.00402268854531
0.00343194773339
0.00296433018707
0.00598410771081
0.0077229310143
0.00483735566596
0.00431509889171
0.00429227555425
0.00525037103798
0.00572783476751
0.00769616361877
0.00934527959591
0.00563209375543
0.0058451679603
0.0034769388249
0.00310598804722
0.00352208904391
0.00399025099359
0.00339106396858
0.00315017122905
0.00497239146539
0.00262255155531
0.00494981041367
0.00310219106476
0.00323432776176
0.00449494323453
0.00380537522167
0.00331399442938
0.00312841929397
0.00292851578042
0.00399226828924
0.00311933533148
0.00363736803088
0.0049952856726
0.00495359993297
0.00304845220766
0.00357340217252
0.00461824273991
0.00419555048986
0.00562035228461
0.00438246813674
0.00461034671624
0.00511621755739
0.00519976115635
0.00413182284361
0.00350224024282
0.00632816055838
0.00544704421455
0.00370456835537
0.00304281758657
0.00383000843858
0.00978994651844
0.00786193612435
0.00851625341476
0.0121478098356
0.00771967226461
0.00721530725844
0.00660080282524
0.00773455152981
0.00291408017895
0.00768541856651
0.0045348044879
0.00451143171437
0.00502970653222
0.00581607195096
0.00477217197889
0.00519765865789
0.00333583509415
0.00366156535144
0.00338474594304
0.00286224048674
0.00336796255236
0.00419907379662
0.00323293184006
0.00314417575486
0.00260891577774
0.00228067024604
0.00217219269135
0.00240437022937
0.00240557372259
0.00380817929931
0.00331614700103
0.00409614177994
0.00314291851036
0.00458380104939
0.0032814976085
0.00653052609955
0.0058330939134
0.00306246617444
0.00717474144123
0.00387544839483
0.00446773772301
0.00674863138307
0.00541113701819
0.00322215914258
0.00482579075179
0.0024397828782
0.00217317740192
0.00180861775028
0.00189463042576
0.00256170825914
0.00269254103224
0.00386397416976
0.00235794445286
0.00184978174957
0.00230838643146
0.00111018281742
0.00315787502526
0.00121616239992
0.00186098855938
0.00158584682933
0.00196798730222
0.00186873388385
0.0017950193963
0.00334088873621
0.00275522858462
0.00267432215598
0.00245642070315
0.00172687555432
0.0015487523971
0.00162208097339
0.00102190265764
0.00275436903845
0.00297767220679
0.00112305859606
0.00196748074481
0.00294695884246
0.0046022700784
0.00375391477439
0.00296897222071
0.00204806318866
0.0026645445852
0.00206823467032
0.00232521410427
0.00653414132978
0.00552020365391
0.0051709503373
0.00474008988107
0.00228336949758
0.00219381376177
0.00248542956632
0.00280515762606
0.00449337451978
0.00538175613956
0.00391101349936
0.00319474607126
0.00395196110985
0.00429110652383
0.00255256581844
0.00210698800155
0.0025430559872
0.00224381087025
0.00500473765927
0.00596875581471
0.00278390137886
0.00286963229372
0.00338297676113
0.00364953817316
0.00414965046161
0.00577415625791
0.00572881998294
0.00289516138421
0.00275355736428
0.00286677186761
0.00292706381556
0.00326831828602
0.00321809190508
0.00310949389684
0.00331648626066
0.0039338942789
0.00468340620137
0.00539458463668
0.00276760434893
0.00303964675002
0.00282189201605
0.00287237720554
0.00307116128678
0.00283483503692
0.00331051907705
0.00316828741644
0.00385346597241
0.00304177972038
0.00336320646428
0.00308367644191
0.00857516257926
0.00589465167355
0.00355211899836
0.00428599942187
0.00592733936277
0.00321478712623
0.00451336637291
0.00485535151203
0.00252499463272
0.00266630697086
0.00224122261529
0.00278971983423
0.00272939180991
0.00339574238447
0.00339350541179
0.00289380685458
0.00693582178965
0.00559749626157
0.00453538140852
0.00438636436781
0.00371976432452
0.00479558357743
0.00229067186924
0.00292111505303
0.00280649989786
0.00343483405431
0.00435093143549
0.00362287427708
0.0035440615555
0.00547470031368
0.00303110442743
0.00306234057245
0.00315608283249
0.00316211393217
0.00306550764655
0.00420115764036
0.00471707248298
0.00684098019505
0.00488568442602
0.00281407281086
0.00331995617404
0.0028112739322
0.00278450339711
0.00223907277052
0.00233082493236
0.00230433102078
0.00347999800558
0.00372174162845
0.00722679286886
0.00581238177747
0.00773089653757
0.00842175520565
0.00394170323618
0.0039957478829
0.00248749420675
0.00182381301549
0.00204734356698
0.00227038636258
0.00305411086724
0.00307856913264
0.00316371856081
0.00262334511145
0.00303348436063
0.00343005445981
0.00525699863032
0.00425647260964
0.0045576707912
0.00424529529655
0.00541429214171
0.00647968481032
0.00680438667552
0.00693829417707
0.00352280416864
0.00263198716826
0.00323983124644
0.00301599450301
0.00550853698665
0.00703882583893
0.00580354446555
0.00472195420566
0.00468336934591
0.00542423813576
0.00270860798175
0.00326988107052
0.00267118579443
0.00261980226106
0.00238851074008
0.00295340592955
0.00180674086494
0.00291602674952
0.00622318465235
0.00753586233192
0.00400361350581
0.00387165326252
0.00315505426505
0.00272709763901
0.00221977605524
0.00347008309968
0.00479072726768
0.00454728604997
0.00240832573121
0.00270778205255
0.00282237304301
0.00376215260774
0.00306944238957
0.00295078957412
0.00301832655997
0.00358648241579
0.00328948749832
0.00347304787337
0.00471005091068
0.00334704534186
0.00211838631946
0.00256158205052
0.00277504208673
0.0026942636012
0.00331412470632
0.00367065447444
0.00506719905414
0.00342952349799
0.00797882248012
0.00595183800878
0.00394673671498
0.00424450595439
0.00584530038438
0.00582495327097
0.00261060924334
0.00321841141568
0.00417814964543
0.00323787967737
0.00325972362175
0.00291124074312
0.00324936554519
0.0037251665637
0.00282407338963
0.00316271586663
0.00265535491772
0.00215453472578
0.00224278552763
0.00205724386336
0.00204996708751
0.00245982172309
0.00265417527499
0.0027323126734
0.00314983820338
0.0034570822701
0.00338469645298
0.0036180293553
0.00245449965679
0.00236199908653
0.00233041123824
0.00264608571081
0.00566635001508
0.008941539308
0.00511147809847
0.00694750009001
0.00588464274157
0.00461567635302
0.00321207937258
0.002987687863
0.0030694750951
0.00237633360673
0.00226003662894
0.00144023856982
0.0013089793722
0.00162660066051
0.00136635762239
0.00891732103764
0.00666096903705
0.00450121029573
0.00451292475374
0.00585534221989
0.00487125678358
0.00348598561229
0.0037860087347
0.00232426378599
0.00215453731615
0.0025791727608
0.0017138941782
0.00676400660261
0.00631234300103
0.00302256590394
0.00236906919585
0.00164668542276
0.00154632587628
0.00243575045011
0.00306025341516
0.00343811526355
0.00199654782114
0.00190153577777
0.00243685662098
0.00219936119424
0.00164987003465
0.00146389080156
0.00162075478825
0.00197961700947
0.00506810320696
0.00531263064625
0.00254459691564
0.00211726113487
0.00171539671705
0.00201295110401
0.00140127729145
0.00174792957797
0.0020881216155
0.00164410905548
0.00150035903906
0.00159997034203
0.00193341690758
0.00183016093816
0.00164758369534
0.00327342753345
0.00438695812144
0.00420423000322
0.00302363270595
0.00421865139482
0.00237540025682
0.00162885938422
0.00181422184315
0.00156607601018
0.00271893946523
0.00295623363457
0.00161667802161
0.00313728912587
0.00337069343713
0.00256481573158
0.00358284285275
0.00280875043896
0.00295492566185
0.00247621184301
0.00249873744116
0.00297514428088
0.00383718901389
0.00442357699101
0.00298942205178
0.00247253585837
0.00245477768817
0.00294454566741
0.00480704907837
0.00406015169885
0.00461540517307
0.0037173544373
0.00181408467522
0.00173645620977
0.00228055044834
0.00158153006819
0.00844176342915
0.00853909195086
0.00256275063192
0.00188414718177
0.00176860396399
0.00178668875219
0.0021533576586
0.00227137090546
0.00200737167857
0.00178074033453
0.00206545668074
0.00154534121902
0.00423218249157
0.00449492053207
0.00460211604063
0.0046941872734
0.0033658865436
0.00260367155506
0.00316709399575
0.0030851934992
0.00485478943161
0.00393378120789
0.00211536199847
0.00224376483826
0.00200512462384
0.00245051001919
0.00146617793203
0.00118914102743
0.00121652378364
0.00125436955547
0.00375933356189
0.00266762169628
0.00138991570017
0.00137212133068
0.00142497083492
0.0020322899295
0.00317494689371
0.00207517169615
0.00200967897355
0.00148105203424
0.00173986240014
0.00138615091145
0.00500291087022
0.00550381104867
0.0046695802027
0.00448748801306
0.00370717359623
0.0039706681866
0.00381030446725
0.00385191300949
0.0023965988059
0.00353935198486
0.00133523530556
0.00157237975886
0.00107116054547
0.00130530143042
0.00144014799184
0.00130171630659
0.00227684215746
0.00185502391858
0.00139333737271
0.00161477227847
0.0021907560998
0.00216386203631
0.00635206413565
0.00788525278457
0.00450833099853
0.00314481364286
0.00248383957456
0.00282399464573
0.00128597506852
0.00161027237418
0.00136937937459
0.00118825435363
0.000938615107965
0.00163957497116
0.00191743127059
0.00138405948849
0.00263839904209
0.00283667600402
0.00183836906779
0.00184912619099
0.00256696713017
0.00283765415157
0.00289024813989
0.00258928141068
0.00301902939182
0.00269536482363
0.00271514456706
0.00246643507996
0.001704406836
0.00164092199372
0.00196162375508
0.00214612263378
0.00274407149241
0.00199351828228
0.00238756824081
0.00244544969152
0.00195500631707
0.00192709130827
0.00209164687904
0.00215271685746
0.0027555619569
0.00311408710768
0.00342618430808
0.00294306924628
0.00288949855234
0.00328353182673
0.00227150290009
0.00196744186799
0.00188879229836
0.00223994119681
0.00263467011703
0.00346170182238
0.00194111351419
0.00194519338367
0.00173694535899
0.00217582766128
0.00299050414427
0.00317183822175
0.00178099929004
0.00148696697997
0.00174913518402
0.00158759976216
0.00339293253531
0.00379239776548
0.00235228923603
0.00209554831431
0.00210757381482
0.00247204763075
0.00512429025201
0.0047901740907
0.00365984016222
0.00538417767272
0.0056696274645
0.0047743094709
0.00231515373974
0.00159674865427
0.00164684975329
0.0020188035173
0.00226508844379
0.00179157761415
0.00192197403006
0.00167008443467
0.00162651541707
0.00147303976567
0.00145171426461
0.00160879349016
0.00392625835
0.00447194868481
0.010696773364
0.00940567398998
0.00433159427786
0.00428342206663
0.00456544762864
0.00519999077939
0.00183059222507
0.00158215996676
0.00170956787498
0.00162421306809
0.00319542078727
0.00489556056407
0.00152573332919
0.0014716400824
0.00154237577667
0.00155233449287
0.00196602669023
0.00199664265814
0.00161302679889
0.00241619834479
0.00388221347946
0.00402915866656
0.00548240938897
0.00779872924993
0.00777495363964
0.00630864538394
0.00508071671465
0.00485405764013
0.00311899773804
0.00285316264859
0.00321479778505
0.00347783544923
0.0035213573006
0.00403976647213
0.00453966978129
0.00436480033889
0.00474930444671
0.00533359764894
0.00952500949933
0.0158586912589
0.00136617691031
0.00151737765236
0.00192205408367
0.001555203825
0.003485909936
0.00389033155105
0.00334597687352
0.0034653925111
0.00314030266302
0.00351777614225
0.00278223326759
0.00328737824344
0.00342427415529
0.00343112679697
0.00410299252246
0.00344250232735
0.00351252125281
0.00388681065357
0.00591471596093
0.00479614099377
0.00530726209795
0.00681281910751
0.0026185017149
0.00258096785583
0.00271553388167
0.00315783206834
0.00339561990853
0.00284685418276
0.00311835031445
0.00338164639598
0.00687281122088
0.00577468981713
0.00502277958542
0.00464207372752
0.00477567335991
0.00533852846989
0.0032428391784
0.00276904381047
0.00398731923075
0.00215138700962
0.00420469456086
0.00408716948741
0.00294653715501
0.0029628420655
0.00839837895075
0.00722288032569
0.00579076876655
0.00495747646476
0.00502681682575
0.00411590206839
0.00493169727131
0.00521471704419
0.00480843043793
0.00756629686151
0.00284335448282
0.00347885206736
0.00394497797788
0.00452824682146
0.00443825488652
0.00358145856695
0.00363141070024
0.00402479932891
0.00243998253202
0.00210236741295
0.00214346093198
0.00229349983712
0.00170812765714
0.00150059303442
0.00159459284639
0.00189276332221
0.00234821021435
0.00199848323246
0.00222491181136
0.00215315000059
0.00403157708781
0.00451109971203
0.00162883083235
0.00163319708678
0.00201036028119
0.00203005767894
0.0123373038616
0.0123884001724
0.00609420814879
0.0096664057617
0.00415404055521
0.00389212222302
0.00269941062836
0.00380235439444
0.00504857938492
0.00462529512827
0.00207354565864
0.00225510366852
0.00100998830178
0.000688998025362
0.000701967404781
0.000754937989774
0.000610188567116
0.000593718200802
0.000706997016778
0.000708791181751
0.00153337350121
0.00132853598482
0.0015591312982
0.00168800820562
0.00228848330659
0.00165619255509
0.00173641184595
0.0036557722462
0.000916333383122
0.0013181240657
0.00132521553536
0.0015093927019
0.00168421339604
0.00200462004797
