0.0973512353221
0.0932639145741
0.120070962696
0.141944425402
0.129386843803
0.1361056038
0.111933408489
0.116609842778
0.0908031124969
0.0972956207331
0.105589286599
0.127262253461
0.159115165531
0.139511867471
0.133668205219
0.140933410932
0.115110771094
0.101338328569
0.132143713573
0.115012683028
0.11667761899
0.155214909152
0.126370560262
0.138324597068
0.105949224892
0.0762919583531
0.0772970460934
0.0493032868473
0.0474932536713
0.0542728663712
0.0543927147012
0.0721076507312
0.070047826015
0.0356115710147
0.0483845320514
0.0676179487451
0.0653373744857
0.0871147834864
0.075983708321
0.0318616370013
0.0360978277854
0.0658430495283
0.0688387363001
0.0679527573184
0.0431118551631
0.0370015353021
0.0443932649526
0.0343537588576
0.0430931220632
0.044971220917
0.0439083502885
0.0371125744073
0.0364174978667
0.042775116404
0.038662340052
0.0504960481687
0.067351530452
0.04839791371
0.0202694894633
0.0277867396282
0.0391498574609
0.0317743106033
0.0197565651424
0.0202154968049
0.0206772339172
0.0132280623609
0.0193359681087
0.0326182250715
0.0140301587193
0.0461128253414
0.0320079096266
0.0227210780852
0.0682526835767
0.079617266383
0.0770770430097
0.0820726157079
0.0458840610894
0.0461935225942
0.0446649534779
0.0371532183803
0.0332028728558
0.0454583481876
0.0882875725847
0.0704721559427
0.0815123423513
0.0944281148887
0.0430428600937
0.0386916460003
0.0411572583922
0.0507977327931
0.0824156645825
0.0890811876151
0.0800774751416
0.0508202601704
0.04963049847
0.0599908303109
0.0388071814602
0.0450807605227
0.0431595968472
0.0380405828866
0.0910635723891
0.0536207699254
0.048495534285
0.0515873016807
0.06568080484
0.0491611612166
0.0354588698666
0.0587175381498
0.098920109649
0.0657747281297
0.0211947772554
0.0189648900064
0.0199085195317
0.027463274049
0.0253225305354
0.0207255157791
0.0211894423172
0.0298747863327
0.0244167065483
0.0293543813368
0.0389850916456
0.0253979015839
0.0307670641511
0.0354044998831
0.046559266334
0.0617013069817
0.0658650519535
0.0452251710438
0.0391975151716
0.0323203193693
0.0475689055777
0.073791872613
0.0404132188483
0.049172646107
0.0157985833939
0.0158242852687
0.0191168258858
0.0212512871426
0.0199915863592
0.0139229789576
0.0134268354294
0.0213122886642
0.021881449432
0.0142900126771
0.013383775348
0.0209293017838
0.0291728669648
0.0229756951724
0.032018124549
0.0297386343212
0.0468944120487
0.0909308994429
0.0538766791975
0.056264889487
0.0367341872828
0.0283948483276
0.0273803749515
0.0239788674712
0.0203780248967
0.0613755942444
0.0336592331705
0.032830361747
0.0336013943787
0.0455380279281
0.0295714830387
0.0240170980439
0.0244865425592
0.0199799207843
0.024904611529
0.0338119772565
0.056050694573
0.057860013357
0.0631248094487
0.0560854125459
0.032559397419
0.0297005460657
0.0288041038675
0.0381748502156
0.0476280966222
0.0498191402829
0.0256837577169
0.0230473481564
0.0153045863576
0.0140529508269
0.0143368543037
0.0129041227392
0.0258344751125
0.0342966603262
0.0323667250685
0.0294647121745
0.0169993216416
0.0139643604036
0.0180181768619
0.0153299442728
0.0253354426857
0.0214557032458
0.0176876205907
0.028593757434
0.0160847328384
0.0174831319371
0.0158773617784
0.0256087209275
0.0373615614564
0.0340063605392
0.0372242738885
0.0262685439568
0.0164503805582
0.0213298277792
0.0340969867203
0.0384196934229
0.0207933895971
0.0301445212965
0.0217391039182
0.0154496803124
0.0143767898886
0.0588672629807
0.0742648197502
0.0791925758053
0.0390644730997
0.0105686425676
0.0176231329135
0.0126025505518
0.00913224815053
0.0078735526525
0.00688045638552
0.00678149250141
0.006576046088
0.0134175864849
0.0149720364669
0.00741242234294
0.00776243125638
0.00698068270315
0.0107678845055
0.0191105898041
0.0132614476122
0.0194391246648
0.0188383978128
0.0176787345153
0.0151885078974
0.026169262321
0.0284777533419
0.0199556607611
0.0156110125668
0.0222235353273
0.0704885220562
0.0575665475497
0.00617007445853
0.00582265041589
0.00800883993754
0.00647694949753
0.0318086878587
0.0548811254191
0.0172640358977
0.0213582365177
0.018427566279
0.0273738309476
0.0111469223198
0.0135366996156
0.00668701703082
0.00490030481654
0.0054879529877
0.00590844227501
0.00884561546236
0.00980868306585
0.00750594271467
0.00967569699904
0.0105730430385
0.0092529899046
0.0126878452126
0.0129323155118
0.0182124566136
0.0156318809074
0.0174359293256
0.0164137055246
0.0292919363174
0.0338140918312
0.0264284551913
0.027155787411
0.028962285045
0.025179187113
0.0168750427345
0.0169994875889
0.0151343122154
0.0183360969937
0.0123337790372
0.0123895307594
0.0113527741027
0.014028769446
0.0156554980025
0.0161318441578
0.0196081217054
0.0211547245179
