0.127252432672
0.138685031446
0.132370742404
0.136040099337
0.135134062801
0.138953401723
0.164983612795
0.139306477783
0.139470049994
0.125956130055
0.130497422021
0.134445441863
0.149436615851
0.134071359989
0.138397918182
0.132801930262
0.140030284469
0.130368746372
0.136646546545
0.137867689125
0.164200826213
0.139292877208
0.140011569263
0.13155774542
0.142519773984
0.137933728002
0.132528804554
0.139228326281
0.165272328031
0.138838568744
0.139263314332
0.13928266821
0.162109909959
0.134089028197
0.133236002877
0.164231431711
0.140054964697
0.139334794308
0.139121156352
0.165455225741
0.139258614615
0.139235593011
0.138975601222
0.165202998645
0.139760572246
0.139289601171
0.126402356872
0.126149420617
0.137496431372
0.124900318703
0.129427972542
0.075004341827
0.0847045948591
0.0475217245156
0.0473145993029
0.0558997241538
0.055931629048
0.0847380310971
0.0750715352524
0.0857302874776
0.0857157902718
0.0747343717914
0.0836119518039
0.0445902366172
0.0442777530365
0.044760168381
0.0518429170604
0.0736465465109
0.0734127554249
0.0831880104636
0.0745799425535
0.0706186308306
0.0729142464037
0.0393172717405
0.0440757135321
0.0737102211502
0.08179060938
0.0720059288406
0.0808322661251
0.0424102309438
0.0419153044312
0.049702263029
0.0803358022358
0.0703537662296
0.0378814357298
0.0399627667994
0.0451611835625
0.0455158323309
0.0953494850841
0.0909711855014
0.0367669064954
0.0366095190326
0.0392399643116
0.0442818950083
0.0885664258018
0.0845337278527
0.0810125024543
0.0425236413693
0.0243981435927
0.0236855838642
0.0240338828962
0.030092504521
0.0235166009133
0.0191542567474
0.0194697162607
0.0210946722344
0.021026133896
0.0175574531917
0.0189735853357
0.0214084813104
0.0267565516333
0.0245616116697
0.0148988169797
0.0175064115202
0.0203236499996
0.0199539893534
0.042312751069
0.0349503450241
0.0231863436329
0.0226622615502
0.0706670581475
0.0751761624436
0.073974070128
0.0753696580529
0.0451120079618
0.0445285669111
0.0436375418334
0.0453748100654
0.038805914904
0.0381779316951
0.0371498873732
0.0390224655754
0.0743307873693
0.0708921574943
0.0373716192431
0.0382555562543
0.0396114422793
0.0386333440627
0.0858196463788
0.0894068697294
0.0770655547328
0.0709113830321
