0.132456981787
0.14531472535
0.132929102961
0.138967848661
0.140007248565
0.163784493492
0.138523623536
0.138717303525
0.139208255831
0.165282340451
0.139273167989
0.139212763565
0.138982683115
0.165059267053
0.139295098462
0.139515393173
0.129566623713
0.13280718031
0.135493882714
0.152674131815
0.135253553579
0.138577074764
0.133615125808
0.1473835322
0.133623713357
0.138802536727
0.138331073976
0.164451973024
0.13930063214
0.13994543357
0.132363939914
0.14484338566
0.138401614924
0.133069955915
0.139283212844
0.165364710214
0.139123092462
0.139280996338
0.139251877432
0.165311161492
0.139275591998
0.139227979561
0.138483274477
0.164471924855
0.139962077881
0.1392992838
0.13921617475
0.165467000307
0.139311673361
0.139261360806
0.139123506226
0.165294120706
0.139631125797
0.1392947378
0.129680391534
0.129710708714
0.143165980326
0.128715016452
0.132218243103
0.0747430516242
0.0837218760039
0.0469849191494
0.0467721151094
0.0546582571351
0.0547438366576
0.083747564359
0.0748292968093
0.0847141258844
0.0846375060456
0.0745563251718
0.082430240565
0.0443449528131
0.0440623723749
0.0443442068969
0.0507585966662
0.0733148416065
0.0733062945089
0.0818495741672
0.0740450169095
0.0718899486367
0.0726333666207
0.041250820939
0.043632729182
0.0732770488067
0.080305448545
0.0727581295044
0.0794051558566
0.0433266516078
0.0426131490328
0.0482256273346
0.0785749220781
0.0712680019094
0.0378957676453
0.0391307290878
0.0426475485577
0.0428424818381
0.0927288332038
0.0894844236298
0.0367076594675
0.0366413054504
0.0382615245896
0.041929152856
0.0872166441542
0.0841887649534
0.0781988844286
0.0413431615955
0.0234846798054
0.0228216370954
0.0240223706998
0.0274085112957
0.021675204565
0.0194786886072
0.0193961507013
0.0204757552811
0.0201412386565
0.0182406955368
0.0184940031285
0.0181732026736
0.024263783389
0.0232389398802
0.0181466799279
0.0179688798547
0.0192260807834
0.0193448284546
0.0400528793492
0.0354532592406
0.0219026961425
0.0215721935505
