0.133171215093
0.147537247679
0.133597699334
0.139037927539
0.13994264661
0.164218067314
0.138713437287
0.138894923024
0.139237074916
0.165313174466
0.139278081257
0.139243217592
0.139125490369
0.165204081167
0.139290151735
0.139475244562
0.133958107822
0.135601636197
0.136532770895
0.156150817468
0.136432851809
0.138815336126
0.134448878297
0.150104734632
0.134444020888
0.138998028689
0.13866882554
0.164682986731
0.139301459013
0.139850876142
0.13322631348
0.147373385834
0.138758347571
0.133701849275
0.139283940421
0.165362611716
0.139277189982
0.13928308186
0.139262400746
0.165328245265
0.139277908185
0.139248373099
0.138677720634
0.164696758358
0.139858597245
0.139299514992
0.139261605815
0.165431282969
0.139320248016
0.139273414496
0.139210752564
0.165330523985
0.139492627284
0.139291572953
0.133337517379
0.134040776757
0.149934921057
0.133238286622
0.135586956228
0.0745794853938
0.0825468958617
0.0464915425809
0.0462617603652
0.0532834384083
0.053357476443
0.0825682337157
0.0746373981392
0.0834131197629
0.0833375859752
0.0744453567807
0.0810570164184
0.0441652254263
0.0438831047109
0.043903715419
0.0495439391538
0.0729686441165
0.0732600989439
0.0803794268751
0.0735134169058
0.0733462785248
0.0723618130677
0.0440294601418
0.0437466877333
0.0480506279883
0.0432509463096
0.0766790284414
0.0717369322358
0.0728311198006
0.0785926668479
0.0736615243001
0.0774692954526
0.0451260656206
0.0439166498579
0.0430341045002
0.04655227944
0.0703081117083
0.0765135429616
0.0722801248566
0.0382726041465
0.0384230439295
0.0397462270754
0.0397943168888
0.0893940250525
0.0875678188019
0.0367781998636
0.0369320599442
0.0372525040971
0.0391551998297
0.0853164832823
0.0836204446003
0.0712281936011
0.0744544811755
0.0401450135226
0.0402852838527
