0.09808896353
0.0979131173318
0.0622405759592
0.0569077329619
0.113022807949
0.120917059841
0.0886090467344
0.0829194358205
0.123589801154
0.131419486907
0.0636556655476
0.058001114335
0.0476580803844
0.0465702982947
0.0454668408814
0.0324141120217
0.0522403030952
0.0354378482636
0.0490002976397
0.0448739414461
0.0436540054597
0.0637118701806
0.0631051210688
0.0167182642055
0.021369539083
0.0411716624865
0.0527508648355
0.0208223950865
0.0310678026262
0.00622546802342
0.0131440255199
0.027776666496
0.0193210560268
0.0343276501438
0.0663167889609
0.036404397265
0.0336057258715
0.0545249511709
0.0373475211409
0.0747852281843
0.0539140267364
0.0452763122839
0.0578735806098
0.0651229008008
0.0392597985056
0.0366566926643
0.0423336860444
0.0363633463867
0.0713083580713
0.0420285043363
0.0265618952603
0.0475681483819
0.027930086814
0.0215868929216
0.0478960129558
0.0235247693529
0.024066528505
0.0281322444661
0.0253233876097
0.0607119490733
0.0482680247146
0.0470130205018
0.0203579455309
0.0185108953675
0.0127893927647
0.0167261621502
0.0241778302385
0.0260703471417
0.0225548795092
0.0198060728731
0.0307081716827
0.01836893901
0.0189854567872
0.0149055644568
0.0252687231233
0.0459474210887
0.0633643257577
0.0155500598839
0.0105585564041
0.00884417548446
0.00972917303797
0.0100724024784
0.0101404404276
0.00922645633008
0.0155320788732
0.0158188648949
0.0102278794934
0.00848624440601
0.0112043284012
0.00952933128514
0.0112642386039
0.0181996082485
0.0330160781975
0.0386992896485
0.0201621447576
0.0762792056319
0.050263741635
0.0086510648778
0.00781167011608
0.00684682270111
0.0067440164682
0.0151023541093
0.0197823463461
0.0346760401009
0.00521214292202
0.00461496286314
0.00614668350617
0.00854584208949
0.0118728123947
0.0124131036291
0.0186581907278
0.00916989583511
0.0165721030313
0.029743788753
0.028944299569
0.0255187210371
0.0064798375958
0.0292030960289
0.0245341184347
0.0406107535799
0.0432976739958
0.083751949956
0.0704981742077
0.0474706703595
0.0583942112001
0.0291607404902
0.0199227016392
0.0311092237702
0.0417066171158
0.0414755361152
0.0177464982613
0.0279673630972
0.023953826262
0.00905154780795
0.0249692014355
0.0287397287691
0.0136057993898
0.0217792085129
0.0140030321366
0.00472296896918
0.00528428722551
0.00701491211091
0.00549234961317
0.00542801087119
0.00555204875395
0.0051421313776
0.007968456069
0.00683875132169
0.00470368945286
0.00664943831093
0.00678088752911
0.0170872210161
0.0250587465841
0.0276678626562
0.027715912629
0.0287473224126
0.012519268425
0.00757515865967
0.00667955220395
0.00670217633733
0.0047866124065
0.0054385616851
0.00468644595044
0.00568465450007
0.00476659905972
0.00695948504809
0.00775165072753
0.00685143013646
0.0127996702279
0.00604820153361
0.00747587578855
0.00736787468999
0.00714362100213
0.00582625745886
0.0117653810232
0.0139066063225
0.0113238782343
0.00842656884398
0.0148280819203
0.0147197387507
0.0116542008955
0.00835786420569
0.0136254792521
0.0200665414476
0.0136098591174
0.0110748827035
0.00985410288553
0.00970071956862
0.00909733975987
0.0103546743345
0.0104701837408
0.0143045017893
0.00717215772452
0.00740444718722
0.00733512939069
0.0388455495957
0.00771560225805
0.0113681300978
0.0116159882677
0.0119172319722
0.00967612176898
0.0187359664593
0.0191811268592
0.0253166089218
0.0296821773419
0.0661578460262
0.0713279976429
0.028135861338
0.0291154880308
0.0353823503529
0.0398267825001
0.0265092543337
0.0346522652796
0.0369748484599
0.0290433186419
0.0167622131815
0.0122889775581
0.00998083556377
0.00953731943449
0.0109750671594
0.0191890650705
0.0128163250364
0.0114228429752
0.00930471397671
0.0102064476414
0.0102272688972
0.0119619098625
0.00878128940964
0.0465928883757
0.00700000897754
0.0097872186161
0.0240331892926
0.0201870476657
0.0152331965247
0.0142476684497
0.0114837262072
0.0238745897371
0.0106536175667
0.0078426625713
0.0126054320411
0.0127319011428
0.0183512014903
0.014771882331
0.0112626854057
0.0079185258074
0.00689551893652
0.0079315774414
0.00698522379206
0.00677243738812
0.00849530734085
0.00794305613877
0.00790592920448
0.00811637426041
0.00813232183846
0.006705108373
0.0127768764793
0.00706714910456
0.0101655644549
0.0192075184559
0.0364660038475
0.0168341302702
0.00717499793846
0.0161463361392
0.00604015021895
0.00826710614327
0.0119693993728
0.00533091588572
0.00496450584367
0.00461434596057
0.0064203994657
0.0111211065866
0.0092302906992
0.00635318002762
0.00613201428664
0.0129453707655
0.0107440026413
0.0112153423511
0.00719435176986
0.00882304855614
0.0056243878712
0.00950152892011
0.00847077121363
0.00728068683147
0.00646116080014
0.00795629085851
0.00974273923786
0.00971879368186
0.0073643927753
0.0105594653773
0.00892830898337
0.00745205425624
0.0083710067213
0.00925281213365
0.0104208173492
0.00662286095361
0.00841904429564
0.0102370592169
0.0143768213581
0.00871565734486
0.00980636267944
0.00755026723075
0.0437623175964
0.0470598293109
0.0644595294183
0.0605990117619
0.0427508460823
0.0379278139457
0.0323293688433
0.0449413934959
0.0548503250787
0.070007761892
0.0230718540453
0.016566538867
0.0586194037644
0.0345568160201
0.0129538437491
0.0139202097417
0.00732166897253
0.00747297757378
0.00698035154022
0.00744345201662
0.00824749348429
0.00879404427252
0.0146257031852
0.00866417360608
0.00748258724062
0.0100670237739
0.0126858217497
0.017973155414
0.0191290041971
0.0132925291893
0.0131091610717
0.0190241420747
0.0118202487138
0.0122293624688
0.0127781155136
0.0115048194501
0.00765245403498
0.0134488506967
0.00743853016115
0.0138309259402
0.00954540547262
0.00925067212791
0.00656938740613
0.00948971484869
0.0110959827353
0.0104923140395
0.00674364607386
0.0140675210131
0.0107864967228
0.00974713523336
0.0113625580047
0.00998555896292
0.00748881547491
0.00642420844516
0.00813579792348
0.0061312462284
0.00703378632372
0.00813640517238
0.0087093942518
0.00946343775068
0.0178606502141
0.0144263739838
0.0213836416691
0.0214271265784
0.0100543730814
0.012947942836
0.0214054166177
0.0236034204436
0.0120637274955
0.00846380764229
0.0102832171855
0.00850840069133
0.007106776418
0.00710081065774
0.00731034227596
0.00760294055507
0.00988167581917
0.00822379978042
0.00609331845796
0.00582875360845
0.011595930884
0.0106068813815
0.0108685172848
0.00826583908102
0.0169634554021
0.0210850385099
0.00358318001752
0.00381109541949
0.00745825381025
0.00685046995097
0.00739673283561
0.00723767462522
0.00857058565931
0.006500231531
0.00841368833824
0.00850002582622
0.00378683635553
0.00311296067256
0.00376710017103
0.00370076470282
0.00299454791894
0.00271542980133
0.00341024062226
0.00351190030648
0.00384536221522
0.00606286103385
0.00705348071107
0.0111588226285
0.0188753923416
0.00816942205153
0.0061906230891
0.00574783077858
0.00416290381146
0.0027355157438
0.00232317044477
0.00284231466464
0.00260306339734
0.00369313369453
0.00316198389766
0.0248243255083
0.0258902537239
0.00738998248645
0.00825526922634
0.00880724331975
0.0146021825198
0.00329916347582
0.00297206613409
0.00355807215852
0.00289965704643
0.0294834932203
0.0292200531871
0.013133187166
0.010226903373
0.0107558414638
0.0135382158003
0.02247390714
0.0265524314367
0.021451683398
0.0181234957685
0.0176319337593
0.0144631558383
0.0334199786253
0.0410104626865
0.016787604464
0.0180480412947
0.0148483766773
0.0181785895704
0.00515844186726
0.00373875411098
0.00598201633022
0.00562128987838
0.00743987285366
0.00523231417461
0.00410668049268
0.00280207464044
0.00525504838959
0.00284954867358
0.00424328175151
0.00594001668103
0.00531292313844
0.003346907632
0.00245768170669
0.0018991571911
0.00207798227598
0.00180692442526
0.0022101630878
0.0027631630263
0.0020039499158
0.0018661414774
0.00203088926665
0.0020124966106
0.00290109542629
0.00241673438709
0.00300579736656
0.00321480582432
0.00446505745447
0.00401235731347
0.00392730546374
0.00442337513264
0.00610366229764
0.0358546673957
0.0427680277197
0.0548461577804
0.0396451529487
0.0554655159045
0.0528135277881
0.0614368975051
0.0533858102578
0.0347756268557
0.0313039962142
0.0321874093861
0.0319292889373
0.0156211281959
0.00565986285515
0.00587087519157
0.00753209163294
0.00689226309597
0.00683296690284
0.00748706021748
0.0103794331285
0.00927015450204
0.00868211043236
0.00938669988526
0.0219436819632
0.0185353184219
0.0201474838267
0.0278502802566
0.0309309484435
0.024747937979
0.0213072575666
0.0253380698934
0.0168978400754
0.0119970270956
0.010246106971
0.0125650937737
0.0164169038656
0.0221023754663
0.0454641690172
0.0497318598061
0.0151312179542
0.0138345863713
0.0216105984196
0.0207289430016
0.0136066343234
0.0130346947347
0.00669829194482
0.00490548592297
0.00515361779666
0.0068139539341
0.00908707373157
0.00697549005922
0.00750232098722
0.00837814955309
0.00505221345489
0.00508015849917
0.00636693917409
0.00641158081079
0.00857551419565
0.00470410532974
0.0138129732202
0.0130682995051
0.00933720765771
0.00712568111027
0.00876367272763
0.00875246859053
0.0105574872894
0.0116553665891
0.00856829988657
0.0073915590667
0.00799064432268
0.00731649600317
0.0092427101128
0.00904038729611
0.00610050467614
0.00459905249657
0.00200911212583
0.00363977046255
0.0021845394309
0.00219764038712
0.00285056029113
0.00240303864211
0.00383776006059
0.00352788240991
0.00241841081565
0.00663780395375
0.00633846601163
0.00408380319991
0.00293961469746
0.00463900741115
0.0111568764951
0.00368060321429
0.00422929286371
0.00366796419314
0.00355234658396
0.00919171733138
0.00879544337485
0.00841744633594
0.00934019461832
0.00964998782759
0.00927653579842
0.0107455811075
0.00910061147013
0.0103753269801
0.0138305628936
0.0162042445297
0.0132777769438
0.01184374235
0.0124830049177
0.0215598651268
0.0207951540428
0.00992457476793
0.00914326512345
0.00716243980813
0.00786426323278
0.0319797591583
0.0306154553556
0.0208048003021
0.00571761636417
0.00436131639215
0.00438073197843
0.0045871496221
0.00431551974414
0.00397178908538
0.00426236815831
0.00405767084017
0.00514493057025
0.00528151937954
0.00701954939637
0.00588271578305
0.0100220178702
0.0089317962225
0.00520409748622
0.00495574307896
0.00524425187287
0.00550061262234
0.00861209997318
0.00648637970989
0.00545347550407
0.00611993773944
0.00666881769174
0.00776162540338
0.00558563289365
0.00974480735802
0.0121041642754
0.00947323951198
0.00693614920725
0.00997443827731
0.00596822024551
0.00628947220587
0.00667747042022
0.00416965039419
0.0211787818748
0.0253839702054
0.00977731171728
0.0168833780173
0.00869828895073
0.00815847108227
0.0108311053838
0.0137174897764
0.0041422647906
0.00543441911411
0.00330899264163
0.00330769787299
0.00216445186789
0.00221302375758
0.00226320860943
0.00339030600085
0.00877649307125
0.00438603278496
0.00949439654178
0.0131128928273
0.00566072190745
0.00467297863017
0.00966517470215
0.0142547882167
0.00907022294428
0.00714985710391
0.00777972900668
0.00603573356914
0.0272200719793
0.0248452271127
0.0163865316282
0.0143473952702
0.0127855688261
0.0133166491745
0.0111916560494
0.0107910939039
0.013202920192
0.0117051861532
0.0122367158105
0.012496223285
0.0124945771876
0.0125083571727
0.0147142585768
0.0186607720423
0.0217018557328
0.0388109605576
0.0255604667476
0.0453503892078
0.0253354680875
0.0231142547237
0.0085017460569
0.00911424757256
0.0101038456958
0.00812130135043
0.0185934696431
0.0193379047382
0.00915715667231
0.00813141075646
0.00914054420101
0.0097109609926
0.0215146580032
0.0213577843867
0.00586543507793
0.00507099019318
0.0050524383865
0.00448457176216
0.00673035290187
0.01175238083
0.0073738346784
0.00694342166422
0.00537419564939
0.00695063178895
0.00544281279716
0.00630940578259
0.00641577044297
0.00588310075408
0.010397931296
0.0127723337649
0.0078699876121
0.00883718186326
0.00821858249849
0.0105145982552
0.0243695445114
0.0201394694723
0.0124244934353
0.0172735903917
0.0210649301583
0.0514488850837
0.0107900343385
0.011357966805
0.00559409866838
0.00827214595018
0.00532464775128
0.00635361301525
0.00840537093314
0.00639153066969
