0.114092640784
0.102902449567
0.137199006504
0.159412631682
0.137268855218
0.138929785842
0.109022653253
0.123796550914
0.129781506684
0.115228187653
0.118871837302
0.118490296997
0.122658789805
0.122427014976
0.116030918166
0.138485266994
0.164756810071
0.137429577211
0.13873663111
0.138648653244
0.155006259088
0.123485491577
0.119942541347
0.152170187652
0.126825951465
0.130277993762
0.132546172309
0.137967992356
0.164540806656
0.13964907045
0.138556701366
0.118588915602
0.118768734435
0.125216320715
0.109963031119
0.123607928849
0.0759586009862
0.0836903935672
0.0488968833337
0.048360760047
0.0550398217117
0.0569294469455
0.0788357684043
0.0755972060558
0.0404379642438
0.0461715571491
0.0746363538154
0.0739362446774
0.0862877797745
0.0757638487638
0.0341730211424
0.0417465460978
0.0710631972756
0.0840491220766
0.0700021867119
0.0738972310709
0.0414646925097
0.0396754951628
0.0475859706695
0.03929010317
0.0452789205514
0.0529134362453
0.0526706490874
0.087354140374
0.0880902934443
0.0377143602867
0.0375439363939
0.0419821257522
0.0496767620765
0.0906167572315
0.0846539928242
0.0846425600521
0.045281053738
0.0193019884803
0.0250281470486
0.035390864551
0.0278978797873
0.0191132655409
0.0201765672696
0.022785138167
0.0226573119809
0.0165597123413
0.0200577331441
0.0192418165024
0.0315578625033
0.0177595371975
0.0171651739076
0.0223905668625
0.0209915508879
0.0463671761669
0.03444020595
0.0257566094709
0.0249552782202
0.0697410229023
0.0750875043043
0.0772690918876
0.0818098238615
0.0500050113075
0.044089235783
0.0443663388821
0.0504835513006
0.0456683931046
0.0411872028299
0.0412113749691
0.0444309837575
0.0790379012048
0.06839328671
0.0408801386593
0.0384562839273
0.0445901920331
0.0870845644912
0.0710815274556
0.0803420099914
0.0878571923521
0.0387263479313
0.0360970701279
0.0379691389829
0.0430023299994
0.0772791888109
0.0884176715961
0.0783024120298
0.0464038851227
0.0423197995565
0.0472058751027
0.0401240631294
0.0799303868653
0.075288595155
0.0386107952803
0.0366394906852
0.0424222098042
0.0368375661687
0.0844393602745
0.0484327951915
0.0496152517205
0.0466110806529
0.0787648860139
0.065651795656
0.0643285279156
0.076906121768
0.0419145714391
0.0457011614979
0.045739835237
0.0452850305799
0.0926773217511
0.092636997613
0.0191477428423
0.0188163727153
0.0194539801427
0.0224567614385
0.0232505557826
0.020707255003
0.0208749295338
0.0247779427622
0.0240480469042
0.0257207811151
0.0324792226622
0.0254772395495
0.034772938172
0.0369285695882
0.0414177045522
0.0645881744696
0.0727955524496
0.0349596855679
0.0346489694021
0.031593282228
0.0356455029765
0.0652347370834
0.0690153226696
0.0368224756452
0.0436205081909
0.0153255760601
0.0161105828282
0.0172993455356
0.0175821901169
0.0177508914856
0.0158516351214
0.0149931329773
0.0179278231613
0.0205090425161
0.0132424016932
0.0137885782584
0.0172441133047
0.0236040534336
0.0240217005625
0.0231744873172
0.0256798398096
0.0234903669262
0.0281251993819
0.0797463656638
0.0483178572682
0.0439275223207
0.0380396806475
0.024167485006
0.0239330915615
0.0201899849157
0.0197297153592
