0.0867484312201
0.0881228466384
0.110106725669
0.112847640492
0.081722865112
0.0772548518737
0.0876462252905
0.0972263116066
0.11202604139
0.15035092465
0.136712881474
0.127201486981
0.130880559808
0.109617222091
0.117511869941
0.107944554231
0.103632409401
0.141944618022
0.135775690846
0.0754567357748
0.0748262906411
0.0496690698638
0.0484016082411
0.0517121940885
0.0536969415841
0.0597211413258
0.0341815038455
0.0486710612182
0.0551073697144
0.0521615833448
0.08563828155
0.0744939007318
0.028273762921
0.0298437602351
0.0453884073877
0.0629335905676
0.0419275286842
0.0317439935849
0.0380034022058
0.0308841810454
0.0366266084984
0.0360298134854
0.0384067963487
0.035907734199
0.0350873406994
0.0380687295648
0.0341475037936
0.0394625676632
0.0497377711625
0.0447770346973
0.018526693791
0.0195663654394
0.0187687348122
0.0215050326771
0.0125277098562
0.0184577422188
0.0130399324801
0.0427827582075
0.0309654375831
0.0223464751225
0.0751500770942
0.078354050516
0.0450100384095
0.0377859194092
0.0304026553371
0.0325205558323
0.0459960392851
0.0830523383176
0.0585278190945
0.0728255191268
0.0387098881769
0.0347108493401
0.0518901146483
0.0733684777242
0.0855632166904
0.0752726786949
0.0471913308368
0.0551757067632
0.0648885452255
0.0409273994986
0.0392998998619
0.0419302665641
0.0394733513915
0.0804648132196
0.0495567998149
0.048297281846
0.055982055566
0.0321802660416
0.0324912524802
0.0628458993453
0.100125958995
0.0685800984946
0.0242664537552
0.0198962545638
0.0200605099277
0.0255378676411
0.0225952782581
0.0210815002839
0.0209726091337
0.0310671094687
0.0238942552178
0.0310349333227
0.0401659173603
0.0257339796796
0.032529045045
0.0329052377566
0.0475237328126
0.0592579659034
0.057035396949
0.050372458825
0.043145410069
0.0341120922674
0.0516317896527
0.041650580695
0.0520909558331
0.0142074838784
0.0123862862211
0.0198010212634
0.0216237116812
0.0150412323912
0.0300910474315
0.0193818761875
0.0307760556834
0.0327660303264
0.0803717021342
0.057005425566
0.0544402896024
0.0377104071434
0.0244234032963
0.0202002109622
0.0495220270874
0.026554284159
0.0550195404058
0.0273461085973
0.023680996225
0.0187052460665
0.016937494609
0.0167421615205
0.0144367450873
0.0269467356011
0.0369893419063
0.0286025004834
0.0283048600076
0.0238854481386
0.0195840004629
0.0233033641343
0.0184996695016
0.028009279061
0.0230541659954
0.0177860742915
0.0293552304217
0.0164616436663
0.0185809248994
0.0168718544223
0.0259037659483
0.0221378123791
0.0187091123489
0.0235229534448
0.0261410939021
0.0328071062546
0.0196333599628
0.0288444552161
0.0524034299265
0.072027938245
0.0361579905117
0.0115515039859
0.0181260006159
0.0118760716519
0.0100733964037
0.00858865393672
0.00895121101438
0.0083460836638
0.00857802362305
0.014470062814
0.0149840715367
0.00965252012774
0.0102570815814
0.00903039432712
0.0144966332577
0.0219136799028
0.0147316037913
0.0210282289481
0.0194686637823
0.0195889446046
0.0141119520612
0.033127503563
0.0385070108032
0.0222688962667
0.0146576754287
0.0277123959534
0.0791242676437
0.0539501131617
0.00774813221089
0.0071112400766
0.0102684118294
0.00826935533163
0.0264523672518
0.0431572469873
0.0186730251906
0.0245541147441
0.0199145018007
0.040524173405
0.0148479454595
0.00882995118981
0.00583274220252
0.00511081225039
0.008421712354
0.0101236920795
0.00872760557215
0.0120848475931
0.0134134188289
0.010794623269
0.0165932934667
0.0152710778245
0.0214341648122
0.0166824997729
0.0216792840591
0.0206894472315
0.0306609759699
0.030567306327
0.032066145624
0.0183824469432
0.0160643591881
0.0170855850096
0.0217628080861
0.0147479237128
0.0129954264232
0.0101352215045
0.018875630786
0.0117669339182
0.0226123991539
0.0241083933642
0.0312881441197
0.0296806935291
0.037259811976
0.0431044621913
0.0850222075412
0.0752664274888
0.0412509068972
0.0296690041655
0.0325852308319
0.0307655079815
0.053002591725
0.0643603112683
0.0236735764299
0.0248913306127
0.026295443638
0.028495764851
0.0487636832893
0.0423118188851
0.0281560219515
0.0246580471914
0.0494585216009
0.0536412050446
0.0189332170777
0.0203195644751
0.0286187278541
0.0219992465063
0.0369104183337
0.0295658239773
0.0114135050003
0.0292712814736
0.0338658264777
0.0187327454951
0.0213546636594
0.0161801349332
0.00443716466661
0.00445500569343
0.00639129916558
0.00479330234953
0.00496803572611
0.00452182228273
0.00481734117763
0.00679044082371
0.00761553415102
0.00478910355407
0.00480630978151
0.00773662526419
0.0167225229432
0.0198857604824
0.0241019584171
0.0263972172714
0.0302341460793
0.0297075352125
0.0150925931698
0.0103775950165
0.0102406266005
0.00584257859974
0.00498409695022
0.00524607737547
0.00405845970577
0.00477501352979
0.00563058238457
0.00468669703977
0.00926401275066
0.00716451071947
0.00586927050755
0.00637205113789
0.00718388132366
0.0107787203947
0.00662654283932
0.00821817850944
0.00640761939311
0.00608288790285
0.00474450925589
0.00944008053176
0.0122813375678
0.00905514638728
0.00701146674215
0.0122327538055
0.0119237949066
0.00876745398763
0.00680375269716
0.0120791847689
0.0284175465255
0.0139474143482
0.0107723818923
0.00954148878142
0.0102815589362
0.00851555988191
0.00915642869168
0.0100092979593
0.0205603058726
0.00759782325206
0.00671504468026
0.00783129812261
0.0475800868834
0.0205012478819
0.00918646390961
0.00861285431948
0.00975682765986
0.00923642346651
0.0116499202322
0.0130874532258
0.0132236142007
0.0143812382473
0.0196085985642
0.0400058295954
0.063433022763
0.0658636962285
0.0283888674931
0.0278572339823
0.0297550871533
0.0303342063291
0.0221101586517
0.0340893045711
0.0390706076305
0.0358599138511
0.0153105030152
0.0171261619003
0.0131007862879
0.00982405370077
0.011309424357
0.00999308966504
0.0219155623454
0.0181091029655
0.0139396872138
0.0103218423569
0.00982751610082
0.0118418446712
0.0147749165699
0.0109159160548
0.0115634060319
0.0116876517241
0.0435563321862
0.0410997471885
0.0144768333545
0.0125537863847
0.0210068480864
0.0186979499894
0.0104451977996
0.0113191936211
0.00924194295947
0.015114383924
0.00962908652814
0.0117010527197
0.00886643828465
0.00891359413686
0.0173351128341
0.0124588216082
0.0197270156598
0.0178350531292
0.0085158220533
0.00716674374854
0.00686681487054
0.00817123001373
0.00603736172709
0.00533559875718
0.00587241981831
0.00716295675963
0.00672722875078
0.006224900966
0.00562270950783
0.00579316848785
0.00738146547759
0.0069831970706
0.00639156040606
0.00865511748782
0.0356432886753
0.017241181145
0.0105765842438
0.012581239362
0.0146558661398
0.00798764762797
0.010070953594
0.0126793498744
0.00391919707924
0.00389874370136
0.0038273187945
0.00419597947777
0.00876217045302
0.00800446394009
0.00555114036342
0.00550237887711
