0.0129864308153
0.0139562730371
0.0118386587074
0.0086391036913
0.00797252965928
0.00611289821607
0.00728208739098
0.00442763646704
0.0199903112775
0.00899185531791
0.0160396408574
0.0212945443447
0.0171271376457
0.00636402949124
0.00327015769569
0.00320313127092
0.00391059034111
0.00505721426586
0.00494795321739
0.00949299444232
0.00983960445626
0.00338805247091
0.00365602314398
0.00369653977938
0.00570365931457
0.00356520667027
0.00489886283607
0.00494032845464
0.00561259150771
0.00560798564748
0.00843417707524
0.00790911669419
0.00916268216257
0.00502537673806
0.00451684482857
0.00498347660101
0.00451065590286
0.00537324818331
0.00621677689665
0.00806804369776
0.00475020134533
0.00411926904567
0.00582500243768
0.00516649957993
0.0051091297821
0.00512981093595
0.00452718575791
0.00428957006407
0.0138781830322
0.0133260125283
0.00758280713994
0.00968934812928
0.00881021639969
0.00911437073897
0.0104653783004
0.010932303722
0.0125428347054
0.0104478310958
0.00916843319156
0.0135926343377
0.013564899067
0.0174255304366
0.0138728622938
0.0135926206903
0.0123888753844
0.0119221210516
0.0116365870616
0.0109081802867
0.0127508909795
0.0109206659392
0.0145324986919
0.00851170857329
0.0081690771463
0.00987343353004
0.00952909257134
0.00661767885171
0.00798863612262
0.00829446473183
0.0113316576903
0.00897083161526
0.0125365785386
0.0157789315365
0.0155829561903
0.0162898475555
0.016045279418
0.0101363803997
0.01287129118
0.0154725672608
0.0176521290341
0.011159669357
0.00922383913395
0.0119873191945
0.00994673756819
0.00725847499005
0.00753077226524
0.00740367769237
0.00753511053922
0.00943923242349
0.00541894975403
0.00585887976389
0.0102502491908
0.00883635914077
0.00850452461006
0.00772665113855
0.00355919329179
0.0058794812722
0.00598727827576
0.00654749673889
0.0062026220685
0.00643928833598
0.00579590922812
0.00587888652254
0.00533555219944
0.00459152073822
0.00596278351395
0.00426887550838
0.00534409656961
0.00475378687972
0.00573223103817
0.00459953510879
0.00647624391689
0.00429123897797
0.00738509580097
0.00650564997816
0.0054474867257
0.00659456201298
0.00559359797424
0.00393701456129
0.00287055437091
0.00327672732764
0.00267228248624
0.00265548953986
0.00311509338199
0.0160552419639
0.0198461518061
0.00632921287107
0.00600075479451
0.00518326976212
0.0034500036222
0.00326342674706
0.00403349775141
0.003974880099
0.0136228091876
0.0155779380469
0.0125231469829
0.0184340963689
0.0157840000204
0.0186927242424
0.0180385574448
0.0203139194499
0.0220602178221
0.0191679645084
0.0185732773176
0.00424469679104
0.0039881118937
0.0055304396202
0.00581125307781
0.00537854147482
0.00541813961057
0.00436167978206
0.00557316973097
0.00419347801642
0.00668170093402
0.00603463282737
0.00490811147066
0.00413052826532
0.00314010354731
0.00344667152765
0.00309449292129
0.00372713728877
0.00433936757162
0.00345382346024
0.00281516636824
0.00295579135397
0.00291069976658
0.00449464427333
0.00398856065207
0.00455392918738
0.00428591261298
0.00409792897774
0.00378949669416
0.00314040180002
0.00388752557561
0.00502693694989
0.0214745219836
0.00462881266284
0.00487364607252
0.00571015081065
0.00700389769906
0.00856976150783
0.00820317527855
0.0067199217752
0.00741135589027
0.0158714455669
0.0159687781998
0.0177617829955
0.01881671108
0.0220981755961
0.0178901545188
0.0130443248644
0.0124415302004
0.0113403082684
0.012895237494
0.0148842446867
0.0176205100013
0.0153873059966
0.0160076889968
0.00727766266476
0.00741577021554
0.00688881773935
0.00755600487557
0.00714212874344
0.00608847253916
0.00585453045738
0.00579449396034
0.00649418692814
0.00581629285546
0.00759674871614
0.00556161039853
0.00840221405018
0.00513050427883
0.0072433675383
0.00627747465841
0.00702515609323
0.00563445148669
0.00712190451573
0.0042163571538
0.00557622532243
0.00443954540394
0.00363876948012
0.00485100899328
0.00392188618165
0.00363965080853
0.00327276890781
0.00317346491118
0.00312425242378
0.00451381401196
0.00421740877953
0.00639029975385
0.00687144644393
0.00388155123619
0.00470967172529
0.00444450957695
0.00438960276874
0.00414388702979
0.00410410485555
0.00449861284699
0.00912378386461
0.00883818379307
0.00876335916733
0.00910202080446
0.00999481729886
0.00976168637905
0.00972563817669
0.00777041351273
0.0117271926629
0.0116314756945
0.00951614934883
0.00934361663143
0.00948282130677
0.0103901717231
0.00744516789492
0.00680253044785
0.00493244142797
0.00610332192487
0.0163650402971
0.00720764936188
0.00519185683733
0.00626397519886
0.00550778518741
0.00573134790722
0.00472714800282
0.00461423573949
0.00458737759045
0.00573375202167
0.00623928078869
0.00727802768905
0.00661061064655
0.00786728602661
0.00489352737652
0.00615518471036
0.00586510677434
0.00649094571343
0.00867353980032
0.00707312028998
0.00629451323713
0.00651608009869
0.00849748613765
0.0112907873873
0.00633000630011
0.00971116248435
0.00900732363267
0.00520883576977
0.0047626768755
0.00451694600335
0.00434135908252
0.00569932932804
0.00460939383755
0.0102222739715
0.00882759457306
0.00990391762164
0.0101160875775
0.0035366799843
0.00661382783004
0.0050979606501
0.00385944350446
0.00326143432204
0.00429975397533
0.00445531444917
0.00539391745665
0.00652343334733
0.00633561189772
0.00866004773447
0.00903751861711
0.00720399591709
0.00559441044448
0.00706154506552
0.00573305303463
0.00692276958863
0.00676700502109
0.0115282647369
0.0112122288049
0.0114997295919
0.0126241692901
0.0134050585734
0.0131957763664
0.0118494901342
0.0138453881394
0.0150164679936
0.0148814005424
0.0150192727692
0.013324678283
0.00901225730695
0.00924024110714
0.00671228089249
0.00720102983281
0.00998652860278
0.0096305199332
0.00878733416945
0.00678116087724
0.00627488798615
0.00510039128757
0.00747911282932
0.0111686836325
0.00940120692152
0.00872942223617
0.00706066552875
0.00907966830175
0.00731574795208
0.0104636602158
0.0112240288553
0.00937780580109
0.0116337354497
0.00896856551967
0.0151879072227
0.0186520215752
0.0133777889899
0.017929646686
0.0122528298051
0.0182137531124
0.0104468161523
0.0113152522792
0.016722191563
0.00877711626646
0.00780285614884
0.00679934082331
0.00907187539606
0.00556728149452
0.00733011592074
0.0100974252301
0.00703505106532
0.0122449221152
0.0105059312315
0.00903996667039
0.00982828615266
0.0108003361678
0.00634956415663
0.011021985475
0.0106971338749
0.0103395180698
0.0104096842058
0.0112304851554
0.0151022929451
0.0217251000633
0.0147367025316
0.0168005495692
0.0109673000719
0.00722976300033
0.00648839171067
0.00824952963017
0.00832693609555
0.00730983678009
0.0102911085777
0.0103209729652
0.0139164712043
0.00972663715152
0.0114930265538
0.0131481994793
0.00934164846089
0.0131966361393
0.0108415407436
0.00826640878016
0.00777605775683
0.017004045785
0.00690796462096
0.00552850951076
0.00627454811526
0.00589826789879
0.00617593223506
0.00704574501442
0.0071426190709
0.00819270747623
0.0117231591991
0.00783667889806
0.0119035018807
0.014024063291
0.0157955371033
0.0103010375193
0.00874651799295
0.00790952900716
0.010227841331
0.00674701921518
0.00698023491944
0.00953756767634
0.00932903593223
0.00614702201626
0.00619170258277
0.00577509490678
0.00713177660386
0.00729570896834
0.00694858742829
0.00991480096894
0.00770462570218
0.00518009548912
0.0051835606417
0.00547352709072
0.00516353518585
0.00714068259746
0.00559967319084
0.0096045935842
0.0103721849211
0.010529914405
0.0110317641832
0.0080572493283
0.00684616000521
0.00604550580523
0.00648105113935
0.00623137462725
0.00458119365915
0.00497092278336
0.00813392452148
0.00897235803789
0.00685293458963
0.00605074302691
0.0092845740319
0.0104819160877
0.00834569096926
0.00789016018413
0.00794053086398
0.00810082641714
0.0085949247505
0.00968257187388
0.0119586476585
0.0112183618399
0.0100859548914
0.01044716739
0.0137339971961
0.01236267929
0.0113702027614
0.0149905308955
0.00277226821531
0.00423449965044
0.00433556503716
0.0042986658295
0.00537977944771
0.00555562056645
0.0123104969327
0.00371607556531
0.00472902144448
0.00405004232799
0.00411694791963
0.0105901327491
0.00713482119015
0.00568749302341
0.00396410935354
0.0144853397795
0.0135775996319
0.0110700560395
0.00450798121488
0.00510696529898
0.00484172374764
0.0113862411846
0.0118546814417
0.0190393981151
0.00652068493909
0.00892934717986
0.0220893161511
0.00628827120853
0.00662935233834
0.00746068299837
0.00690459085232
0.00611299611759
0.00348538066814
0.00290317985832
0.00263016960478
0.00342801320994
0.0027071008178
0.00490074610408
0.00308760171198
0.00246802707832
0.00248876168577
0.00237969617814
0.00232867281359
0.00281830380971
0.00272117046782
0.00387527472758
0.004032711346
0.00350655713012
0.00432324841946
0.00434945508961
0.00440478305788
0.00415945303854
0.00484201207054
0.0143061345737
0.0137595174769
0.0138635243553
0.0169330168195
0.0149521516891
0.0149284509831
0.0154623305742
0.0121546507153
0.0146716582306
0.0135635902265
0.0131379000888
0.0158218826632
0.0137869977318
0.0153893205958
0.00750453547136
0.00629421642082
0.00871431629073
0.00614703205712
0.00703459844382
0.00725599974439
0.00668405539395
0.00653738342256
0.00672006087313
0.0108786512742
0.00835696499488
0.00846119523614
0.00727657039871
0.0107270392774
0.00855923759665
0.0145947562615
0.011994911204
0.0139728860378
0.0105214808868
0.00761831217491
0.00864600591083
0.012041983638
0.00971662570415
0.0154992213999
0.0099444657874
0.0125077430739
0.0127155554514
0.0127966488733
0.0183188638237
0.012848984971
0.0108292043995
0.0121142304701
0.0102909263833
0.0154356530279
0.0047565420249
0.00385218740299
0.00384590583644
0.00414279668825
0.00336409309743
0.00295828080824
0.0030933727007
0.00387534124734
0.00437336014281
0.00403738159289
0.00325802980905
0.00267784221812
0.00389586818919
0.00349134365301
0.00389810595211
0.00327277361591
0.00339740237658
0.00325576221618
0.00392530779908
0.00311218028639
0.00263998312076
0.00251167388837
0.00306909297945
0.00347516181959
0.00276190400133
0.00244462947305
0.00420413594151
0.00376723913497
0.00486604060035
0.00307777624297
0.00301505590406
0.00291618693189
0.00315710389317
0.0103218960801
0.00190801841982
0.00184184711486
0.00165745807593
0.00276301434369
0.00259429573641
0.00192271859328
0.00160529835871
0.00225920622077
0.0017039285012
0.00210408779626
0.0025606032912
0.00184185997574
0.00341077393262
0.00332493892424
0.00240785638337
0.0031316480789
0.0118483762973
0.0154902122625
0.0123698942698
0.0182455304395
0.0163141437547
0.0039012022286
0.00337950983979
0.00330130492787
0.00417147608302
0.00351379302121
0.00378605931365
0.00309487425395
0.00273684791667
0.00265174937605
0.00322405603191
0.00552959024695
0.003415728699
0.00310720033617
0.00395492873076
0.00506125678044
0.00339376806962
0.00390694201363
0.00339144324632
0.00351352045488
0.00577104713864
0.00552305882935
0.00451724233005
0.00456354777506
0.00446715690707
0.00346813339776
0.00493158422616
0.00349391218523
0.00453024656386
0.00615425189579
0.00615607740665
0.00521774200972
0.00377622059868
0.0037839564188
0.0143729651601
0.0140430840317
0.0130730578914
0.0180724114838
0.0157348505326
0.0132766767518
0.0123038601788
0.0170982881372
0.0175564793898
0.0137404649199
0.00730900997927
0.00667852233963
0.00854603744869
0.0075181108477
0.00863391297359
0.00848567951902
0.010326315968
0.0103344463151
0.00770270133199
0.012902959312
0.0130393423838
0.014565653326
0.0192181046509
0.0149641849974
0.0161810080056
0.0154942688977
0.0091141582676
0.0091989801333
0.0116791575329
0.00826913417447
0.0173340209206
0.0149328864529
0.00927562270878
0.00924641319785
0.0115934731352
0.00694562822289
0.0061333003086
0.00889224223535
0.00906500955513
0.00625463480662
0.0111370922043
0.0056170457044
0.00483463850031
0.00622465397152
0.00552292332904
0.00523430849357
0.00458890885784
0.00535922013298
0.00326025963923
0.00268669216048
0.00250771296763
0.00327049563272
0.00261965418067
0.00332518628349
0.00286918930172
0.00366655490768
0.00410375475156
0.00439306599565
0.00377364155284
0.00309362338945
0.00375201488166
0.00401663152087
0.00350399748083
0.00310826990551
0.00303764609039
0.0027721974416
0.00261871898525
0.00261068682271
0.00290589117753
0.00384669104141
0.00300108661731
0.00255959473953
0.00259957851041
0.00250993962724
0.00318723424775
0.00355973972517
0.00257945986873
0.00357585909287
0.00495164372187
0.00463876997036
0.0100357492662
0.0102125599535
0.0103150911161
0.0113449073534
0.0122768776027
0.0205385377166
0.00854781923172
0.00878154509162
0.0107012111581
0.0138696244106
0.00884014719964
0.00864850443854
0.00916471724802
0.0108862054876
0.00979503453417
0.013481018962
0.0137827529234
0.0162606710747
0.00309518042139
0.00349881194069
0.00338886163996
0.00324175687743
0.00239835309178
0.00246615457287
0.00287101082636
0.00307395465437
0.00262490899568
0.00337107875731
0.0106826059812
0.0105617838597
0.00892721922109
0.00636777575637
0.00605380881811
0.006234839943
0.00743373160705
0.00809922135798
0.00809279093765
0.00813800026881
0.00853201099869
0.00897234255437
0.0106394870726
0.0152123900237
0.0105604561869
0.00768792588026
0.00672748170566
0.00786518814226
0.00703699306762
0.00327759057782
0.00334312515877
0.00321645013728
0.00347772904676
0.00294530112598
0.00440858538594
0.00456045565465
0.00468946765028
0.00304894831799
0.00498218230318
0.00644949990025
0.00393554599698
0.0043381950328
0.00307996678435
0.00385053520016
0.003980209581
0.004743084219
0.00569430373489
0.00718456909898
0.00813323801923
0.0139638637926
0.0107679973022
0.00772435220003
0.009956916741
0.00901933017129
0.00933543213321
0.00730005318153
0.010374078264
0.00768989746585
0.00840187332237
0.00359382278109
0.00390889466151
0.00705070203429
0.00763226763315
0.00742084376293
0.00785638562641
0.00730725641557
0.00855515422588
0.00986390938405
0.00812469800093
0.00882611067033
0.00826778442888
0.00683126694868
0.00798497532104
0.00675672848759
0.00438081500492
0.00267569300464
0.0043296973734
0.00435289400346
0.00512480338187
0.00444408885099
0.00371687822139
0.00405524811628
0.00399952824255
0.00469431109768
0.00355888248864
0.00346292786327
0.00408954762622
0.0037546792715
0.00377699910421
0.00455428954404
0.00377692055117
0.00460606280724
0.00420053866124
0.00393258256249
0.00365698759813
0.00322180002977
0.00293233674645
0.00379949817909
0.00296592263468
0.00359269561811
0.00325688999918
0.00384364319075
0.00416667400933
0.00282478056555
0.00296529196806
0.00375158351582
0.00313665963777
0.00447004116565
0.00449824730955
0.00350375563531
0.00363369752319
0.00443162595958
0.00485130358619
0.00449590072102
0.00426244078811
0.00501439010184
0.00596051234122
0.00544759310304
0.00520199718237
0.0055953507235
0.0053755580384
0.00418164103689
0.00371762724056
0.00328262264455
0.00389319628415
0.00409054340661
0.00321049281918
0.0026783624576
0.00363624134296
0.0151193924204
0.016407115284
0.0096917698488
0.0106260334521
0.0113747733888
0.0121039545996
0.00915835476383
0.0129948330939
0.0115470315728
0.0143419966245
0.00610380053556
0.00917138167594
0.0067217050345
0.00307275533477
0.00447359727656
0.00347655753925
0.00374210288725
0.00394257507069
0.00323987067965
0.00426702084219
0.0053768313895
0.0100263310195
0.00919002028393
0.00257244026689
0.00264514888811
0.00258274951261
0.00236578287035
0.00268624304748
0.00289709974708
0.00286237865474
0.00332333366955
0.00366254154337
0.00370530356927
0.00415127721652
0.00360442839466
0.00613527353233
0.00703922595216
0.00283671527677
0.00648592721904
0.0087535105917
0.00436292724104
0.00439449603551
0.00383469853662
0.00596442353459
0.00308736663707
0.00262067105398
0.00262096463444
0.0035012878268
0.00790258017637
0.00635725131436
0.00844280283203
0.00575089386701
0.00475846745153
0.00639001587817
0.00620306373971
0.00538919058018
0.0148519411824
0.0134901294213
0.00610970135762
0.00561499693739
0.00748091381236
0.00605486887126
0.00990775466597
0.00699336246575
0.00822279726628
0.00702939430081
0.00619459138295
0.00586179431603
0.00694578744762
0.00755208304115
0.00809713650038
0.00702204865997
0.00798012526374
0.00851081750024
0.00900433865404
0.00708099605822
0.00760047867427
0.00847885659391
0.00968533961414
0.0114201016891
0.00727755567958
0.00831244097123
0.00649218219241
0.00687350892335
0.00821411364591
0.00727543303932
0.00794873782734
0.00996286697166
0.0108627620206
0.00547059282203
0.00515701204563
0.00551881457886
0.00663653457083
0.00554268384159
0.00690023662117
0.0078985304665
0.0082532007239
0.00774384850426
0.00679609185536
0.00897391518183
0.00410047044321
0.00497087731704
0.0103281855433
0.00908939851091
0.00911152770072
0.0106392458455
0.00767749416256
0.00634465931113
0.00758872659931
0.00716891569204
0.00925783264143
0.00816937318351
0.00794423850109
0.0104052935199
0.0111580483982
0.00934109596424
0.00985904060477
0.00741416933522
0.00853569107705
0.00858660543036
0.0094675581354
0.00892721903648
0.00916299719768
0.00891166262852
0.00889203767623
0.00897179530209
0.00504883195049
0.00371214251392
0.0044528405338
0.00435702295228
0.00571549482261
0.00550597533032
0.0123764273527
0.0117126689839
0.013648352214
0.0141026708791
0.00903904322471
0.00568178237558
0.00625639090465
0.00557900981611
0.00449807356936
0.00503429997399
0.00726262435854
0.00772196310252
0.00835648990403
0.00793003343747
0.00320975049381
0.00375828771151
0.00475909175542
0.00339357681341
0.004498471911
0.00509815423989
0.00328825985392
0.00432950481487
0.00393491060555
0.0046038526806
0.00523592873878
0.00398365007113
0.00475172282794
0.00586748497232
0.00294311604831
0.00278000074632
0.00247499529852
0.0022868692326
0.0024064949686
0.00210132838451
0.00261191420773
0.002622956841
0.00217097515752
0.00265941909891
0.00277686004004
0.00274374693933
0.00413354955998
0.00366958979057
0.00379271774016
0.00550460792335
0.00247830946292
0.00244948887175
0.00273276907709
0.00358057514982
0.00245999070191
0.00222367220078
0.00268169459981
0.00263848096622
0.00609970939454
0.00469365831976
0.00337463308229
0.00761052367063
0.00351868569908
0.00432867110948
0.00336151184113
0.00467024617608
0.00576274767494
0.0053873216326
0.00488352287714
0.00370271339654
0.00323057274324
0.00486170860123
0.00295495845663
0.00426060529274
0.00381387481845
0.00550523791279
0.00831691816527
0.00970373700272
0.0141690947195
0.00786041354459
0.014404251353
0.00651141239196
0.00678642626047
0.00503702878744
0.00428521933502
0.00524441551024
0.00603616017444
0.00957440672399
0.00808013420778
0.00971281397809
0.0105104733789
0.0113934917891
0.0101222690134
0.00797934169467
0.00801334317513
0.00861533624372
0.0150167997482
0.0112674268472
0.0139934283556
0.0117899912382
0.0029418978242
0.00269205729138
0.0158412403889
0.0141136138881
0.013226613325
0.0120291526423
0.0107357543012
0.0129579540047
0.0110797466208
0.0172143942529
0.017180618472
0.0224406555361
0.0212665342632
0.0133225389056
0.0124740164937
0.0137328294351
0.0108224831902
0.0118056070813
0.0127382852717
0.0130162401133
0.0140331249135
0.013400143979
0.0179193051636
0.0163592962549
0.021189646866
0.0133364760069
0.0120587798665
0.00883992383418
0.0100697833867
0.011833492384
0.00956089768987
0.0134221982344
0.0158555667068
0.0124823149222
0.0135224732288
0.012715243665
0.0103035982886
0.0172447724721
0.0177072977162
0.015056307959
0.0159152559021
0.0129051369364
0.0107380493758
0.0101936658933
0.0110254852044
0.0119506496116
0.0109806787877
0.0129266873791
0.0153736569405
0.0120724067611
0.0122158251585
0.0114097400603
0.00505698962278
0.00394144453226
0.00382956113556
0.00444776752394
0.0023818044204
0.00408968150216
0.0187287106058
0.0176583173453
0.00403251457368
0.00333284020854
0.00580743989522
0.00529351818584
0.0122753200956
0.0114530388414
0.00745226143508
0.00611883891319
0.00591100636807
0.00469809113353
0.00446222273893
0.00525544569036
0.00513608325457
0.00362886403466
0.00436139246229
0.00392570159055
0.00452715538868
0.00447440748972
0.00473174200784
0.00499889130514
0.00558392005471
0.00783404443224
0.0135418438441
0.0117122250192
0.0142803535762
0.0107441485802
0.0116933473644
0.0131495418105
0.00405632212682
0.00541413067801
0.00516567733958
0.00539788282217
0.00803777946354
0.0104299101066
0.00764013664552
0.00771960877976
0.00851398730662
0.00960260281747
0.0122135977847
0.0151893154802
0.0148451582116
0.0123611870288
0.00568321424846
0.00586297387159
0.0128400775465
0.0116927593937
0.00893942309024
0.00914649808981
0.0106855140402
0.0102152250886
0.00811043400836
0.00798473981968
0.00669871119457
0.00517450568505
0.00377980060358
0.00328060312237
0.00263947117584
0.00406163488461
0.0035373993681
0.004305094451
0.00425290864401
0.00404378180282
0.00612411932677
0.00187137044129
0.00179917519207
0.00247207043869
0.00198773462144
0.00327481161372
0.0028984946408
0.00271056418839
0.00244208793871
0.00264008648007
0.00320483549083
0.00548858551002
0.00461637025096
0.00396048989316
0.00353300776412
0.00468367315768
0.00382278607754
0.0027993843338
0.00343939362609
0.00288142917747
0.00298217956345
0.00349504136568
0.00283764339797
0.00449782549476
0.00425855180349
0.00422153903164
0.00433985570012
0.00238167150779
0.00215728161848
0.00497132376802
0.00521396122094
0.00591208878224
0.00546370727138
0.00495977609223
0.00464850807595
0.00583611050633
0.00521071239083
0.00877880810929
0.00640186427298
0.00786312380792
0.00694566711834
0.0121068815393
0.0116524791655
0.00472344597289
0.00538450424189
0.008477742404
0.0058719699856
0.00645189279469
0.0046581904651
0.0110244635974
0.0113500860001
0.00831637996761
0.00777019559957
0.00853584052345
0.00768257599958
0.0130451731616
0.0147619081616
0.00887484951717
0.00792441444688
0.00574206710795
0.00522585446608
0.00430962799989
0.00513033066601
0.00491491575343
0.0070177835518
0.00774491584209
0.00850723009337
0.00898671848028
0.00958235471596
0.00450489660402
0.00437584362229
0.00564329773375
0.00668820056802
0.0073320504075
0.0130170333429
0.00479290984697
0.0054253249283
0.00343368514332
0.00333681692393
0.00316681090889
0.00402052614732
0.00347379395681
0.002796513188
0.00407897168264
0.00279857840657
0.00515068213347
0.00405483910045
0.0031194821865
0.00337858776861
0.00225407662887
0.00213843443922
0.00209413989311
0.00247362328278
0.00249603994461
0.00242493567994
0.00348968705777
0.00217437070782
0.00272809033668
0.00246952657577
0.0021909388044
0.00359987656287
0.00393673179133
0.00562812920213
0.010122631269
0.00779355785979
0.00938337279601
0.00855428585808
0.00774295241066
0.00671702314132
0.011047634389
0.0106465914426
0.0138503030501
0.00423701063897
0.00358019457625
0.00367781611988
0.0034839500343
0.0038941842038
0.00505678393969
0.00848625165865
0.00897364093999
0.00589006850411
0.00390242200387
0.00645132382854
0.00512569860616
0.00651056670401
0.0060283862437
0.00699684518149
0.00578584341636
0.00456557875483
0.00487030276792
0.00586535531665
0.0093759844786
0.00998055587766
0.00828184005364
0.00768734215941
0.00891431456263
0.00985707499926
0.00771012197186
0.0060122820025
0.00496680625411
0.00467028201819
0.00458814589406
0.00544854617675
0.00494194290849
0.00476812057376
0.00505307723517
0.00503532079415
0.00706920495235
0.00377748225532
0.00461615976143
0.00927652981268
0.00882914980656
0.00643933359528
0.00583402667651
0.00203645790159
0.00172532115105
0.00172939182277
0.00208026469626
0.00204281282664
0.0031020802145
0.00306863218334
0.00274554434566
0.00235231085126
0.00383288166253
0.00569455533317
0.00392556435511
0.00404170365379
0.00565367701328
0.00538607688617
0.00423696532453
0.00636783727666
0.0056403879659
0.0045519610747
0.00914422578654
0.0097506747011
0.00899995803962
0.00914129709743
0.00692562695636
0.00588750056424
0.0070211989836
0.00553791469596
0.0172021494158
0.0229278509194
0.0147155358821
0.0171517665543
0.00903217510563
0.0088547684274
0.0112268064677
0.0103434961122
0.00930579645433
0.00594655875464
0.00550896033112
0.00537579097055
0.00687908363915
0.00537938808505
0.00561601884693
0.00636040020655
0.00660010983797
0.00444127985565
0.00412064091766
0.00405485614617
0.00507543471355
0.015340216293
0.012922009854
0.00849454236897
0.0074342918811
0.00621188175696
0.00583495044047
0.00692170346443
0.00875717416261
0.00646648587057
0.00529884342188
0.00660827351261
0.00481083871559
0.00338856707161
0.0046343872838
0.0216324688184
0.0156038813587
0.00981150466944
0.0102047025572
0.0126200114999
0.00897736467017
0.0116855192956
0.0130605341598
0.0137383851513
0.0161907635942
0.00212603211618
0.0139208150019
0.0112436109302
0.00950997770493
0.0114611725314
0.00261122786369
0.00268962134281
0.00328970361029
0.0039245609008
0.00405960529331
0.00426979310232
0.00263764947959
0.0020253224026
0.00241142846949
0.00297490396198
0.00429756705658
0.00341879933722
0.0062282034115
0.00544504744836
0.00631602055521
0.00733606801504
0.00684219615001
0.00766686485292
0.0113382771325
0.00718445945836
0.00794991611377
0.00960257292526
0.00741463753343
0.00915402912832
0.00532724010335
0.00409658413306
0.00404417986967
0.00481544533852
0.00476257543839
0.00505468963009
0.00631097200612
0.00519294367593
0.00456192390843
0.00418153005534
0.00449309335866
0.00520301769575
0.00891737383471
0.00835047219766
0.00951808750228
0.00875022275795
0.00722962898785
0.0049499147575
0.00608133634361
0.0076094710832
0.00744626476612
0.00713169421925
0.0083314114378
0.0073233130806
0.00623562710931
0.0102587958958
0.0128652933677
0.0101414403821
0.0137965789741
0.0080030912176
0.00525281471758
0.00256735439547
0.00183965945794
0.00166951890609
0.00229011023261
0.00204337986671
0.00167847890628
0.00144336923311
0.00261499694914
0.00263161711789
0.00170461992541
0.0015810568566
0.00199977469016
0.00822336038436
0.0109986196491
0.00778365298666
0.00738183842403
0.00688489577836
0.00744123784382
0.00912390572866
0.0086482033154
0.00494095307289
0.00525890793871
0.00606803715409
0.00651911771913
0.0113048596405
0.0119885281377
0.0089551860488
0.0099375591471
0.00613401730482
0.00522484398806
0.00508007249539
0.00695751805792
0.00556857939465
0.00436723928132
0.00328391414483
0.00393020272524
0.00314854672565
0.00720836296114
0.00711318068092
0.00743642925734
0.00317637630424
0.00366965127379
0.00433600201878
0.00305209199197
0.0029142194016
0.0029667500903
0.00379967942468
0.00371577858078
0.00622918583241
0.00627808463711
0.003273379081
0.00255700703874
0.00262303424321
0.00269037601936
0.00269931421922
0.00258516007666
0.00299600195475
0.00278647486692
0.0053498311941
0.00435249598252
0.00429260633457
0.00519688192474
0.00576364080959
0.00842588512053
0.00744546650963
0.00736777630873
0.00704583223576
0.00484058524577
0.00543026266203
0.00274956595766
0.00269105248559
0.00408474810321
0.00416614776698
0.00437196472318
0.0042406379638
0.00621424472114
0.00653450243207
0.00598108895221
0.00600494485264
0.00920434463822
0.00753935410888
0.00200918820552
0.00142036443824
0.0014101330194
0.00178811148001
0.00159042129998
0.00156431795343
0.00179751318898
0.00178531980001
0.00181185055418
0.00186683449643
0.00248503355963
0.00185842868285
0.00178516241752
0.0015663968043
0.00179462407657
0.00209507433967
0.00316048269307
0.00261287780401
0.00349474674166
0.00289636807196
0.00333642823289
0.00442799388005
0.00362100266378
0.00287067452784
0.00364381414018
0.00290231216228
0.00748279354649
0.00595894074167
0.00430167829649
0.00468582143707
0.00500193262652
0.00442799784526
0.0116308671989
0.0124266944707
0.00263972683935
0.00336392544081
0.00276233010314
0.00383789419486
0.00631621002088
0.00901339422952
0.00577149313625
0.00646777881698
0.00650795386154
0.00588681122876
0.0120057785055
0.00704811840665
0.00764565163358
0.00664792946437
0.00351016910567
0.00262731951987
0.00259097120859
0.00287956925794
0.00421692243815
0.00339039156492
0.00619693848368
0.00579394136347
0.0035316451497
0.00172822921826
0.00165663963019
0.00242430583465
0.00343417231677
0.0052253737442
0.00642875431777
0.0064163704167
0.00709888209158
0.0053704607877
0.0039030730793
0.00315397682697
0.00291109163578
0.00246060838941
0.00541826873664
0.00633637827854
0.00467047396611
0.00378450560858
0.00373200802237
0.00483837163554
0.00550005722829
0.00791256016021
0.00892725289776
0.00580419802724
0.00538668262866
0.0028532841794
0.00246723255502
0.00312347335393
0.00290075648316
0.00288733634124
0.00270148773991
0.00356991040474
0.00236301898418
0.00535813633635
0.00584023433037
0.00256891215669
0.00265626473202
0.00343756782051
0.00312000048041
0.00298600908884
0.00288535745415
0.00277950572936
0.00329310146013
0.00300809449073
0.00318933777621
0.00381674559021
0.00384274227643
0.00288007168895
0.00310288190834
0.00366509293016
0.0033997764538
0.00399522865162
0.00343031160499
0.00370167779226
0.00412383392731
0.00436798501535
0.00376322259129
0.00348548150202
0.00486350413401
0.00401990288071
0.00312699763759
0.00287591242982
0.00327667346539
0.00904619540327
0.00774972179858
0.0079561105195
0.00852822579814
0.00737191744903
0.00674898571438
0.00664800921489
0.00733915646492
0.00244423944929
0.00683990982971
0.00442153033186
0.00461901337649
0.00495886963845
0.00556016215656
0.00467773129005
0.00507214985813
0.0041138196154
0.00430846136057
0.0036749294978
0.00322086910583
0.0027035754397
0.00296255323081
0.00300577304068
0.0025617080463
0.00251427178004
0.00209557025404
0.00186357822788
0.00179059700614
0.0019464223555
0.00192854853109
0.00340581220764
0.00317374879883
0.00281450034937
0.00257310355823
0.00278033464725
0.0019205353865
0.00478814191502
0.00462230863543
0.00223217311617
0.00668445567264
0.00401766898417
0.0044414580103
0.00578678198605
0.00481617549791
0.00240477449676
0.00294956751805
0.00137768300091
0.00137515547652
0.00137247157337
0.00153130485656
0.00173059158966
0.00168896799535
0.00238669229431
0.00160895335448
0.00214349041364
0.00226367673182
0.00082182072902
0.00218867857825
0.000840853313105
0.00117636542783
0.0012235900793
0.00123807945462
0.00184339726889
0.00187626487595
0.00245287768061
0.00240625537225
0.00235836359375
0.0024936442568
0.00121737709129
0.00109796301802
0.00122782720043
0.000851222733194
0.00245296438007
0.00236578173513
0.000878606120561
0.00180585670223
0.0030094860134
0.00426093297655
0.00297058846119
0.00238399495814
0.00193267996386
0.0021851409589
0.00172439043455
0.00216014329087
0.00637158575431
0.00695538034503
0.00455220085642
0.00521058533324
