0.144129217568
0.151626380563
0.145762847066
0.173756123197
0.173756124997
0.151626383443
0.144129217627
0.145762849338
0.145762847066
0.151626380563
0.145762845545
0.144129217568
0.144129217802
0.151626380578
0.151626380578
0.144129217802
0.145762846986
0.151626380578
0.145762847354
0.144129217802
0.144129217627
0.151626383443
0.145762849338
0.145762849338
0.173756123197
0.18285746988
0.173756124997
0.173756123197
0.145762845545
0.151626380563
0.144129217568
0.145762847066
0.145762845545
0.151626380563
0.145762847066
0.144129217568
0.144129217568
0.151626380563
0.145762847066
0.145762845545
0.173756124997
0.18285746988
0.173756123197
0.173756123197
0.145762847066
0.151626380563
0.144129217568
0.145762845545
0.145762849338
0.151626383443
0.145762849338
0.144129217627
0.144129217802
0.151626380578
0.145762846986
0.145762847354
0.151626380578
0.144129217802
0.145762846986
0.151626380578
0.145762847354
0.144129217802
0.144129217627
0.151626383443
0.145762849338
0.145762849338
0.145762845545
0.151626380563
0.144129217568
0.145762845545
0.151626380563
0.144129217568
0.144129217568
0.151626380563
0.145762845545
0.145762847066
0.173756123197
0.18285746988
0.173756123197
0.173756124997
0.145762849338
0.151626383443
0.144129217627
0.145762849338
0.145762847066
0.151626380563
0.145762845545
0.144129217568
0.144129217802
0.151626380578
0.145762846986
0.145762847354
0.145762847354
0.151626380578
0.144129217802
0.145762846986
0.145762846986
0.151626380578
0.145762847354
0.144129217802
0.144129217568
0.151626380563
0.145762845545
0.145762847066
0.173756123197
0.18285746988
0.173756123197
0.173756124997
0.145762849338
0.151626383443
0.144129217627
0.145762849338
0.145762847066
0.151626380563
0.145762845545
0.144129217568
0.144129217568
0.151626380563
0.145762847066
0.145762845545
0.173756124997
0.18285746988
0.173756123197
0.173756123197
0.145762847066
0.151626380563
0.144129217568
0.145762845545
0.145762849338
0.151626383443
0.145762849338
0.144129217627
0.144129217802
0.151626380578
0.145762847354
0.145762846986
0.145762846986
0.151626380578
0.144129217802
0.145762847354
0.145762847354
0.151626380578
0.145762846986
0.144129217802
0.144129217627
0.151626383443
0.145762849338
0.145762849338
0.173756123197
0.18285746988
0.173756124997
0.173756123197
0.145762845545
0.151626380563
0.144129217568
0.145762847066
0.145762845545
0.151626380563
0.145762847066
0.144129217568
0.144129217802
0.151626380578
0.145762847354
0.145762846986
0.173756123398
0.182857468157
0.173756123398
0.173756123398
0.145762846986
0.151626380578
0.144129217802
0.145762847354
0.145762847354
0.151626380578
0.145762846986
0.144129217802
0.144129217627
0.151626383443
0.145762849338
0.145762849338
0.145762845545
0.151626380563
0.144129217568
0.145762847066
0.145762845545
0.151626380563
0.145762847066
0.144129217568
0.144129217802
0.151626380578
0.145762847354
0.145762846986
0.173756123398
0.182857468157
0.173756123398
0.173756123398
0.145762846986
0.151626380578
0.144129217802
0.145762847354
0.145762847354
0.151626380578
0.145762846986
0.144129217802
0.144129217627
0.151626383443
0.145762849338
0.145762849338
0.173756123197
0.18285746988
0.173756124997
0.173756123197
0.145762845545
0.151626380563
0.144129217568
0.145762847066
0.145762845545
0.151626380563
0.145762847066
0.144129217568
0.144129217802
0.151626380578
0.145762846986
0.145762847354
0.173756123398
0.182857468157
0.173756123398
0.173756123398
0.145762847354
0.151626380578
0.144129217802
0.145762846986
0.145762846986
0.151626380578
0.145762847354
0.144129217802
0.144129217568
0.151626380563
0.145762845545
0.145762847066
0.173756123197
0.18285746988
0.173756123197
0.173756124997
0.145762849338
0.151626383443
0.144129217627
0.145762849338
0.145762847066
0.151626380563
0.145762845545
0.144129217568
0.144129217802
0.151626380578
0.145762847354
0.145762846986
0.173756123398
0.182857468157
0.173756123398
0.173756123398
0.145762846986
0.151626380578
0.144129217802
0.145762847354
0.145762847354
0.151626380578
0.145762846986
0.144129217802
0.144129217568
0.151626380563
0.145762847066
0.145762845545
0.173756124997
0.18285746988
0.173756123197
0.173756123197
0.145762847066
0.151626380563
0.144129217568
0.145762845545
0.145762849338
0.151626383443
0.145762849338
0.144129217627
0.0734313213197
0.0734807119325
0.0439633432646
0.0445576023601
0.0440066039641
0.0440066031157
0.0922402734554
0.0922402735357
0.073480713206
0.0734313217894
0.0734313202934
0.0734807127382
0.0734807118096
0.073431322052
0.0439633432174
0.0445576017461
0.0440066024878
0.0440066038613
0.0463270615904
0.0469536233945
0.0463270615904
0.0463270615904
0.0876392485173
0.087639249375
0.0440066024878
0.0445576017461
0.0440066038613
0.0439633432174
0.0734807118096
0.073431322052
0.0734313202934
0.0734807127382
0.0734807118096
0.073431322052
0.0876392485173
0.087639249375
0.0463270615904
0.0469536233945
0.0463270615904
0.0463270615904
0.0876392485173
0.087639249375
0.0440066024878
0.0445576017461
0.0440066038613
0.0439633432174
0.0734313202934
0.0734807127382
0.0876392498357
0.0876392499532
0.0463270622194
0.0469536235041
0.0463270622194
0.0463270619307
0.0440066034062
0.0445576008262
0.0439633429863
0.0440066034062
0.0876392499532
0.0876392498357
0.0734313218009
0.0734807131109
0.0734807131109
0.0734313218009
0.0876392485173
0.087639249375
0.0463270615904
0.0469536233945
0.0463270615904
0.0463270615904
0.0876392485173
0.087639249375
0.0876392485173
0.087639249375
0.087639249375
0.0876392485173
0.0463270615904
0.0469536233945
0.0463270615904
0.0463270615904
0.087639249375
0.0876392485173
0.087639249375
0.0876392485173
0.0876392498357
0.0876392499532
0.0463270622194
0.0469536235041
0.0463270622194
0.0463270619307
0.0876392501818
0.0876392501818
0.0876392499532
0.0876392498357
