0.144129217568
0.151626380563
0.151626383443
0.144129217627
0.151626380563
0.144129217568
0.144129217802
0.151626380578
0.151626380578
0.144129217802
0.151626380578
0.145762847354
0.144129217802
0.144129217627
0.151626383443
0.151626380563
0.144129217568
0.145762847066
0.151626380563
0.145762847066
0.144129217568
0.144129217568
0.151626380563
0.145762847066
0.145762845545
0.173756124997
0.18285746988
0.173756123197
0.173756123197
0.145762847066
0.151626380563
0.144129217568
0.145762845545
0.145762849338
0.151626383443
0.145762849338
0.144129217627
0.144129217802
0.151626380578
0.145762846986
0.145762847354
0.151626380578
0.144129217802
0.145762846986
0.151626380578
0.145762847354
0.144129217802
0.144129217627
0.151626383443
0.145762849338
0.145762849338
0.145762845545
0.151626380563
0.144129217568
0.145762845545
0.151626380563
0.144129217568
0.144129217568
0.151626380563
0.145762845545
0.173756123197
0.145762849338
0.151626383443
0.144129217627
0.151626380563
0.144129217568
0.144129217802
0.151626380578
0.145762846986
0.145762847354
0.145762847354
0.151626380578
0.144129217802
0.145762846986
0.145762846986
0.151626380578
0.145762847354
0.144129217802
0.144129217568
0.151626380563
0.145762845545
0.145762849338
0.151626383443
0.144129217627
0.151626380563
0.144129217568
0.144129217568
0.151626380563
0.151626380563
0.144129217568
0.151626383443
0.144129217627
0.144129217802
0.151626380578
0.145762847354
0.145762846986
0.145762846986
0.151626380578
0.144129217802
0.145762847354
0.145762847354
0.151626380578
0.145762846986
0.144129217802
0.144129217627
0.151626383443
0.145762849338
0.145762849338
0.173756123197
0.18285746988
0.173756124997
0.173756123197
0.145762845545
0.151626380563
0.144129217568
0.145762847066
0.145762845545
0.151626380563
0.145762847066
0.144129217568
0.144129217802
0.151626380578
0.145762847354
0.145762846986
0.145762846986
0.151626380578
0.144129217802
0.145762847354
0.145762847354
0.151626380578
0.145762846986
0.144129217802
0.144129217627
0.151626383443
0.145762849338
0.145762849338
0.145762845545
0.151626380563
0.144129217568
0.145762847066
0.145762845545
0.151626380563
0.145762847066
0.144129217568
0.144129217802
0.151626380578
0.145762847354
0.145762846986
0.145762846986
0.151626380578
0.144129217802
0.151626380578
0.144129217802
0.151626380563
0.144129217568
0.151626380563
0.144129217568
0.145762847354
0.151626380578
0.144129217802
0.0734807119325
0.0439633432646
0.0445576023601
0.0440066039641
0.0440066031157
0.073480713206
0.0734313217894
0.0734313202934
0.0734807127382
0.0734807118096
0.073431322052
0.0439633432174
0.0445576017461
0.0440066024878
0.0440066038613
0.0463270615904
0.0469536233945
0.0463270615904
0.0463270615904
0.0876392485173
0.087639249375
0.0440066024878
0.0445576017461
0.0440066038613
0.0439633432174
0.0734807118096
0.073431322052
0.0734313202934
0.0734807127382
0.0734807118096
0.073431322052
0.0876392485173
0.087639249375
0.0463270615904
0.0469536233945
0.0463270615904
0.0463270615904
0.0876392485173
0.087639249375
0.0440066024878
0.0445576017461
0.0440066038613
0.0439633432174
0.0734313202934
0.0734807127382
0.0876392498357
0.0876392499532
0.0463270622194
0.0469536235041
0.0463270622194
0.0463270619307
0.0440066034062
0.0445576008262
0.0439633429863
0.0440066034062
0.0876392499532
0.0876392498357
0.0734313218009
0.0734807131109
0.0734807131109
0.0734313218009
0.0876392485173
0.087639249375
0.0463270615904
0.0469536233945
0.0463270615904
0.0463270615904
0.0876392485173
0.087639249375
0.0876392485173
0.087639249375
0.087639249375
0.0876392485173
0.0463270615904
0.0469536233945
0.0463270615904
0.0463270615904
0.087639249375
0.0876392485173
0.087639249375
0.0876392485173
0.0876392498357
0.0876392499532
0.0463270622194
0.0469536235041
0.0463270622194
0.0463270619307
0.0876392501818
0.0876392501818
0.0876392499532
0.0876392498357
0.0734807131109
0.0734313218009
0.0440066039641
0.0445576023601
0.0439633432646
0.0440066031157
0.0440066034062
0.0445576008262
0.0440066034062
0.0439633429863
0.0734313217894
0.073480713206
0.0734313218009
0.0734807131109
0.0734807119325
0.0734313213197
0.0734313217894
0.073480713206
0.073480713206
0.0734313217894
0.0439633432646
0.0445576023601
0.0440066031157
0.0440066039641
0.0463270622194
0.0469536235041
0.0463270622194
0.0463270619307
0.0876392501818
0.0876392501818
0.0440066039641
0.0445576023601
0.0440066031157
0.0439633432646
0.0734807119325
0.0734313213197
0.0734313213197
0.0734807119325
0.0734807131109
0.0876392499532
0.0876392498357
0.0463270619307
0.0469536235041
0.0463270622194
0.0463270622194
0.0440066039641
0.0445576023601
0.0439633432646
0.0440066031157
0.0440066034062
0.0445576008262
0.0440066034062
0.0439633429863
0.0734313217894
0.073480713206
0.0734313218009
0.0734807131109
0.0734807119325
0.0734313213197
0.0734313218009
0.0734807131109
0.0439633429863
0.0445576008262
0.0440066034062
0.0440066034062
0.0734807131109
0.0734313218009
0.087639249375
0.0876392485173
0.0463270615904
0.0469536233945
0.0463270615904
0.0463270615904
0.087639249375
0.0876392485173
0.087639249375
0.0876392485173
0.0467410852903
0.0463270622194
0.0463270619307
0.0467410842188
0.0732872620702
0.07343947374
0.0726486713305
0.0726486723816
0.0383645669505
0.038763122404
0.0382584323865
0.0383645680843
0.0367712024141
0.0372308299041
0.0368481713111
0.0368733919586
0.0367712037029
0.0372308301026
0.036873390919
0.0368481706836
0.0439633429863
0.0445576008262
0.0440066034062
0.0440066034062
0.0463270622194
0.0469536235041
0.0463270619307
0.0463270622194
0.0440066031157
0.0445576023601
0.0439633432646
0.0440066039641
0.0440066031157
0.0445576023601
0.0440066039641
0.0439633432646
0.0734313218009
0.0734313213197
0.0734313217894
0.0734313217894
0.0368481713111
0.037011153956
0.073431322052
0.0734313202934
0.0439633432174
0.0445576017461
0.0440066038613
0.0440066024878
0.0463270615904
0.0469536233945
0.0463270615904
0.0463270615904
0.0440066024878
0.0445576017461
0.0439633432174
0.0440066038613
0.0440066038613
0.0445576017461
0.0440066024878
0.0439633432174
0.0368481695566
0.0372308282497
0.0367712034385
0.036873391082
0.0383645681374
0.0387631234832
0.0383645684343
0.0382584319445
0.0726486718214
0.0726486731412
0.0368733898177
0.0372308285564
0.0367712039007
0.0368481709163
0.073431322052
0.0734313202934
0.038258432093
0.0387631224361
0.0383645684339
0.0383645684339
0.072648673275
0.072648673275
0.0370111554475
0.0368481706836
0.0368733910296
0.0370364556083
0.0370364556083
0.0368733910296
0.0734807119325
0.0734313213197
0.0440066031157
0.0445576023601
0.0440066039641
0.0439633432646
0.0734313217894
0.073480713206
0.0734313213197
0.0734313218009
0.0439633432646
0.0445576023601
0.0440066039641
0.0440066031157
0.0463270619307
0.0469536235041
0.0463270622194
0.0463270622194
0.0440066039641
0.0445576023601
0.0439633432646
0.0440066031157
0.0440066034062
0.0445576008262
0.0440066034062
0.0439633429863
0.0734313217894
0.0734313218009
0.0734313213197
0.0726486718214
0.0726486731412
0.0383645684343
0.0387631234832
0.0382584319445
0.0383645681374
0.0382584319445
0.0387631234832
0.0383645681374
0.0383645684343
0.0726486718214
0.0726486731412
0.0383645669505
0.038763122404
0.0383645680843
0.0382584323865
0.0726486723816
0.0726486713305
0.0467410845817
0.0463270622194
0.0370364550008
0.0368733919586
0.036873390919
0.0370364550682
0.0372090050029
0.0368481706142
0.0368733898177
0.0370364540478
0.0370364548632
0.036873391082
0.0368733898177
0.0370364540478
0.0370364548632
0.036873391082
0.0734807131109
0.0734313218009
0.0922402742443
0.0440066034062
0.0445576008262
0.0440066034062
0.0439633429863
0.0734313218009
0.0734807131109
0.0440066031157
0.0445576023601
0.0439633432646
0.0440066039641
0.0734313213197
0.0734807119325
0.073480713206
0.0734313217894
0.0734313217894
0.0439633432646
0.0445576023601
0.0734807119325
0.0734313213197
0.073431322052
0.0876392485173
0.087639249375
0.0463270615904
0.0469536233945
0.0463270615904
0.0463270615904
0.0440066038613
0.0445576017461
0.0439633432174
0.0440066024878
0.0440066024878
0.0445576017461
0.0440066038613
0.0439633432174
0.0734313202934
0.0734807127382
0.0734313202934
0.073431322052
0.0726486723816
0.0726486713305
0.0383645680843
0.038763122404
0.0382584323865
0.0383645669505
0.0383645684339
0.0387631224361
0.0383645684339
0.038258432093
0.072648673275
0.072648673275
0.0463270622194
0.0467410845817
0.0367712044752
0.0371317857831
0.036873390919
0.0370364550682
0.0370364550008
0.0368733919586
0.0368733910296
0.0370364556083
0.0440066039641
0.0445576023601
0.0439633432646
0.0440066031157
0.0734313217894
0.073480713206
0.0734807119325
0.0734313213197
0.087639249375
0.0876392485173
0.0463270615904
0.0469536233945
0.0463270615904
0.0463270615904
0.0440066024878
0.0445576017461
0.0439633432174
0.0440066038613
0.087639249375
0.0876392485173
0.073431322052
0.0734807118096
0.0732872624899
0.0734394748331
0.0734807127382
0.0734313202934
0.072648673275
0.072648673275
0.0383645684339
0.0387631224361
0.038258432093
0.0383645684339
0.0367712044752
0.03723082906
0.0368733910296
0.0368481706142
0.0440066034062
0.0445576008262
0.0439633429863
0.0440066034062
0.0440066039641
0.0445576023601
0.0440066031157
0.0439633432646
0.0734313218009
0.0734807131109
0.0734313213197
0.0734807119325
0.0734807131109
0.0734313218009
0.0726486731412
0.0726486718214
0.0383645681374
0.0387631234832
0.0382584319445
0.0383645684343
0.0734978753091
0.07329379817
0.0382584319445
0.0387631234832
0.0383645684343
0.0383645681374
0.0726486731412
0.0726486718214
0.0382584323865
0.038763122404
0.0383645680843
0.0383645669505
0.0726486713305
0.0726486723816
0.0368733919586
0.0370364550008
0.0370364550682
0.036873390919
0.0467410845817
0.0463270622194
0.0368733910296
0.0370364556083
0.0220508993599
0.0220522389658
0.0220522401815
0.0220508997909
0.0232142413393
0.0234505216747
0.0231389710809
0.0233721116246
0.0233721129778
0.0234505235405
0.0231389706329
0.0232142421954
0.0370364540478
0.0368733898177
0.036873391082
0.0370364548632
0.0370364540478
0.0368733898177
