0.0360323037334
0.0379065948536
0.0364407115235
0.0364407123856
0.0434390300309
0.0457143670011
0.0434390300309
0.0434390318991
0.0364407117862
0.037906594747
0.0360323033548
0.0364407117862
0.0364407123856
0.0379065948536
0.0364407115235
0.0360323037334
0.0360323042025
0.0379065958828
0.0364407122195
0.0364407121465
0.043439031251
0.0457143686124
0.043439031251
0.043439031251
0.0364407121465
0.0379065958828
0.0360323042025
0.0364407122195
0.0364407122195
0.0379065958828
0.0364407121465
0.0360323042025
0.0360323033548
0.037906594747
0.0364407117862
0.0364407117862
0.0434390300309
0.0457143670011
0.0434390318991
0.0434390300309
0.0364407115235
0.0379065948536
0.0360323037334
0.0364407123856
0.0364407115235
0.0379065948536
0.0364407123856
0.0360323037334
0.0360323037334
0.0379065948536
0.0364407123856
0.0364407115235
0.0434390318991
0.0457143670011
0.0434390300309
0.0434390300309
0.0364407123856
0.0379065948536
0.0360323037334
0.0364407115235
0.0364407117862
0.037906594747
0.0364407117862
0.0360323033548
0.0360323042025
0.0379065958828
0.0364407122195
0.0364407121465
0.043439031251
0.0457143686124
0.043439031251
0.043439031251
0.0364407121465
0.0379065958828
0.0360323042025
0.0364407122195
0.0364407122195
0.0379065958828
0.0364407121465
0.0360323042025
0.0360323033548
0.037906594747
0.0364407117862
0.0364407117862
0.0434390300309
0.0457143670011
0.0434390318991
0.0434390300309
0.0364407115235
0.0379065948536
0.0360323037334
0.0364407123856
0.0364407115235
0.0379065948536
0.0364407123856
0.0360323037334
0.0360323037334
0.0379065948536
0.0364407115235
0.0364407123856
0.0434390300309
0.0457143670011
0.0434390300309
0.0434390318991
0.0364407117862
0.037906594747
0.0360323033548
0.0364407117862
0.0364407123856
0.0379065948536
0.0364407115235
0.0360323037334
0.0360323042025
0.0379065958828
0.0364407122195
0.0364407121465
0.043439031251
0.0457143686124
0.043439031251
0.043439031251
0.0364407121465
0.0379065958828
0.0360323042025
0.0364407122195
0.0364407122195
0.0379065958828
0.0364407121465
0.0360323042025
0.0360323037334
0.0379065948536
0.0364407115235
0.0364407123856
0.0434390300309
0.0457143670011
0.0434390300309
0.0434390318991
0.0364407117862
0.037906594747
0.0360323033548
0.0364407117862
0.0364407123856
0.0379065948536
0.0364407115235
0.0360323037334
0.0360323037334
0.0379065948536
0.0364407123856
0.0364407115235
0.0434390318991
0.0457143670011
0.0434390300309
0.0434390300309
0.0364407123856
0.0379065948536
0.0360323037334
0.0364407115235
0.0364407117862
0.037906594747
0.0364407117862
0.0360323033548
0.0360323042025
0.0379065958828
0.0364407121465
0.0364407122195
0.043439031251
0.0457143686124
0.043439031251
0.043439031251
0.0364407122195
0.0379065958828
0.0360323042025
0.0364407121465
0.0364407121465
0.0379065958828
0.0364407122195
0.0360323042025
0.0360323033548
0.037906594747
0.0364407117862
0.0364407117862
0.0434390300309
0.0457143670011
0.0434390318991
0.0434390300309
0.0364407115235
0.0379065948536
0.0360323037334
0.0364407123856
0.0364407115235
0.0379065948536
0.0364407123856
0.0360323037334
0.0360323042025
0.0379065958828
0.0364407121465
0.0364407122195
0.043439031251
0.0457143686124
0.043439031251
0.043439031251
0.0364407122195
0.0379065958828
0.0360323042025
0.0364407121465
0.0364407121465
0.0379065958828
0.0364407122195
0.0360323042025
0.0360323033548
0.037906594747
0.0364407117862
0.0364407117862
0.0434390300309
0.0457143670011
0.0434390318991
0.0434390300309
0.0364407115235
0.0379065948536
0.0360323037334
0.0364407123856
0.0364407115235
0.0379065948536
0.0364407123856
0.0360323037334
0.0360323042025
0.0379065958828
0.0364407121465
0.0364407122195
0.043439031251
0.0457143686124
0.043439031251
0.043439031251
0.0364407122195
0.0379065958828
0.0360323042025
0.0364407121465
0.0364407121465
0.0379065958828
0.0364407122195
0.0360323042025
0.0360323033548
0.037906594747
0.0364407117862
0.0364407117862
0.0434390300309
0.0457143670011
0.0434390318991
0.0434390300309
0.0364407115235
0.0379065948536
0.0360323037334
0.0364407123856
0.0364407115235
0.0379065948536
0.0364407123856
0.0360323037334
0.0360323042025
0.0379065958828
0.0364407122195
0.0364407121465
0.043439031251
0.0457143686124
0.043439031251
0.043439031251
0.0364407121465
0.0379065958828
0.0360323042025
0.0364407122195
0.0364407122195
0.0379065958828
0.0364407121465
0.0360323042025
0.0360323037334
0.0379065948536
0.0364407115235
0.0364407123856
0.0434390300309
0.0457143670011
0.0434390300309
0.0434390318991
0.0364407117862
0.037906594747
0.0360323033548
0.0364407117862
0.0364407123856
0.0379065948536
0.0364407115235
0.0360323037334
0.0360323042025
0.0379065958828
0.0364407121465
0.0364407122195
0.043439031251
0.0457143686124
0.043439031251
0.043439031251
0.0364407122195
0.0379065958828
0.0360323042025
0.0364407121465
0.0364407121465
0.0379065958828
0.0364407122195
0.0360323042025
0.0360323037334
0.0379065948536
0.0364407123856
0.0364407115235
0.0434390318991
0.0457143670011
0.0434390300309
0.0434390300309
0.0364407123856
0.0379065948536
0.0360323037334
0.0364407115235
0.0364407117862
0.037906594747
0.0364407117862
0.0360323033548
