0.391791970507
0.356624070206
0.391428957757
0.357056382624
0.392048967973
0.356710691396
0.391538625736
0.357059730326
0.391968218317
0.356630137746
0.39171300413
0.357046655238
0.391808743594
0.356676596793
0.391512038791
0.356904001919
0.568673843964
0.569225760156
0.568673843964
0.694570712145
0.621454058529
0.668111434287
0.668111434287
0.621454058529
0.694570712145
0.636490969803
0.636490969803
0.646755405997
0.64650283979
0.64650283979
0.64713
0.64713
0.64650283979
0.64650283979
0.646755405997
0.646755405997
0.646755405997
0.636490969803
0.694570712145
0.621454058529
0.668111434287
0.668111434287
0.621454058529
0.694570712145
0.636490969803
0.568479112017
0.569030649438
0.568479112017
0.40311284363
0.484562712902
0.428791034782
0.553407581799
0.498601355619
0.622513641318
0.573772484478
0.670133390787
0.614221328013
0.614221328013
0.670133390787
0.573772484478
0.622513641318
0.498601355619
0.553407581799
0.428791034782
0.484562712902
0.40311284363
0.612399778169
0.666493515662
0.600050941812
0.611910208185
0.666013129931
0.599552394115
0.70156524942
0.591762710721
0.57722528459
0.580858917126
0.466183563548
0.468525938177
0.466183563548
0.555869800984
0.84479220446
0.863224992499
0.66661909126
0.612129443273
0.618452924466
0.612129443273
