0.182697230281
0.200161501686
0.182455515754
0.200597950491
0.182477220904
0.200525639093
0.182663877336
0.200084233215
0.18243426537
0.200339555766
0.182570094869
0.200632315484
0.182277335202
0.200033892671
0.182484605918
0.200293143146
0.182896373221
0.200633674893
0.182441496456
0.200306919309
0.182310098239
0.200342977447
0.182637141568
0.200078527079
0.182534219108
0.200438449955
0.182487462213
0.149681586559
0.149939654315
0.149681586559
0.149975565791
0.15022683462
0.149975565791
0.192120707646
0.174952262132
0.183731592178
0.190018425086
0.172960944575
0.190136016167
0.184451904672
0.172342545893
0.192460741327
0.178665063893
0.178372481569
0.192729651113
0.170010360191
0.194015633981
0.172873008759
0.175906222179
0.191386285518
0.170168789647
0.194608665216
0.171757727184
0.177994373717
0.18930256648
0.170673804481
0.194697281054
0.17094167462
0.193041314376
0.174600206145
0.174307503591
0.177552589032
0.172311456177
0.179255797201
0.171457475869
0.180166408462
0.171412468709
0.179667439831
0.17195742353
0.178297288675
0.173462925515
0.175004774363
0.177099536106
0.172697431351
0.178795999002
0.171682135591
0.179800936293
0.171342101928
0.180114065339
0.177847742413
0.17396447984
0.173672506808
0.174301888141
0.173984180746
0.174817544041
0.174044051972
0.175001101175
0.173693577239
0.175193075296
0.173520877316
0.175322792253
0.173417969903
0.175474756643
0.17338731201
0.175754034874
0.173580508174
0.175545697907
0.17329983601
0.175684277647
0.173296649173
0.175711466201
0.17421533532
0.17421533532
0.174301888141
0.173984180746
0.174817544041
0.174044051972
0.175001101175
0.173693577239
0.175193075296
0.173520877316
0.175322792253
0.173417969903
0.175474756643
0.17338731201
0.175754034874
0.173580508174
0.175545697907
0.17329983601
0.175684277647
0.173296649173
0.175711466201
0.173672506808
0.177552589032
0.172311456177
0.179255797201
0.171457475869
0.180166408462
0.171412468709
0.179667439831
0.17195742353
0.178297288675
0.173462925515
0.175004774363
0.177099536106
0.172697431351
0.178795999002
0.171682135591
0.179800936293
0.171342101928
0.174307503591
0.192729651113
0.170010360191
0.194015633981
0.172873008759
0.175906222179
0.191386285518
0.170168789647
0.194608665216
0.171757727184
0.177994373717
0.18930256648
0.170673804481
0.194697281054
0.178372481569
0.192120707646
0.174952262132
0.183731592178
0.190018425086
0.172960944575
0.190136016167
0.184451904672
0.172342545893
0.149629094605
0.149887044457
0.149629094605
0.20429672868
0.23264552487
0.174190906209
0.140479607535
0.17544760388
0.255469890493
0.179519616201
0.176151302831
0.241795697563
0.268190952181
0.212947120545
0.193898352253
0.136330859163
0.16001227003
0.185896680634
0.162228951332
0.145773101408
0.128988176458
0.136330859163
0.106743990783
0.117442842359
0.280718462941
0.174400579044
0.256409206325
0.271233943423
0.235501925735
0.255469890493
0.218844557677
0.241943210364
0.207699035395
0.23264552487
0.20429672868
0.190722686908
0.183983105733
0.178698613738
0.190925528676
0.178122737821
0.191287479175
0.177901535586
0.177901535586
0.191287479175
0.178122737821
0.190925528676
0.178698613738
0.178403390476
0.190618890149
0.177827107759
0.190981871689
0.177605512517
0.191609903418
0.177605512517
0.190981871689
0.177827107759
0.190618890149
0.178403390476
0.188916766268
0.18603695007
0.189331908111
0.185998243978
0.18503358346
0.189925168998
0.182851516059
0.190722686908
0.183983105733
0.188308892095
0.173038052484
0.193067586145
0.182696329453
0.174857483991
0.228230281181
0.199027596345
0.206914183793
0.193312364147
0.194074629359
0.166066425553
0.164687767512
0.160024774382
0.155121647493
0.142244130937
0.130521000996
0.132477897679
0.160024774382
0.164687767512
0.166066425553
0.194074629359
0.187262843918
0.111677522449
0.111460513534
0.225927555045
0.183593478094
0.18441511784
0.183593478094
0.100272111488
0.100272111488
0.0455954223211
0.0455954223211
0.0455954223211
0.0455954223211
0.05003456179
0.05003456179
0.05003456179
0.05003456179
0.0456186247566
0.0456186247566
0.0456186247566
0.0456186247566
0.100141444354
0.100141444354
0.0924256148319
0.0924256148319
0.0663249596042
0.0663249596042
0.0598152737425
0.0598152737425
0.0598152737425
0.0598152737425
0.0647862708704
0.0647862708704
0.0647862708704
0.0647862708704
0.092948340317
0.092948340317
0.0432144205568
0.0432144205568
0.0432144205568
0.0432144205568
0.0482296672703
0.0482296672703
0.0482296672703
0.0482296672703
0.0456315671938
0.0456315671938
0.0456315671938
0.0456315671938
0.0873397410636
0.0873397410636
0.0930184750349
0.0930184750349
0.0946659540556
0.0946659540556
0.0464995609946
0.0464995609946
0.0464995609946
0.0464995609946
0.046258395865
0.046258395865
0.046258395865
0.046258395865
0.0474812922496
0.0474812922496
0.0474812922496
0.0474812922496
0.0914257580294
0.0914257580294
0.0959579151087
0.0959579151087
0.0482410896345
0.0482410896345
0.0242654659238
0.0242654659238
0.0242654659238
0.0242654659238
0.0241205448173
0.0241205448173
0.0241205448173
0.0241205448173
0.0336231253348
0.0336231253348
0.0336231253348
0.0336231253348
0.050918352057
0.050918352057
0.050918352057
0.050918352057
0.0604768809568
0.0604768809568
0.0604768809568
0.0604768809568
0.0775608237466
0.0775608237466
