0.0019612558171
0.00213438392723
0.00215070173009
0.00215483566328
0.0022599460087
0.00226057104392
0.00230090684733
0.00225905336546
0.00224141308704
0.00230101151976
0.00231050885852
0.00229896678913
0.00224265307127
0.00230188819438
0.00230053915463
0.00231167051381
0.00238728754393
0.00238831348215
0.00241765878901
0.00239740578218
0.00241789727479
0.0024310965074
0.00241631773162
0.00239586078515
0.00246015467149
0.00245008517058
0.0025024919879
0.00246006721745
0.00239848625891
0.00238880588773
0.00241616091868
0.00238673385632
0.0023386393701
0.00237952376021
0.00237655203762
0.00237543659094
0.00242684240427
0.00242334310919
0.00247485606857
0.00243866956383
0.00239378642402
0.00245790835645
0.00243365982989
0.00245379441392
0.00242983775118
0.00249263492858
0.00246842144894
0.00247975768136
0.00233849092849
0.00237936754578
0.00237532525073
0.00237667090169
0.00243880504199
0.00242322121536
0.00247440767985
0.00242681277702
0.00243011606636
0.00249281285977
0.00248043967681
0.00246825873692
0.00239402911294
0.00245789044324
0.00245389291777
0.00243374581927
0.00258352779959
0.00258006534058
0.00262277850912
0.00262488774181
0.0026341620238
0.00268026058175
0.00268481671991
0.00263571276167
0.00265032142971
0.00266243135056
0.00266778556494
0.00270652257341
0.00265829567208
0.00266952872846
0.00270657051415
0.00267014136335
0.0026960666693
0.00274775972725
0.00274263114863
0.00273980006272
0.00278109160501
0.00278298038974
0.00278069509748
0.00278238902445
0.00274032479027
0.00274519948252
0.00269348476198
0.00273913943817
0.0027398831448
0.00274272085147
0.00273664957462
0.00269955309416
0.00266076461999
0.0026583716937
0.00265252760801
0.00270201855815
0.00263000201753
0.00267890661161
0.00263008365213
0.00267729999117
0.0026177787398
0.00256958775525
0.00258066539367
0.00261742099375
0.0027017625754
0.00265302023092
0.00264616362935
0.0026591018159
0.00267144719002
0.00266859540204
0.00270460618493
0.00265803607947
0.00268143878007
0.00267937786432
0.00262923549183
0.00263642517834
0.00270173586521
0.00265344336375
0.00265923957605
0.00264656436652
0.00262655590141
0.00257753520609
0.00261799478866
0.00258371011294
0.00243025908116
0.0024488262476
0.00239452017256
0.00244498060699
0.00242441463432
0.00242200313506
0.002437848435
0.00246912693944
0.00237737686198
0.00238612301152
0.00234064838161
0.00238035920765
0.00245979942363
0.00248062688147
0.00242774024413
0.00247158313677
0.00238492533783
0.00238207976414
0.00239288730713
0.00241564438492
0.00239585760315
0.00243280140812
0.00241846696077
0.00241769073697
0.00239279093822
0.00238169547636
0.00238590805942
0.00241601580221
0.00246435562108
0.0024595591591
0.00246437537622
0.00250028550891
0.00231222622548
0.0023055006009
0.00224291366384
0.00230224150669
0.00225340635913
0.00225205826537
0.00225772764207
0.00230131076704
0.0021529418071
0.00213755641085
0.00196119037013
0.00215609117894
0.00229947445967
0.00230136665231
0.00224275137466
0.00231236519574
0.00247100419264
0.0024806585584
0.00242714650878
0.00246072252535
0.00243556843993
0.00242539052537
0.00242809318249
0.00246856423706
0.00237443454954
0.00237999054828
0.00233803414869
0.00237663880275
0.00244569535885
0.00244885718231
0.00239306387196
0.00242916445041
0.00243074169134
0.00244902495161
0.00244424548654
0.00239409379113
0.00246844419036
0.00242026457004
0.00243608554629
0.00242399434847
0.00246057292159
0.00248110161695
0.00247022986621
0.00242663891325
0.00237667271359
0.00238576439483
0.00237954225026
0.00234009858745
0.00249912555241
0.00245697521711
0.00246260399391
0.0024626878434
0.00241624809814
0.00243218090745
0.00239416446635
0.002417447037
0.00241455382412
0.00238150400837
0.00238491116954
0.00239204055087
0.00241471124706
0.00237982294795
0.00239066132969
0.00238446044245
0.00246981932589
0.00247989365177
0.00245953049374
0.00242566088669
0.00246760013324
0.00242334378538
0.00242616396993
0.00243448713235
0.00244253704293
0.00244611250094
0.00243043548002
0.00239346124881
0.00237587511599
0.00238145445667
0.00237727709609
0.00233774046992
0.00231136881833
0.00230472897306
0.00230126578356
0.00224236892981
0.00230036850023
0.00224956182686
0.00225523613198
0.00225295262242
0.00229951325974
0.00230176867095
0.00231305472563
0.00224252049938
0.0021520287506
0.00213657929321
0.00215596203352
0.00196111097925
0.00195986066642
0.00213305975061
0.00215091039224
0.00215449820789
0.00225658263768
0.00225650257157
0.00230085883806
0.00225851824834
0.00224388032938
0.00230688961902
0.00231125776048
0.00230260192471
0.00224250536247
0.00230199672378
0.002300877467
0.00231181312362
0.00238537627836
0.00238609166835
0.00241701225815
0.00239695576177
0.00241765163305
0.00243064410467
0.00241579884538
0.00239510970892
0.00246067267512
0.00245034000928
0.00250285280656
0.00246030780148
0.00239857698213
0.00238885816207
0.00241636638236
0.00238692358291
0.0023420592841
0.00238544480284
0.00237899875765
0.00237975069269
0.00242889532829
0.0024250062998
0.0024778044504
0.00244190473429
0.0023978420351
0.0024629184732
0.00243252980512
0.00245552742231
0.00243094359021
0.0024938569575
0.0024696655367
0.00248066513495
0.00233841044387
0.00237938176809
0.00237526966254
0.00237662396423
0.00243887420638
0.00242325741578
0.00247446642129
0.00242684901776
0.00243020697893
0.00249295937973
0.00248067103559
0.00246836468805
0.00239403272975
0.00245790851421
0.00245391815623
0.0024337531317
0.00258359131556
0.00258261762709
0.00262483133291
0.00262573547904
0.00263596311005
0.00268184864008
0.00268642511107
0.00263750941005
0.00265190175203
0.00266364191315
0.0026690527384
0.00270779215563
0.00265897858749
0.00267029317634
0.00270714798316
0.00267055521399
0.00269673941648
0.00274848504083
0.00274321916334
0.00274051808315
0.00278169004002
0.00278359308805
0.00278121957819
0.00278307590886
0.00274083580894
0.00274563289543
0.00269387440499
0.00273957721849
0.00274062549761
0.00274324998823
0.00273719319428
0.00270013312951
0.00266139299069
0.00265886298595
0.00265300819479
0.00270253944024
0.00263036944645
0.00267930211336
0.00263040531737
0.00267770540616
0.00261811640428
0.00256980795746
0.00258090178351
0.002617692232
0.00270219037112
0.00265337202665
0.00264649086559
0.00265942123193
0.00267164385987
0.00266877854697
0.00270476759722
0.00265813446568
0.00268159816812
0.00267946489393
0.00262931946845
0.00263651723969
0.00270187158538
0.00265357498642
0.00265935564454
0.00264663363377
0.00262658796898
0.00257756589067
0.00261802265556
0.00258372290428
0.00243244595428
0.00245387216373
0.00239815369928
0.00244661139834
0.00242806664146
0.0024280410851
0.00244328970073
0.00247289759313
0.00237872545359
0.00238752637103
0.00234266095154
0.00238222006929
0.00246119635668
0.00248233724777
0.00242886608129
0.00247233930974
0.00238615212283
0.00238744375326
0.0023973878315
0.00241705742139
0.00239851654252
0.00243579405804
0.00242103597193
0.00242070877468
0.0023952183294
0.00238373776615
0.00238773222118
0.00241839894479
0.00246578276744
0.00246097391217
0.00246572872241
0.00250152107825
0.00231160986536
0.00230604268187
0.0022447191464
0.00230202980997
0.00225368711578
0.00225585467538
0.00226077776629
0.00230160441943
0.00215156414939
0.0021344354636
0.00195980351184
0.00215547393596
0.00230058367461
0.00230231398876
0.00224254998587
0.0023126050674
0.00247155251391
0.0024812455163
0.00242781488028
0.00246110849027
0.00243631326634
0.00242572906568
0.0024285078946
0.00246899715817
0.00237497228354
0.00238032655008
0.00233791637615
0.00237692860893
0.00244580942436
0.00244895525516
0.00239332674589
0.00242915333357
0.00243075860276
0.00244904586867
0.00244427619162
0.00239411625021
0.00246847300402
0.00242029287957
0.00243611293618
0.0024240155665
0.00246063169233
0.00248115767721
0.0024703160029
0.00242669190607
0.00237671084933
0.00238579696257
0.0023795763785
0.00234015504875
0.00249919819491
0.00245701838211
0.00246263055124
0.00246272967264
0.00241624369903
0.00243218598246
0.00239417033695
0.00241746486009
0.00241446028744
0.00238139923331
0.00238474908913
0.00239196125556
0.00241473621536
0.00237985313664
0.00239068281344
0.00238451196022
0.00246990780452
0.00247996943622
0.00245960585332
0.00242568952527
0.00246757773518
0.00242327023538
0.00242594739019
0.00243441739465
0.00244253588178
0.00244612603199
0.00243047975635
0.00239309152188
0.00237573847421
0.00238126916592
0.00237682476198
0.00233767045762
0.00231145778033
0.0023047912118
0.00230130998791
0.00224252766384
0.00230033929367
0.00224954629701
0.00225493551282
0.00225308008239
0.00229940335498
0.00230143267142
0.00231289445878
0.00224209719923
0.00215235531193
0.0021365837465
0.00215561687937
0.0019612041482
0.00195696084464
0.00212878182169
0.00214858013601
0.00215282779548
0.00225443425206
0.00225435437196
0.00229864851748
0.00225627359556
0.00224108584501
0.00230368893316
0.00230995085588
0.00230138040857
0.00224180888636
0.00230103976427
0.00229992522974
0.00231123586762
0.00238479346607
0.00238486143209
0.00241605687208
0.00239580997195
0.00241657884479
0.00242958266106
0.00241488427884
0.00239399821578
0.00245961772571
0.0024495648576
0.00250202190523
0.00245940627134
0.00239743430616
0.00238800890123
0.00241546388558
0.00238610475564
0.00233959287416
0.00238258220104
0.00237726653262
0.00237773745622
0.00242739201982
0.00242315341557
0.00247579978088
0.00243982465667
0.00239522379115
0.00246071639456
0.00243407102304
0.00245534371427
0.00243031002645
0.00249315881188
0.00246932464939
0.00248031180771
0.00233830229045
0.00237916387114
0.00237507337732
0.00237656011613
0.00243860563301
0.00242313475095
0.00247431153383
0.00242670998078
0.00242998179986
0.00249272844037
0.00248051121297
0.00246825392094
0.00239402401904
0.00245786816467
0.00245388864756
0.00243376190315
0.00258423796417
0.00258281440832
0.00262497913221
0.00262554842965
0.00263594239503
0.00268179561706
0.00268635879586
0.00263739549118
0.00265191244507
0.00266366460494
0.00266911713279
0.00270778526103
0.00265868525735
0.00267010876971
0.00270697185425
0.00267025315736
0.00269678237962
0.00274850405968
0.00274323460465
0.00274051762375
0.00278167856981
0.00278357013012
0.00278119012671
0.00278304317001
0.00274083128632
0.00274562159672
0.0026938662025
0.00273955842263
0.0027405562731
0.00274315190532
0.0027371334457
0.00270001010817
0.00266149060709
0.00265891731672
0.00265308072521
0.0027025950096
0.00263040889153
0.00267934748691
0.00263043831716
0.00267773132836
0.00261818904563
0.00256986587029
0.00258096913493
0.00261777981099
0.00270221509783
0.00265338851012
0.00264652274536
0.00265943995118
0.00267146434798
0.00266867280243
0.00270467127593
0.00265800630568
0.00268155153505
0.00267940885611
0.00262928253266
0.0026364637633
0.00270183338452
0.00265354678469
0.00265932979532
0.00264659743336
0.00262652218927
0.00257752648509
0.00261796706969
0.00258368677813
0.00243293936961
0.0024536307965
0.0023977166679
0.00244664314048
0.00242792558672
0.00242792294623
0.0024432224591
0.00247278217433
0.00237807099069
0.00238760857926
0.00234315045344
0.00238228281453
0.0024612764851
0.00248245373306
0.00242902388758
0.00247247571905
0.00238618402701
0.00238783468288
0.00239795946073
0.0024173931701
0.00239919147912
0.00243634027507
0.00242154125719
0.00242120445498
0.00239611331024
0.00238428624186
0.00238851124915
0.0024190349223
0.00246618875529
0.0024613467077
0.00246614363697
0.00250187676584
0.00231193105949
0.00230665260549
0.00224528889108
0.0023027874764
0.00225554790844
0.00225813782707
0.00226364012562
0.00230376177001
0.00215389212685
0.00214037712943
0.0019640025318
0.00215763789834
0.00230137711716
0.00230344603099
0.00224344577153
0.00231321612876
0.00247166690755
0.00248139290581
0.00242796146572
0.00246119152323
0.00243650256977
0.00242582656901
0.00242858805655
0.00246911699764
0.00237511512098
0.00238069946598
0.00233828083304
0.00237682712437
0.00244584356053
0.00244904075426
0.00239309586816
0.002429216996
0.00243077741978
0.00244901019426
0.00244426018523
0.00239408282608
0.00246843299854
0.00242026257289
0.00243607623745
0.00242395949387
0.00246062076427
0.00248114646047
0.00247031357866
0.00242667917631
0.0023766789425
0.00238572613819
0.00237954508209
0.00234015272181
0.00249920113839
0.00245701857684
0.00246265115362
0.00246272232668
0.00241626386967
0.00243219817306
0.00239417355242
0.00241746210198
0.00241456961814
0.00238151114317
0.00238492037298
0.00239204801842
0.00241470002053
0.00237981237595
0.00239063807451
0.00238440961243
0.0024699185563
0.00247999956246
0.00245962904362
0.00242571899506
0.00246770458799
0.00242339400722
0.00242621670005
0.00243454724014
0.00244262501424
0.00244619593895
0.002430474833
0.00239348981323
0.00237589087966
0.00238147416952
0.00237728650794
0.00233774975964
0.00231138639094
0.00230447118239
0.00230123345221
0.00224201990718
0.00230028034577
0.00224948231593
0.00225515816059
0.00225266074412
0.00229951032195
0.00230175915022
0.00231305394744
0.00224250722414
0.00215179220286
0.00213630781607
0.00215589320992
0.00196087652223
0.00195971571808
0.00213301533688
0.0021508678939
0.00215442522047
0.00225658060991
0.00225649074908
0.00230085669043
0.00225850673444
0.00224387874088
0.00230688967504
0.00231125814203
0.00230260026685
0.00224248553266
0.00230198561807
0.00230086795898
0.00231180386827
0.00238538067377
0.00238609215609
0.00241701205419
0.00239695908083
0.00241764712033
0.00243064361512
0.00241580351044
0.0023951095485
0.00246067148859
0.00245034143347
0.00250285268286
0.00246031290137
0.00239857234063
0.00238885334868
0.00241636298039
0.00238692023815
0.00234207094158
0.00238545103112
0.00237900637646
0.00237975807415
0.00242890282388
0.00242501336812
0.0024778080462
0.00244190908682
0.00239787232868
0.0024629388549
0.0024325710589
0.00245554327645
0.00243094397098
0.00249385532336
0.00246966754877
0.00248066187967
0.00233840740674
0.00237938073456
0.00237526443789
0.00237662320117
0.00243887154829
0.00242325704162
0.00247446432629
0.00242684655615
0.00243020585605
0.0024929586632
0.0024806734724
0.00246836139384
0.00239403619158
0.00245791281485
0.00245391880722
0.00243375598083
0.00258361236348
0.00258264193967
0.00262484758353
0.00262574163299
0.00263597989167
0.0026818556296
0.00268642917565
0.00263751884282
0.00265191047127
0.00266365050116
0.00266905354192
0.00270779251416
0.00265898224752
0.00267029759589
0.00270714350711
0.00267055630424
0.00269674195957
0.00274848647787
0.00274322240554
0.00274052261386
0.00278168740738
0.00278359366184
0.00278122742508
0.00278307175465
0.00274083504418
0.00274563313279
0.00269387408737
0.0027395806991
0.0027406158264
0.00274324480912
0.00273719786694
0.00270013364173
0.002661401931
0.00265886922723
0.00265301231394
0.00270254541935
0.0026303779391
0.00267931321596
0.00263041053974
0.00267771492837
0.0026181226669
0.00256981140433
0.00258090847586
0.00261769468694
0.00270219425491
0.00265337362362
0.00264648938423
0.00265942569453
0.00267164488507
0.00266877706321
0.00270476937643
0.00265813222158
0.00268160148646
0.00267946954225
0.00262932283798
0.00263651967722
0.00270187556676
0.00265357765545
0.00265935832927
0.00264663397346
0.00262658734018
0.00257756462248
0.00261802296805
0.00258372667453
0.00243253167357
0.00245391143247
0.00239821308557
0.00244667010905
0.00242808892585
0.00242808101621
0.00244331122726
0.00247291903228
0.00237885861921
0.00238755545144
0.00234279969608
0.00238227365923
0.00246123365761
0.00248236467634
0.00242890148037
0.0024723659984
0.00238623053886
0.00238752639927
0.00239740990429
0.00241709164859
0.00239854513905
0.00243581725831
0.00242105280474
0.00242074084483
0.00239524072403
0.00238375506963
0.00238775008017
0.00241841554519
0.00246580676538
0.0024609945457
0.00246574234415
0.00250153839541
0.00231195192961
0.0023060885529
0.00224469332861
0.00230216083644
0.002253555184
0.00225580765424
0.00226071044515
0.00230155579592
0.00215174879875
0.00213407023831
0.00195925551388
0.00215542546177
0.00230062594149
0.00230233116356
0.00224256576781
0.00231263172001
0.00247156945115
0.00248125942245
0.00242782915998
0.00246111508285
0.00243632198013
0.00242573643577
0.00242851931713
0.00246900221109
0.00237498222595
0.00238034649534
0.00233793282543
0.00237694289138
0.0024458185411
0.00244896187654
0.00239333556943
0.00242916446904
0.00243075535461
0.00244904196723
0.00244427106678
0.0023941171606
0.00246847179023
0.00242029261927
0.00243611023731
0.00242401671721
0.00246063453536
0.00248116073455
0.00247032101799
0.00242668866234
0.00237670796319
0.00238579456157
0.00237958155073
0.00234015457346
0.00249920716214
0.00245702584759
0.00246264337605
0.00246273458359
0.00241626050657
0.00243220013716
0.00239419029508
0.0024174727582
0.00241452182819
0.00238146987581
0.00238488343348
0.00239202535655
0.00241474950925
0.00237985970649
0.00239070344922
0.00238451521405
0.00246991264362
0.00247997051113
0.00245960597016
0.00242569623972
0.0024675771671
0.0024232794662
0.00242595719573
0.00243442366263
0.00244254199896
0.00244613135561
0.00243049200946
0.00239310937921
0.00237578978474
0.00238131550776
0.00237689284551
0.00233779681046
0.00231147855729
0.00230482976497
0.00230135021171
0.00224255718489
0.0023004987168
0.00224967777038
0.00225532852649
0.00225320026584
0.00229955197042
0.00230166658885
0.00231318057065
0.00224244037368
0.00215249701773
0.00213716335397
0.00215621100994
0.00196144796243
0.00195678211936
0.00212853757072
0.0021484912971
0.00215255218911
0.00225433365245
0.00225425236053
0.00229855587953
0.00225606682409
0.0022410652684
0.00230366309165
0.00230994222852
0.0023013505882
0.0022416193746
0.00230089990458
0.00229983994056
0.00231106676658
0.00238478165329
0.00238484897985
0.00241604809619
0.00239578575371
0.00241656997411
0.00242956424782
0.00241486300179
0.00239397788772
0.00245961236566
0.00244955933234
0.00250202068162
0.00245939903961
0.00239738754742
0.00238795714946
0.00241542050861
0.00238602068349
0.00233959008746
0.00238258095186
0.00237726794801
0.00237773641788
0.00242739205556
0.0024231514553
0.00247579254463
0.00243982357096
0.00239522901623
0.00246071452884
0.00243407025237
0.00245533895858
0.00243030820395
0.0024931523272
0.00246931856798
0.00248031223203
0.00233822143695
0.00237913043229
0.00237503270835
0.00237650963105
0.00243860145578
0.00242312305367
0.00247430970193
0.00242669776502
0.00242997747642
0.00249272249125
0.00248050618026
0.00246824823452
0.00239399776725
0.00245785678987
0.00245387593762
0.00243372791246
0.00258423782938
0.00258281409197
0.00262497715929
0.00262554884106
0.0026359434309
0.00268179763595
0.00268636197281
0.00263739645067
0.00265190875045
0.00266366359299
0.00266911719218
0.00270778577555
0.00265868546445
0.0026701120108
0.00270697560096
0.00267025409482
0.00269677858904
0.00274850252938
0.00274323764001
0.0027405163562
0.0027816784292
0.00278356678625
0.00278118792813
0.00278304277596
0.00274083278778
0.00274562066882
0.00269386367958
0.00273956006269
0.0027405571777
0.00274315335011
0.00273713405843
0.0027000062581
0.00266148606263
0.00265891586857
0.00265307863271
0.00270259460268
0.00263040393376
0.002679344643
0.00263044098582
0.0026777280621
0.00261818068039
0.00256986852676
0.00258097875731
0.00261777822863
0.00270221496841
0.00265339121919
0.00264652572517
0.00265943997485
0.00267146161058
0.00266867389809
0.0027046707919
0.00265800749265
0.00268155442359
0.00267940788475
0.0026292781662
0.00263646231252
0.00270183831425
0.00265354828372
0.00265933034062
0.00264659720832
0.002626520805
0.00257751958239
0.00261797069238
0.00258367545295
0.00243293818709
0.00245363278941
0.00239771791328
0.00244664091062
0.00242792414666
0.00242792256074
0.0024432280817
0.00247277720641
0.00237806991487
0.00238761150479
0.00234315682691
0.00238228434946
0.002461271146
0.00248245360411
0.00242902768852
0.00247247418829
0.00238618671414
0.0023878370444
0.00239796106826
0.00241739080653
0.00239919621216
0.00243634279309
0.00242154327331
0.0024212065897
0.00239610075733
0.00238428802561
0.00238849727426
0.00241902889867
0.00246619084481
0.00246134801876
0.00246614183414
0.0025018758092
0.00231194361705
0.00230665637062
0.00224531154065
0.00230279640165
0.0022555292404
0.00225813727962
0.002263412716
0.00230372508235
0.00215397839596
0.00214012275
0.00196405700809
0.00215745224471
0.0023013778962
0.00230324925454
0.00224313082282
0.00231332929075
0.00247166505533
0.00248138326026
0.00242795836892
0.00246119091782
0.00243647182363
0.00242580472537
0.00242853964646
0.00246908876267
0.0023751129422
0.00238065884137
0.00233835980844
0.00237683756485
0.00244584464174
0.00244901835163
0.00239307477189
0.0024292466677
0.00243075041541
0.00244903242153
0.00244426268779
0.00239411021167
0.00246846192749
0.00242028825061
0.00243610751684
0.00242400950629
0.00246062456839
0.00248115262938
0.00247031645301
0.00242668705908
0.00237670803512
0.00238579317799
0.00237957737741
0.0023401530512
0.0024992124129
0.00245702827907
0.00246266237846
0.00246273704974
0.0024162768358
0.00243221910633
0.00239419916376
0.00241747728373
0.00241459533807
0.0023815416629
0.00238496958786
0.002392085558
0.00241475088315
0.002379864266
0.00239070837492
0.00238452068315
0.00246992164726
0.0024800010409
0.00245963314036
0.00242572176817
0.00246770777053
0.0024234025505
0.00242622464646
0.00243455082995
0.00244263459844
0.0024462076243
0.00243051084725
0.00239351257869
0.00237591021016
0.00238149205033
0.00237731238017
0.00233778804963
0.00231146990016
0.00230481425763
0.0023013444235
0.00224254215764
0.00230047467605
0.00224964888266
0.00225531730275
0.00225317086327
0.00229956618417
0.00230187059755
0.0023131423267
0.00224257085861
0.00215242447724
0.00213684438253
0.00215597654527
0.00196126212812
0.00195237210555
0.00212323008315
0.00214639540937
0.00215086956644
0.00225183648033
0.00225215983996
0.00229647289567
0.00225444642891
0.00224036683209
0.00230274291756
0.00230937772341
0.0023006047939
0.00224141022821
0.00230064367376
0.00229920875049
0.00231113983646
0.00238415504588
0.00238424436069
0.00241543159964
0.00239494556611
0.00241604612205
0.00242900615242
0.00241436703039
0.00239332077185
0.00245916299158
0.00244917021014
0.00250163195277
0.00245895864431
0.00239683449153
0.00238759316941
0.00241504300756
0.00238594870477
0.00233941422033
0.00238238261132
0.00237715009776
0.00237755126971
0.00242728184486
0.00242304405866
0.00247568389893
0.00243964019707
0.00239517883164
0.00246066409345
0.00243403169756
0.0024552904031
0.0024301468478
0.00249300748889
0.00246923046798
0.00248019718591
0.00233855782678
0.00237900005108
0.00237490695459
0.00237622559279
0.0024383827161
0.00242295030305
0.00247414045157
0.00242652008141
0.00242979985074
0.00249255277979
0.00248035958702
0.00246814008052
0.00239386787495
0.00245783870842
0.00245375638649
0.00243360358615
0.00258420814121
0.00258278385021
0.00262494738166
0.00262550546384
0.00263591310381
0.00268175689821
0.00268632599241
0.00263735490226
0.00265188643567
0.00266364003604
0.00266909268491
0.00270775477716
0.00265861034494
0.00267004091737
0.00270691767493
0.00267015485062
0.00269676453697
0.00274848512716
0.00274321874297
0.00274049317701
0.00278166215775
0.0027835463966
0.00278116998983
0.00278301685549
0.00274081619001
0.00274560863471
0.00269385226544
0.00273954123893
0.0027405158863
0.00274310796568
0.00273709748364
0.00269993830417
0.0026614808531
0.00265890861407
0.0026530646557
0.0027025848993
0.00263039299767
0.00267932899774
0.00263041953842
0.00267772016054
0.00261814533883
0.00256981908822
0.00258091773116
0.00261771488024
0.00270220243485
0.00265337699771
0.00264650280107
0.00265942830019
0.00267137764333
0.00266862683005
0.00270463479913
0.00265796112576
0.00268153747092
0.00267938440007
0.00262926236529
0.00263643962987
0.00270182323143
0.00265354081839
0.00265932430424
0.00264658132116
0.00262645324739
0.00257746558647
0.00261790265272
0.00258361988591
0.00243293058306
0.00245361972094
0.00239770815931
0.00244663379721
0.00242791721896
0.00242792006149
0.00244322351316
0.00247277257388
0.00237806573407
0.00238760803553
0.00234315034901
0.00238228156111
0.00246126553217
0.0024824453388
0.00242902263376
0.00247246749731
0.00238618239629
0.00238783415728
0.00239795371866
0.00241738711305
0.0023991896132
0.00243633681714
0.00242153915542
0.00242120233758
0.00239607626241
0.00238427314686
0.00238829677471
0.0024190017917
0.00246618586252
0.00246134282568
0.00246613678385
0.00250187018394
0.00231193753879
0.00230664561126
0.0022452971391
0.00230278165433
0.00225548364971
0.00225809056071
0.00226337586099
0.00230368110835
0.00215389438949
0.002140120744
0.00196390729327
0.00215747693658
0.00230134684532
0.00230318310752
0.00224314777641
0.00231306470992
0.00247166216723
0.00248138091087
0.00242795603485
0.00246118079658
0.00243647905255
0.00242581064787
0.00242860185169
0.00246909049899
0.00237512018975
0.00238049638195
0.00233804751257
0.00237700622936
0.00244582846803
0.00244898159745
0.00239333593057
0.00242914607496
0.00243067141318
0.00244893919696
0.00244418541578
0.00239397180232
0.00246831946083
0.00242016039438
0.00243596459437
0.0024237714803
0.0024605942673
0.00248111342531
0.00247029919336
0.0024266568155
0.00237648071645
0.00238544795953
0.00237946136341
0.0023399581301
0.0024991807275
0.00245700339515
0.00246262199275
0.00246269776162
0.00241623923576
0.00243216540389
0.00239416550524
0.00241744392047
0.00241449515506
0.00238143696105
0.00238484946234
0.00239201268096
0.00241462103842
0.00237976981152
0.00239060163623
0.0023842265295
0.00246990326505
0.00247997025881
0.00245960476559
0.00242569152033
0.00246760174726
0.00242328842985
0.00242598888894
0.00243444735173
0.00244253919901
0.00244615021338
0.00243045843836
0.00239311790713
0.00237576845152
0.00238133181999
0.00237684450647
0.00233766940341
0.00231132486034
0.00230439000416
0.00230126169661
0.00224202054297
0.00230038983248
0.00224958246863
0.00225536253276
0.00225280897555
0.00229950361809
0.00230181708644
0.00231297886812
0.00224263048052
0.00215208160611
0.00213682764526
0.00215610864525
0.00196124049903
0.00195944817829
0.00213273145444
0.00215424850217
0.00215117893443
0.00225913663451
0.0022564774303
0.00230055170296
0.00225607400572
0.00224290427063
0.00230182666
0.00231167389571
0.00230015780679
0.00224402773685
0.00230716335629
0.0023031450853
0.00231142610068
0.00238706623592
0.00238839366455
0.00241760265034
0.00239708913671
0.0024174176962
0.00243068287186
0.00241595899627
0.00239527463532
0.00246038725783
0.00245034213145
0.00250282802513
0.00246054601059
0.00239854594799
0.00238656822684
0.00241566485163
0.00238532173835
0.00233861432151
0.00237946427309
0.00237658331064
0.00237555270262
0.00242692105479
0.00242356243122
0.00247502891124
0.00243880876456
0.00239393465912
0.00245802653921
0.00243371171787
0.00245399016381
0.00243010343866
0.00249289453372
0.00246869996138
0.00248014042588
0.00234240539717
0.00238542442455
0.00237960836817
0.00237879326003
0.00244198882727
0.00242462549374
0.00247709568056
0.00242868814248
0.00243119182956
0.00249399932072
0.00248118856491
0.00246924035982
0.00239798418886
0.0024627027466
0.00245531890644
0.00243209272413
0.00258337555819
0.0025800221784
0.00262267879598
0.00262482144263
0.00263422977435
0.00268030647438
0.00268497190353
0.00263581669131
0.00265033473614
0.00266255819571
0.0026678833094
0.00270662279936
0.00265835167712
0.00266970326911
0.00270668897911
0.00267028701055
0.00269646826768
0.00274818355086
0.00274314635636
0.00274023470836
0.00278160411991
0.0027835115818
0.00278131055592
0.00278284135479
0.00274091376062
0.00274596606403
0.00269416159445
0.00273991155164
0.00274036090369
0.00274316024407
0.00273731446097
0.0027000398472
0.00266109830107
0.00265873864839
0.00265288297915
0.00270245539594
0.00263034286392
0.00267932520565
0.00263044866491
0.00267771309556
0.00261812302776
0.00256985529407
0.0025809578002
0.00261778159796
0.00270227963231
0.00265347852461
0.00264663114583
0.00265975076729
0.00267188570545
0.00266938925996
0.0027052278784
0.00265874961
0.00268314812245
0.00268082605845
0.00263109512355
0.00263806167013
0.00270316796475
0.00265476647605
0.00266061315324
0.00264824702903
0.00262742488171
0.00258032940757
0.00262029822723
0.00258382651086
0.00243006250039
0.00244871705756
0.00239429263506
0.00244488324705
0.00242418533266
0.00242190927353
0.00243774994352
0.00246900053052
0.00237699629762
0.00238591689453
0.00234084399138
0.00238028126003
0.00245980138869
0.00248062842709
0.00242775145924
0.00247165514845
0.0023849291146
0.00238207758205
0.00239287375658
0.0024156003679
0.00239587009841
0.00243280343608
0.00241847448496
0.00241768782357
0.00239280751482
0.00238170367419
0.00238591415726
0.0024160238488
0.00246436180294
0.00245959016071
0.00246441450558
0.00250034764769
0.00231240373789
0.00230542313556
0.00224294672994
0.00230229182742
0.00225349651966
0.0022521303822
0.00225780178835
0.00230137274186
0.00215322602476
0.00213785967922
0.00196150532426
0.00215626283465
0.0022995063084
0.00230139804889
0.00224279144626
0.00231238683843
0.00247110117873
0.00248076079027
0.00242720500894
0.00246082489839
0.00243562313961
0.00242543990716
0.0024281429596
0.00246866837714
0.00237444721959
0.00238000557928
0.0023380390407
0.00237664808304
0.00244578067212
0.00244894083781
0.00239308715579
0.00242920105861
0.00243341034836
0.00245410642553
0.00244599505019
0.00239758777754
0.00247220981091
0.00242654620575
0.00244180712519
0.00242759130102
0.002461728173
0.00248254408903
0.00247093406552
0.00242775105456
0.00237816475643
0.0023868939729
0.00238129417868
0.00234147874169
0.00250033870687
0.0024584878301
0.00246402115654
0.00246415629864
0.00241896518443
0.00243477355094
0.00239691079516
0.00242011025933
0.00241708900794
0.00238364323602
0.00238712886788
0.00239458840897
0.00241611964386
0.0023855929217
0.00239552710195
0.00238542302729
0.00247019123862
0.00248029374288
0.0024597629568
0.00242618095703
0.00246787009206
0.00242356597154
0.00242643333331
0.00243508057329
0.00244260482562
0.00244620566232
0.00243046528234
0.00239346143746
0.00237644430439
0.00238205393128
0.00237738815392
0.00233790510719
0.00231079380011
0.00230498969816
0.00230102814534
0.00224365976316
0.00230075002649
0.00225389453326
0.0022590713458
0.00225312542846
0.00230008063985
0.00230235202767
0.00231353963473
0.00224269907799
0.00215075160966
0.00213383401833
0.00215574689323
0.00195977252594
0.00195939275093
0.00213229221678
0.00215070037293
0.00215418807133
0.00225628169862
0.00225631588929
0.00230070435925
0.00225827464999
0.00224368847627
0.0023067998778
0.00231141774829
0.00230260611185
0.00224244655034
0.0023019542165
0.00230079856893
0.00231165141963
0.00238540112751
0.00238611294512
0.00241701896953
0.00239693064384
0.00241765153477
0.00243061869726
0.00241577233301
0.00239508656287
0.00246067016474
0.00245033942878
0.00250284244908
0.00246028625586
0.0023984854306
0.00238874265462
0.00241626696712
0.00238679580073
0.0023421602883
0.00238545569968
0.0023790840336
0.00237978784542
0.00242889190994
0.00242502911748
0.00247780994571
0.00244191101853
0.00239786726477
0.00246293873969
0.00243259386979
0.00245555914064
0.00243095861107
0.00249386655888
0.00246968918214
0.00248067321117
0.0023383001525
0.0023792429234
0.0023751373515
0.00237618619306
0.00243877232265
0.00242315930627
0.00247437835371
0.00242663427202
0.00243018445874
0.00249293893304
0.00248066780278
0.00246834677328
0.00239368633186
0.00245787302841
0.00245384579908
0.00243376879078
0.00258360370311
0.00258262999561
0.00262484127726
0.00262573389417
0.00263596959754
0.00268185223315
0.00268642151801
0.00263751587573
0.00265189712453
0.00266363349051
0.00266904298654
0.00270778367815
0.00265898444688
0.00267029448323
0.00270713877265
0.00267054897728
0.0026967242464
0.00274846759952
0.00274319917374
0.00274050706817
0.00278166580673
0.00278357739526
0.00278121138956
0.00278306394084
0.00274079679954
0.00274559257765
0.0026938136272
0.00273954665608
0.00274060967955
0.00274323496954
0.0027371824174
0.00270012592442
0.00266137755036
0.00265884759701
0.0026529753129
0.00270251660528
0.00263034316594
0.00267927682316
0.00263038634812
0.00267768701661
0.00261802717969
0.00256974288549
0.00258079348245
0.00261764058734
0.00270213948752
0.00265332440106
0.00264643036474
0.00265933797658
0.00267163510216
0.00266876663185
0.00270475614779
0.00265811996683
0.00268157599251
0.00267944771615
0.00262929893216
0.00263650337786
0.00270183065513
0.00265352644512
0.00265926899186
0.00264659565868
0.00262657281966
0.00257756050326
0.00261799658216
0.00258375798282
0.00243247933049
0.0024538898501
0.00239817827245
0.00244663101059
0.00242807553973
0.00242804525549
0.0024432957086
0.00247289837019
0.00237873744387
0.00238752912885
0.00234266630364
0.00238222312371
0.00246119549917
0.0024823365349
0.00242886987625
0.00247233380041
0.00238616024391
0.00238745500019
0.00239739780269
0.00241706275111
0.00239851814348
0.00243578010355
0.00242102408019
0.00242071053523
0.00239518637069
0.00238369495928
0.00238770104325
0.00241834683281
0.00246578199567
0.00246097244658
0.00246571202211
0.00250151532962
0.00231163117167
0.00230607143289
0.00224475694049
0.00230205506387
0.00225376377444
0.00225593396565
0.00226084709283
0.00230167391867
0.002151717701
0.00213474090432
0.001960109201
0.00215571312098
0.00230060922961
0.0023021953036
0.00224247144519
0.00231272610307
0.00247154130265
0.00248121322877
0.00242778673225
0.00246108283094
0.00243618319458
0.00242560334563
0.00242823847365
0.0024688669054
0.00237486296599
0.00238018180674
0.00233797200838
0.00237652424268
0.00244570198037
0.00244886718014
0.0023928932325
0.00242904774273
0.00243070310016
0.0024490112149
0.00244419831061
0.00239437041073
0.00246839176564
0.00242021581371
0.00243596832255
0.00242404632758
0.00246051384385
0.00248098326609
0.0024701667943
0.00242650032114
0.00237686344865
0.00238553263431
0.00237943698154
0.00233992856297
0.00249883140961
0.00245665078515
0.00246221961423
0.00246229594654
0.00241581593006
0.00243172168018
0.00239358438523
0.00241704042394
0.00241404443256
0.00238105203991
0.00238444632746
0.00239130850317
0.00241428704871
0.00237934821781
0.00238994441977
0.00238417082708
0.00246982200952
0.00247985540699
0.00245954884737
0.00242559000964
0.00246751656903
0.00242322644538
0.00242594558696
0.00243433444465
0.00244250589554
0.00244610303775
0.00243025465535
0.00239327823052
0.00237570329076
0.00238120081597
0.00237680496325
0.00233773815816
0.00231092708553
0.00230413700126
0.00230038797311
0.00224147917331
0.00229819694107
0.0022474991203
0.0022530468248
0.00225068259299
0.00229886285251
0.00230103479041
0.00231267028742
0.00224215086201
0.00214926862127
0.00213058508486
0.00215414119486
0.0019568396862
0.00195247918758
0.00212352954981
0.00214719025003
0.00215063104452
0.00225596182386
0.00225637918943
0.00229683536021
0.00225488377338
0.00224081980371
0.00230016041771
0.00230990444729
0.00229775049798
0.00224170429252
0.00230091825281
0.00229918744135
0.00231102258456
0.00238656797489
0.00238749453524
0.00241678855115
0.00239615018591
0.00241694688633
0.00243005464364
0.00241536104882
0.00239460414812
0.00245934787856
0.00244937485565
0.00250177510986
0.00245925874016
0.00239720149235
0.00238793575789
0.0024152798915
0.0023860974459
0.00233844726493
0.00237925531773
0.00237676590667
0.00237526353744
0.00242689377375
0.0024232465545
0.00247474343279
0.00243844413754
0.00239412842552
0.00245794740192
0.00243363229816
0.00245375027999
0.00242956509108
0.0024923827017
0.00246828446477
0.0024795449351
0.00233847997797
0.00237922492754
0.00237510021489
0.00237663802561
0.00243857298044
0.00242310450929
0.00247428921266
0.00242677763703
0.00242983926659
0.00249256498861
0.00248021780124
0.00246811671813
0.0023940817252
0.00245792957653
0.00245384502359
0.0024337912704
0.00258352577864
0.00258001826021
0.002622717996
0.00262483970234
0.0026341258973
0.002680216293
0.00268477623553
0.00263567374208
0.00265029039648
0.00266240491486
0.00266776280517
0.00270648953878
0.00265820946835
0.00266943746529
0.00270649357445
0.0026699864738
0.00269603604111
0.00274773085723
0.00274260143482
0.00273976154038
0.00278105914001
0.00278293524779
0.00278065207122
0.00278234677775
0.00274029432953
0.0027451680958
0.00269345576724
0.00273909938713
0.00273980955172
0.00274263666744
0.00273657408819
0.00269942658755
0.00266075136114
0.00265836118255
0.00265251892603
0.00270200679304
0.00262999472499
0.00267890027976
0.00263007801251
0.00267728829544
0.00261776891009
0.00256958966586
0.00258067154142
0.00261741631026
0.00270174860528
0.00265300521799
0.00264615473526
0.00265909075542
0.00267129725574
0.00266850417656
0.00270452970405
0.00265795668082
0.00268140287181
0.00267935013543
0.00262921732558
0.0026363946534
0.00270170915394
0.00265342429347
0.00265922298243
0.00264654789274
0.00262654894517
0.00257754843389
0.00261799572743
0.00258376118237
0.00243028844737
0.00244879453084
0.00239413631953
0.00244491475115
0.00242414712946
0.00242187694441
0.0024377290553
0.00246900606257
0.00237691418167
0.00238590683344
0.00234057982466
0.00238019675453
0.00245977271881
0.00248059342059
0.00242770201765
0.00247157038847
0.00238476104951
0.00238197836058
0.00239279811094
0.00241552889167
0.00239584007321
0.0024327748572
0.0024184595743
0.00241766053749
0.00239277609755
0.00238171367886
0.00238593411755
0.00241602134246
0.00246431678025
0.0024595400896
0.00246435985846
0.00250026761819
0.00231206345584
0.00230517486991
0.00224251695123
0.00230213214596
0.00225307959309
0.00225202506418
0.00225762304768
0.00230122894284
0.0021526067533
0.00213726635871
0.00196123677543
0.00215618105458
0.00229950713271
0.002301224498
0.00224258978818
0.00231258562166
0.0024709953774
0.00248064595698
0.00242714006255
0.00246071960253
0.00243552827149
0.00242536495129
0.00242804568633
0.0024685336966
0.00237444762254
0.00237996323531
0.00233815551766
0.0023766712721
0.00244569625342
0.00244883315676
0.00239304628659
0.00242919695545
0.00243080791699
0.00244902343233
0.00244426227743
0.00239409759454
0.00246841771322
0.0024202514331
0.00243605832387
0.00242395770981
0.00246057079531
0.00248109229703
0.00247022582471
0.00242663749127
0.00237671259781
0.00238574743952
0.00237956180192
0.00234022594448
0.00249912028184
0.00245697276479
0.00246260202953
0.00246268603676
0.00241625056432
0.00243218679949
0.00239417283787
0.0024174528048
0.00241455072973
0.00238150303799
0.0023849129274
0.00239204754917
0.00241472214778
0.00237984712574
0.00239066544054
0.00238449072642
0.0024698136971
0.00247989031293
0.00245952725569
0.00242565949063
0.00246760134612
0.00242334634614
0.00242616782484
0.00243448718596
0.00244254720068
0.00244611996159
0.00243046608884
0.00239348055151
0.00237587401715
0.00238145908099
0.00237728287958
0.00233774781828
0.00231157497198
0.00230462526817
0.00230132486802
0.00224221472931
0.00230037686356
0.00224956213064
0.00225523243609
0.00225287556526
0.00229953508135
0.00230178177384
0.00231306477871
0.00224252848347
0.00215210164873
0.00213657600147
0.0021559918762
0.0019610393789
0.00195985320426
0.00213331995836
0.00215033999323
0.0021553544123
0.00225676751337
0.00225251741311
0.00230042621871
0.00225477532661
0.00224180029537
0.0023046921848
0.00231054091812
0.00230221672926
0.00224512951985
0.00230755924861
0.00230425548569
0.00231234724805
0.00238562285194
0.00238546533486
0.00241689191269
0.00239673699555
0.00241657802884
0.0024297266209
0.00241504777797
0.00239404862268
0.00246021926323
0.0024501738422
0.00250271563863
0.00246031154137
0.00239766384238
0.00238624695555
0.00241506104884
0.00238451021251
0.00233969978306
0.00238281414095
0.00237732804056
0.00237786341018
0.0024275262794
0.00242327220383
0.00247594719248
0.00244005898066
0.00239523739598
0.00246074423357
0.00243407214578
0.00245537021938
0.0024304809454
0.00249339341948
0.00246945495269
0.00248059933597
0.00234291152698
0.0023853853969
0.00237958397994
0.00237815185523
0.002441858399
0.00242462173382
0.00247703030112
0.00242856206645
0.00243140012387
0.00249415085503
0.00248155055719
0.00246949340965
0.0023977297251
0.00246252856887
0.00245550517485
0.00243269218511
0.00258426141637
0.00258284863275
0.00262500252915
0.00262559848728
0.00263601704577
0.00268188400641
0.00268652156738
0.00263749470589
0.00265193462165
0.00266377599496
0.00266916208587
0.00270789435928
0.00265883286248
0.00267031804767
0.00270716668177
0.00267051293972
0.00269711675181
0.00274888987554
0.00274369874454
0.0027409194796
0.00278215459387
0.00278407210599
0.00278176756734
0.00278348762834
0.00274133680055
0.00274626859384
0.00269435761122
0.00274024669003
0.00274103541808
0.00274360519377
0.00273778769409
0.0027005270275
0.0026617150867
0.00265920134636
0.00265337533995
0.00270294974739
0.00263070919979
0.0026797056317
0.0026307347273
0.00267807661253
0.0026185105698
0.00257011602283
0.00258134884258
0.00261806909908
0.00270259781202
0.0026537088117
0.00264684566068
0.00265980571433
0.00267191126089
0.00266948665822
0.00270524219096
0.00265870190775
0.00268318389038
0.00268080606717
0.00263104436612
0.00263810568188
0.00270301774595
0.00265463805276
0.00266030231391
0.00264790469335
0.00262751080011
0.00258056913069
0.00262003237699
0.00258449360368
0.0024329288363
0.00245360911495
0.00239769547644
0.00244663138321
0.00242785157024
0.00242786396372
0.00244308854423
0.00247271246005
0.00237802015708
0.00238747288958
0.00234306871782
0.00238216238208
0.00246124974954
0.00248235255744
0.00242892991305
0.00247244800861
0.0023857889439
0.00238743222965
0.00239723649425
0.00241692957569
0.00239859198211
0.00243587055621
0.00242111763172
0.00242076680108
0.00239535570579
0.00238377926223
0.0023881724376
0.00241858548471
0.00246578570455
0.00246100290847
0.00246573990975
0.00250155701369
0.00231162021123
0.00230584819495
0.00224481092985
0.0023021134014
0.00225327430403
0.00225603279646
0.00226120160816
0.00230141831202
0.0021521179367
0.00213390428966
0.00195940950046
0.00215446360182
0.00230036719451
0.00230278418842
0.00224245166736
0.00231268082651
0.00247160227611
0.00248131521308
0.00242782873269
0.00246116720094
0.0024364127144
0.00242578337177
0.00242866743576
0.0024691252303
0.00237499884579
0.00238046381152
0.00233807124373
0.00237700476561
0.00244587379913
0.00244912672761
0.00239341773657
0.00242925939923
0.00243494170259
0.00245196476827
0.00244585635169
0.00239498091014
0.0024701679063
0.00242452624507
0.00243960606145
0.0024259008407
0.00246133507019
0.00248172259106
0.00247058253427
0.00242704105334
0.00237643234334
0.00238392815377
0.0023791896239
0.00233892377874
0.00249917478582
0.00245732742144
0.00246270272176
0.00246270730608
0.00241759798612
0.00243328878485
0.00239521612892
0.00241863649611
0.00241574008053
0.00238232736112
0.00238620106429
0.00239270126937
0.00241471477317
0.00238401056005
0.00239364851172
0.00238452839544
0.00246994684479
0.00247996470828
0.00245964084732
0.00242581416665
0.00246765711312
0.00242330709721
0.0024261098962
0.00243464517975
0.00244255131804
0.00244626097669
0.00243057335665
0.0023931457002
0.00237603202561
0.00238164859329
0.00237694330322
0.00233789297747
0.0023091986285
0.00230104090538
0.00229915704744
0.00224040175765
0.00229640768904
0.00224968052885
0.00225481293676
0.00224885851582
0.00229827794767
0.00230094578144
0.0023127940798
0.00224140782874
0.0021467267599
0.00212417838297
0.00215189364132
0.00195242498129
0.00195500964961
0.00212688414966
0.00214799500947
0.00215315553895
0.00225397280628
0.00225016802403
0.00229815930025
0.00225276067126
0.0022411100943
0.0023037636719
0.00231003614222
0.00230145339195
0.00224453381138
0.00230693795418
0.00230357724262
0.00231232862023
0.00238502147314
0.00238487562097
0.00241629141868
0.00239587904292
0.00241606856585
0.002429182003
0.00241457003781
0.00239337494435
0.00245985985336
0.00244987415524
0.0025025029419
0.00245998564308
0.00239709880752
0.00238587555405
0.00241475137061
0.00238447699947
0.00233956616396
0.00238264240268
0.00237725183536
0.00237772349145
0.00242747499452
0.0024232292815
0.00247596120768
0.0024399517659
0.00239523219334
0.00246080251067
0.00243408472278
0.00245543939588
0.00243043169288
0.0024934216909
0.00246952395095
0.00248070576505
0.00234257370921
0.00238536207308
0.00237960200405
0.00237896143316
0.00244199626903
0.00242484908747
0.00247729185623
0.00242880945551
0.0024313682377
0.00249422695829
0.00248162779096
0.00246960403066
0.00239829125594
0.00246297912081
0.00245569701621
0.00243240711807
0.00258450982654
0.0025830989431
0.00262532524373
0.00262590710751
0.0026364065141
0.00268231077396
0.00268704734554
0.00263786984785
0.00265237853185
0.00266432711209
0.00266981142948
0.00270848683223
0.00265917295515
0.00267078287777
0.00270768387286
0.00267088501692
0.00269815657405
0.00274996955377
0.00274503927739
0.00274193657871
0.00278334945832
0.00278514482555
0.00278274722987
0.00278445281928
0.00274278257346
0.00274753092229
0.00269565860401
0.00274138594896
0.00274198464688
0.00274445027187
0.00273875581593
0.00270130633232
0.00266302519498
0.00266110214844
0.00265530253338
0.00270463836772
0.00263381351145
0.00268224762924
0.00263386439647
0.00268108263296
0.00262116358422
0.00257538839897
0.0025825523311
0.0026210787926
0.00270450111277
0.00265571698304
0.00264906892668
0.00266166234904
0.00267233149527
0.0026699990009
0.00270582964576
0.00265912927529
0.00268387634592
0.00268137992004
0.00263168518872
0.00263861407196
0.00270391622321
0.00265552694305
0.00266146832221
0.00264884284678
0.00262778469452
0.0025807147232
0.00262069009363
0.00258410898527
0.00243291706341
0.00245364369213
0.00239763857253
0.00244665230743
0.00242790935948
0.00242791383725
0.0024435115762
0.00247287132706
0.00237799877508
0.00238803461106
0.00234312584946
0.00238263531034
0.0024614132193
0.00248255742158
0.00242922472739
0.00247283573335
0.00238760238715
0.00238899309305
0.00239921865436
0.00241899214313
0.0023995904455
0.00243678497552
0.00242201693717
0.00242187900323
0.00239868995476
0.00238489404721
0.0023857497007
0.00241771211633
0.00246609667589
0.00246153834733
0.0024661381717
0.00250194402452
0.00231161365963
0.00230595317112
0.0022444512941
0.0023019888602
0.00225694913883
0.0022555588161
0.00225666466387
0.00230050327576
0.00215139373887
0.00213127173695
0.00195935563059
0.00215218957737
0.00230326307347
0.00230420761906
0.00224162743842
0.00231064762964
0.00247280144939
0.00248299098679
0.00242928447411
0.00246304692433
0.00244146227814
0.00242980789948
0.00243112738673
0.0024716609644
0.0023770119373
0.00238196311231
0.00233899423638
0.00237632979347
0.00244928211205
0.00245491266201
0.00239484110337
0.00243410177246
0.00243374980712
0.0024544296428
0.00244639793423
0.00239787686773
0.00247275060911
0.0024270299292
0.00244271932698
0.00242799579268
0.00246233496337
0.00248325831019
0.00247176691844
0.00242862935287
0.00237855975065
0.00238785693482
0.00238228452577
0.00234207570947
0.00250162273298
0.00246002765973
0.0024655027655
0.0024656193442
0.00242120248983
0.00243702109443
0.00239933928781
0.00242253205464
0.00241764775584
0.00238663034019
0.00238640163906
0.00239951096945
0.00241903818846
0.00238836830103
0.00239842754546
0.00238802918314
0.00247164375588
0.00248258947603
0.0024617785329
0.00242811720689
0.00247206280124
0.0024295576423
0.00243064805669
0.00244192233489
0.00244559751838
0.00245331376628
0.0024331263344
0.00239739132144
0.00238004073278
0.00238610813283
0.00237753228405
0.00234230957944
0.00231269110815
0.0023065277303
0.00230277881377
0.00224491977874
0.00230165620082
0.00225644151112
0.00225772772476
0.00225824460307
0.00230240679881
0.00230602577823
0.00231128138372
0.00224396873883
0.00215437448164
0.00213351065485
0.00215159684275
0.00196199781017
0.00195700248237
0.00212879853514
0.00214857011116
0.00215269065837
0.00225822498455
0.00225836458053
0.00229880391576
0.00225643275604
0.00224110287544
0.00230082762371
0.00231012577932
0.00229828213413
0.00224206880132
0.00230102860711
0.00229979025065
0.00231107337807
0.00238705914851
0.00238798438193
0.00241733280303
0.00239690640832
0.00241741769757
0.0024305372316
0.00241578942062
0.00239520692037
0.00245975197201
0.00244972173852
0.00250212706147
0.00245963064291
0.00239758346887
0.00238813046692
0.00241547519324
0.00238602117199
0.00233846750131
0.00237937856603
0.00237678382149
0.00237536694132
0.00242696875767
0.00242331621818
0.00247482350233
0.00243859511345
0.00239413340038
0.00245796378193
0.00243363986381
0.00245376550043
0.0024296921962
0.00249250727214
0.00246834513486
0.00247963000683
0.00233839129648
0.00237906753832
0.00237507279154
0.00237617505047
0.00243854290997
0.00242302111335
0.00247421753326
0.00242653377602
0.00242995967422
0.00249265746978
0.00248033518526
0.00246816074483
0.00239382568614
0.00245782235771
0.00245378556626
0.00243356672221
0.00258355092433
0.00258004286616
0.00262274354227
0.0026248740939
0.00263414638764
0.00268024779973
0.0026847988752
0.00263570171118
0.00265031073883
0.00266242028519
0.00266777165492
0.00270651013805
0.0026582693216
0.00266948185687
0.00270653707757
0.00267006062252
0.00269603531668
0.00274772932992
0.00274259195237
0.00273976880993
0.00278104754755
0.00278293212596
0.00278064478039
0.00278235313298
0.00274024773359
0.00274511070586
0.00269334900422
0.00273905534778
0.00273983166971
0.00274266101651
0.00273658773854
0.00269946989045
0.00266074236505
0.00265834898061
0.00265248939947
0.00270198679243
0.00262996525399
0.0026788585361
0.00263003204689
0.00267726134147
0.00261768709486
0.00256951659596
0.00258059949175
0.00261731201482
0.00270166855089
0.00265291602947
0.00264606035866
0.00265891292562
0.00267132822185
0.00266850746044
0.00270451563475
0.00265793134324
0.00268136416198
0.00267928796647
0.0026291490756
0.00263635646834
0.00270161776602
0.0026533223119
0.00265904040535
0.00264643752749
0.00262643841297
0.0025774265958
0.00261784915569
0.00258360993302
0.00243029004669
0.00244880041109
0.00239413948148
0.00244492014398
0.00242415206024
0.00242187954682
0.00243773067292
0.00246901258329
0.00237693699394
0.0023859234039
0.00234062002895
0.0023802136331
0.00245978003129
0.00248059416862
0.00242770303514
0.00247156660153
0.00238479422
0.00238198911973
0.00239278407987
0.00241553705913
0.0023958083208
0.00243274449346
0.00241842735877
0.00241765112163
0.00239263454117
0.00238155559767
0.00238551429087
0.00241585701419
0.00246430142493
0.00245952398649
0.00246432474537
0.00250025249724
0.00231214317939
0.00230520629546
0.00224262012504
0.0023021422879
0.00225311245156
0.00225190682937
0.00225711006631
0.00230109755071
0.00215272924553
0.0021369506123
0.00196088439836
0.00215544814339
0.00229929901448
0.00230073771326
0.00224201145026
0.00231203101687
0.00247097991961
0.00248060915659
0.00242710377209
0.0024606856245
0.00243540494542
0.00242524602996
0.0024278327813
0.0024684105607
0.00237427643377
0.00237958630402
0.00233772679717
0.00237635367951
0.00244559780279
0.0024487376874
0.00239289708901
0.00242906524061
0.0024306122889
0.00244891786208
0.00244407566031
0.00239394489079
0.00246817948034
0.00242001639264
0.00243569969075
0.0024237083442
0.00246038988764
0.00248077373858
0.00246998219677
0.00242631794189
0.00237643640998
0.00238526307695
0.00237920917308
0.00233992893336
0.00249836556068
0.00245623306462
0.00246174502204
0.00246182020859
0.00241539429669
0.00243124191922
0.00239300723441
0.00241658623297
0.00241366211398
0.00238063471047
0.00238440291138
0.0023906289356
0.00241378238745
0.00237893226883
0.00238922138668
0.00238377494384
0.00246956428574
0.00247958863293
0.00245935237056
0.00242536345241
0.00246734213455
0.00242309777939
0.00242588781645
0.00243414706785
0.00244237837645
0.00244605231654
0.00243027894049
0.00239328612895
0.00237558448176
0.00238112829509
0.00237686891611
0.0023379032812
0.00231079860178
0.00230330538789
0.00229982632047
0.00224098916582
0.00229609810318
0.0022455497423
0.00225101486296
0.0022486271852
0.00229804825878
0.00230062383094
0.0023126078347
0.00224148673312
0.00214797324021
0.00212512270389
0.00215178645334
0.00195256475231
0.00195500327982
0.00212673317835
0.00215205804181
0.00214894800768
0.00225716845705
0.00225421190149
0.00229834424942
0.00225340816486
0.00224231652197
0.00230141058686
0.00231163954493
0.00229945069436
0.00224337516177
0.00230628961431
0.00230238174409
0.00231091724529
0.00238701651744
0.00238806346156
0.00241728545097
0.00239655004009
0.00241694269952
0.00243014483051
0.00241545103933
0.00239459771342
0.00246003437786
0.00245003549895
0.00250260142285
0.00246017877485
0.00239770356805
0.00238599138611
0.00241508332128
0.00238473476509
0.00233883424859
0.00237945006357
0.00237665667457
0.0023754955571
0.00242697585589
0.00242355813883
0.00247507399412
0.00243875850802
0.00239403425085
0.00245818161441
0.00243388444049
0.00245409181257
0.00243003657512
0.00249290817842
0.00246876397533
0.00248019886633
0.00234227665071
0.00238526727626
0.00237946667609
0.00237871725587
0.00244188548295
0.00242458499006
0.00247712187694
0.00242864563987
0.00243113483414
0.0024940267033
0.00248127938627
0.00246930911288
0.00239797736053
0.00246276478053
0.00245538698849
0.00243210529328
0.00258380218686
0.00258042491502
0.00262310120761
0.0026252167766
0.00263469653656
0.00268076365077
0.00268552234607
0.00263624839539
0.00265075062072
0.00266308371751
0.00266835730204
0.0027071369068
0.00265871343105
0.00267016210059
0.00270718602787
0.00267065390539
0.00269735711415
0.00274915728703
0.00274437259238
0.00274115656465
0.00278271898787
0.0027845064974
0.00278220786347
0.00278374704008
0.00274222639343
0.00274707720287
0.00269524756399
0.00274091809766
0.00274124722098
0.0027439554207
0.00273820288464
0.0027007766513
0.00266219894453
0.0026604375854
0.00265465380177
0.00270399176333
0.00263333468284
0.0026817644115
0.00263352148872
0.00268060897812
0.00262068089718
0.00257509729957
0.00258223839741
0.00262072942737
0.00270400036263
0.00265537096972
0.00264870990347
0.00266129213943
0.00267226933819
0.00266984267344
0.00270574593387
0.00265911516151
0.00268367676019
0.0026812964979
0.00263151759128
0.00263845924244
0.00270382592045
0.00265535994524
0.00266140262204
0.0026487955221
0.00262778109255
0.00258061189777
0.0026206749706
0.00258411330791
0.00243040085945
0.0024490437359
0.00239460538666
0.00244520026848
0.00242444137656
0.00242216676941
0.00243812714655
0.00246928955931
0.00237726281435
0.00238645799624
0.00234128599382
0.00238075828043
0.00246011544857
0.00248077171793
0.00242803797419
0.0024720181864
0.0023862632502
0.0023832141985
0.00239329495541
0.00241670238193
0.00239566413358
0.00243276490646
0.00241844006082
0.00241792542326
0.00239492841782
0.00238158845336
0.00238283170391
0.00241435834497
0.00246392143392
0.00245940539957
0.00246395054362
0.00250002807811
0.00231344950693
0.00230537651199
0.00224321683988
0.00230211918729
0.0022528138697
0.00224747050092
0.00224923948492
0.00229641873504
0.0021531655764
0.00212453456235
0.00195225856383
0.00214578135825
0.00229984401651
0.00230090730343
0.00223940934779
0.00230833748861
0.00247189125452
0.00248197717673
0.00242812405249
0.00246229894505
0.00244022735792
0.0024290690659
0.00243041141346
0.00247085519895
0.00237598022999
0.00238098545786
0.00233834943648
0.00237590186202
0.00244888352364
0.00245454807184
0.00239458414348
0.00243388912134
0.00243343414784
0.00245420498764
0.0024460739899
0.00239757798187
0.00247254622078
0.00242674369421
0.00244257159527
0.00242780742983
0.00246203501376
0.00248304720618
0.00247151958789
0.00242835441657
0.00237824967737
0.00238778531292
0.00238209035897
0.00234171290996
0.00250157927667
0.00246000924917
0.00246551276513
0.00246558252221
0.0024212229782
0.00243705054263
0.00239939010212
0.0024225609036
0.00241742419611
0.00238688220029
0.00238627466301
0.00239918644609
0.00241931547612
0.00238817518477
0.00239889650103
0.00238821549682
0.00247171510187
0.00248266356404
0.00246191788183
0.00242830481681
0.00247215351862
0.00242975247802
0.00243076632302
0.00244202948595
0.0024457686541
0.00245341348779
0.00243328301656
0.0023976164818
0.00238023094865
0.00238620640407
0.00237776908785
0.00234261111348
0.00231143565798
0.00230615271635
0.00230193821238
0.00224403102458
0.0023020183596
0.00225678217424
0.00225735958977
0.00225946214714
0.00230348715819
0.00230676628251
0.00231259546066
0.00224519125751
0.00215129080622
0.00213458705882
0.00215546270049
0.0019628920765
0.00195671753389
0.00212888701786
0.00214880219468
0.00215255438893
0.00225818287738
0.00225842880001
0.00229881973182
0.00225640970961
0.00224099444375
0.00230064511748
0.00231021901613
0.00229829710875
0.00224188899085
0.00230098573855
0.00229980469629
0.0023110805351
0.00238699884569
0.0023879230532
0.00241726400258
0.00239683701051
0.00241742000107
0.00243055101342
0.00241581888381
0.00239522247
0.00245974628469
0.00244973135922
0.00250213469684
0.00245965196544
0.00239764164663
0.00238821493739
0.00241555423766
0.0023860788839
0.00233850782147
0.00237924460339
0.00237639208007
0.00237525793089
0.00242671617336
0.00242320105273
0.0024747148588
0.00243846817202
0.00239373986272
0.00245789675588
0.00243359429639
0.00245368988234
0.00242967043064
0.00249247764727
0.0024683297611
0.00247962231755
0.00233829933382
0.00237919323474
0.00237515314325
0.00237657122867
0.00243865232473
0.00242314791442
0.00247432846306
0.00242673409564
0.00242998738761
0.00249268895767
0.00248034803908
0.00246819326444
0.00239404033829
0.0024578934784
0.00245389275327
0.00243379917475
0.00258354749701
0.00258004999604
0.00262273413003
0.00262485542377
0.00263413250888
0.00268022937791
0.00268478510442
0.00263569148737
0.00265028224879
0.00266238151485
0.00266769482993
0.00270647608946
0.00265825696195
0.00266947678747
0.00270652331019
0.00267005382329
0.00269598042153
0.00274769216689
0.00274255991058
0.00273973815912
0.00278103319557
0.00278291766956
0.00278063556411
0.00278234055746
0.0027402375341
0.0027451024648
0.00269334258427
0.00273904821177
0.00273982009397
0.00274265393915
0.00273657952379
0.0026994629299
0.00266066972084
0.00265831588956
0.00265246330111
0.00270194888902
0.00262996937232
0.00267885663782
0.00263002985473
0.00267725099329
0.0026177448079
0.0025695624051
0.00258068508233
0.00261734070735
0.002701659192
0.00265290960633
0.00264605844645
0.0026589106019
0.00267134393592
0.0026685215571
0.00270452662534
0.00265796248792
0.00268137406361
0.00267932027238
0.00262918194048
0.00263638434793
0.00270162364657
0.00265332895371
0.0026590460289
0.00264646364384
0.00262653959584
0.00257753424196
0.00261795798948
0.00258376177634
0.00243013407194
0.00244879082285
0.00239435139934
0.0024448489428
0.00242422490437
0.00242185311594
0.00243764050809
0.00246896416537
0.00237700078094
0.00238586278083
0.00234086123283
0.00238014516071
0.00245968629769
0.00248044899882
0.00242755062968
0.00247143681069
0.00238481995991
0.00238164655506
0.00239218289442
0.00241521086119
0.00239527273349
0.00243230607486
0.00241804646012
0.00241724138402
0.00239205925129
0.00238129300052
0.00238528402537
0.00241553269813
0.00246390884236
0.00245919119607
0.00246396369643
0.0024999123461
0.00231206538192
0.00230501337354
0.00224220369158
0.00230142100007
0.00225119871237
0.00225002315304
0.00225530307556
0.00229912464228
0.00215030483312
0.00213138374615
0.00195693248746
0.00215414655307
0.0022988405728
0.00230039945004
0.00224197050399
0.00231186500189
0.00247090934321
0.00248053027298
0.00242703621873
0.00246066418243
0.00243542075124
0.00242532052918
0.00242804772005
0.00246847368484
0.00237433237461
0.00237967330764
0.00233770573659
0.00237677237006
0.00244568960098
0.00244880733099
0.00239332491183
0.00242915374909
0.00243080664278
0.0024490435305
0.00244419950206
0.00239412401724
0.00246830698413
0.00242014355432
0.00243582907464
0.00242392839045
0.00246043134933
0.00248081606318
0.00247000155825
0.00242636039333
0.00237672401612
0.00238560611314
0.00237936291309
0.00234027664218
0.00249838961784
0.00245625502807
0.00246176237287
0.00246186594527
0.00241541001021
0.00243128134292
0.00239304499823
0.00241663105697
0.00241367024196
0.00238062823163
0.0023843901585
0.00239064703255
0.0024139312211
0.00237907283276
0.00238933864411
0.00238411041216
0.00246957061593
0.00247959627381
0.00245935951166
0.00242536444136
0.00246735671467
0.00242309884136
0.00242586198495
0.00243413842331
0.00244240094527
0.00244608480803
0.00243047615335
0.00239310860112
0.00237554584831
0.00238115033356
0.00237684542982
0.00233775662145
0.00231121481276
0.0023036799709
0.00230001064966
0.00224139559301
0.0022962451266
0.00224564812549
0.00225108218536
0.00224897711458
0.00229805286924
0.00230062219384
0.00231254461815
0.00224139216308
0.00214854312101
0.002125566212
0.00215176035157
0.0019525523102
0.00195236799373
0.00212285873081
0.00214639208375
0.00215039623084
0.00225170839846
0.00225202758109
0.00229637619278
0.0022542204697
0.00224037242777
0.00230272690042
0.00230938831645
0.00230057988303
0.00224111970974
0.00230051665217
0.00229908502055
0.00231094256134
0.00238415293449
0.0023842379526
0.00241543442267
0.00239492375315
0.00241605052891
0.00242900339121
0.00241436406738
0.00239329625649
0.00245922753899
0.00244923889007
0.00250177226568
0.00245902329741
0.00239679741121
0.00238755203439
0.00241503577847
0.00238589500929
0.00233943438346
0.00238241555083
0.00237717582712
0.00237757717478
0.00242734361196
0.0024231083261
0.00247581374631
0.00243971150872
0.00239523080688
0.00246077995499
0.00243411010303
0.00245542350282
0.0024302410923
0.00249316906807
0.00246938516785
0.00248039397951
0.0023383769698
0.00237900166917
0.00237486260477
0.0023761735085
0.00243844467165
0.00242301946195
0.00247426862761
0.0024265444312
0.00242988249899
0.00249270255888
0.00248054301669
0.00246829066071
0.00239374419238
0.00245796611477
0.00245389529263
0.00243389096349
0.00258451444232
0.00258314152696
0.00262538162163
0.00262588366282
0.00263643685926
0.00268227365931
0.00268693412734
0.00263781907321
0.00265247767519
0.0026643317031
0.00266992207003
0.00270843570136
0.00265903241545
0.00267056936172
0.00270749188118
0.00267061778969
0.00269789350597
0.00274960944438
0.00274454046211
0.00274152895026
0.00278279970118
0.0027845654165
0.00278206980317
0.00278396483821
0.00274208317204
0.00274661447226
0.00269474360705
0.00274048481937
0.00274145457548
0.0027439387068
0.00273800596952
0.00270073859263
0.00266305822545
0.00266088619576
0.00265523579659
0.00270436971813
0.00263346720724
0.00268179333624
0.00263339684581
0.00268061124731
0.00262113561835
0.00257516476046
0.00258234870839
0.0026204368542
0.00270377469426
0.00265502644966
0.00264827455449
0.00266058395665
0.00267181392848
0.00266910918138
0.00270514137272
0.00265835127184
0.00268208074739
0.00267986031196
0.00262974106124
0.00263687734614
0.00270233602057
0.00265404570084
0.00265977832718
0.00264701000687
0.00262687251588
0.00257789135608
0.00261835743742
0.0025840686519
0.0024331799737
0.00245391908589
0.0023979585903
0.0024469887697
0.00242832765738
0.00242838233259
0.00244414282962
0.00247331520121
0.00237840317837
0.00238860557349
0.00234370918037
0.00238324937348
0.00246180995862
0.00248312661551
0.0024298567879
0.00247323641651
0.00238891783099
0.00239069386489
0.00240100127603
0.00242040382994
0.00240150999112
0.00243850020738
0.00242368416304
0.00242351116615
0.00240109182281
0.00238668663271
0.00238696538545
0.00241952721352
0.00246757167898
0.00246277703517
0.00246764452885
0.00250316119813
0.00231398635103
0.00230858597682
0.00224699678342
0.00230478446743
0.00226147349253
0.00226030026527
0.0022616114731
0.00230517019553
0.00215878255775
0.0021416447686
0.00196706929288
0.00215371616473
0.00230461256358
0.00230793719228
0.00224449581516
0.00231130703195
0.00247307011368
0.00248365304602
0.00242990710871
0.00246320427569
0.00244345827239
0.00243146423547
0.00243252772797
0.00247337100856
0.00237917143708
0.00238511277424
0.00234239186618
0.00237735826105
0.00244906481046
0.00245650205078
0.00239722139383
0.00243238460943
0.00243102944119
0.00244929994307
0.00244456516914
0.00239466908205
0.00246873218726
0.00242055627308
0.0024364832576
0.00242429539815
0.00246094061783
0.00248129310763
0.00247066867597
0.00242698994577
0.00237716934539
0.00238616277858
0.00238010397555
0.00234040771577
0.00249888240062
0.00245694970634
0.00246220176268
0.00246242050278
0.00241639989966
0.00243236877096
0.00239423108844
0.00241791070764
0.00241318181547
0.00238229608277
0.00238309206108
0.00239438956239
0.00241581615778
0.00238098993745
0.00239115299484
0.00238565275645
0.00247071028664
0.00248122514396
0.00246106732093
0.00242666075886
0.00246983250202
0.00242738415878
0.00242882114521
0.00243914825376
0.00244545010426
0.00245138515712
0.00243459192827
0.00239484699198
0.00237712415023
0.00238235998274
0.00237638300482
0.00233867153071
0.00231231917658
0.00230452557048
0.00230107454494
0.00224246036407
0.00229549530561
0.00224577621805
0.00224798688421
0.0022522078336
0.00229936440765
0.00230108403452
0.00230913752728
0.00223995477239
0.00215160380699
0.00212332309299
0.00214621634215
0.00195243359355
0.00195793245593
0.00213070558339
0.00215064576944
0.00215411258185
0.00225611018076
0.0022522278388
0.00230034148027
0.00225473925272
0.00224410774849
0.00230708233015
0.00231153761376
0.00230275665916
0.00224492619545
0.00230801803941
0.00230441132049
0.00231272174718
0.00238566662722
0.00238614941584
0.00241726133812
0.0023970454292
0.00241713346648
0.00243023225437
0.00241546253788
0.00239447805665
0.00246090847147
0.00245063978247
0.00250331513568
0.00246086110529
0.00239824169236
0.00238672062315
0.00241563078595
0.00238522819809
0.00234213334571
0.00238555029027
0.00237904865232
0.00237978692774
0.00242900683861
0.00242511589594
0.0024779940248
0.00244205172769
0.0023979091174
0.00246304943484
0.00243261185942
0.00245566591144
0.00243108209731
0.00249413494044
0.00246989153737
0.00248106782213
0.00234316837514
0.00238556789688
0.00237968660702
0.00237824204648
0.00244206276847
0.00242472402686
0.0024772325578
0.00242874444546
0.00243154235672
0.00249439847687
0.00248176079398
0.0024696585498
0.00239780884258
0.00246270812699
0.00245561724142
0.00243282657717
0.00258391750319
0.00258296141393
0.00262524683601
0.00262613840011
0.00263649129713
0.00268241785712
0.00268714972434
0.0026380246299
0.00265248954573
0.00266440135432
0.00266993495064
0.00270858608723
0.00265950390071
0.00267099839476
0.00270788643425
0.00267121603988
0.0026982159953
0.00275000576232
0.00274504241075
0.00274197371437
0.00278334384336
0.00278515069921
0.00278274096033
0.00278448430963
0.00274270959314
0.00274742171799
0.00269548058042
0.00274131311991
0.00274204069395
0.00274452987238
0.00273877983727
0.00270142063672
0.00266320412694
0.0026612039332
0.00265551042271
0.00270472783165
0.00263383639246
0.00268218207052
0.00263381509206
0.00268108624846
0.00262128776732
0.00257514948155
0.0025818111048
0.00262088574038
0.00270438525146
0.0026555820497
0.00264893165478
0.00266138843921
0.00267248586506
0.00267006358611
0.00270587527209
0.00265922362045
0.00268381490001
0.00268137696991
0.00263159878375
0.00263861736918
0.0027037228933
0.00265532601571
0.00266110720822
0.00264851787539
0.00262797698315
0.00258099861794
0.00262053576317
0.00258492907549
0.00243253466952
0.00245397521887
0.00239817065551
0.00244672271349
0.00242821710214
0.00242820056798
0.00244389495714
0.00247317042119
0.00237888178277
0.00238826701477
0.00234294179604
0.00238288787439
0.00246149188687
0.00248275358908
0.00242936841631
0.002472926738
0.00238851717905
0.00238958933061
0.00239990862471
0.00241968148779
0.00240010450792
0.00243733506237
0.00242263970596
0.00242242973237
0.00239913153285
0.00238574449014
0.00238589554442
0.00241820052504
0.00246668585463
0.00246203668471
0.00246684895192
0.00250248560617
0.00231232714193
0.00230650654107
0.00224467296357
0.00230243258743
0.00225750309925
0.00225568244304
0.00225642091935
0.00230079239201
0.00215112466479
0.00212980309976
0.00195815828007
0.00215282252206
0.00230389979665
0.00230671387699
0.00224399393271
0.00231171691529
0.00247306145531
0.0024836375904
0.00242983189201
0.00246337108272
0.00244341439983
0.00243165757332
0.00243259441942
0.00247356575283
0.00237894118184
0.00238467987664
0.00234142824789
0.00237799390182
0.00244943179754
0.00245701857466
0.00239741695138
0.00243256471704
0.00243525145646
0.00245229406578
0.0024462348078
0.0023952533461
0.00247069701051
0.0024249705432
0.00244047043271
0.00242630106129
0.00246187427729
0.00248238170279
0.00247131342158
0.00242783732408
0.00237673248108
0.00238483594719
0.00238009556354
0.00233939651621
0.00250038331189
0.00245878435388
0.00246415509839
0.00246410258331
0.00241974327525
0.00243543764173
0.0023975306813
0.00242092353046
0.00241637082174
0.00238536785844
0.00238553373201
0.0023977686026
0.00241744224758
0.00238659047828
0.00239636931874
0.00238694140739
0.00247129699767
0.00248221273487
0.00246158284147
0.00242771406764
0.00247201058425
0.00242952264866
0.0024306259329
0.00244169581708
0.00244551990156
0.00245349650395
0.00243261611023
0.0023977966193
0.00237974862204
0.00238576603868
0.00237808980518
0.00234165573808
0.00231085581163
0.00230255382709
0.00230079270607
0.00224182170706
0.00229747493445
0.00225209988609
0.00225386787742
0.00225384321474
0.00230064163191
0.00230442652143
0.00231030191701
0.0022426867443
0.0021504959847
0.0021246223702
0.0021478003155
0.00195540798741
0.00195983194953
0.00213303904193
0.0021509475467
0.00215445724073
0.00225657240946
0.00225236439935
0.00230027577796
0.00225477842267
0.00224387273952
0.00230688213881
0.00231125638795
0.00230244342538
0.00224258594899
0.00230488640404
0.002303860307
0.00231164812729
0.00238537449407
0.00238582003161
0.00241690968417
0.00239670920324
0.00241668837898
0.00242970668431
0.00241483555922
0.00239402190237
0.00246041335336
0.00245021158615
0.00250284473455
0.00246020438929
0.00239757408921
0.00238568277062
0.00241493827749
0.00238467194052
0.00234205855859
0.00238545493782
0.00237899882309
0.00237969000494
0.00242894103808
0.00242505203824
0.0024779285814
0.00244193529154
0.00239787160511
0.00246302466206
0.00243256709639
0.00245564421376
0.00243097984353
0.00249401981683
0.00246984980436
0.00248099700973
0.0023395665485
0.00238262130569
0.00237767284007
0.00237714635953
0.00244022950602
0.00242308513262
0.00247542439266
0.00242735116273
0.00243105532994
0.00249386423975
0.00248154882284
0.00246943534301
0.00239516672383
0.00246074672123
0.00245559755711
0.00243425159848
0.0025838970068
0.00258294212615
0.00262526209166
0.00262612678406
0.00263650410201
0.00268242496367
0.00268715636702
0.00263801721854
0.00265254593066
0.00266445046069
0.00267003884932
0.00270863471189
0.00265947243345
0.00267098153081
0.00270787642384
0.00267114869484
0.00269830672484
0.00275006478195
0.00274510871247
0.00274203081866
0.00278338269116
0.00278519633684
0.0027827709361
0.00278451079182
0.0027427931026
0.00274750661955
0.00269562250693
0.00274138408187
0.00274205302363
0.00274450070158
0.00273878106371
0.00270138386074
0.00266331126057
0.00266128739606
0.002655564788
0.0027047828894
0.00263391196666
0.00268226403816
0.00263390003026
0.00268113246571
0.00262147863116
0.00257552212207
0.00258258795864
0.00262083661983
0.0027043828647
0.00265565438266
0.00264885260781
0.00266145560352
0.00267228203897
0.00266994149287
0.00270577365961
0.00265897680961
0.00268380723627
0.00268134035449
0.00263158049475
0.00263851314414
0.0027038871849
0.00265545193502
0.00266140607955
0.00264876305394
0.00262764741392
0.00258082826347
0.00262078327444
0.00258470148782
0.00243245826109
0.00245396256942
0.00239813100401
0.00244669564181
0.0024282710702
0.00242823235548
0.00244406325086
0.00247323979905
0.00237879703662
0.00238842633811
0.00234289643302
0.00238300860766
0.00246152995599
0.00248288255227
0.00242950157366
0.00247301847127
0.00238902897736
0.00239010623161
0.00240085544019
0.00242033243423
0.00240086513374
0.00243795063424
0.00242322582408
0.00242301035713
0.00239990199279
0.00238641871277
0.00238634485454
0.00241874172445
0.00246717508889
0.0024624743608
0.00246733924281
0.00250290824747
0.00231237497375
0.00230736370095
0.00224523812183
0.00230309068647
0.0022604812045
0.00225826899357
0.0022586844035
0.00230321578659
0.00215279849253
0.00213640804109
0.00196309091381
0.00215581453845
0.00230489319577
0.00230778072193
0.00224531149618
0.00231230822262
0.00247324155168
0.00248379531119
0.00243005600622
0.00246347567801
0.0024434968156
0.00243168720482
0.00243267240692
0.00247357398875
0.00237929580269
0.00238513872888
0.00234264917456
0.00237758639806
0.00244941069964
0.00245676336603
0.0023975092047
0.00243265660565
0.00243348600867
0.00245393715959
0.00244604231869
0.00239761754293
0.00247240336174
0.00242667241317
0.0024423613412
0.00242777010039
0.00246206141108
0.00248296366412
0.00247156667248
0.00242835011441
0.00237772280003
0.00238795144278
0.00238218363085
0.00234274215036
0.00250118244384
0.0024596200565
0.0024649211071
0.00246512240376
0.00242068326414
0.00243660988313
0.00239896566983
0.00242212855256
0.00241701683855
0.00238602529731
0.00238623174063
0.00239880347793
0.00241883882258
0.00238785911538
0.0023983771362
0.00238771760969
0.00247157882272
0.00248217160259
0.00246173028406
0.00242782141934
0.00247047813544
0.00242803645291
0.00242938146801
0.00244028644757
0.00244586572385
0.00245166095203
0.00243485195442
0.00239508447443
0.00237826559674
0.00238340611834
0.00237677295149
0.00233923009821
0.00231117879571
0.00230597274845
0.0023017410075
0.00224437044157
0.0023017845729
0.00225676924127
0.00225781974919
0.00225900048034
0.00230280112504
0.00230389575636
0.00231166407886
0.0022425084201
0.00215194335982
0.00213599709477
0.00215482697047
0.00196386088138
0.00195563274641
0.00212752716011
0.00215264187845
0.00214882589587
0.00225748421688
0.00225441143603
0.0022985298276
0.00225368328937
0.00224253566562
0.00230153190942
0.00231179481072
0.00229955619974
0.00224344670097
0.00230632081445
0.0023023271318
0.00231062486444
0.0023870698946
0.00238811195839
0.00241731199213
0.00239658892437
0.00241695904718
0.00243015350663
0.0024154483296
0.00239462070178
0.00246004899069
0.00245003990499
0.00250260524339
0.00246018057617
0.00239773396665
0.00238595602057
0.00241507979538
0.00238470588168
0.002338898898
0.00237947368421
0.0023766887147
0.00237552136166
0.00242699053402
0.00242357326693
0.00247509019028
0.00243876798528
0.00239404888912
0.0024581974863
0.0024338976255
0.00245410470505
0.00243004610865
0.00249291987055
0.00246878124016
0.00248020052414
0.00234215952488
0.00238524783436
0.00237942416231
0.00237860371547
0.00244187608351
0.00242455519211
0.0024771004062
0.00242863120157
0.00243111822421
0.00249400610101
0.0024812645603
0.00246927849097
0.00239794392345
0.00246273895481
0.00245535359689
0.00243206057974
0.00258383928703
0.00258045656211
0.00262315562729
0.00262525107598
0.00263474362013
0.00268081118525
0.00268556109953
0.00263628019021
0.00265086555285
0.00266317750098
0.00266855267143
0.00270723630819
0.00265875125153
0.00267019015648
0.00270722804241
0.00267066833146
0.0026974872632
0.00274924749397
0.00274443080019
0.00274121750542
0.00278274377527
0.00278452274811
0.00278220728855
0.00278377537803
0.0027422324635
0.00274705852579
0.00269520135824
0.00274090281878
0.00274126952963
0.00274395509389
0.00273819750356
0.00270077571416
0.00266251608229
0.00266063915703
0.00265498294845
0.00270419829637
0.00263340673497
0.00268178518743
0.00263349267445
0.00268065991472
0.00262089665348
0.00257488042986
0.00258157441153
0.00262060141968
0.00270403202392
0.00265530684505
0.00264870457634
0.00266125223386
0.0026722410117
0.00266981604481
0.00270570437582
0.00265907423994
0.00268367777032
0.00268127145257
0.00263154539555
0.00263845785464
0.00270375453306
0.00265535305551
0.00266128593225
0.00264873991899
0.002627740621
0.00258062299853
0.00262065969889
0.00258407569646
0.00243040443697
0.00244907683803
0.00239460873213
0.00244522139371
0.002424559588
0.00242226844861
0.00243840117375
0.00246943103982
0.00237729442633
0.0023866863159
0.00234135020569
0.00238095647448
0.00246021246235
0.00248103315472
0.00242827571228
0.00247219726468
0.00238701020263
0.00238402838654
0.00239443970577
0.00241760382092
0.00239676264079
0.00243377608459
0.00241950824873
0.00241887968389
0.00239613313983
0.00238291146855
0.00238346526613
0.00241538371209
0.00246484714552
0.00246021715436
0.00246502356607
0.00250087389659
0.00231389231154
0.00230626178226
0.00224376673992
0.00230300634521
0.00225492492522
0.0022496539618
0.00225136890649
0.00229860558889
0.00215443225055
0.00212832080216
0.00195515089675
0.00214796741125
0.00230110372917
0.00230414383917
0.00224219987039
0.00230971682512
0.00247224370643
0.00248275210775
0.00242880258496
0.00246269144088
0.00244233727889
0.00243099743877
0.00243196514967
0.0024728531632
0.00237802726339
0.00238383539905
0.00234086633334
0.00237761320796
0.00244905609238
0.00245669047515
0.00239718288339
0.00243236005248
0.0024336085254
0.00245435486086
0.00244630423988
0.00239779264398
0.00247265009996
0.00242692611589
0.00244254118509
0.0024279143777
0.00246220269214
0.00248307249461
0.00247157592782
0.00242843598457
0.00237843346926
0.002387689262
0.00238210727056
0.00234191656802
0.00250119360123
0.00245960899102
0.00246507289353
0.002465161182
0.00242071771485
0.00243648802396
0.00239868553083
0.00242199761998
0.00241732505929
0.00238627899747
0.00238640759887
0.00239896009821
0.00241843389951
0.00238782861197
0.00239761271313
0.00238750518123
0.00247141092484
0.00248239148893
0.00246162536761
0.00242792994215
0.00247208184209
0.00242964567157
0.00243074226136
0.0024419389418
0.00244550078786
0.00245347880678
0.00243263754467
0.00239783164612
0.00237999545736
0.00238601203185
0.00237826753983
0.00234189902831
0.00231225268806
0.00230584279653
0.00230210586662
0.00224465695276
0.00229967190812
0.00225427262344
0.00225595397048
0.00225591394454
0.00230171623031
0.00230544178467
0.00231117668894
0.00224327336924
0.00215279026948
0.00212816795986
0.00214937604725
0.00195820120333
0.0019639465435
0.00213847108414
0.00215336998821
0.0021560635459
0.00225843245015
0.00225458490744
0.00230242217782
0.00225721881765
0.00224501408966
0.00230780965689
0.00231169299745
0.00230330424504
0.00224298640828
0.00230567828817
0.00230455619908
0.00231196427956
0.00238580830494
0.00238644286515
0.00241741245142
0.00239740899378
0.00241726062601
0.00243032825388
0.00241540228374
0.00239476294722
0.00246087935202
0.00245062454184
0.00250324439849
0.0024606814398
0.00239844998259
0.00238625958965
0.00241556118583
0.00238524847631
0.00234323670552
0.00238587848641
0.00237855056818
0.00238002592727
0.00242898320652
0.00242505430541
0.00247792264502
0.00244201193166
0.00239792393469
0.0024627417196
0.00243259216821
0.00245559369841
0.00243118872746
0.00249416613075
0.00246993707795
0.00248115753182
0.00233963395253
0.00238277685184
0.00237780815127
0.00237718031149
0.00244040637081
0.00242317161166
0.00247552201364
0.00242744194639
0.00243121075905
0.00249400379631
0.00248165449983
0.00246951076133
0.00239518536663
0.00246077651873
0.00245562350779
0.00243426013167
0.00258459627432
0.00258321910299
0.00262504357555
0.00262627570241
0.0026363681341
0.00268235050812
0.00268708456324
0.00263799137807
0.00265220495208
0.00266427608938
0.00266973788556
0.00270844288936
0.00265946764806
0.00267099359369
0.00270785343111
0.00267119571251
0.00269816966831
0.00274997077055
0.00274503904954
0.00274195818974
0.00278334240825
0.00278516070852
0.00278275144435
0.00278447154826
0.00274275063821
0.00274746822164
0.00269555883837
0.00274134858318
0.00274204119573
0.00274451099249
0.00273879135936
0.00270142256737
0.00266312950109
0.00266120295878
0.00265550502013
0.00270470362738
0.00263390050568
0.00268225631846
0.00263389936028
0.00268110659947
0.00262151896784
0.00257558387686
0.00258273725098
0.00262088642504
0.00270434317681
0.00265561434421
0.00264884211261
0.00266137736251
0.00267236331409
0.00266998402093
0.00270580506501
0.00265903615314
0.00268381131298
0.0026813548567
0.00263157772555
0.00263853479034
0.00270385852861
0.00265541584738
0.002661334711
0.00264872433607
0.00262766954763
0.00258083810495
0.00262078302439
0.00258471298255
0.0024344240612
0.00245179617129
0.00239504466827
0.00244667557456
0.00242644386594
0.00242615809061
0.00244189213938
0.00247116450438
0.00237696822297
0.00238530508787
0.00233975580663
0.00238078802031
0.00246117516429
0.0024821648307
0.00242886956631
0.00247270735419
0.0023878722828
0.00238859494608
0.00239921955348
0.00241899818776
0.00239962099913
0.00243679828374
0.00242223206177
0.00242179261001
0.00239892025312
0.00238568997607
0.00238597476388
0.00241800271451
0.00246600958419
0.00246158444582
0.00246636900764
0.0025019882813
0.00231097818941
0.00230336001279
0.00224194301841
0.00230167776098
0.0022571126875
0.00225564199062
0.00225660156913
0.00230058453033
0.0021505670834
0.00213112185206
0.00195931765509
0.00215324495171
0.0023037648884
0.00230703820143
0.00224424816776
0.0023118838789
0.00247298697203
0.00248349519042
0.00242976296874
0.00246333118671
0.00244324581693
0.00243155175059
0.00243258369246
0.00247342646142
0.00237910176997
0.00238498446759
0.00234275107808
0.00237756736345
0.00244937657329
0.00245679085118
0.00239753349158
0.00243273427783
0.00243347783675
0.00245391950859
0.00244602487414
0.00239760274588
0.00247232676713
0.00242660664621
0.00244220812261
0.00242769935875
0.00246200365974
0.00248284081238
0.00247147588378
0.00242821709538
0.00237767559603
0.00238779395032
0.0023820385704
0.00234265969131
0.00250082466798
0.00245924330726
0.00246451845057
0.00246469783181
0.00242021931326
0.002436093319
0.00239832688715
0.0024216202294
0.00241672264991
0.00238575231495
0.00238624485302
0.0023983074819
0.00241826442435
0.00238735923538
0.0023975763908
0.00238721793285
0.00247145061584
0.00248203846194
0.00246165675429
0.00242767549352
0.00247044924873
0.00242800628833
0.0024294235366
0.00244020938703
0.00244586191436
0.00245175155968
0.00243495388988
0.00239517270743
0.00237818641106
0.00238339774545
0.00237681580971
0.00233935447036
0.00231083820848
0.0023051988359
0.00230108775136
0.00224390910228
0.00229979746594
0.00225459980302
0.00225609586856
0.00225654786508
0.00230218139841
0.00230375794505
0.0023115156094
0.0022421801514
0.00215031193012
0.00213055599814
0.00215276471486
0.00195976831582
0.00195494576079
0.00212649185259
0.00215185034449
0.00214888823748
0.00225336893629
0.00225004658371
0.00229799368221
0.00225307476721
0.00224241278025
0.00230437205938
0.00231132512913
0.00230242716482
0.00224308350379
0.00230616948302
0.00230239212341
0.00231087342002
0.00238476739493
0.00238495654829
0.00241603820538
0.00239547576921
0.0024160810404
0.00242914189609
0.00241448256577
0.00239334422031
0.00245988784039
0.002449849256
0.00250247194618
0.00245990964765
0.00239743554352
0.00238572236817
0.00241493942424
0.00238466517097
0.00233990842941
0.00238278531482
0.0023775181072
0.0023779482772
0.00242765519292
0.00242349369578
0.00247615042506
0.00244010567823
0.00239550150536
0.00246099377922
0.00243431118832
0.00245571203468
0.00243065922361
0.00249358285788
0.00246975143998
0.00248087282478
0.00234219476019
0.00238519921944
0.00237934498672
0.00237865854607
0.00244182345727
0.0024245561946
0.00247708314092
0.00242860523383
0.00243112167686
0.00249404322413
0.0024814311347
0.00246935220075
0.00239796900796
0.00246274874807
0.0024553807991
0.00243209530121
0.0025845231076
0.00258315829319
0.00262536068695
0.00262594673465
0.00263647021232
0.00268235455763
0.00268709461648
0.00263794554329
0.00265247186203
0.00266440768771
0.0026699902016
0.00270855834499
0.00265919244435
0.0026708208419
0.00270768913258
0.00267087618528
0.00269827026786
0.0027500304572
0.00274506379498
0.00274197378292
0.00278333515566
0.00278513317592
0.00278272343065
0.00278445525968
0.00274271255649
0.00274742783194
0.00269548429796
0.00274130446072
0.00274198202545
0.00274443700139
0.00273872139287
0.0027012986018
0.00266330203454
0.00266127003643
0.00265559076473
0.00270477074277
0.00263392334679
0.00268226837777
0.00263389000351
0.00268111046755
0.00262154903404
0.00257559353339
0.00258274764969
0.00262088560852
0.00270431479163
0.00265557708189
0.00264880253206
0.00266128993193
0.00267234197838
0.00266994657292
0.00270581463286
0.00265910642314
0.00268376920781
0.00268129492868
0.00263152077792
0.00263848735197
0.00270381094167
0.00265534516251
0.00266123023509
0.00264868309269
0.0026277266798
0.00258057383523
0.00262059698954
0.00258406200704
0.00243297126927
0.0024537011931
0.00239768567812
0.00244671429176
0.00242804926797
0.00242804513343
0.00244381630667
0.00247303129314
0.00237809334822
0.00238832458315
0.00234329306673
0.00238290598051
0.00246153606834
0.00248284888104
0.00242950494217
0.00247304695382
0.00238848320616
0.00238991282921
0.00240047310154
0.00241999627146
0.00240078827087
0.00243789681211
0.00242318182804
0.00242291870055
0.00240008918359
0.00238650174742
0.00238673181946
0.00241892059697
0.00246709359671
0.00246241613461
0.00246727842101
0.00250284503567
0.00231229809378
0.00230703644011
0.00224523507157
0.00230305304563
0.00225925093795
0.00225783667641
0.00225875881735
0.00230284852081
0.00215302349698
0.00213509039216
0.00196201861375
0.00215452894824
0.00230470799532
0.00230797908395
0.00224479257566
0.00231235524654
0.00247318127274
0.00248375560141
0.00242999773205
0.002463438709
0.0024435258996
0.00243168214547
0.00243273364163
0.00247358706111
0.00237928732579
0.00238519958235
0.00234282470232
0.00237761562453
0.00244940196961
0.00245682748918
0.00239754506661
0.00243273687529
0.00243341646183
0.00245414184944
0.00244602817864
0.00239754615573
0.00247232495171
0.00242657245635
0.00244212853782
0.00242761056179
0.00246190427935
0.00248267560935
0.00247130069312
0.0024279878328
0.00237812761127
0.00238735437985
0.00238169853161
0.0023414736236
0.00250041752672
0.00245880798637
0.0024640331302
0.00246421912052
0.00241963347465
0.00243547398181
0.0023975732416
0.00242104407749
0.00241606785079
0.0023851787224
0.00238566398632
0.00239738753136
0.00241775180874
0.00238676429721
0.00239684251832
0.00238683617952
0.00247133515623
0.00248189963534
0.00246158716458
0.00242752166996
0.00247036031382
0.00242791923459
0.00242932416787
0.00244003574015
0.00244583892058
0.0024517234037
0.00243493979266
0.00239514800875
0.00237803006763
0.00238322014974
0.00237675596978
0.00233924826535
0.00231040304812
0.00230425788116
0.00230019973542
0.00224274620501
0.00229759610795
0.00225219840349
0.00225343894865
0.00225455072903
0.00230143959941
0.00230290255429
0.00231112965995
0.00224167149782
0.00214781775607
0.00212484468917
0.00215094580947
0.0019555314594
