0.155551636832
0.141711339552
0.206920820278
0.188254043259
0.15541415776
0.141562272649
0.20679526661
0.188617016026
0.155469702496
0.141580911005
0.206793112183
0.188311975921
0.155335652097
0.141815544458
0.206764003659
0.188251339364
0.155541849406
0.141720313034
0.15561845645
0.141643705988
0.206837275872
0.18817806741
0.155489717252
0.141661479304
0.206594289632
0.188510798472
0.155362017772
0.14168859573
0.206943138048
0.188469144589
0.155468878032
0.141507551704
0.206677857924
0.188497005646
0.155609532685
0.141653443689
0.0988847458673
0.0988895012021
0.0988847458673
0.0991240463914
0.0991249285498
0.0991240463914
0.164887064907
0.194508203615
0.151231657964
0.165780966748
0.193921488677
0.151804388123
0.165479556724
0.152300617631
0.193105752155
0.165833207838
0.165148134903
0.150251191701
0.150251191701
0.118893885837
0.112409618012
0.163844799033
0.148182570062
0.117795938131
0.116356018377
0.113415499265
0.164960012165
0.114213297731
0.115091780825
0.1503668943
0.115564756901
0.118055088749
0.112615932395
0.164591343926
0.118936050588
0.115156620307
0.114918355785
0.117151328363
0.155466559867
0.154734861117
0.156662385663
0.160237614924
0.113042672988
0.118150147885
0.164971260936
0.155808205544
0.145847132035
0.117681753737
0.114237607908
0.126552612842
0.209742783576
0.173102219156
0.118207931652
0.112565115937
0.118588549795
0.112790231627
0.117392682041
0.114558505403
0.114320681335
0.15308602689
0.203654941242
0.153786161228
0.115059137004
0.156667563142
0.15260779426
0.154485408272
0.202566459668
0.152586742967
0.114719198049
0.159281671825
0.152811941491
0.154208165757
0.202391202758
0.150497743508
0.114797623499
0.160929837163
0.153892799166
0.152328189975
0.154414241672
0.203321280244
0.152641955396
0.153392799327
0.153654731294
0.153654731294
0.115680995846
0.15389559058
0.15389559058
0.11572206704
0.11572206704
0.115556697772
0.115556697772
0.154052707863
0.154052707863
0.115704893587
0.115704893587
0.115613756967
0.115613756967
0.154031581177
0.154031581177
0.115756903898
0.115756903898
0.115660330278
0.115660330278
0.115686223899
0.115686223899
0.153903450254
0.153903450254
0.115680995846
0.115680995846
0.115680995846
0.153654731294
0.15308602689
0.203654941242
0.153786161228
0.115059137004
0.156667563142
0.15260779426
0.154485408272
0.202566459668
0.152586742967
0.114719198049
0.159281671825
0.152811941491
0.154208165757
0.202391202758
0.150497743508
0.114797623499
0.160929837163
0.153892799166
0.152328189975
0.154414241672
0.203321280244
0.153654731294
0.114320681335
0.117151328363
0.155466559867
0.154734861117
0.156662385663
0.160237614924
0.113042672988
0.118150147885
0.164971260936
0.155808205544
0.145847132035
0.117681753737
0.114237607908
0.126552612842
0.209742783576
0.173102219156
0.118207931652
0.112565115937
0.118588549795
0.114918355785
0.118893885837
0.112409618012
0.163844799033
0.148182570062
0.117795938131
0.116356018377
0.113415499265
0.164960012165
0.114213297731
0.115091780825
0.1503668943
0.115564756901
0.118055088749
0.112615932395
0.150251191701
0.164887064907
0.194508203615
0.151231657964
0.165780966748
0.193921488677
0.151804388123
0.165479556724
0.152300617631
0.0988502383609
0.0988548406706
0.0988502383609
0.166090165657
0.178895220982
0.225413413698
0.275022481672
0.162865038874
0.133190714397
0.160881885833
0.296289374869
0.0983519009819
0.0768148898033
0.0816063526939
0.108302194463
0.168311450217
0.123696167791
0.192237628607
0.19340439467
0.172788100393
0.203786875293
0.167516957008
0.154027377748
0.167516957008
0.227768372558
0.196872770787
0.134462449852
0.136368844292
0.1206604396
0.168311450217
0.136260621125
0.10098554352
0.0971988322332
0.125837927664
0.291134550721
0.185276613754
0.193927853172
0.175697563905
0.248334828875
0.222944297578
0.178895220982
0.166090165657
0.193071408842
0.151030629215
0.164406440485
0.151030629215
0.193227999013
0.115631833037
0.16276184658
0.114721875956
0.149030557756
0.162707062283
0.114680929456
0.115319051629
0.119594592514
0.15179424361
0.118732237204
0.115419450971
0.11526758213
0.115090634773
0.159903166266
0.152587485142
0.119126656404
0.115916160515
0.154977869469
0.154977869469
0.205943593413
0.205943593413
0.154846490516
0.154846490516
0.155034
0.155034
0.154846490516
0.154846490516
0.205943593413
0.205943593413
0.154977869469
0.154977869469
0.115089335137
0.119370037179
0.151486064323
0.118507258887
0.115190324057
0.11911201293
0.115037596189
0.119387860623
0.114860851931
0.159608553984
0.15228091119
0.11890090614
0.115687629686
0.115631833037
0.16276184658
0.114721875956
0.116622644053
0.117473584634
0.115789826396
0.118397289977
0.149030557756
0.162707062283
0.114680929456
0.193237773574
0.151152060972
0.164515560553
0.151152060972
0.193394599517
0.200685416426
0.167866187698
0.134751678866
0.121282922658
0.126386317394
0.14568763132
0.110144221641
0.135116365423
0.124964646983
0.0880049937731
0.0837796044214
0.0783047330801
0.0951107980003
0.0947564344372
0.0511391345889
0.0530975214676
0.0511391345889
0.0948530758436
0.0954149920348
0.0770031148883
0.101792047455
0.110156398166
0.124964646983
0.135116365423
0.110144221641
0.14568763132
0.149643288879
0.139930569593
0.130775144284
0.168172646665
0.200784596523
0.119897405866
0.124148644527
0.119897405866
0.0434566185696
0.0434751388727
0.0260083698451
0.0530760153129
0.0513534469924
0.0263367300315
0.0260083698451
0.052730873881
0.0517933886346
0.0261953745822
0.0434751388727
0.0369418633193
0.0393190861892
0.0785420793906
0.0392865757925
0.0788479970418
