0.139280932179
0.16536021263
0.139281015175
0.13928108664
0.139280968221
0.165360091749
0.139280975703
0.139281015501
0.139280980756
0.139280973896
0.139280968283
0.139280935527
0.139280883015
0.0696405266594
0.0696405278846
0.0413401471881
0.0413401475748
0.0413401482161
0.0413401483506
0.0696405560138
0.0696405550334
0.0696405722079
0.069640572116
0.0696404860129
0.0696404830625
0.0413400857399
0.0413400845723
0.0413400845723
0.0413400834047
0.0696405061941
0.0696405080176
0.03482028308
0.0348202833072
0.0348202833072
0.0348202831933
0.069640506373
0.0696405051424
0.041340118492
0.041340117989
0.0413401181202
0.0413401174859
0.0348202650058
0.0348202647924
0.0348202660541
0.0348202656086
0.0348202839401
0.0348202840119
0.0348202843956
0.0348202844382
0.0348202412057
0.0348202408651
0.0348202412971
0.0348202419994
0.0413400854386
0.0413400862072
0.0413400870115
0.0413400867198
0.0348202554682
0.0348202558033
0.0348202557069
0.0348202569666
0.0348202829905
0.0348202835914
0.0348202832362
0.0348202837623
0.0348202534321
0.0348202535997
0.0348202537863
0.0348202526311
0.0413401170447
0.0413401158771
0.0413401148799
0.0413401150503
0.0348202642835
0.0348202633838
0.0348202640563
0.0348202614877
0.0696405693582
0.0696405711816
0.0348202448547
0.0348202438378
0.0348202443368
0.0348202444657
0.0413400873965
0.0413400863741
0.0413400865909
0.0413400866896
0.0696405268349
0.0696405280114
0.0696405438392
0.0696405444366
0.0696404831212
0.0696404846133
0.0413400852766
0.041340084764
0.0413400855682
0.0413400860746
0.069640572296
0.0696405718047
0.0696405048953
0.0696405041493
0.0696404832334
0.0696404804198
0.0413400852518
0.041340084198
0.0413400845373
0.0413400832739
0.0348202659055
0.0348202665754
0.0348202680962
0.0348202660212
0.034820274014
0.0348202740921
0.0348202745868
0.0348202747927
0.0696404791458
0.0696404784494
0.041340022424
0.0413400214267
0.0413400225943
0.0413400214267
0.0696405039655
0.0696405050925
0.0348202409604
0.0348202391529
0.0348202399638
0.0348202407161
0.041340051683
0.0413400517759
0.0413400509749
0.0413400517245
0.0348202510626
0.0348202504432
0.0348202506108
0.0348202502947
0.0348202632289
0.0348202628511
0.0348202628056
0.0348202635996
0.0348202323369
0.0348202337231
0.0348202328234
0.0348202337231
0.0413399897812
0.041339988784
0.041339988784
0.0413399897812
0.0348202490344
0.0348202490344
0.0348202490344
0.0348202484795
0.0348202316282
0.0348202319731
0.0348202319731
0.0348202319731
0.0348202332602
0.0348202323956
0.0348202330546
0.0348202330809
0.0413400226791
0.0413400222758
0.0413400231513
0.0413400230109
0.034820240865
0.0348202413202
0.0348202418075
0.034820241937
0.0696405212231
0.0696405213288
0.0348202512911
0.0348202514587
0.0348202509038
0.0348202504173
0.0826800421969
0.082680040859
0.0696404669652
0.0696404679885
0.0413399614476
0.0413399610443
0.0413399607198
0.0413399617794
0.0348202221848
0.0348202227965
0.0348202236313
0.034820222158
0.0348202388827
0.0348202394363
0.0348202391352
0.0348202398745
0.0348202423167
0.0348202423167
0.0348202423167
0.0348202407932
0.0413400873936
0.0413400853992
0.0413400842316
0.0413400853992
0.0348202550621
0.034820255407
0.0348202559119
0.0348202545522
0.0348202842314
0.0348202836039
0.0348202827042
0.0348202833224
0.0348202366644
0.0348202368235
0.0348202370593
0.0348202364318
0.0826799203266
0.0826799213088
0.0696405308484
0.069640529025
0.0413400835751
0.0413400824075
0.0413400825778
0.0413400824075
0.0696405079456
0.0696405079456
0.0348202598665
0.0348202607662
0.0348202599114
0.0348202607125
0.0696404600115
0.0696404592237
0.0413399935098
0.0413399929004
0.0413399919368
0.0413399923266
0.0348202533602
0.0348202530181
0.0348202529738
0.0348202523476
0.0348202319923
0.0348202310329
0.0348202314176
0.0348202313658
