0.245412838427
0.29416918017
0.174336789739
0.171081975783
0.176317613463
0.200411523694
0.176294920498
0.176530517028
0.175016354386
0.180914866283
0.186548454964
0.271686061856
0.294580948381
0.187309779143
0.188163376245
0.190295740702
0.187244410007
0.265180709843
0.271907369534
0.257725437766
0.167629099478
0.162229142145
0.174257234094
0.199742156992
0.257671540001
0.178406701867
0.178741104797
0.167200240108
0.250147608939
0.258466321941
0.171357842066
0.178914478808
0.301631229258
0.162689370285
0.17643090964
0.187897066547
0.265573703668
0.141584451731
0.144437018322
0.155539587388
0.259727642577
0.156939179886
0.146800891916
0.137937514035
0.182223327217
0.131762763972
0.148484131163
0.165791025693
0.146425084138
0.144259616856
0.184351070856
0.152988804918
0.267746380644
0.266987649828
0.166199063411
0.205872021517
0.205535892156
0.156506094133
0.232888794822
0.148980095741
0.144013128182
0.149232176641
0.213755553974
0.264120328155
0.152059299958
0.235656975698
0.142955943277
0.141398026005
0.139476622312
0.26009273918
0.13610924787
0.150841704677
0.156822948799
0.131660438229
0.152412173437
0.144443582314
0.154952558679
0.133911674374
0.222502174631
0.222463131929
0.147179928566
0.170487865404
0.161141561897
0.180555176594
0.165426623776
0.257404822738
0.283951824907
0.145703513791
0.169298851954
0.174772496674
0.136279285166
0.147697318964
0.172723361353
0.171598952644
0.174853066284
0.164136129984
0.172858917763
0.144374826563
0.147375511256
0.143219616165
0.132637039867
0.132901620684
0.119433566192
0.13228757193
0.162592225002
0.254976219538
0.251946203922
0.147502786726
0.134158708433
0.141328605287
0.14505527266
0.141891970247
0.120149182628
0.161551164661
0.129976901537
0.155833512739
0.133617712164
0.129489054575
0.149428438474
0.143182467587
0.145094717005
0.165889108029
0.180446529601
0.170441684272
0.174296452658
0.144225795339
0.164367601393
0.150432221419
0.176124855753
0.14621027878
0.133727633248
0.131974815103
0.116557611708
0.132795087495
0.113142945769
0.147227983489
0.130846916395
0.143996126847
0.1252125015
0.132380383791
0.130713333575
0.123695758354
0.142589431491
0.142880357327
0.132338993242
0.125762671072
0.143696785062
0.126231215175
0.118047335223
0.150638444787
0.128451524813
0.17591556909
0.166910042862
0.165058200366
0.175159786012
0.18400266911
0.171014569686
0.15458758824
0.200703757092
0.17535144362
0.150967147161
0.150471882158
0.172928630864
0.152450705611
0.175163809242
0.202371109016
0.154090748897
0.134248182301
0.136867121249
0.13750935632
0.131868768601
0.137102618488
0.109597417086
0.133172609972
0.118634947814
0.145616175993
0.117722303458
0.124193276821
0.126705664364
0.11977716828
0.122842843875
0.123642212249
0.132659098623
0.139962074168
0.141612192457
0.116501568946
0.128577385909
0.0673756556752
0.0589347963063
0.0697262034781
0.0725668456677
0.144378936794
0.135317797566
0.145241523233
0.172407275485
0.196144271611
0.158301448458
0.151499439062
0.156658266469
0.177707928126
0.167951496249
0.147852637302
0.130376419088
0.131525977735
0.131956103098
0.127976148968
0.113759069286
0.114278418439
0.0705809180048
0.0668710491069
0.0739806567627
0.0705087861144
0.0832935771729
0.0760556596604
0.0882288591088
0.0942991536665
0.0887635494836
0.0772041740238
0.0839634452241
0.0964523812332
0.0867815184357
0.0831896039793
0.0908366603833
0.123768161874
0.127659527563
0.0918023805041
0.0745615096316
0.0872461839374
0.0830869742721
0.116148987053
0.117808727487
0.139735754688
0.162850424069
0.0945818085003
0.0796098684189
0.0880237986663
0.0778736947875
0.103892557598
0.0981898066343
0.144827208016
0.13003793198
0.127616034713
0.0966647148498
0.103995824055
0.14247369363
0.202565667098
0.10255453096
0.0874327656059
0.0956353767832
0.0849123296945
0.152367372346
0.12497687452
0.102008313164
0.0960563804679
0.122848867166
0.149344954643
0.0634819753583
0.0821143363471
0.0917771025645
0.0948805109805
0.106341314032
0.141412734327
0.11502128072
0.0980569432598
0.097763855437
0.115921816426
0.105888735805
0.114897494407
0.11863036336
0.1084687
0.105135471139
0.0714999100888
0.0817836485662
0.0830974847002
0.0817779653514
0.127245096735
0.140255071828
0.143610591973
0.133901078882
0.140953949115
0.147341579512
0.142614149695
0.0829833745174
0.0760360254757
0.0779977495578
0.0838934067618
0.0981283020228
0.0965595198276
0.122906195299
0.142551422555
0.124670630738
0.130519925275
0.098752180356
0.118633470191
0.0621421145045
0.0612523431769
0.0582480377846
0.0460379733073
0.0479029092564
0.105783932295
0.0784053208101
0.0728344193015
0.0804478298163
0.0863022537769
0.0875286768153
0.0804169602655
0.0654317009278
0.087945492993
0.0632388658215
0.0742576173261
0.0771403033036
0.0847611913331
0.107297732371
0.0931920852261
0.0703537863422
0.0678142958754
0.0813582756406
0.0631314340673
0.0635441945509
0.0655027876792
0.0847537581952
0.0942926307584
0.063481532688
0.0577191880897
0.0816808102695
0.0866107842034
0.0759415156371
0.0880077373833
0.0765105924194
0.0769061531686
0.0761755873127
0.0851529010681
0.138338073702
0.152706662928
0.09502479019
0.0985099682011
0.147071902872
0.218485905875
0.0861663408322
0.0827988052569
0.0842617242886
0.0746505282283
0.105359312705
0.0990101900622
0.0525444568378
0.0738050229105
0.0816197944891
0.0832647682468
0.0968007866017
0.0954737923476
0.0936459733444
0.0964515333816
0.0745748821975
0.0752637666619
0.0745313015402
0.0852953703679
0.0850133938163
0.0737500446087
0.0758316834224
0.0953896890592
0.0633943480156
0.0662845440448
0.103068551977
0.0902584343909
0.0886658410246
0.0827690766606
