0.259707280091
0.293756819008
0.303802495518
0.183825355445
0.178327624865
0.179974108223
0.20377839497
0.185541954797
0.184059016078
0.177508361928
0.183539119878
0.19049083617
0.277557795774
0.282635791245
0.294797488977
0.18716359782
0.188096092508
0.191864706829
0.190453414291
0.269201871362
0.279924411578
0.267088496508
0.178114080748
0.179815470448
0.179075712303
0.177338282807
0.293342115505
0.291735946325
0.211832649261
0.271001897491
0.182154336294
0.183066035916
0.179955419959
0.183150399267
0.262633664863
0.29717548841
0.271981240865
0.180077811819
0.179547007551
0.179963560069
0.181548864207
0.29010151589
0.289761935059
0.306998759324
0.171094420866
0.179026129133
0.18866059262
0.268498971035
0.147720602641
0.149266846884
0.158653186847
0.264162343578
0.157831366138
0.146422291419
0.140760334173
0.180430729753
0.140323373447
0.151486585043
0.165245487527
0.149377063163
0.144393398732
0.181771277898
0.152544292089
0.271483300644
0.268702174917
0.165924804544
0.2043910193
0.203465065914
0.158271642645
0.244815351265
0.148912547297
0.147323340109
0.152190431804
0.289432855622
0.271265592026
0.158835698776
0.247442206265
0.147699560387
0.145311129975
0.144226336892
0.263908402334
0.136869902703
0.149887038859
0.15558415019
0.131485896407
0.152187164806
0.144324056438
0.154206569893
0.133438849909
0.225808306782
0.225868464044
0.146419992707
0.167209857078
0.157847125257
0.18000258658
0.164794341415
0.266020735203
0.292477169064
0.14488733805
0.166844406707
0.173232123138
0.137319722063
0.148987653841
0.175262370468
0.171431163616
0.176735642806
0.162957218855
0.171931967766
0.142482212691
0.14561157044
0.141672569239
0.132267028083
0.13343228248
0.120445379526
0.132871351469
0.15760073658
0.263404582893
0.259307195668
0.145984236574
0.133726410633
0.139805071575
0.143513274817
0.14064772922
0.121321566606
0.156892325236
0.129905718348
0.152850449599
0.13279734346
0.129358883428
0.147008396289
0.151223962797
0.150597245315
0.16752200622
0.182797971498
0.169878632027
0.177346476771
0.145580689645
0.16547066782
0.155614717157
0.176758493466
0.147441511107
0.140657138485
0.129687347961
0.117660522781
0.130299638567
0.115582306043
0.145630165546
0.130438647108
0.140942075402
0.125178013185
0.133744211038
0.130606650553
0.124299065644
0.140094124859
0.139979175791
0.131450061616
0.125233005245
0.140729624005
0.125834564089
0.118852180516
0.146802937099
0.127636263097
0.172904358073
0.166377278863
0.166590657186
0.177584047367
0.180029500626
0.172682628491
0.15573441705
0.19609787661
0.175548945718
0.15297097617
0.152815015987
0.173380782037
0.154458080632
0.17553139839
0.198123496932
0.155821170819
0.131708010266
0.134280800286
0.134751080567
0.130895538773
0.134012338827
0.111472446229
0.135681135909
0.118726207592
0.140047994478
0.118562048709
0.122973285305
0.125645130797
0.117822232949
0.121839251777
0.121579640908
0.129107950908
0.144738676981
0.144565967322
0.120297542507
0.128498626695
0.0635178799798
0.0563100124921
0.0654580647328
0.0682743017625
0.113539574763
0.141440016444
0.133328698171
0.153673873225
0.186096190766
0.175007377852
0.1922611419
0.160000316303
0.15480645555
0.156502127736
0.181520086155
0.162849231104
0.145344236539
0.126273728642
0.12955737657
0.129916467766
0.12799969998
0.110304825707
0.110536731071
0.0655629901956
0.0631658855698
0.067905327028
0.065433673381
0.0824469861401
0.0772101026023
0.086526474645
0.0904736183608
0.0869646771776
0.0782026063249
0.0830531662314
0.0928376699495
0.0867990829647
0.0841822163295
0.0888859998534
0.119708753888
0.122928891826
0.0874964809938
0.0751765461811
0.08497673692
0.0808551535909
0.110259787041
0.112082155894
0.142121978449
0.169817998837
0.0900585988372
0.0783142439278
0.0847723783501
0.0759711039223
0.0984799112101
0.0949777623502
0.144476723336
0.132546948569
0.132496177299
0.0918263308446
0.0989121939885
0.142506189264
0.214674955337
0.0945001617723
0.0827554048775
0.0886192488704
0.087862915168
0.152060971702
0.129279820594
0.0965808491316
0.090755615596
0.127703746602
0.148954848042
0.0564692970734
0.0800224035143
0.0873530669105
0.0912813583754
0.107251178266
0.143317761449
0.110360742241
0.097981457947
0.097523149654
0.11157193548
0.103369145657
0.109373130448
0.122661071394
0.104667561776
0.100420512006
0.0712615975215
0.0787217709162
0.0783903462718
0.0796021651222
0.130110168235
0.144461714066
0.14460791392
0.144423104767
0.133185746851
0.146700715608
0.149170754035
0.160377419349
0.0786492292548
0.0758219900237
0.0762889604401
0.0784201679803
0.091077856559
0.0906935653016
0.12839573093
0.140697066263
0.155284633896
0.135556905771
0.0938517972411
0.123242784821
0.0539707291248
0.0538175335508
0.0515278877714
0.0447963445137
0.0459983315256
0.0977541299926
0.0767430732447
0.0741630945723
0.0780383994141
0.081413047231
0.082657081367
0.0787339380152
0.0691675815214
0.0842226362835
0.0673474883464
0.0733292666849
0.0741666075891
0.0830301256757
0.101914013335
0.093879205536
0.0655679219763
0.0669538756029
0.0738676802315
0.0631677126201
0.063656807792
0.060827144797
0.0875525089546
0.0943758021566
0.05512632911
0.0526440944574
0.0788577642785
0.0813081960752
0.0741526137769
0.0811724402522
