0.0741518427586
0.0705462492058
0.0705397406963
0.073964734384
0.0737740362865
0.0704490707621
0.070451458986
0.0738448888736
0.0739033516594
0.0703889651774
0.0703461346966
0.0738762425987
0.0739707285435
0.0707340303973
0.0705303845055
0.0739035520611
0.0739794774617
0.0706328027159
0.0704281359295
0.0737366386846
0.0059486904021
0.00559728286761
0.00562016131886
0.00562016131886
0.00561654083934
0.00612574289372
0.00611623055893
0.00681215707394
0.0717536977549
0.0612570718856
0.0614301927842
0.0560693895142
0.0560737803635
0.0558530727288
0.0559200907456
0.0613109169031
0.0715937328542
0.0611910365005
0.0614510375563
0.0559720092613
0.0557710416188
0.0559626128098
0.0559639162698
0.0613861579694
0.0716759607679
0.0611148874436
0.0614916695862
0.0559443479317
0.0560049835952
0.0560800011479
0.0559159324097
0.061444809319
0.0716763911497
0.0611747521634
0.0613209541878
0.0560259650742
0.0560830182876
0.0558448852492
0.0558545364899
0.0613577936553
0.0715760109586
0.0611965076557
0.0614275211733
0.0558777490062
0.0559243852134
0.0561810472157
0.0559911357828
0.0613257577878
0.0432822425135
0.0407696370722
0.0408545233542
0.0408545233542
0.040838960736
0.0434562595836
0.0434371829773
0.0484379239956
0.0718665871459
0.0652943320052
0.0653807268276
0.0653807268276
0.0652233118294
0.0718399087746
0.0717905199609
0.0651003601718
0.0652049867303
0.0652049867303
0.0650758123307
0.0718176620703
0.0719916412735
0.0653369530855
0.0653995801707
0.0653995801707
0.0653436289282
0.0718192520655
0.0717527846655
0.0653802815916
0.0653697349868
0.0652556239166
0.0652640355288
0.0718238743734
0.0853369397286
0.076018871976
0.0760832784388
0.0751732377246
0.0750921982233
0.0823781802421
0.0854665187208
0.0758467429887
0.0759360288104
0.0747570774459
0.0747112459808
0.0826585084988
0.085436010897
0.0758381223957
0.0759107444371
0.0750365805924
0.0750709173698
0.0824197346529
0.0504172442226
0.0498237637328
0.049753362522
0.051812349662
0.0518838657773
0.0564756092973
0.0506169346958
0.0499179683982
0.0498381711367
0.0518650651619
0.0517181256742
0.0563611579459
0.0938076973987
0.0830110471353
0.083278917952
0.0820211633376
0.0818684593754
0.0907715588359
0.0935654602751
0.0828781146036
0.0830004177038
0.0819668860638
0.0819211520473
0.0905996624318
0.093652200456
0.083162812977
0.0832478245527
0.0818827108674
0.0819045690789
0.0906370292334
0.0706762398087
0.0791737436118
0.0471743568107
0.0431010480702
0.0430361857888
0.0408396288334
0.040899577018
0.040793881263
0.0728455054104
0.0651255481397
0.122416052109
0.109440053012
0.109753965893
0.108235779327
0.107924886785
0.118431726464
0.0774524050627
0.073764989331
0.073722817984
0.0761612930431
0.0761938436834
0.0849969191148
0.0775181151522
0.0737834779575
0.0735858484561
0.0761971892723
0.076483491454
0.0850032281799
0.0773509440796
0.073852106297
0.0736385202255
0.0764264658217
0.0763080654715
0.0847183334586
0.0773669802564
0.0738431514631
0.0738402138946
0.0764011627202
0.0762657318722
0.0848507130126
0.077526095584
0.0736831650888
0.0737087740028
0.0765854817981
0.0763564171174
0.0847186076019
0.0719040591709
0.0718573323433
0.0813766666926
0.069376922777
0.0693272607132
0.0719138410148
0.0718961088133
0.0812201570825
0.0742116134796
0.0695364334756
0.0695302962851
0.0720162977023
0.0719370331106
0.081178587229
0.0740639779127
0.0691787706182
0.0693239898358
0.072162023028
0.0718847143174
0.0810860750622
0.0737986217232
0.0694767931687
0.0695072872511
0.0716895411776
0.0716745883996
0.0814362150351
0.0291451807251
0.0274361434836
0.0274354392438
0.0286882040436
0.0287175880603
0.0325213557835
0.0514732737059
0.0499524918122
0.0499597859483
0.0503257100099
0.069708202602
0.0534418839886
0.0474297744697
0.0489833325556
0.0489678864104
0.0534823212987
0.0534019824749
0.0612359261096
0.0477768288242
0.0488816407253
0.0488841907778
0.0535475372543
0.0535302336208
0.0610804154885
0.0896360966464
0.117873184786
0.0898336427153
0.117969691578
0.0768058113573
0.0832474207934
0.0830984919854
0.10045453161
0.0766702005753
0.0830488062602
0.0828753160989
0.100674895423
0.0768942286781
0.0833020810679
0.0833135549491
0.100327730258
0.109479300542
0.143805348667
0.0628937187663
0.0617584781629
0.0617665825103
0.0631459984639
0.0630076019699
0.0617716103238
0.0618744372257
0.0631112535013
0.0819207321424
0.0750043426676
0.0750661861293
0.0722569919731
0.0722496961464
0.0732935623861
0.0678327250687
0.0650677085062
0.0650085809278
0.0681510255994
0.0679222203627
0.0757983744813
0.0679545612965
0.065346526304
0.0653290919958
0.0679211135454
0.0678383289741
0.0762187733403
0.0869514928883
0.0610586728012
0.0617309202872
0.0425349109615
0.0428506338897
0.0316138574086
0.0318084736234
0.0295320645486
0.0294990113648
0.036341793747
0.0360204135491
0.0512847347756
0.086791374943
0.0609844822168
0.0616487397702
0.0424494263418
0.0428020811439
0.0316497135216
0.0317598202293
0.0295374547693
0.0295518938945
0.0363266435864
0.0360619752683
0.0513845887037
0.0869446121965
0.0610716387655
0.0616947901893
0.0425051229442
0.0429201477572
0.0317369534573
0.0318548502979
0.0295752723741
0.029516631134
0.0362400328366
0.0360327032881
0.051390043542
0.0701510233888
0.0671602579674
0.0672564541977
0.0702261652556
0.0702122184292
0.0786116965152
0.07018501202
0.0673922626141
0.0674440245055
0.0702386650891
0.0702173065134
0.0786267971528
0.0700414841665
0.0672601800362
0.0671887556552
0.0701735571423
0.0703233584984
0.0786387275488
0.0808895481598
0.0767594769654
0.0765912925991
0.0807196674145
0.0809578070695
0.0770419940876
0.0770445595354
0.0808917334064
0.0808629637442
0.0768184617394
0.0767844849302
0.0808439929556
0.08902122812
0.0796500821233
0.0797910174362
0.0781385215115
0.0782008051109
0.0844747916837
0.0842498997863
0.0977709906721
0.0667721348112
0.0591266348611
0.0591497333215
0.0563302550411
0.056393234561
0.0581540684131
0.0580380153434
0.064159872547
0.0664911610667
0.0591738048295
0.0594045946266
0.0565381928501
0.0565332256134
0.0581440969596
0.0579939261992
0.0642257677961
0.0664133579109
0.0593144109239
0.0593882230918
0.0564093661904
0.0563530571243
0.0581962577169
0.0582323513371
0.0644667322442
0.0665338259177
0.0592080234196
0.0593317933426
0.0565021953998
0.0564484632297
0.0579636685735
0.0579719670725
0.0641722380785
0.0664247836372
0.0592258583855
0.0593061983565
0.056305041959
0.0564220173115
0.0582269981946
0.0580954726205
0.0642846711238
0.0666090928177
0.0592095598616
0.059156929425
0.0563875571647
0.0564125123266
0.0580350717131
0.058197695371
0.0645025880566
0.0606156288943
0.0596734188249
0.0598322994314
0.0626571145621
0.0624475246227
0.0684967416689
0.0603893641029
0.0596764276369
0.0598510333933
0.0627064401178
0.0624967892055
0.0685910145354
0.060393634528
0.0598195849701
0.0598174261838
0.0622963158903
0.0622988692514
0.0687232700473
0.0603195979512
0.0598445080688
0.0596022244551
0.0627009460734
0.0627460895614
0.0686428022319
0.0605873653908
0.0599756969197
0.0597491772433
0.0624682169547
0.0624429324484
0.0687041512392
0.0779737333594
0.0904707579774
0.0779110633046
0.090250052946
0.0780322288945
0.0903916385763
0.078019322698
0.0904202980544
0.0779374194258
0.0903454746861
0.0779506878834
0.0904232023695
0.0778143786006
0.090367250185
0.0781438514456
0.090279143044
0.0693796021212
0.0671502540613
0.0673876473881
0.0680855007289
0.0691595482399
0.0670755635254
0.0674174018299
0.0678803135268
0.0691904498486
0.0672884755382
0.0671868204412
0.0680655106937
0.0914183734623
0.078805462555
0.0914187390063
0.0788905833639
0.0915290474371
0.0789387693944
0.0911747805783
0.0788422254347
0.0915575860183
0.0788345441685
0.0914074735949
0.0786964292201
0.0911919606215
0.0788585034603
0.0914295827399
0.0788138621373
0.0870998238632
0.0862791765564
0.0860713248417
0.0899991626683
0.0900042936323
0.0986771311944
0.0687240211316
0.0653119284607
0.065302018401
0.0660708041498
0.0660541666362
0.070945246141
0.0707816794658
0.0792313996405
0.0662963710847
0.0619235038657
0.0619806935162
0.0622243584419
0.0619493059162
0.066493193287
0.0665039096651
0.0750792873268
0.0663621997187
0.0620691644418
0.0622337853019
0.0622543497035
0.0621300440166
0.066668502848
0.0666061617382
0.0754795185232
0.0661992718162
0.0619897371607
0.0619735925415
0.0621021883149
0.061893476401
0.0665227931821
0.0666022187956
0.0751985003075
0.0664104119058
0.062006432751
0.0619961855218
0.0619591827335
0.061953949178
0.0667061182164
0.0664975592898
0.075201265877
0.0664220856248
0.062084115249
0.0620604129538
0.0621367962664
0.0620714661197
0.0668145627652
0.0665902148217
0.0751673599443
0.0968178864635
0.0989296667196
0.0968546257607
0.0987134189979
0.0968998956385
0.0987246341814
0.0967896640324
0.0985226872654
0.0599296058785
0.0571765029558
0.0571561713991
0.0571561713991
0.0571880273331
0.0599870356598
0.0598761487948
0.0571546895495
0.0571081600912
0.0571409412877
0.0572427688577
0.0599318245634
0.0599054161533
0.0571740119023
0.0571086547929
0.0572712308275
0.0572550262553
0.0598303350776
0.0598887765612
0.0572439171288
0.0573540377131
0.0573540377131
0.0571735998714
0.0597897614897
0.0598858419537
0.0570781397603
0.0573091315455
0.0573091315455
0.0570963942294
0.0597884437789
0.0596918005801
0.0571884303203
0.0572952755644
0.057091844111
0.0571775477001
0.0600485977792
0.0599093862012
0.0572485505668
0.0571868373841
0.0571868373841
0.0573131273837
0.0599418859501
0.059907272985
0.0573332407204
0.0571779362079
0.0572612547911
0.0572524371905
0.0596196148994
0.0598773703372
0.0569896235643
0.0570978655884
0.0570601341131
0.0569931159768
0.0600474763729
0.0598633951092
0.0573185682851
0.057229986065
0.057229986065
0.0574016891629
0.0600086525865
0.0599100472125
0.0573833181726
0.0572226792976
0.0570446485089
0.0572350137198
0.0598640309535
0.0744552796701
0.0634955368136
0.0637180752632
0.0582903114269
0.0584125132784
0.058109560102
0.058067084706
0.0638140735751
0.0636336792548
0.0747231474411
0.0745461235008
0.0638561586967
0.0640514724694
0.0581809991857
0.0580597748402
0.0581691645419
0.058207854412
0.0638095518477
0.0637966564367
0.0747554626766
0.0745462128247
0.0638238256394
0.0639747153569
0.0579837977801
0.0580681977979
0.0580681977979
0.0580076997044
0.0638526676812
0.0637505803738
0.0746749319149
0.0748072369544
0.0635870682962
0.0637075577954
0.0581007970556
0.0581550729021
0.0583076135037
0.0581800584586
0.0636987399915
0.0637020013736
0.0746725300897
0.0746012147756
0.0637593597521
0.0638525228358
0.0581612885732
0.0583081002434
0.0581565742028
0.0580756810248
0.0639453442637
0.0637041866874
0.074594027147
0.0746452021951
0.0637914383969
0.0638961320484
0.0581690925729
0.0581579973413
0.0581579973413
0.058237446115
0.0639510151679
0.0637022043732
0.0744033877337
0.080805528731
0.0634364727326
0.0636125156455
0.0516531359067
0.0519198580218
0.0454819448875
0.045497409407
0.045546171192
0.0455314352865
0.0518966555859
0.0516371921777
0.0636318822997
0.063377928386
0.0805632600104
0.0805545658374
0.0636794207653
0.063834412185
0.0515826512357
0.0518054761729
0.0454440809787
0.0454835799493
0.0455206533043
0.0455383668872
0.0518624174186
0.0515354495323
0.0638118774054
0.0635140731098
0.0805062155364
0.0708431318337
0.0634604048364
0.0636301841778
0.0615184179189
0.061358235136
0.0644507783041
0.0705513983313
0.0636730354251
0.0636705352204
0.0614488149113
0.0613817731334
0.0643659588777
0.0761991724889
0.0695419819731
0.069532747258
0.068364371695
0.0685011416146
0.0734830502497
0.0763995299282
0.0696596670176
0.069602607796
0.0684463540464
0.0685689728996
0.073089769007
0.0763191910809
0.0694198345756
0.0695939523917
0.0686861401904
0.06869123461
0.0734444031632
0.0759558054809
0.0693805299021
0.0695274532936
0.0685789080111
0.0685587941113
0.073104080341
0.0763929089052
0.0696551250735
0.0698123791315
0.0685984315947
0.0684927383395
0.0732177203432
0.0762831495941
0.0693615054335
0.0695072677657
0.0685858211386
0.068472853077
0.0731342473538
0.0763836015058
0.0697781851727
0.0698543704914
0.0685655914927
0.0684407694872
0.0732218699331
0.0763236011598
0.0695531916018
0.0696715483357
0.0685322501455
0.0685728693964
0.0732684827654
0.07619136812
0.0695540717014
0.0696424677119
0.0686699201325
0.0730920661837
0.0695458678643
0.054989830278
0.052666743361
0.0526627460165
0.0530146376013
0.053015250221
0.0562120899451
0.0621842598834
0.0605245635486
0.0603988157686
0.062353926817
0.0611860842043
0.0605075446473
0.0605683357415
0.0624207707158
0.0559630623894
0.0548748825602
0.0548691019814
0.0559645584209
0.0559219985896
0.0547520109905
0.0547955647247
0.0561265629181
0.0559482723259
0.0548002087587
0.0549611186203
0.0559434970394
0.112845231698
0.106231316875
0.0960422028082
0.0694215890736
0.0701299150969
0.0505026736767
0.0962579990416
0.0696001866754
0.0700318451938
0.0505552155964
0.0964402246239
0.0697560425591
0.0702545082966
0.0504705608969
0.0992771739173
0.0752078448784
0.0757181968436
0.0592352395918
0.0594403148313
0.0521828229138
0.0993700426826
0.0749228675539
0.075677913568
0.0592334201359
0.0593834705979
0.0521348885944
0.0992077749599
0.0750511207611
0.0757801316062
0.0592358162179
0.0594758199859
0.0524566430493
0.0954172611193
0.0763053001174
0.0768901148263
0.0767627247888
0.076170867753
0.0954592528491
0.0952449254226
0.0762105096033
0.076633786935
0.0770270804977
0.0765111896751
0.0950884542899
0.0952870187447
0.0764058565098
0.0768202383816
0.0770075540986
0.0764432147381
0.0953116074109
0.0953494887034
0.0763588620004
0.0769155664365
0.0769155664365
0.0763290757461
0.0954523728411
0.0278409609119
0.0316561642338
0.031656296459
0.0403315260652
0.0402911253845
0.0532221999616
0.0965965071962
0.0696683884664
0.0701544555463
0.0506698679789
0.0965530760282
0.0697604462034
0.0704228293116
0.0506917201646
0.09645411612
0.0695962745177
0.07034961093
0.0505523427746
0.0919257720528
0.0866015876139
0.0916730728949
0.0862442909922
0.091855450022
0.0861106957817
0.0689612752456
0.0621390143328
0.0621545958196
0.0585031106139
0.0585160124859
0.0583390359751
0.0583791800431
0.06151255253
0.0688459597217
0.0619966911315
0.0622099784701
0.0585248215461
0.0584604091843
0.0583623198734
0.0583423072928
0.0616691818415
0.0687060008114
0.061867317515
0.0621298369626
0.0586871514239
0.0586257979924
0.0584054658187
0.0583668004091
0.0615800399764
0.0646987008254
0.0561721883097
0.0562201567011
0.0525231328988
0.0524852989512
0.0532974856255
0.0531791336616
0.0584253460816
0.0680184773775
0.0645912859932
0.0564522785678
0.0564503408914
0.0523900590642
0.052610312069
0.0679238656309
0.107526609272
0.0840681239472
0.0837428816482
0.107549099469
0.0841605472564
0.14966559512
0.107444147898
0.0836197349239
0.0838099479432
0.107320715795
0.0838461948868
0.0445608253514
0.0356210356285
0.0357959374266
0.0357959374266
0.0356595014863
0.044539284685
0.0615489381001
0.0548509549484
0.0548082431072
0.0521860499799
0.052248836487
0.0532976840866
0.0531485534163
0.058523008392
0.0585507950586
0.0672580611154
0.0612569816429
0.0546385273411
0.0547343630547
0.0520176299537
0.0521188378708
0.0533608296928
0.0532824147468
0.0584850036548
0.0582636853108
0.0671830651764
0.0614567994692
0.0547860001483
0.0548806342711
0.0520644747789
0.0520243727449
0.0534212545528
0.0533555994086
0.0585231792156
0.0584133563365
0.0671813141134
0.0611037034434
0.0545462126687
0.0547692794617
0.0521893306984
0.052177782427
0.0532346228901
0.0533031639234
0.0586102378045
0.0582567691904
0.0671004772897
0.0612174114203
0.0545809941028
0.0547894381724
0.0519940333332
0.0518902272205
0.0534923713813
0.053430453009
0.058556128266
0.0583830103069
0.0672333498979
0.0668358342901
0.0640887144102
0.0642437959709
0.0665405365999
0.0662925664762
0.0731940970434
0.0666329075683
0.0642630138299
0.0642819612294
0.0665718208497
0.0664048343647
0.0731570133771
0.0666871840311
0.0642034968362
0.0642398223787
0.0663229179602
0.0663430892652
0.0733226278051
0.059348803758
0.0564655499508
0.0563598108695
0.056500526325
0.0564987861064
0.0590999781853
0.0592467852841
0.0565286917415
0.0565658012407
0.0566061691117
0.0564192587753
0.0591972529662
0.0592430475077
0.0564268043176
0.0565974401122
0.0565050880674
0.0564650191933
0.0591430692918
0.0592104272025
0.0565112707033
0.0566239281775
0.0564856418681
0.056403847648
0.0591785046913
0.0590003105543
0.0562347574948
0.0564289033386
0.0565801344908
0.0565041802104
0.0592862000068
0.0591688552027
0.0566082375675
0.0566185436805
0.0564640143388
0.0563465097167
0.059032479056
0.0592323961718
0.0565715946832
0.0566472820442
0.0564780499154
0.056447452726
0.0590962912838
0.0591328532839
0.0562354088275
0.0563112160142
0.0564931601656
0.0564612153296
0.059338366225
0.059094565207
0.056385985218
0.0563756699339
0.0564877231109
0.0564870432002
0.0590490503014
0.114682959484
0.117000027462
0.114915036764
0.117189748826
0.115004245304
0.117022092492
0.0958516284825
0.0939363700411
0.095692960547
0.0938361164837
0.0957646470155
0.0941348148136
0.0957254288969
0.0939485080855
0.0957123225478
0.093786865341
0.0403891045271
0.0403213730359
0.0418769672881
0.0416869947136
0.0860248081021
0.049941484179
0.0497778101919
0.0692048608228
0.08825794739
0.0690914376479
0.0850179666909
0.0630624357046
0.0503314739403
0.0507023493366
0.0354423720037
0.0354984044254
0.018227088584
0.0181553506232
0.0630659230429
0.050277301909
0.0506726739254
0.0354039511178
0.0354827105081
0.0182064588059
0.0181822039162
0.0518233272137
0.0579189672085
0.0724185415243
0.032294754009
0.0322181350252
0.0583868124665
0.0622226247799
0.094276224459
0.0731953772772
0.0543503233017
0.0297160452702
0.0294271785685
0.0589039185326
0.0665163757093
0.054112657207
0.0552333625945
0.0406319193061
0.0363547431568
0.0583614829318
0.0671662748855
0.0807997748666
0.0570920182337
0.0571581120533
0.071430274233
0.0617093245507
0.0640942433765
0.0685257271195
0.0468134325808
0.0478234615565
0.0245673904597
0.0247185935279
0.0650866492647
0.0443636891388
0.0456726343503
0.0232683025434
0.023428656753
0.0237010851492
0.0234368262623
0.0456739442379
0.0445935937692
0.065841262917
0.0255559258784
0.0254745190337
0.049745650825
0.0488931148374
0.0715850572536
0.0554153417385
0.0637538091509
0.0357108271082
0.0511986912162
0.0505871467569
0.0484688884569
0.0680433203059
0.0627984680406
0.0804635629804
0.0742866562311
0.0769724703936
0.0373130814494
0.0372574668053
0.0397199600327
0.0586359232063
0.0601959789209
0.0657118367895
0.0595548164635
0.0707663237317
0.108958966797
0.0607479724271
0.060131583943
0.078172009922
0.0774844581577
0.0900137643252
0.0457080278069
0.0502912912292
0.0668708645693
0.0969084132493
0.0665856003127
0.0944407622772
0.0498057133419
0.0494237742539
0.00688898229059
0.00689700212049
0.013456374586
0.0134494765326
0.00690568933923
0.00689717712184
0.013338979946
0.0133400957362
0.0163890192965
0.017082824481
0.0324028557769
0.017015250652
0.0164047449462
0.0323627551786
0.0545596958019
0.0760701363776
0.0745554973761
0.0382263526379
0.0383326687435
0.0527103886796
0.0754144109106
0.0575014323387
0.0808311556456
0.0416602910365
0.0414660244176
0.0308698697681
0.0428441385198
0.048812076116
0.0554336097711
0.0416949938902
0.0416663099158
0.037590163464
0.0378113415988
0.0935896316239
0.0413786710879
0.0415188851488
0.0805956656449
0.101811121609
0.0915373660384
0.0760470738835
0.0469725319549
0.0416007521807
0.033951679281
0.0415876889416
0.032167626253
0.0315228943191
0.0324833635612
0.0328238976357
0.0479235520439
0.0482359765269
0.0940920033478
0.145890260923
0.0686706826928
0.0676329514327
0.0881916788223
0.0384219909362
0.0392396240107
0.0891531384333
0.046176359869
0.0460240072082
0.0684936859042
0.0744305297072
0.0657166321109
0.0665061894206
0.0618224602511
0.0513699674469
0.0629973648139
0.0554365388305
0.0512135222988
0.037001682732
0.0372211862922
0.0742098597391
0.103403101193
0.0989821532778
0.0508609884587
0.050675457366
0.0492407783956
0.0193755890104
0.0193797573321
0.0378605117834
0.0382476008725
0.0189786260962
0.0189782094058
0.0369276159161
0.0371456518519
0.068619135815
0.0682623036987
0.0478385926371
0.0475285786054
0.0244926800749
0.0244594543173
0.0941878251049
0.0747580257966
0.0750156169107
0.0524190025849
0.0523755855719
0.0269138542297
0.0268750883999
0.0448927567905
0.0440746671116
0.0450654618361
0.0491706240198
0.0276152299692
0.0447344178905
0.0652992884743
0.0616244086483
0.0833401770756
0.0802070623511
0.0493930960662
0.0493756882965
0.0320026805869
0.0306176720988
0.0327664324576
0.0384061006612
0.0385073377715
0.0380506315355
0.0505854394811
0.0396213912268
0.0413762867836
0.0637253432474
0.0827992243442
0.0736927441934
0.0601380447637
0.0315701054164
0.0376761063806
0.0378174235241
0.0734655875853
0.0828367594776
0.0371156968613
0.0369788267323
0.0721860782509
0.0728445926494
0.0660527922669
0.0515955192313
0.0524049180206
0.124067154497
0.0548332742251
0.0545622153532
0.0819799746889
0.0591481174109
0.0586644152191
0.0725859323561
0.0727380914532
0.0561727976827
0.0407237199952
0.0584230333216
0.064283483493
0.0710267809175
0.040994604956
0.0626883512185
0.0565954940477
0.0753501840243
0.0621573485338
0.0755273597778
0.0640372226229
0.043885911646
0.0368387032074
0.0957997815459
0.0345933032862
0.0318636147667
0.0318942963357
0.0623663761573
0.0319208165427
0.0319087009568
0.101410942001
0.0521804864724
0.0523649969421
0.0721893516715
0.104046182792
0.10046247758
0.0525381523038
0.0520455370445
0.0726903074797
0.0699642059717
0.0675572259255
0.0609939423673
0.0719959670433
0.0701980816084
0.0786809324614
0.0869298306739
0.0702041460403
0.0746644540093
0.0723621221151
0.0496374165952
0.0484221862657
0.0728904249182
0.0521505423893
0.0570746050227
0.0519727284929
0.0532098521916
0.052301045783
0.0521370297893
0.0472500919787
0.0467047209311
0.0369878921203
0.0373869576992
0.0261235807557
0.026249318915
0.0135441790633
0.0135764142265
0.0791707257972
0.057944273356
0.0531676365612
0.0527453017102
0.0792482541196
0.0772157362378
0.0819361915807
0.0406281754636
0.0450094774714
0.0460563727295
0.0464355783963
0.0880601394574
0.0781043117776
0.0381041523886
0.0281731705351
0.0416636471669
0.0305714094376
0.0518693589511
0.0375751455885
0.0372909599937
0.0454275284024
0.0447333474351
0.0457405103245
0.0559603418257
0.0587642644747
0.0550282439934
0.0589534178483
0.0550044172953
0.0586296771951
0.0552829361015
0.0583493436403
0.0557509162548
0.0575668294072
0.0577450947267
0.0582803053956
0.0563569681428
0.0586738611841
0.0571585064382
0.0579068706804
0.0563762506735
0.0586570498065
0.056242104797
0.0587123871087
0.0564609283664
0.0577450947267
0.0575668294072
0.0560377252416
0.058039317331
0.0545725171217
0.0585072987584
0.0550642356821
0.0573905952923
0.0564609465781
0.0554816769889
0.0583269276771
0.0543162636786
0.0583269276771
0.0554816769889
0.0564609465781
0.0573905952923
0.0546196516146
0.0587959887025
0.0549747598562
0.0568905278254
0.0570688648279
0.0550642356821
0.0585072987584
0.0545725171217
0.058039317331
0.0560377252416
0.0539404639023
0.0622574240874
0.0539583950836
0.0539508054527
0.0617955289645
0.0539508054527
0.0539583950836
0.0622574240874
0.0539404639023
0.0539404639023
0.0622574240874
0.0539583950836
0.0539508054527
0.0617955289645
0.0539508054527
0.0539583950836
0.0622574240874
0.0539404639023
0.0478928943947
0.0477469061825
0.0478928943947
0.0478928943947
0.0477469061825
0.0478928943947
0.0723895220249
0.0757724526032
0.088852785581
0.0587417174034
0.056074007022
0.0393311321919
0.0498399802016
0.054407062037
0.0678453800933
0.0893366841393
0.0570108868989
0.0678949779991
0.0756856792184
0.0575690400584
0.0582949195406
0.0668767323607
0.0626272612326
0.0389697398182
0.0614259598277
0.055600102338
0.0815069994617
0.0780896175253
0.078318104888
0.0767156458439
0.0834483916007
0.0529945909504
0.0810434260674
0.0874821151365
0.0685537386398
0.0525474796874
0.0670698495469
0.0568451078304
0.0973494051266
0.0825890830952
0.0957867195114
0.0550845254382
0.0562655904395
0.0807156553216
0.0396752216125
0.0379269625893
0.0602860047855
0.0601733730025
0.0456046982229
0.0424715070959
0.0417843464589
0.043334625907
0.0536769804153
0.0443598754901
0.0609200033487
0.00564324447902
0.0577843307913
0.0561142634274
0.0582803053956
0.0570092252272
0.0571000113835
0.0581076586432
0.0570092252272
0.0582803053956
0.0573905952923
0.0564609465781
0.0554816769889
0.0583269276771
0.0543162636786
0.0607698902439
0.0945605664759
0.0641623132941
0.104207467991
0.0771251144845
0.0517116267439
0.051457916286
0.0838753712779
0.0570221050032
0.0577082971547
0.0814386619457
0.0590359266888
0.0410998445496
0.0387952399593
0.0719208051019
0.040894109906
0.0410732426952
0.0731836253851
0.0639210937993
0.0659898379298
0.0930680035727
0.050091495069
0.0287273691147
0.0376405662484
0.0540153941761
0.0559041980848
0.0539740627964
0.0535524788339
0.0637802619272
0.0671572811912
0.0230224798132
0.0299228651703
0.00204358961144
0.0581157520406
0.0659331195588
0.0578346163232
0.0649739455109
0.0598157910693
0.058534210939
0.0655946343194
0.0646414319226
0.0586905297642
0.0645221109388
0.0624919593308
0.0594154107282
0.0524918397182
0.0423823072638
0.0420254681949
0.0837803364311
0.0543178242131
0.0301351903926
0.0345099942951
0.0315097058103
0.0426035261129
0.0421189148394
0.0559820339685
0.0629985999329
0.0417569941267
0.0368905827278
0.0639098086486
0.0634538760164
0.0388088164403
0.0384435604165
0.0808025447217
0.105812553079
0.0640604023754
0.058666012307
0.0453823271164
0.0490228053206
0.0974852197643
0.0872771656764
0.121470722428
0.0560377252416
0.0560377252416
0.0577450947267
0.0564609283664
0.0577450947267
0.0575668294072
0.0575668294072
0.0583493436403
0.0552829361015
0.0586296771951
0.0552829361015
0.0583493436403
0.0557509162548
0.0557509162548
0.0559603418257
0.0561689460111
0.0559087239168
0.0559603418257
0.0558989433979
0.0558989433979
0.0560256001262
0.0562014103871
0.0553849156179
0.0560256001262
0.0554607760922
0.0554607760922
0.0554607760922
0.0562014103871
0.0553849156179
0.0560256001262
0.0554607760922
0.0562883980874
0.0557052073867
0.0561689460111
0.0559087239168
0.0559603418257
0.0558989433979
0.0589534178483
0.0550044172953
0.0586296771951
0.0552829361015
0.0583493436403
0.0557509162548
0.056242104797
0.0587123871087
0.0564609283664
0.058934716263
0.0677281939612
0.0661170281546
0.0657988869834
0.0600761801008
0.0769813589351
0.074328176804
0.103166253953
0.0486465973553
0.0498709306535
0.0599895499941
0.0795342902307
0.055600102338
0.0365364537688
0.0368120935495
0.0548850138676
0.0612154956874
0.0798572664947
0.0601843132407
0.0680533809888
0.0364011512455
0.0368127524949
0.0642325022574
0.0658774833023
0.0460082908643
0.0521542484559
0.0781720592619
0.0735567082546
0.0584840317095
0.0398920821467
0.0410491629756
0.0968225431085
0.0698146289935
0.0412818117941
0.0532234712603
0.061872696848
0.0631146628685
0.0648977915495
0.0564372905888
0.0909735009893
0.0937739056668
0.0354622573238
0.0371288141677
0.0312210505909
0.0311687348997
0.0564052380901
0.0564052380901
0.0571694379892
0.0560452902571
0.0576906865274
0.0559092041886
0.0571694379892
0.0565874490678
0.0565874490678
0.0567544720705
0.0576705935009
0.0567007395543
0.0577481598192
0.0569045543125
0.0575863864902
0.0567544720705
0.0576588950748
0.0576588950748
0.0575636669871
0.0576500835212
0.0576500835212
0.0577561719732
0.0577561719732
0.057646697078
0.057646697078
0.0575636669871
0.0575636669871
0.0575636669871
0.0576588950748
0.0567544720705
0.0576705935009
0.0567007395543
0.0577481598192
0.0569045543125
0.0575863864902
0.0567007395543
0.0576705935009
0.0567544720705
0.0576588950748
0.0565874490678
0.0571694379892
0.0560452902571
0.0576906865274
0.0559092041886
0.0577409503559
0.0576906865274
0.0560452902571
0.0571694379892
0.0565874490678
0.0564052380901
0.0573402799435
0.0558150732979
0.0581772211523
0.0552783072281
0.0558150732979
0.0573402799435
0.0564052380901
0.0557977257601
0.0581305302745
0.0545751390287
0.0557977257601
0.0751124152421
0.0673805884083
0.0513276478932
0.0386532098311
0.0288224409922
0.0389164587032
0.044950501916
0.0497115235031
0.0438874638735
0.0448329816123
0.0784496796217
0.0827900495516
0.0379993424976
0.0369764550086
0.034596902365
0.0344830710567
0.0745424798035
0.05760431708
0.0566936906807
0.0375036072565
0.0356792244906
0.0701127365908
0.0635835347574
0.0333689629746
0.0543819937112
0.0673588609724
0.0476486040325
0.0533189855586
0.0685144566369
0.0749671028168
0.0972474995874
0.0576500835212
0.045587375928
0.0458650722691
0.0588566297667
0.0618159846682
0.0776452304041
0.0612946148899
0.0651947497637
0.0674198308623
0.0663372200842
0.0696472872749
0.099555870687
0.127458616184
0.104529000775
0.0926834770819
0.0425707617914
0.0441763943215
0.0149374934561
0.0148339851776
0.00952864508994
0.00950867183154
0.0280656687788
0.0280406990195
0.0680046297284
0.0627876684788
0.0601512705601
0.0614892629408
0.0369305448748
0.0201997927836
0.0700592425683
0.0535057270907
0.0576442780682
0.0576442780682
0.0575653626758
0.0575653626758
0.0569735094693
0.0575715071129
0.0568121031647
0.0574419263496
0.0570276431566
0.0573483341432
0.057050587692
0.0577409503559
0.0558001926005
0.0580058537068
0.0556465740275
0.0578787439588
0.0559678934033
0.0575816616033
0.0561834949429
0.0572868050776
0.0563353961289
0.0581772211523
0.0552783072281
0.0581411571006
0.0557902164564
0.0577237057044
0.0562868592924
0.0567569193227
0.0571651716607
0.0559045907686
0.0580039038104
0.0555946443037
0.0583256296065
0.0581305302745
0.0545751390287
0.0588345680701
0.0550322593939
0.0570514655399
0.0569565205859
0.05477409028
0.0588592960287
0.054525219752
0.0576468345705
0.0565021514989
0.0554025267384
0.0583952898379
0.0541601133885
0.0623595432171
0.0541581436536
0.0541824447792
0.0626251363272
0.0541824447792
0.0541581436536
0.0623595432171
0.0541601133885
0.0481012490898
0.0481024922847
0.0481012490898
0.0503198572732
0.0641079709884
0.0549358832845
0.0391009592242
0.0625184197237
0.0911467740748
0.0752105350283
0.0773170151341
0.0873886590554
0.0593846735909
0.0589185309474
0.0735282230473
0.0567518502452
0.0569822033928
0.0743417534431
0.081931356116
0.0814393498685
0.0382881872775
0.0362674790032
0.0462541055043
0.0730901532356
0.0487806324913
0.0411901633585
0.0639528851147
0.0576778932088
0.0498025988278
0.0502861656621
0.0664443470376
0.0502813066581
0.0616758916352
0.0519375343658
0.0618115658757
0.049045633376
0.0496463789616
0.0555064165142
0.0414887577333
0.0565767737702
0.0657465008518
0.0508164328539
0.0634036743789
0.0418015062109
0.0565473412571
0.0576902188872
0.056732389999
0.0576166633189
0.0569510069533
0.0575764174033
0.0578928349215
0.0577224476699
0.0577085327313
0.0577645454669
0.0575209702369
0.057775478172
0.057775478172
0.0575209702369
0.0577645454669
0.0577085327313
0.0577224476699
0.0578928349215
0.0578375139442
0.0581467394959
0.0579866896042
0.0581715983191
0.0579021080057
0.0582544040739
0.0578480225289
0.0581852276033
0.0578711952745
0.0581346111667
0.0580200321699
0.0581346111667
0.0578711952745
0.0581852276033
0.0578480225289
0.0582544040739
0.0581046889674
0.0581046889674
0.0579648693607
0.0579648693607
0.057944415296
0.057944415296
0.0581049318389
0.0581049318389
0.05802132408
0.05802132408
0.0579638955213
0.0579638955213
0.0579894533859
0.0579894533859
0.058128
0.058128
0.0579894533859
0.0579894533859
0.0579638955213
0.0579638955213
0.0580508417187
0.0578017296627
0.058071448615
0.0580217180804
0.0581150587757
0.0578723682037
0.0582388261042
0.0578375139442
0.0581467394959
0.0579866896042
0.0581715983191
0.0579021080057
0.0582544040739
0.0578480225289
0.0581852276033
0.0578711952745
0.0581346111667
0.0580200321699
0.0581346111667
0.0578711952745
0.0581852276033
0.0578480225289
0.0582544040739
0.0580510988979
0.0573286862683
0.058113841174
0.0573286862683
0.0580510988979
0.057395353514
0.0578724077519
0.0575646532257
0.0581421560832
0.0575303785491
0.0577869782304
0.0575764174033
0.0578928349215
0.0577224476699
0.0577085327313
0.0577645454669
0.0575209702369
0.057775478172
0.057775478172
0.0575209702369
0.0577645454669
0.0577085327313
0.0577224476699
0.0578928349215
0.0567845071212
0.0577410065465
0.0569809873291
0.0572833786888
0.0571403218577
0.0572231809868
0.0571611880059
0.0574217951674
0.0570787729896
0.056912798789
0.057384920809
0.0569510069533
0.0576166633189
0.056732389999
0.0576902188872
0.0565473412571
0.0577488109401
0.0565473412571
0.0576902188872
0.056732389999
0.0576166633189
0.0569510069533
0.0557529541392
0.0602081297355
0.0558814246843
0.0603402156837
0.0561723752591
0.0595726595554
0.0569075493015
0.0565862501055
0.0598344973928
0.0560574296905
0.0603222787202
0.0558186303128
0.0603222787202
0.0560574296905
0.0569569523346
0.0616640419532
0.0576686620163
0.0605205446501
0.059002126985
0.0582398441404
0.0611382189183
0.0572324978574
0.0615834034785
0.0572324978574
0.0570826252024
0.059650054694
0.0590760667466
0.0579665381686
0.0603031518849
0.0566832038615
0.0557509387544
0.0918911735234
0.0560273165987
0.0618025330185
0.0581942569117
0.0727931818991
0.0717223822579
0.0900682524131
0.0581299480303
0.0431325211268
0.0347857692635
0.0612165249933
0.0586547263633
0.047984150167
0.0540877735214
0.0812480213759
0.0731556573889
0.0851484495411
0.0607603573681
0.0523436641772
0.0457204297033
0.0537710476837
0.0687636323321
0.0649463400701
0.0454625432334
0.0415122524202
0.0457530521659
0.0384924296128
0.0400911957698
0.0593833344172
0.0858366692882
0.0812034275554
0.0693811168024
0.0632456162651
0.0479936020554
0.0414730916197
0.0595294389483
0.0789481323307
0.0544955888949
0.0533091788672
0.0673778471458
0.08435928595
0.0733900327395
0.0569645854369
0.0474645426871
0.0511361214456
0.0581022428483
0.0578544778561
0.0394549688696
0.0486493345098
0.0397197057832
0.0488487601429
0.0513669913807
0.0439045703487
0.0418679276535
0.0531016184358
0.0868830922922
0.0587720926121
0.101256681578
0.0772424660436
0.0905600099685
0.0750476042073
0.0484156643557
0.0419176898815
0.0593776690979
0.0633662565251
0.0557509387544
0.059650054694
0.0590760667466
0.0579665381686
0.0603031518849
0.0566832038615
0.0605205446501
0.059002126985
0.0582398441404
0.0611382189183
0.0572324978574
0.0615834034785
0.0572324978574
0.0565862501055
0.0598344973928
0.0560574296905
0.0603222787202
0.0558186303128
0.0603222787202
0.0560574296905
0.0598344973928
0.0565862501055
0.0569510069533
0.0576166633189
0.056732389999
0.0576902188872
0.0565473412571
0.0577488109401
0.0565473412571
0.0576902188872
0.056732389999
0.0576166633189
0.0569510069533
0.0578928349215
0.0577224476699
0.0577085327313
0.0577645454669
0.0575209702369
0.057775478172
0.057775478172
0.0575209702369
0.0577645454669
0.0577085327313
0.0577224476699
0.0578928349215
0.0575764174033
0.0582544040739
0.0578480225289
0.0581852276033
0.0578711952745
0.0581346111667
0.0580200321699
0.0581346111667
0.0578711952745
0.0581852276033
0.0578480225289
0.0582544040739
0.0579021080057
0.0581715983191
0.0579866896042
0.0579638955213
0.0579638955213
0.0579894533859
0.0579894533859
0.058128
0.058128
0.0579894533859
0.0579894533859
0.0579638955213
0.0579638955213
0.05802132408
0.05802132408
0.0581049318389
0.0581049318389
0.0582544040739
0.0578480225289
0.0581852276033
0.0578711952745
0.0581346111667
0.0580200321699
0.0581346111667
0.0578711952745
0.0581852276033
0.0578480225289
0.0582544040739
0.0579021080057
0.0581715983191
0.0579866896042
0.0581467394959
0.0578375139442
0.0582388261042
0.0578928349215
0.0577224476699
0.0577085327313
0.0577645454669
0.0575209702369
0.057775478172
0.057775478172
0.0575209702369
0.0577645454669
0.0577085327313
0.0577224476699
0.0578928349215
0.0575764174033
0.0577869782304
0.0575303785491
0.0581421560832
0.0575646532257
0.0578724077519
0.056732389999
0.0576902188872
0.0565473412571
0.0577488109401
0.0565473412571
0.0576902188872
0.056732389999
0.0576166633189
0.0569510069533
0.057384920809
0.056912798789
0.0570787729896
0.0574217951674
0.0571611880059
0.0560574296905
0.0603222787202
0.0558186303128
0.0603222787202
0.0560574296905
0.0598344973928
0.0565862501055
0.0569075493015
0.0595726595554
0.0561723752591
0.0603402156837
0.0572324978574
0.0615834034785
0.0572324978574
0.0611382189183
0.0582398441404
0.059002126985
0.0605205446501
0.0576686620163
0.0566832038615
0.0603031518849
0.0579665381686
0.0590760667466
0.0555526872797
0.0510146496607
0.0654802873027
0.0733395436668
0.0584050854485
0.0596512908683
0.0456745128846
0.0434255501606
0.0917383139847
0.0767669733561
0.0532092770154
0.0516013993609
0.0648613392245
0.0584746447745
0.0601946862792
0.0538950600798
0.0763491243761
0.057944415296
0.0735503380023
0.0663217657485
0.0640550104051
0.0780239110113
0.0790287292572
0.0633161563367
0.063204154723
0.03903751683
0.0402931866511
0.0826899315727
0.0610533015917
0.0795876944807
0.06598727476
0.0632663911113
0.071594432397
0.0824014357308
0.0488757526643
0.060119642044
0.0728932924778
0.07650157975
0.0936501560757
0.0498756666622
0.0489236695399
0.0595305738025
0.0567616976799
0.0993363075919
0.0589611027331
0.0612892009248
0.0479086785979
0.0387268186177
0.0431990188951
0.0541154698538
0.0732337281415
0.0616163905467
0.0666645030245
0.0390962864061
0.0343672315913
0.0428707866064
0.0439847999313
0.0943779168159
0.0587263639092
0.0904954736437
0.0718635426903
0.077006187904
0.0641623522597
0.0662445266079
0.0632255340903
0.045012674615
0.0338773157437
0.0295326797294
0.0650289921074
0.0630831151379
0.0921884554703
0.0830763427969
0.082953111316
0.0749907299671
0.074126733118
0.062940809051
0.0603326490716
0.0626863090495
0.0606785019591
0.061311156864
0.0623013763271
0.0618629396832
0.0622659699374
0.0620090527988
0.0614626045738
0.0625480274689
0.0611775709635
0.0630018996856
0.0609226927179
0.0619152678182
0.0619834226245
0.0604717468244
0.063145850792
0.0598660810664
0.0821346745626
0.0712403929611
0.0729501290746
0.109247858601
0.0841562617991
0.0818743566448
0.086683774814
0.103489540283
0.0587978181674
0.060405662156
0.110170713824
0.0769447118943
0.0623918864918
0.0791352281952
0.113993526378
0.0649292458835
0.0657286756599
0.0851654771959
0.0576803519927
0.0697349942353
0.0833753847682
0.0640468975302
0.0449298405322
0.0411563660963
0.0555016298026
0.044408865638
0.0492329878892
0.0671138340583
0.077747450127
0.0854509588741
0.0615089994127
0.0656453405601
0.065173060769
0.065173060769
0.0630250994129
0.0702771506252
0.0642318474357
0.0493849837501
0.0365371746855
0.0466352271464
0.0717260216728
0.0650513851371
0.0907626290111
0.0778029346313
0.0398216952992
0.113163020223
0.0826877678711
0.119297489099
0.126349796804
0.0663700730299
0.065423073147
0.0541589431027
0.0586723005515
0.0317751459635
0.0322890113042
0.0493264908898
0.0640445007631
0.0743180594876
0.0669283576539
0.0726558908795
0.0783310687371
0.0815211408164
0.0547567434203
0.0624656281686
0.0448718268711
0.0564677051375
0.0427451431773
0.0894258526448
0.0518558986037
0.0513088103156
0.0477469061825
0.0478928943947
0.0622574240874
0.0539404639023
0.0539404639023
0.058039317331
0.058039317331
0.0560377252416
0.0560377252416
0.0645399693794
0.0344523477284
0.0347691696514
0.0462923637574
0.0419363098162
0.0628567218641
0.0682914127581
0.0477638195971
0.0485619738427
0.0718741676787
0.0925179671361
0.0487843526963
0.0547969427888
0.0553015906191
0.0635218402973
0.0636359515604
0.0561826389866
0.0496250529017
0.0517289494142
0.0640226892242
0.0668616691031
0.0797249597726
0.105659127138
0.0614112824569
0.0362059171269
0.0380984275955
0.0591547656343
0.0495683629143
0.0750824995322
0.0573666410687
0.059624009887
0.0559537178278
0.0602372037656
0.0559537178278
0.059624009887
0.056824916366
0.056824916366
0.0571806586881
0.0570943145155
0.0572758100947
0.0569451074742
0.057705811891
0.0565782014737
0.0572758100947
0.0570943145155
0.0571806586881
0.057241693155
0.057241693155
0.0575209702369
0.0577645454669
0.0577085327313
0.0577224476699
0.0578928349215
0.0575764174033
0.0577869782304
0.0575303785491
0.0580718528204
0.0580337052195
0.0579749347477
0.0578513767338
0.0580237383404
0.0581513801599
0.0581453892411
0.0579274426977
0.0580115944273
0.0578749637063
0.0578749637063
0.0581796880019
0.0581796880019
0.0579648693607
0.0579648693607
0.0414810337383
0.040177807839
0.0566073238084
0.0414341264781
0.0411608753794
0.0752103202094
0.0906385343218
0.0713917303229
0.0691872327998
0.0522422653988
0.0508652690301
0.088212198608
0.0754595654009
0.0593223937017
0.0674333452974
0.0833340459506
0.0708299218745
0.0605854539886
0.0379933350109
0.0597847277342
0.0553397272084
0.0349478567047
0.0379235848319
0.05035531395
0.0494351593403
0.0521280145435
0.0661681156997
0.0558911067948
0.0557976795082
0.0811303064921
0.0652523846461
0.0397541148971
0.0414958927184
0.0732996392385
0.065348237065
0.0559666877102
0.0610735468697
0.0373927945766
0.0394026620547
0.0657993141473
0.0682888537025
0.0930669929459
0.0762181325506
0.058355953186
0.0539985809443
0.0595174637669
0.0644113490078
0.0671509495931
0.0657840130617
0.0609847338356
0.0500686055353
0.055287558822
0.055088906592
0.0850666156918
0.0851483219403
0.113099034232
0.061266532732
0.0670433576072
0.0766078413562
0.0795330259326
0.0757418157295
0.0433865265405
0.0826647421638
0.0607340089653
0.059732017884
0.0401861989369
0.0397466281463
0.0514300453918
0.0488511615241
0.0489975679396
0.0488511615241
0.0488511615241
0.0489975679396
0.0488511615241
0.0635830944218
0.0557509387544
0.0555627612007
0.0638897174825
0.0555627612007
0.0557509387544
0.0635830944218
0.0555526872797
0.0555526872797
0.0635830944218
0.0557509387544
0.0555627612007
0.0638897174825
0.0555627612007
0.0557509387544
0.0635830944218
0.0555526872797
0.0555526872797
0.0598175870877
0.0567920403754
0.0609639500771
0.057735982552
0.0598831322765
0.0586289380873
0.0573431696368
0.0607909342357
0.0570826252024
0.059650054694
0.0590760667466
0.0579665381686
0.0603031518849
0.0566832038615
0.0603031518849
0.0579665381686
0.0590760667466
0.059650054694
0.0570826252024
0.0607909342357
0.0573431696368
0.0586289380873
0.0598831322765
0.057735982552
0.0609639500771
0.0567920403754
0.0598175870877
0.058552200661
0.058552200661
0.0608993920228
0.0573666410687
0.0616204248809
0.057250642361
0.0614381268391
0.0579876400149
0.0590429428827
0.0600161445967
0.0577258661693
0.0615259274128
0.0569569523346
0.0616640419532
0.0576686620163
0.0605205446501
0.059002126985
0.0582398441404
0.0611382189183
0.0572324978574
0.0615834034785
0.0572324978574
0.0611382189183
0.0582398441404
0.059002126985
0.0605205446501
0.0576686620163
0.0616640419532
0.0615259274128
0.0600161445967
0.0590429428827
0.0579876400149
0.0614381268391
0.057250642361
0.0616204248809
0.0573666410687
0.0608993920228
0.058521723787
0.058521723787
0.059624009887
0.0559537178278
0.0602372037656
0.0559353195888
0.0604565539768
0.0559292823662
0.0600693348286
0.0563981100437
0.0571596902021
0.0591774339381
0.0563891644733
0.0601577613447
0.0557529541392
0.0602081297355
0.0558814246843
0.0603402156837
0.0561723752591
0.0595726595554
0.0569075493015
0.0565862501055
0.0598344973928
0.0560574296905
0.0603222787202
0.0558186303128
0.0603222787202
0.0560574296905
0.0598344973928
0.0565862501055
0.0569075493015
0.0595726595554
0.0561723752591
0.0571596902021
0.0563981100437
0.0600693348286
0.0559292823662
0.0604565539768
0.0559353195888
0.0602372037656
0.0559537178278
0.059624009887
0.056824916366
0.056824916366
0.0571806586881
0.0570943145155
0.0572758100947
0.0569451074742
0.057705811891
0.0565782014737
0.0577198927667
0.0567577100511
0.0575840588292
0.0564799779922
0.0577029592309
0.0567845071212
0.0577410065465
0.0569809873291
0.0572833786888
0.0571403218577
0.0572231809868
0.0571611880059
0.0574217951674
0.0570787729896
0.056912798789
0.057384920809
0.0569510069533
0.0576166633189
0.056732389999
0.0576902188872
0.0565473412571
0.0577488109401
0.0565473412571
0.0576902188872
0.056732389999
0.0576166633189
0.0569510069533
0.057384920809
0.056912798789
0.0570787729896
0.0574217951674
0.0571611880059
0.057241693155
0.0577085327313
0.0577224476699
0.0578928349215
0.0575764174033
0.0577869782304
0.0575303785491
0.0581421560832
0.0575646532257
0.0578724077519
0.057395353514
0.0573286862683
0.0575646532257
0.0581421560832
0.0575303785491
0.0577869782304
0.0575764174033
0.0578928349215
0.0577224476699
0.0577085327313
0.0577645454669
0.0575209702369
0.057775478172
0.057775478172
0.0575209702369
0.0577645454669
0.0577085327313
0.0577224476699
0.0578928349215
0.0575764174033
0.0577869782304
0.0575303785491
0.0581421560832
0.0579749347477
0.0578513767338
0.0580237383404
0.0581513801599
0.0581453892411
0.0579274426977
0.0580669957398
0.0579844233588
0.0578017296627
0.0582388261042
0.0578375139442
0.0581467394959
0.0579866896042
0.0581715983191
0.0579021080057
0.0582544040739
0.0578480225289
0.0581852276033
0.0578749637063
0.0581796880019
0.0581796880019
0.0579648693607
0.0579648693607
0.058042723575
0.058042723575
0.0578544778561
0.0578544778561
0.0581046889674
0.0579648693607
0.0579648693607
0.057944415296
0.057944415296
0.0579844233588
0.0580508417187
0.0578017296627
0.058071448615
0.0580217180804
0.0581150587757
0.0578723682037
0.0513346980779
0.0793679459905
0.057981385929
0.0534450643605
0.0821281851574
0.0581049318389
0.0844638702967
0.0654466759698
0.0618222236174
0.0441917252435
0.0422165929612
0.0625200943477
0.0845350975513
0.0793621662192
0.0719632552644
0.0702581576491
0.0644934477001
0.0664348479847
0.0623767311503
0.0674993804305
0.065709570338
0.0736142240739
0.0745849942415
0.0496943417856
0.0356134271132
0.0828017649012
0.0826897738599
0.064842174925
0.086509480781
0.0562634307966
0.0741131157353
0.0515047588481
0.0378575523773
0.0373044784041
0.055715781889
0.048942366606
0.0826254967474
0.0800692664463
0.0711626002915
0.0741415237822
0.0727111237621
0.0777245075973
0.0526938216492
0.0567939996831
0.0346887861563
0.0473474432599
0.0571149629103
0.0453843769374
0.0317145808501
0.0502992266442
0.0664881627923
0.0728985168676
0.0558870367371
0.072903087925
0.0543824048866
0.0586013253903
0.0735605506114
0.0743395278654
0.064903080653
0.058355953186
0.035201543567
0.0411665197005
0.0453017047527
0.0499359840921
0.0522738103571
0.0551439746573
0.0422586154411
0.0519498762871
0.0521005807357
0.0519498762871
0.0519498762871
0.0521005807357
0.0519498762871
0.0675189419367
0.0587500546617
0.0588979651898
0.0677970203033
0.0588979651898
0.0587500546617
0.0675189419367
0.058990413647
0.058990413647
0.0675189419367
0.0587500546617
0.0588979651898
0.0677970203033
0.0588979651898
0.0587500546617
0.0675189419367
0.058990413647
0.058990413647
0.0636667355237
0.0583048193205
0.0581996187359
0.0638053640848
0.056911165864
0.0638053640848
0.0581996187359
0.0583048193205
0.0636667355237
0.0568859165787
0.0638282128059
0.0581363868846
0.0581363868846
0.0638282128059
0.0568859165787
0.0636667355237
0.0583048193205
0.0581996187359
0.0638053640848
0.056911165864
0.0638053640848
0.0581996187359
0.0583048193205
0.0636667355237
0.0605199742977
0.058208393759
0.0597234774607
0.0572363052703
0.0606094890343
0.0569301905143
0.0606094890343
0.0572363052703
0.0597234774607
0.058208393759
0.0578911083414
0.0602413129007
0.0570441532872
0.0605199742977
0.0569077465377
0.0605171347636
0.0575051844619
0.058617085598
0.0592643280566
0.0574403885868
0.0605211464614
0.0595433808916
0.0591724378491
0.0595472242027
0.0594729325723
0.059190899953
0.0594878070994
0.0589796939124
0.0599289641993
0.0601609097961
0.0586133222335
0.0598451384053
0.0589716914015
0.0592703655548
0.0592148136766
0.059255122941
0.0595434391411
0.05914352119
0.0595825516762
0.0610546896233
0.0587471570802
0.0611021274098
0.0590391684477
0.0608213738335
0.0589551617672
0.0606786997224
0.0593774073533
0.0595363661975
0.060489044413
0.0592024154744
0.0607985774669
0.0591932955262
0.0608271542652
0.0589240106069
0.0610939644646
0.0594575321847
0.0596564251904
0.0596567035336
0.0594703585537
0.0594361470719
0.0597213268711
0.0595692147422
0.0595030364897
0.0595256782406
0.0594626669642
0.0594308635538
0.059639043931
0.0596244143074
0.0597153299748
0.0594324470176
0.0601974620727
0.0600199121959
0.0600199121959
0.0602434639442
0.0602434639442
0.0600363040168
0.0600363040168
0.0599795440129
0.0599795440129
0.0601315402098
0.0601315402098
0.0594703585537
0.0594361470719
0.0597213268711
0.0595692147422
0.0595030364897
0.0595256782406
0.0594626669642
0.0594308635538
0.059639043931
0.0589551617672
0.0606786997224
0.0593774073533
0.0595363661975
0.060489044413
0.092180517802
0.0915146557061
0.060204
0.0769870808204
0.0663185115729
0.0912392140269
0.123353858254
0.0889359083048
0.0543697172169
0.118557933755
0.0996606823426
0.0735367485071
0.0657191351815
0.067586261925
0.0407931654723
0.0427423535735
0.0478659105497
0.0478874586374
0.0675168320421
0.0747735921349
0.0712804952284
0.0794656017453
0.0473381757385
0.0333431662864
0.0541407152566
0.111980634288
0.0579401324127
0.034989537697
0.0363320951811
0.0481063742372
0.0582119842601
0.0769507884251
0.0909223704995
0.0697524550625
0.0675879602389
0.0511449683009
0.0500631392369
0.0379512697482
0.0545562332827
0.0571205330332
0.0572326577642
0.0642135570771
0.0577516684283
0.0812377038157
0.069943861834
0.0835768582863
0.068550947477
0.0519526039193
0.0826462559663
0.05661
0.075780418866
0.0547376693352
0.0528644468807
0.0570288994195
0.0829170559596
0.0756670354249
0.0529054554961
0.0540469927586
0.0505934129235
0.0588044135418
0.061141264235
0.0681936959202
0.0963256145477
0.0692514240287
0.103016320752
0.0467364974645
0.0326125372326
0.0312794455953
0.0565506123464
0.0663818073873
0.0369895597678
0.0369895597678
0.0173066274214
0.0173066274214
0.0173066274214
0.0173066274214
0.0346638759274
0.0346638759274
0.0369369896995
0.0369369896995
0.0532571642886
0.0532571642886
0.0282636735252
0.0282636735252
0.0282636735252
0.0282636735252
0.0265999898652
0.0265999898652
0.0265999898652
0.0265999898652
0.0282957745821
0.0282957745821
0.0282957745821
0.0282957745821
0.0266036810082
0.0266036810082
0.0266036810082
0.0266036810082
0.0565122576327
0.0565122576327
0.0748828306139
0.0748828306139
0.0266265181703
0.0266265181703
0.0266265181703
0.0266265181703
0.0539399169435
0.0539399169435
0.037499022655
0.037499022655
0.037499022655
0.037499022655
0.0531119960561
0.0531119960561
0.0529611859773
0.0529611859773
0.0373820930512
0.0373820930512
0.0373820930512
0.0373820930512
0.0265719280965
0.0265719280965
0.0265719280965
0.0265719280965
0.0537720726034
0.0537720726034
0.0374739923564
0.0374739923564
0.0374739923564
0.0374739923564
0.0530739912434
0.0530739912434
0.0257256460633
0.0257256460633
0.0255794363821
0.0255794363821
0.0830159562543
0.0830159562543
0.0565648106561
0.0565648106561
0.0470332094668
0.0470332094668
0.0376912918988
0.0376912918988
0.028025983105
0.0367421752308
0.0367421752308
0.0348275231857
0.0171534707753
0.0171534707753
0.0171534707753
0.0171534707753
0.0171731625159
0.0171731625159
0.0171731625159
0.0171731625159
0.0366186157755
0.0366186157755
0.0306493866527
0.0306493866527
0.0152087361511
0.0152087361511
0.0152087361511
0.0152087361511
0.0303262068958
0.0303262068958
0.0306622161993
0.0306622161993
0.0332353459447
0.0332353459447
0.0167962121046
0.0167962121046
0.0167962121046
0.0167962121046
0.0173119948085
0.0173119948085
0.0288629330847
0.0288629330847
0.0278764770696
0.0150394403362
0.0150394403362
0.0150394403362
0.0150394403362
0.0140972911183
0.0140972911183
0.0140972911183
0.0140972911183
0.0295887169691
0.0295887169691
0.0290255494489
0.0290255494489
0.0143488383785
0.0143488383785
0.0143488383785
0.0143488383785
0.0289362038759
0.0289362038759
0.0290357243075
0.0290357243075
0.0145054295201
0.0145054295201
0.0145054295201
0.0145054295201
0.0145287646939
0.0145287646939
0.0145287646939
0.0145287646939
0.0289361841018
0.0289361841018
0.0290523444837
0.0290523444837
0.0233676197761
0.0233676197761
0.0296012077372
0.0296012077372
0.0214449155396
0.0214449155396
0.0214449155396
0.0214449155396
0.0465726564977
0.0465726564977
0.0140129915525
0.0140129915525
0.0343848674283
0.0343848674283
0.0381462622587
0.0381462622587
0.0173424959781
0.0173424959781
0.0173424959781
0.0173424959781
0.0173912977745
0.0173912977745
0.0173912977745
0.0173912977745
0.0171240870605
0.0171240870605
0.0171240870605
0.0171240870605
0.0342205322824
0.0342205322824
0.0381635496646
0.0381635496646
0.0292955240438
0.0292955240438
0.0266525029735
0.0266525029735
0.0133117461665
0.0133117461665
0.0133117461665
0.0133117461665
0.0146318647329
0.0146318647329
0.0146318647329
0.0146318647329
0.0291147137415
0.0291147137415
0.0374335450532
0.0374335450532
0.0374335450532
0.0374335450532
0.0530526473957
0.0530526473957
0.0204413442592
0.0204413442592
0.0505833054068
0.0505833054068
0.0470673409655
0.0470673409655
0.0349697280627
0.0349697280627
0.0349697280627
0.0349697280627
0.0381730163024
0.0381730163024
0.0446274260832
0.0446274260832
0.0284784761673
0.0284784761673
0.0301701078418
0.0301701078418
0.0139703561711
0.0139703561711
0.0139703561711
0.0139703561711
0.0150520324339
0.0150520324339
0.0150520324339
0.0150520324339
0.0286115904934
0.0286115904934
0.0290255494489
0.0290255494489
0.0143321715671
0.0143321715671
0.0143321715671
0.0143321715671
0.029056920587
0.029056920587
0.0290254208594
0.0290254208594
0.0875445213534
0.0875445213534
0.0174137615928
0.0174137615928
0.0139382385348
0.0139382385348
