0.0413702207632
0.0394828078599
0.0394249672923
0.039599146487
0.0396450088788
0.0411699609212
0.0410823816283
0.0393269625512
0.0394628997731
0.0395322562315
0.0393491458262
0.0410104291736
0.041094629059
0.0395606478903
0.039681363828
0.039534373411
0.0394538682007
0.0412944394441
0.041071916205
0.0394836853776
0.0394357930851
0.0394476004847
0.0394749707536
0.041078908119
0.0413456400362
0.0394440104103
0.0394820781906
0.0395084685795
0.0395056924189
0.041164509878
0.0410488531813
0.0394784781558
0.0395130322552
0.0396101554024
0.0394879276773
0.0411294178448
0.0059486904021
0.00559728286761
0.00562016131886
0.00562016131886
0.00561654083934
0.00612574289372
0.00611623055893
0.00681215707394
0.0599779124366
0.0511273217957
0.0512053642014
0.0466533365581
0.0466788237534
0.0466788237534
0.0466362038335
0.0511784913025
0.0599205003755
0.051029805004
0.0512037000494
0.0468999526386
0.0469399036801
0.0466370504428
0.0466995711811
0.0513879537732
0.0598589380335
0.0512053777693
0.051317334849
0.0466140998411
0.0466530246929
0.0468309211126
0.0467536827667
0.0511457068408
0.0597019875653
0.0511186533396
0.0511628286234
0.0466746994072
0.0467764463218
0.0467764463218
0.0465882227258
0.0512576612761
0.0600646452687
0.0510907486733
0.0512454905333
0.0466927477667
0.0466915348243
0.0466662470314
0.0467240262392
0.0510809811598
0.0596849262817
0.0511381080849
0.0513789089802
0.0467517359036
0.0466684996491
0.0467821685982
0.0467248374261
0.051312630107
0.0432822425135
0.0407696370722
0.0408545233542
0.0408545233542
0.040838960736
0.0434562595836
0.0434371829773
0.0484379239956
0.0538852065344
0.0498396208703
0.04992180151
0.0484170574901
0.048554393501
0.0497574329071
0.0496379639414
0.0540716757023
0.053941617099
0.0499541223674
0.0497266802481
0.0483079318694
0.048393077413
0.0498235184903
0.0498796929647
0.0539077985569
0.0542476771438
0.0497263685106
0.0498131697496
0.0484805606867
0.0484782317128
0.0499641605754
0.0498686966969
0.0540814732163
0.0537415331215
0.0497448872373
0.0497370634763
0.0483085366887
0.0484132555195
0.0497867619378
0.0498433019096
0.0539596726454
0.0640739303578
0.0583440538573
0.058372644597
0.0561098332403
0.0561191639148
0.0570801226873
0.0571099923525
0.061942372767
0.0641869185193
0.0583133370251
0.058277268405
0.0556278923405
0.0557579038792
0.057326827448
0.0571232196747
0.0619559405727
0.0642703227898
0.0583118369223
0.0581320680799
0.0558117295557
0.0561200480956
0.057396183621
0.0571351301915
0.0617866488653
0.0504172442226
0.0498237637328
0.049753362522
0.051812349662
0.0518838657773
0.0564756092973
0.0506169346958
0.0499179683982
0.0498381711367
0.0518650651619
0.0517181256742
0.0563611579459
0.0530090300609
0.0477089414156
0.0477671677227
0.0458375799345
0.0458008380518
0.0469142602254
0.0469611022283
0.0512844752849
0.0527946960712
0.0478237633505
0.0478994756574
0.045962892979
0.0459551985634
0.0470762651609
0.0471004066331
0.0511011245082
0.0528645028729
0.0480637687661
0.0480315797028
0.0458308950764
0.0458530761673
0.0469909893597
0.0470368634318
0.0511010214893
0.05300878763
0.047903032785
0.0478392881375
0.0459486828756
0.045936608941
0.0471075664013
0.046981303228
0.0511703252286
0.0706762398087
0.0791737436118
0.0471743568107
0.0431010480702
0.0430361857888
0.0408396288334
0.040899577018
0.040793881263
0.0728455054104
0.0651255481397
0.0463015905693
0.0421240115878
0.0422707631407
0.0407964710606
0.0405478596661
0.0413878614814
0.0415064678514
0.0448499557023
0.0462099925179
0.0421980836206
0.0424331336811
0.0408269449322
0.0406441472539
0.0414968900461
0.0416116432204
0.0448008215438
0.0485075759805
0.0464898822326
0.0464659255503
0.0466055041546
0.0465693775887
0.0488993483801
0.0489041300608
0.0531677791947
0.0485992991205
0.0464332684478
0.0464765135257
0.0465996345613
0.046477667336
0.0488388108885
0.0487922813824
0.0530848405362
0.0483966395321
0.0463254590722
0.0465149443002
0.0466687350696
0.0464959586846
0.0487253040345
0.0486610734597
0.0531163386939
0.0483303401731
0.0465601918891
0.0465622490275
0.04652203515
0.0466100291434
0.0488518515616
0.0487619399737
0.0532976369317
0.0486677255273
0.0463197424135
0.0463309398701
0.04654142786
0.0463972078066
0.0489532469199
0.0489917060251
0.0530540442662
0.0483924718939
0.0465432376103
0.0465946812254
0.0465683657272
0.046560601113
0.0488244090415
0.0487417301216
0.0531999484727
0.0462481776209
0.0438934691896
0.043907783211
0.0437056018463
0.0437211706271
0.0461066737414
0.0461170047298
0.051013828706
0.0463760631091
0.0437392149278
0.0436666666978
0.0436524193373
0.0436524149847
0.0461507960116
0.0461719240367
0.0509379056131
0.0466377113102
0.0438866269438
0.0438755775404
0.0438755775404
0.0438056152023
0.0461695992889
0.0462229328878
0.0509065149072
0.0463944840471
0.0437770067615
0.0437221385742
0.0435223975988
0.0436543332958
0.0461845452722
0.0459686750951
0.0508101154939
0.0464401342402
0.0439277328461
0.0437821553375
0.0437989982191
0.0439143470861
0.0461541220261
0.0460575407181
0.0509581351111
0.0463295702333
0.0438802149265
0.0437962575228
0.043693230391
0.0436733547515
0.0461682711746
0.0461157092594
0.0508976530697
0.0218827859744
0.0208030696293
0.0208165667198
0.0209720303142
0.0209412161896
0.0222276443984
0.0222600237084
0.0244136588716
0.0514732737059
0.0499524918122
0.0499597859483
0.0503257100099
0.069708202602
0.0534418839886
0.0474297744697
0.0489833325556
0.0489678864104
0.0534823212987
0.0534019824749
0.0612359261096
0.0477768288242
0.0488816407253
0.0488841907778
0.0535475372543
0.0535302336208
0.0610804154885
0.061013406998
0.0801170360582
0.0610674156773
0.0801624151411
0.0610694357207
0.0802431376022
0.0512892259178
0.0532661861714
0.0532614320804
0.0586032253997
0.0586161648993
0.067160898036
0.0512511160781
0.0534466964508
0.0533143166138
0.0588420101713
0.0587218504179
0.0671912143476
0.0514667514421
0.0531740198217
0.0532763279656
0.0585952944996
0.0585586787547
0.0671493506484
0.0572330756534
0.0750116157938
0.0571581511029
0.0750976780284
0.0628937187663
0.0617584781629
0.0617665825103
0.0631459984639
0.0630076019699
0.0617716103238
0.0618744372257
0.0631112535013
0.0819207321424
0.0750043426676
0.0750661861293
0.0722569919731
0.0722496961464
0.0732935623861
0.0509260480059
0.0491835246627
0.0490675797574
0.0492681464158
0.0494653796205
0.0523839325629
0.0521439710729
0.0570018408672
0.0511129581246
0.0492297421332
0.0490176340667
0.0495063820659
0.0496184071817
0.0522022569771
0.0521128491281
0.0572208816473
0.0744769375528
0.0550129119753
0.0556666469553
0.0405102975798
0.0407064354372
0.0302180638236
0.0304355902235
0.0255229836667
0.0255267203044
0.0262067787032
0.0261677239839
0.0324690155725
0.0322617610105
0.0440204327784
0.0742166621184
0.0552554304797
0.0558859219527
0.0402560133396
0.0405086142074
0.030362900759
0.0305549607879
0.0254630418941
0.0254821849534
0.0261043626718
0.0260562291689
0.0323727974
0.0322539609428
0.0440657337537
0.0745194435366
0.0551373381884
0.0555589733751
0.0404498037233
0.0407787896767
0.030296555522
0.0304981107366
0.0255873364235
0.0255494291326
0.026152514296
0.026061760589
0.0325209934658
0.0324047168943
0.0440273065665
0.0526242242508
0.0504549178772
0.0506760681313
0.051236617765
0.0511696913685
0.0539351343514
0.054000453262
0.0590942816015
0.0525291968361
0.0507914255091
0.0508699539217
0.0510821436757
0.0510973380667
0.0539736533134
0.0540251561404
0.0589974124009
0.0526932163423
0.0507426126889
0.0507440733362
0.0511926486202
0.0511079254128
0.0538717732584
0.0539258165863
0.0590453724245
0.0539994745924
0.0517390057162
0.0517094509495
0.0515915052698
0.0515295904336
0.0539554550231
0.0540631877182
0.0516107093247
0.0516605680573
0.0516072542696
0.0516759179696
0.0541249023833
0.0540288093983
0.0515687323118
0.0516030669655
0.0517423282139
0.0516403074739
0.0539714461081
0.0712966163906
0.0648212568646
0.0649464413344
0.0622505254195
0.0621720432349
0.0638541409151
0.0637914233185
0.0694300482716
0.069274209216
0.0782646241366
0.057240018809
0.05080795885
0.0507673970477
0.0483236559125
0.0483907624604
0.0498748742605
0.0498561223046
0.0551898149594
0.0570971754862
0.0509049959876
0.0509174537536
0.0484418576337
0.0484275927649
0.0499846640806
0.0500234995602
0.0551967532967
0.0572245163938
0.0509912862899
0.0508957182629
0.048381105625
0.0484429382418
0.0497623790579
0.0497008577014
0.0552790541842
0.0571552544085
0.0508884574019
0.0508000434522
0.0483796078322
0.0484045930569
0.0499561421349
0.0499755686036
0.0552904356241
0.0572602349105
0.050902469142
0.0508416200961
0.0484019701304
0.0484837073613
0.0499209030567
0.0499664839693
0.0551852490277
0.0571175957543
0.0507031897049
0.050769989413
0.0484511776327
0.0484155006584
0.0499113781867
0.0498404928773
0.0553240667883
0.0571744829754
0.0509402961785
0.0509769754252
0.0483498826188
0.048385856451
0.0497691719491
0.0499537682362
0.0552091370518
0.0504963441895
0.049962883909
0.0500250921139
0.0521860970278
0.0521643422224
0.0574314766744
0.0504574181092
0.0497400167421
0.049680623816
0.0522001706774
0.0521960338771
0.0572213199647
0.0504175070189
0.0499222087953
0.0499163652999
0.0521232391309
0.0521204846917
0.0572254447908
0.050553210944
0.0498975763966
0.0498480331432
0.0522942108149
0.0521975779946
0.0573822889139
0.0503541982286
0.0498715473993
0.0498621937444
0.0522517809553
0.0521900201667
0.0570956483543
0.0504739550263
0.0499840977987
0.0498834942591
0.0521404550038
0.052069381598
0.0573896857676
0.0692939527123
0.0804654698924
0.0694809463162
0.0803198680231
0.0692530408683
0.0802769729343
0.0693778536782
0.0804262256015
0.0693038614978
0.0802838912438
0.069155454812
0.0802703950485
0.0693021950951
0.0801226116462
0.069278725147
0.0803521512033
0.0694249928142
0.0804786767194
0.0521151500669
0.0504369372583
0.050588702217
0.0511002674797
0.0519049541229
0.0506167939646
0.0506815574494
0.0509692236232
0.0520746811296
0.050291536107
0.0503307220567
0.050999686852
0.0520055285138
0.0505009997451
0.0505116672166
0.0510711678298
0.081272634961
0.0701544005035
0.0813818496687
0.0701160453142
0.0813295983729
0.0700111908983
0.0812043037622
0.0701279880166
0.0811546023649
0.0700499875375
0.0813347907202
0.0702665858784
0.0811270069459
0.0700669501334
0.0812017711937
0.0701136159761
0.0814721900835
0.0700655986094
0.0437457272656
0.0432246743076
0.0432234050862
0.0453095003724
0.0453211620438
0.049697265961
0.0437806935675
0.0433613043018
0.043291203044
0.0452285089297
0.0452219573327
0.0497139259916
0.0687240211316
0.0653119284607
0.065302018401
0.0660708041498
0.0660541666362
0.070945246141
0.0707816794658
0.0792313996405
0.0553512506272
0.051680613118
0.0517055005536
0.0517231820125
0.0517108676513
0.0556031125051
0.0556305796482
0.0629091347342
0.055195892739
0.051531009162
0.0515170894194
0.051804626456
0.0517263902689
0.0556378724521
0.0555946302623
0.0626647980648
0.0554338052681
0.0518593352397
0.0518473187108
0.0518720745344
0.0519577411821
0.0555998411059
0.0554774924001
0.0628615794166
0.0552620097354
0.0517084905867
0.0517245249036
0.051724157852
0.0516703883428
0.0555718163775
0.0554866265419
0.0627376689159
0.0553117826982
0.0518301231332
0.0517487252017
0.0518827085742
0.051922975052
0.0556035771241
0.0555477573017
0.0629763239281
0.0554046193133
0.05173155371
0.0517038045892
0.0517664092728
0.0516305384826
0.0557299925534
0.0556821913946
0.062726610344
0.048727410161
0.0485823591955
0.0484081590747
0.0495967154255
0.0487682722808
0.0483013017578
0.0483000931521
0.0497084520605
0.0485818011682
0.0482534460609
0.0484041139884
0.0495671988416
0.0486635113689
0.048499520142
0.0484029545586
0.0495046461052
0.0508455091281
0.0484249726536
0.0483327046729
0.0483346999163
0.0483927151956
0.0508113575714
0.0507392551729
0.0484501237795
0.0484006120855
0.0484006120855
0.0485053742821
0.0507653724846
0.050623332412
0.0484094338378
0.0484217187247
0.0485673733539
0.0485563115516
0.0506374081732
0.0505868996999
0.0484143237612
0.0485191327674
0.0483196841256
0.0483543217303
0.0507317958089
0.0506842088426
0.0483900637373
0.0482816702383
0.0482816702383
0.0483801033096
0.0507038683435
0.050774878055
0.0485910034086
0.048429591326
0.048429591326
0.0484767191572
0.0506362180139
0.0508330700258
0.0483583246841
0.0483350750594
0.0485143800769
0.0483595392063
0.0506637889325
0.050671405578
0.0486438258878
0.048616770697
0.0484472637411
0.0484476802128
0.0506573931968
0.0508338927808
0.0483285572255
0.0483041781423
0.0484621263927
0.0483424950794
0.0506747852733
0.0506537793309
0.0484013322337
0.048522246622
0.0484207228984
0.0483479390254
0.0506605061759
0.0506713523009
0.0483432029245
0.0483864827044
0.0485135735284
0.048415528036
0.0506601326094
0.0505949552574
0.04833424574
0.0484518438271
0.0485593997775
0.0484582802522
0.0505796082824
0.0507265520561
0.0487110172292
0.0486767588717
0.0483084859031
0.0483831223
0.0507502252557
0.0533922009473
0.0466672874105
0.0467671227039
0.0425498866508
0.0426529828969
0.0410483221033
0.0410362902258
0.0425400687588
0.0424568773463
0.0466326290541
0.0466232001154
0.0534292554412
0.0533578918296
0.0466896377877
0.0467033975772
0.0424120385858
0.0423381520263
0.0411007766259
0.0411688660185
0.0425277661534
0.0424995389799
0.0467978996137
0.046766795745
0.0536039114454
0.0535980599043
0.046730054221
0.0467496308996
0.0425635494907
0.0425678874975
0.0411998572206
0.0412290087196
0.0425767097513
0.0425123186382
0.046708758365
0.0467617394084
0.0534663054316
0.0533966510771
0.0466891355296
0.0467765508722
0.0424167292026
0.0424725472364
0.041001149868
0.04097932436
0.0424541315186
0.0424742880694
0.0468990857693
0.0467554626595
0.053391329886
0.0534767954748
0.046663543878
0.0467506134425
0.0425745246773
0.0426129798301
0.041175137644
0.0411177281808
0.0427007817522
0.0426984641
0.0465258994566
0.0465117521009
0.0534047296548
0.0534021122827
0.0466111195585
0.0466740161894
0.0424932162704
0.0425262183423
0.0411428855515
0.0412201615172
0.0425827376821
0.04237060099
0.0466976589884
0.0468062567052
0.053480060186
0.0533850137164
0.0467402895102
0.0468064995059
0.0425299561809
0.0425562681311
0.0411195235047
0.0411698105534
0.0425583635494
0.0424660327792
0.0466494456987
0.046578742453
0.0533943423665
0.070648845808
0.0572109306164
0.0573989008453
0.0473379760552
0.0475576355699
0.041286380881
0.0412783098764
0.0392560804239
0.0392766338871
0.0411426249831
0.0411096512178
0.0474838620691
0.0473150166543
0.057593622811
0.0572004981403
0.0704577785007
0.0705287585209
0.0572603781336
0.0573572884427
0.0474670542693
0.047626654449
0.0412143995619
0.0414055721643
0.039368395046
0.0392175106107
0.0413537780227
0.041255033296
0.0473947239706
0.0473106986315
0.057313816083
0.0570319152887
0.07037523679
0.0532606872491
0.0486856255198
0.0488519520695
0.0465252575194
0.0464217923609
0.0464217923609
0.0463512525559
0.048391659116
0.0529117371525
0.0488282946661
0.0488544615568
0.0465024264179
0.0464937583472
0.04615838966
0.0461886507272
0.0484700091655
0.0484784637984
0.0449351426864
0.0450406774622
0.0435527767743
0.0435251263697
0.0440064268204
0.0440299894788
0.046734478196
0.0484009854858
0.0449791488581
0.0450992723306
0.043417681047
0.0433744542502
0.0439347193715
0.0439840982203
0.0465465060558
0.0485468428582
0.0448373491857
0.0449682185493
0.0435009353319
0.0434630833611
0.043910800804
0.0439491167829
0.0466496414188
0.0484302583309
0.0449942055825
0.0450931254184
0.0434785320417
0.0434442909195
0.0441771217289
0.044130151535
0.0464391259688
0.0485188408971
0.0449736634432
0.0449885573952
0.0434260815006
0.0435240492429
0.0439784119825
0.0438404356645
0.046533533312
0.0485572905855
0.0451805198399
0.0450715799507
0.0434905907209
0.0435980023912
0.0440493260164
0.0440559303954
0.0467188610949
0.0486419268353
0.0448607737366
0.0448920948136
0.0433622999505
0.0433553810328
0.0440505131014
0.0440197817861
0.0465787788081
0.0485080942447
0.0450304626364
0.045102009412
0.0435649072706
0.0435472834974
0.0438881731677
0.044045262336
0.046640546577
0.0483887115193
0.044827328021
0.0449853403399
0.0435217886121
0.0433737665877
0.0439933136511
0.0440291417586
0.0466028209956
0.0484897027857
0.0449748359113
0.0450775731074
0.0435597566482
0.0434925885755
0.0439567335456
0.044029142511
0.0466513477324
0.048560130457
0.0448815045592
0.0450665123845
0.0435587844872
0.043470898691
0.0440613683571
0.0440635135855
0.0465739231357
0.0483937408634
0.0450904103829
0.0451375922486
0.0433607733902
0.043390814823
0.043988695832
0.0439350222516
0.0465957513192
0.0486864501119
0.0449404250564
0.0450134895031
0.0436952067251
0.0436349113555
0.0439459435016
0.0439707249087
0.0464857078843
0.054989830278
0.052666743361
0.0526627460165
0.0530146376013
0.053015250221
0.0562120899451
0.0458722386199
0.0454811399154
0.045476805775
0.0467437856191
0.0460729956645
0.0454608855529
0.045493226243
0.0468289712945
0.0459126344866
0.0454557022001
0.0454742152049
0.046847473331
0.0458684505597
0.0454218582485
0.0454873100711
0.0469014305779
0.0559630623894
0.0548748825602
0.0548691019814
0.0559645584209
0.0559219985896
0.0547520109905
0.0547955647247
0.0561265629181
0.0559482723259
0.0548002087587
0.0549611186203
0.0559434970394
0.0902838436959
0.0852195664416
0.0905465142537
0.085142374042
0.0905330399661
0.0851507928648
0.0905224591262
0.0853483453647
0.090748934013
0.0850904451481
0.0960422028082
0.0694215890736
0.0701299150969
0.0505026736767
0.0962579990416
0.0696001866754
0.0700318451938
0.0505552155964
0.0964402246239
0.0697560425591
0.0702545082966
0.0504705608969
0.0744088132549
0.0604136137679
0.0607734806474
0.0497585218832
0.0497819569171
0.042497622857
0.0426981505864
0.0392111740866
0.0745871346832
0.0604061879384
0.0609166668593
0.0496706489665
0.0499651158034
0.0426936615846
0.0426716464119
0.0391295099222
0.0744860032942
0.0602568532907
0.0605654401247
0.0497279291495
0.050024056208
0.0423692912762
0.0424265961338
0.0394011548054
0.048874113639
0.0406421090681
0.0407866951254
0.0380698632123
0.0381491733724
0.0408782985611
0.0405196213827
0.0487315284595
0.0489490151918
0.0406747558229
0.0407407898948
0.0379737170751
0.0380971655704
0.0408729440767
0.0405807339633
0.0489834536451
0.0489023095441
0.0407744208696
0.0408228389936
0.0380333858965
0.0380995054135
0.0408957446869
0.04079086083
0.048701665395
0.0487468621349
0.0406821903786
0.0409637532643
0.0380939023237
0.0379407948421
0.0407960097742
0.0407373935531
0.0490408865642
0.0488905337872
0.0407398988278
0.0409068939819
0.037864858672
0.0378296345145
0.0408778437451
0.0407911177954
0.0487506115141
0.0488962299774
0.0406524892504
0.0407114988701
0.0380639623956
0.0381590014184
0.0407722877393
0.0405238752435
0.0489398647245
0.0208806977913
0.0227102290224
0.0227699087119
0.0266391522435
0.0266075814196
0.0325372196915
0.0325536858051
0.0399617622828
0.0965965071962
0.0696683884664
0.0701544555463
0.0506698679789
0.0965530760282
0.0697604462034
0.0704228293116
0.0506917201646
0.09645411612
0.0695962745177
0.07034961093
0.0505523427746
0.0919257720528
0.0866015876139
0.0916730728949
0.0862442909922
0.091855450022
0.0861106957817
0.0517415596305
0.0467792918288
0.0467576075628
0.0439262036602
0.0439394208087
0.0437741071182
0.043820653558
0.0463137374976
0.0517761148818
0.046459283787
0.0465366660602
0.0440214625041
0.0439860521302
0.0437860684151
0.0438162118428
0.0462270099942
0.0516797851921
0.0467116970067
0.0466977448519
0.0439575604646
0.0440065816555
0.0438619194889
0.0438489322675
0.0461978792587
0.0519130254247
0.0466175988764
0.0466660207539
0.0439561604869
0.0439087092301
0.0439087092301
0.0438868284113
0.0463754871106
0.0538838923613
0.0479919117925
0.0479916433507
0.0442884456602
0.0443358514608
0.043698458637
0.0437031271679
0.0454614015292
0.0453560478988
0.0498721477079
0.0497625609394
0.0567221132959
0.0539893187353
0.047833604375
0.0477880541244
0.0444306913968
0.0444770560093
0.0434287059818
0.0434922314011
0.0455217166251
0.0454689713761
0.0498643215736
0.049686245798
0.0567425171829
0.0760098672937
0.0604168496241
0.0606925400049
0.0489191456308
0.0492145465005
0.0426447412584
0.0761990588541
0.0603600427808
0.0604196584027
0.0490472094619
0.0492841820415
0.0424642724122
0.076253552673
0.0604030395448
0.0606311742423
0.0491514668042
0.0493075961009
0.0424902241051
0.0763821534293
0.0602944571375
0.0607865306544
0.0491915628995
0.0491464485441
0.0424712304507
0.0757956406794
0.0603242165925
0.060734231118
0.0491179275265
0.049317132553
0.0424783174602
0.0760348208553
0.0603155325662
0.0606721958005
0.0488773481201
0.0490957673608
0.0424366097845
0.0761153652047
0.0601056787001
0.0605657053455
0.0490211687055
0.0492564382594
0.0424976257778
0.0760263608066
0.0602454894038
0.0605250606216
0.049047675238
0.0492652122344
0.0423923518574
0.033480735039
0.0277757750252
0.0278303090757
0.0259053866599
0.0259906835376
0.0279190763502
0.0277805411934
0.0334129417442
0.0514111745878
0.0457703765278
0.0456901093154
0.0435006175732
0.0435655281874
0.044465120918
0.0444069171639
0.0488698974012
0.0488514180552
0.0561343663098
0.0511007410122
0.0457290609378
0.0458425793041
0.0435645085161
0.0434949781038
0.0443960234959
0.0444748371245
0.0489564032456
0.0487383491437
0.055953063741
0.0512518509129
0.0456422508154
0.0457745615326
0.0434936981211
0.0433976132552
0.0443748657829
0.0444392862679
0.0488543641858
0.0486625925018
0.0561665969082
0.0511105112795
0.0455481644663
0.0456604420533
0.0432836107955
0.0432166907832
0.0445467608643
0.0445977139689
0.0488234982923
0.0486375401542
0.0561301410652
0.0511418408668
0.0456266626985
0.0457769103943
0.0434088853491
0.043376149858
0.0444562841227
0.0444237015849
0.0488430338457
0.0487129549915
0.0560581514545
0.0510388014456
0.0455403331564
0.0456491787768
0.0435530594419
0.043641741693
0.0447268794435
0.0445977461678
0.0488668540654
0.0488189414316
0.0562077780961
0.0501831440551
0.0482485538877
0.048417545136
0.0485004439206
0.0484821295453
0.0508033734239
0.0507124875055
0.0551068907488
0.0500381866178
0.0486616440408
0.0485056012178
0.0486008899095
0.0486401466204
0.0507678181922
0.050819389924
0.055020615884
0.0501901603554
0.048178812008
0.0480902885207
0.0484672892114
0.0485133323531
0.0510563805268
0.0509192689706
0.0549370966424
0.0534793501503
0.0510759634907
0.0508918975575
0.0507078855702
0.0508630304789
0.0532852949368
0.0533028802622
0.0509035573339
0.0506893881868
0.0506893881868
0.0508151579821
0.0533439413734
0.0534840087994
0.0507904618482
0.0506698902308
0.0506698902308
0.0508709634222
0.05323014961
0.0532602509499
0.0507924107643
0.0506922913001
0.0509673867316
0.0509208797572
0.053315503205
0.0533095579657
0.050762175766
0.0508808943391
0.0508808943391
0.0507654033028
0.053128649517
0.0531651384274
0.0508545072142
0.0508701238597
0.0508701238597
0.0508027578336
0.0533040114461
0.0533374342043
0.050808160442
0.0508664700318
0.0507243412525
0.0507750766863
0.0534615680793
0.0531681365293
0.050804266563
0.0507881810981
0.0507968713554
0.0509475313386
0.0533144306403
0.0532962921881
0.0507429256646
0.0508229571503
0.0509509576112
0.050828956752
0.053226292927
0.0531578136801
0.0507507888485
0.0508906477779
0.0508980348565
0.0508620712368
0.0532501363519
0.0433048138
0.0429786429084
0.0430050157656
0.0440599227076
0.0432403721336
0.0430861590885
0.0430034477688
0.0441096757753
0.0434341410068
0.0430672950886
0.0429710068098
0.0441488456106
0.0433494504723
0.0429824392456
0.0429899899802
0.0441542130832
0.0480930706391
0.0470233278916
0.0470263942696
0.047161019937
0.0481266591922
0.046760531648
0.0468535874133
0.0472526833682
0.0480303686041
0.0469898612495
0.0470818416829
0.0473327920949
0.0480438607655
0.0468954014163
0.0470106748436
0.0472422259478
0.0480656972591
0.0469658776693
0.0469724479749
0.0471141546751
0.027436683145
0.0268383537126
0.0273755695101
0.0384388821703
0.0346821530798
0.0667965212361
0.0472019283716
0.0365292494687
0.0282060957507
0.0373603368762
0.0281735551937
0.0316116616615
0.033899523389
0.0454118640886
0.0460771153068
0.0513233241324
0.0295375785653
0.0294412962775
0.0630624357046
0.0503314739403
0.0507023493366
0.0354423720037
0.0354984044254
0.018227088584
0.0181553506232
0.0630659230429
0.050277301909
0.0506726739254
0.0354039511178
0.0354827105081
0.0182064588059
0.0181822039162
0.0397463434136
0.0360631634358
0.0556411271565
0.0587221615023
0.0505951488831
0.0529605684378
0.0446681578308
0.0458714809004
0.0425309220274
0.0408137347715
0.0360999016654
0.0346564813455
0.0544065089213
0.0290028033688
0.0289825076943
0.045248897912
0.0285868309235
0.0287170178335
0.0679104007222
0.0540675379156
0.0528942948247
0.0364771693735
0.0365709398293
0.0326516022195
0.03259605883
0.0505938381821
0.0573951011869
0.0384455295223
0.0331031496462
0.0487676092555
0.0431661306582
0.0397134056334
0.0387935720513
0.0345280970008
0.0327536030423
0.051504168193
0.0518292175322
0.0361121397455
0.0360544095084
0.0184581950634
0.018506866165
0.0492937133542
0.0491166341782
0.0343686371893
0.034384534794
0.0177026705612
0.017693914095
0.0175908560337
0.0176504296336
0.0343624840524
0.0344452463121
0.0495058162467
0.0497686624343
0.0192477115523
0.0191857655568
0.0375319915872
0.0375452921483
0.0543510816521
0.0540046218809
0.0426456466829
0.0478985633135
0.0536190284834
0.0438184255251
0.0381479043133
0.0409773453356
0.0480510609716
0.0472279123348
0.0532629237838
0.0579977390184
0.0517427525481
0.0559935051613
0.0457631910464
0.0493031886139
0.0512706497423
0.0560640967242
0.0368808474618
0.0371028501904
0.0728988116055
0.0585132230739
0.06679935812
0.0642361881575
0.0699875248526
0.100671020253
0.0741835168552
0.0382141960075
0.0378634512096
0.049503236523
0.0492952397017
0.0598381398775
0.0383866697696
0.0336492333642
0.0501927860105
0.0560067941191
0.0532718901931
0.0501277509071
0.0341538892588
0.0359011743436
0.0545292516545
0.0280520864821
0.0279110141253
0.0368240160663
0.00688898229059
0.00689700212049
0.013456374586
0.0134494765326
0.00690568933923
0.00689717712184
0.013338979946
0.0133400957362
0.0110544607399
0.0111080291906
0.0215755985548
0.021611236221
0.0111059716594
0.0111016748962
0.021615634099
0.0216260098955
0.0410004308453
0.047764928122
0.0389618480568
0.0492376821677
0.0287582321562
0.0287240027764
0.0266018108782
0.0265717632507
0.0485150930072
0.0578090836201
0.0702410020163
0.0667368589087
0.031000792135
0.0309687879445
0.0309148351362
0.0269178736809
0.0253530528043
0.0253773964533
0.0381735876261
0.0385269752544
0.0804384482197
0.0526583531835
0.026980959073
0.0268777275546
0.0502951231483
0.0499280275897
0.026735294528
0.0278115844613
0.0309049934679
0.0322530357253
0.0409044468059
0.0418336223181
0.0546875378423
0.040752468824
0.0408475844176
0.0744655115036
0.0526885202724
0.0269592703304
0.0268904555651
0.0451111336618
0.0451060523904
0.0384084496726
0.0373881036461
0.0234158802151
0.0226575129703
0.0360983087242
0.0434207513466
0.0424652207135
0.0393438316512
0.0449319001267
0.042498460278
0.0453037490667
0.0420689149076
0.0608667102241
0.0442197474269
0.0556297197998
0.0352419809992
0.0351642635427
0.0592716070307
0.0893172702925
0.0544189680488
0.0545992867536
0.0278746128673
0.0276786837386
0.0317597766916
0.0316753853252
0.0398778600761
0.035326549368
0.0421955531573
0.0422709031013
0.0495198591123
0.0646082784866
0.0368142953892
0.0369343973316
0.0661636518415
0.0518956342769
0.0568864786593
0.0334325682868
0.0356694268807
0.0415658167669
0.0406313451322
0.044728361545
0.0422902594607
0.0571027873488
0.0538823983226
0.0755438344341
0.0193755890104
0.0193797573321
0.0378605117834
0.0382476008725
0.0189786260962
0.0189782094058
0.0369276159161
0.0371456518519
0.0347802390913
0.0346169030533
0.0682623036987
0.0478385926371
0.0475285786054
0.0244926800749
0.0244594543173
0.0466053838226
0.0762450627336
0.0475180431862
0.0750156169107
0.0524190025849
0.0523755855719
0.0269138542297
0.0268750883999
0.022387090147
0.0223855879697
0.0440746671116
0.0224472202789
0.0224536282758
0.0439436567977
0.0438544117878
0.0431023719127
0.0623748774287
0.0602878821033
0.0411503188019
0.029340070829
0.0403638261101
0.0433112407378
0.0434232777004
0.101146612758
0.0793450492186
0.0551465109254
0.0548462893025
0.0281434953453
0.0280906856137
0.0627061388542
0.0528525478714
0.0461627018111
0.0462515269721
0.0733552329728
0.0428295797726
0.0426216359406
0.0448677359803
0.0424289568131
0.0329814557289
0.03306471723
0.0646422861929
0.0648567489645
0.0934605189157
0.0574930537022
0.0502050346703
0.0375825409898
0.0377526870997
0.0748990616029
0.0467884641124
0.0466436031359
0.0829017305971
0.0710311639247
0.0361976041749
0.0360017877334
0.0623676676332
0.0439612846946
0.0413468827392
0.0489284784814
0.0523903177935
0.035368415525
0.0456917445826
0.0555317686554
0.0552199276168
0.0714203267792
0.0449327523
0.043057447811
0.0635101254604
0.0702108054237
0.0359035781643
0.03564238991
0.0569731325824
0.0537300459264
0.0566129173621
0.0416390375549
0.0382930065286
0.0236845052988
0.0236878954954
0.056732445536
0.0363161726576
0.0399254792488
0.0510156101821
0.0261103918536
0.0260380968055
0.0323078384336
0.0324878393364
0.0318636147667
0.0318942963357
0.0623663761573
0.0319208165427
0.0319087009568
0.0682098586441
0.0686032244887
0.0350621584654
0.0350750139487
0.0542797762984
0.0725213094804
0.048687924794
0.0360124885769
0.0576873745936
0.0295570857325
0.0294128290717
0.0260062828851
0.0487773323046
0.0546230380037
0.0395470710451
0.0232702862305
0.0385758079241
0.0644520458868
0.0479547489828
0.0484506089358
0.0396823537419
0.039244939368
0.0418887964258
0.0562457390253
0.0487630709887
0.0396679333467
0.0312640704564
0.0295117356741
0.0241251598648
0.0432550714281
0.0544135554274
0.0381191001927
0.0348847957354
0.0548229191625
0.043327362313
0.0698802910984
0.0578681689619
0.0295289942175
0.0294233255174
0.0463606104953
0.0349935598932
0.0351004776641
0.068464758482
0.0679954828647
0.0396594469956
0.0389493099201
0.040215863173
0.031325339627
0.0318024404134
0.0219401343034
0.0221260298517
0.0113364943876
0.0113580089805
0.0399027712446
0.0358062591176
0.0376419487175
0.0404520279992
0.0920982067306
0.0404156087453
0.0400672824291
0.0245931340825
0.0243605680147
0.0370642996157
0.0350972649006
0.0373115000168
0.0406281754636
0.0618629430455
0.0474352765908
0.0473225135084
0.048676804078
0.075050649241
0.0613890731605
0.0617927691462
0.0314685164569
0.0313254111346
0.0514216747564
0.0514937394471
0.0227247883654
0.0226506761599
0.0447333474351
0.0227566058871
0.0228164885226
0.0433326461747
0.0440862105992
0.042650109443
0.0440612549923
0.0428939140497
0.0440060590999
0.0427833429064
0.0438343596908
0.0431407449576
0.0436927130767
0.0432228310647
0.0433007725104
0.043935127734
0.0444028663039
0.0426403498022
0.0446442616945
0.0429107088586
0.0442725125642
0.0427050768176
0.0445105272548
0.0425377389326
0.0446442616945
0.0426403498022
0.0444028663039
0.0428326942037
0.043935127734
0.0433007725104
0.043285651491
0.0452859763061
0.0425799354156
0.0459580261625
0.0424847176671
0.0457347699076
0.0454984609795
0.0431560940772
0.0437302655663
0.0450438119612
0.0426865352131
0.045879293107
0.0423690654074
0.0457053940909
0.0428876730542
0.0447931279021
0.0437919144906
0.0428841267429
0.0457347699076
0.0424847176671
0.0459580261625
0.0425799354156
0.0452859763061
0.043285651491
0.0436357673131
0.0448501157551
0.0424466077208
0.0453549711498
0.0430663377013
0.0447158134808
0.044064641721
0.0427609514394
0.045588163047
0.0425880368179
0.0443348718731
0.0439923967976
0.0432380501555
0.0452399665478
0.0424765896936
0.0452399665478
0.0432380501555
0.0439923967976
0.0443348718731
0.0425880368179
0.045588163047
0.0427609514394
0.044064641721
0.0447158134808
0.0430663377013
0.0453549711498
0.0424466077208
0.0448501157551
0.0436357673131
0.0416428693806
0.0477182269683
0.0416046797368
0.0416882212261
0.0476915558564
0.0416882212261
0.0416046797368
0.0477182269683
0.0416428693806
0.0416428693806
0.0477182269683
0.0416046797368
0.0416882212261
0.0476915558564
0.0416882212261
0.0416046797368
0.0477182269683
0.0416428693806
0.0366369006809
0.036637113014
0.0366369006809
0.0366369006809
0.036637113014
0.0366369006809
0.0471328486727
0.0674486191408
0.0527598168377
0.0527409812812
0.0561021929652
0.053592788722
0.0663681458533
0.0630542488735
0.0611551538977
0.0401098563448
0.0384689618394
0.031426099933
0.0330486171874
0.0399434866029
0.0461800157319
0.0347661514623
0.0242307765352
0.0363903304327
0.0465761167123
0.0771601870008
0.0424937063105
0.0530307130869
0.0528250965853
0.0434197760013
0.0461151361621
0.0466687406649
0.0508656914064
0.0343250745993
0.0531899902472
0.0432724145097
0.0701405905272
0.0566559222434
0.0646246196991
0.0557093481496
0.0654326925416
0.0614314704386
0.0363430421539
0.0449815422507
0.0516610099834
0.0462870558202
0.0291053192948
0.0372808212524
0.0437889540866
0.0559949918229
0.0486435849702
0.0534646333056
0.0494265365366
0.0626978675714
0.0300116739495
0.0311017160499
0.05015941219
0.0229976654522
0.0216559122701
0.0380341981741
0.0358760282501
0.00470220291459
0.0441442097675
0.0429132933833
0.0441442097675
0.043935127734
0.0433007725104
0.0433007725104
0.043935127734
0.0428326942037
0.0444028663039
0.0450438119612
0.0437302655663
0.0431560940772
0.0454984609795
0.0424300603935
0.0459397212007
0.0424300603935
0.0454984609795
0.0431560940772
0.0437302655663
0.0439923967976
0.0432380501555
0.0452399665478
0.0424765896936
0.0548690155302
0.0528788017215
0.040275054134
0.0547894289462
0.0363344155932
0.0387926297704
0.0347877767039
0.0382057571578
0.0522242088332
0.0339075817886
0.0253974982528
0.0352707738255
0.0528077938968
0.0529006294173
0.0428027090877
0.0606708442087
0.0474119779381
0.0274271412291
0.0298473709898
0.0420378714673
0.0415646535412
0.0664516800954
0.0424937063105
0.0441050787212
0.0301287974702
0.0302563134651
0.0521496087282
0.0491600822721
0.0481773358022
0.0551306955788
0.0763395567776
0.0369358778595
0.0370575001484
0.0345880649249
0.0336566356793
0.0441583278669
0.0192132304741
0.0299228651703
0.00204358961144
0.0477764927579
0.0497061512692
0.0463487981344
0.0505883110264
0.0466121591058
0.0491304985371
0.0483151815271
0.046641440249
0.050552268139
0.0468980021003
0.046840690273
0.0545434847163
0.046840690273
0.0468980021003
0.0405368762117
0.0283691511505
0.0527215059558
0.0533259588615
0.0395561821559
0.0453103653042
0.0436710781553
0.0452630585025
0.0510191445244
0.0532532779554
0.0634133581196
0.0629732504878
0.0566121454306
0.0495145521791
0.0434194211644
0.0293268055284
0.0252999082113
0.0477930136343
0.0515564793988
0.0581641420894
0.0859815593485
0.0493049750355
0.0403991376764
0.0350287997297
0.0414203587261
0.0422336865665
0.0362864795757
0.0358914669525
0.0441256626862
0.118023401412
0.0585404049119
0.0527277145555
0.0532207405435
0.0452859763061
0.0425799354156
0.0452859763061
0.043285651491
0.043285651491
0.043935127734
0.0428326942037
0.0444028663039
0.0428326942037
0.043935127734
0.0433007725104
0.0433007725104
0.0436927130767
0.0431407449576
0.0438343596908
0.0438343596908
0.0431407449576
0.0436927130767
0.0432228310647
0.0432228310647
0.0433326461747
0.0435046434447
0.0428844200322
0.0433326461747
0.0430221494494
0.0430221494494
0.0430427804632
0.0424820238454
0.0429771352
0.0424263412428
0.0430427804632
0.0424684182658
0.0424684182658
0.0424684182658
0.0430427804632
0.0430113212451
0.0424820238454
0.0429771352
0.0424263412428
0.0430427804632
0.0424684182658
0.0430221494494
0.0434301880867
0.0428230317615
0.0435046434447
0.0428844200322
0.0433326461747
0.0430221494494
0.0440612549923
0.0428939140497
0.0440060590999
0.0427833429064
0.0438343596908
0.0431407449576
0.0436927130767
0.0432228310647
0.0425377389326
0.0446442616945
0.0426403498022
0.0444028663039
0.0428326942037
0.043935127734
0.0433007725104
0.037209289015
0.0395444754675
0.0524642795767
0.0510816270175
0.05870924071
0.0612002577793
0.0655891938299
0.034240133849
0.0314853284603
0.0493828285971
0.0474979378921
0.0643068630008
0.0594111033499
0.0432724145097
0.0376741041765
0.0404643271969
0.0549916273354
0.0612447390557
0.0685989917127
0.0578038319232
0.0422068807335
0.0428938267266
0.0535738485644
0.0591926282066
0.0857988935098
0.038074965325
0.0388573930514
0.0514475282472
0.0674769280477
0.0493395686468
0.0402103922917
0.0792041043949
0.0466469153857
0.0638769120183
0.0470474357697
0.0307451622658
0.0651401078234
0.0430592692837
0.053001811245
0.0341640642781
0.0325367201482
0.0345389592851
0.0580527585606
0.094848830769
0.0645243981878
0.0559256064652
0.0644094300316
0.0520718482099
0.0559509118514
0.0427970257261
0.0432115337613
0.0427970257261
0.0435907215615
0.0435907215615
0.0437896725524
0.0424019624074
0.0438141212967
0.0422493328498
0.0439250421542
0.0422439876698
0.0437896725524
0.0427307771518
0.0427307771518
0.0429668636539
0.0431503282519
0.0428645395753
0.0433117500108
0.0429598400399
0.0431460644352
0.0430348458607
0.0431503282519
0.0429668636539
0.0433437690101
0.0433437690101
0.0433142450586
0.0431479168095
0.0431479168095
0.0433188561714
0.0433188561714
0.0431800651343
0.0431800651343
0.0431479168095
0.0431479168095
0.0433142450586
0.0433142450586
0.0433142450586
0.0433437690101
0.0429668636539
0.0431503282519
0.0428645395753
0.0433117500108
0.0429598400399
0.0431460644352
0.0430348458607
0.0428645395753
0.0431503282519
0.0429668636539
0.0433437690101
0.0427307771518
0.0437896725524
0.0424019624074
0.0438141212967
0.0422493328498
0.0439250421542
0.0422439876698
0.0440843658455
0.0438141212967
0.0424019624074
0.0437896725524
0.0427307771518
0.0435907215615
0.0427970257261
0.0432115337613
0.0432984054008
0.0430149669127
0.0434557423823
0.0429158928137
0.0430149669127
0.0432984054008
0.0432115337613
0.0427970257261
0.0435907215615
0.042294642403
0.0444851666289
0.0415555384907
0.0449167640086
0.0414919271787
0.0415555384907
0.0444851666289
0.042294642403
0.0429417142037
0.0429417142037
0.052037187018
0.0542223459148
0.0321871935481
0.0459691900815
0.0606092652736
0.0395015528302
0.0288083746157
0.0323927991998
0.0357494665485
0.036144145169
0.0249035702862
0.0256232615605
0.0534665845201
0.0521662058281
0.0624742381266
0.0595307561266
0.059894214706
0.0540273227104
0.0446311487781
0.0400828849573
0.0359293586013
0.0270989815537
0.0351469371105
0.0548565397674
0.0498324519916
0.0352628693387
0.0406116670429
0.0504809008438
0.0526047134105
0.0568756435041
0.037318688187
0.0380203175092
0.0466556758953
0.051787024818
0.0634524173279
0.0660701310749
0.0384286978377
0.0369593594371
0.0526359569353
0.0522468784953
0.0656593435563
0.0658612851397
0.0421884392962
0.0331100947145
0.0401958042089
0.0427003780604
0.0501722731322
0.0464785607808
0.0437407822204
0.0537816856281
0.0566356790195
0.0534120534524
0.0491931607899
0.0450049994473
0.0672090662839
0.0439024476766
0.0292184211072
0.025953196937
0.0362829439096
0.0388206164493
0.047540446606
0.0519152666491
0.0223494272969
0.0224975364929
0.00845987867821
0.00829521934611
0.0115628302764
0.0116120670856
0.0313969821957
0.0314251950352
0.0651461273389
0.060029883327
0.0532659633725
0.0546302481461
0.0462191373432
0.0459637080641
0.0431944267238
0.0431944267238
0.043272237058
0.043272237058
0.0433411767261
0.0430238572422
0.043140422903
0.0429554505971
0.043073239964
0.0431298044541
0.043133277223
0.0431502672327
0.0431844186716
0.0430206168714
0.0442201854361
0.0422984070061
0.0443006298516
0.0422996749278
0.0442801023316
0.0424929733897
0.0440063400262
0.0426167326469
0.043877139304
0.0426072791199
0.0428916140755
0.0433393665505
0.0427918296875
0.0434344468596
0.0427790984127
0.0431966154924
0.0429087937957
0.043308155964
0.0430008001088
0.0428053927561
0.043260308913
0.0436390975502
0.0427296750631
0.0449167640086
0.0414919271787
0.044809933165
0.0419995772628
0.0426979915921
0.0438903113227
0.0418111002008
0.0447855277071
0.0413368108228
0.0449061010248
0.0416923578849
0.0442718183047
0.0425353139873
0.0421200323599
0.0445381447862
0.0441037224449
0.0415524534294
0.0446911513893
0.0421641928952
0.0437860485771
0.0433004689524
0.0419505724514
0.0447050974443
0.0416932314471
0.043873624363
0.0433485885699
0.0423689682698
0.0444054297947
0.0410716664015
0.0472477188973
0.041183246961
0.0410318729892
0.0470366692698
0.0410318729892
0.041183246961
0.0472477188973
0.0410716664015
0.0362591795274
0.0362582735386
0.0362591795274
0.0433662464712
0.0476233255795
0.0443364782093
0.0504809929577
0.0416118095737
0.061158332057
0.0525172764455
0.0543232323136
0.0493721929126
0.0417676789665
0.0402568130321
0.0584311469552
0.0774275880468
0.0420184404875
0.0503218114936
0.050240342159
0.0675581475767
0.0437388117866
0.048027060872
0.0326644649543
0.032747452191
0.0526854175745
0.0437336780554
0.0434261389027
0.0392862008471
0.0449026631281
0.0398705352485
0.0445569409408
0.0662890910633
0.0432160817868
0.0531154782432
0.0536215959199
0.0699608709208
0.0560734115535
0.065940249465
0.0539841382121
0.0230438057729
0.0226770191328
0.0446707377821
0.0636830052545
0.0546326417927
0.054363068376
0.0607267916224
0.0455908401272
0.0522213102789
0.0451118175759
0.0483174513452
0.0434140361289
0.0418015062109
0.0447724044781
0.0454884267726
0.0445543587767
0.045651372107
0.0447477932417
0.045651372107
0.0445543587767
0.0454884267726
0.0447724044781
0.0455202335067
0.0447830836756
0.0451510132057
0.0453171617023
0.0449114149772
0.045341049351
0.04500779127
0.0453188234926
0.0449840083363
0.0451269747601
0.0451922003475
0.0452067749347
0.0452067749347
0.0451922003475
0.0451269747601
0.0449840083363
0.0453188234926
0.04500779127
0.045341049351
0.0450765655885
0.0452327024038
0.0451293096862
0.045481918366
0.0450322024389
0.0452148579617
0.045077653319
0.045330656856
0.0450379696062
0.0452057652629
0.0450589698867
0.0453854381327
0.0450276233828
0.045335003033
0.0450276233828
0.0453854381327
0.0450589698867
0.0452057652629
0.0450379696062
0.045330656856
0.0453291839326
0.0453291839326
0.0453163553808
0.0453163553808
0.0453364769805
0.0453364769805
0.0453990483821
0.0453990483821
0.0453125815861
0.0453125815861
0.0453568410055
0.0453568410055
0.0453062912298
0.0453062912298
0.0453394944502
0.0453394944502
0.0453065428608
0.0453065428608
0.0453065428608
0.0453065428608
0.0453394944502
0.0453394944502
0.0453062912298
0.0453062912298
0.0453715498688
0.0450584620244
0.0453417521331
0.0450807191824
0.0452420469558
0.0450506825281
0.045267030795
0.0450765655885
0.0452327024038
0.0451293096862
0.045481918366
0.0450322024389
0.0452148579617
0.045077653319
0.045330656856
0.0450379696062
0.0452057652629
0.0450589698867
0.0453854381327
0.0450276233828
0.045335003033
0.0450276233828
0.0453854381327
0.0450589698867
0.0452057652629
0.0450379696062
0.045330656856
0.0454139488483
0.044990213797
0.0454521779704
0.0449373995826
0.0455163741828
0.0448898003421
0.0453320112503
0.0448885209603
0.0454816345463
0.0448649320154
0.0454201318966
0.0451510132057
0.0453171617023
0.0449114149772
0.045341049351
0.04500779127
0.0453188234926
0.0449840083363
0.0451269747601
0.0451922003475
0.0452067749347
0.0452067749347
0.0451922003475
0.0451269747601
0.0449840083363
0.0453188234926
0.04500779127
0.045341049351
0.044641029614
0.0455193632562
0.0447397244879
0.045482879213
0.0448518338142
0.045216664652
0.0448131771246
0.0451459852285
0.0451552325318
0.045015243321
0.045302459856
0.0447683152771
0.0454784355602
0.0447830836756
0.0455202335067
0.0447724044781
0.0454884267726
0.0445543587767
0.045651372107
0.0447477932417
0.045651372107
0.0445543587767
0.0454884267726
0.0447724044781
0.0455202335067
0.0447830836756
0.0449293526133
0.0449293526133
0.0455796289723
0.0446176273854
0.0456608692044
0.0444563904658
0.0460099686209
0.0444365958417
0.0458888189432
0.0444365958417
0.0460099686209
0.0444563904658
0.0456608692044
0.0446176273854
0.0455796289723
0.0449293526133
0.0449293526133
0.0455796289723
0.0446176273854
0.0456608692044
0.0444563904658
0.0444830017422
0.0470901486938
0.0441878985244
0.0471039033733
0.0446134029749
0.0466785517877
0.04488846569
0.0453330453422
0.0464472977066
0.0445119933529
0.0467722090669
0.0444012828306
0.0472668484247
0.0444012828306
0.0467722090669
0.0445119933529
0.04475676288
0.0470692444039
0.0447948537083
0.0465935598715
0.0454313182342
0.0459941944027
0.0461871627484
0.0448493129295
0.0470317321736
0.0448133317329
0.0470317321736
0.0448493129295
0.04479814622
0.0448697321086
0.0486048514605
0.0436154094272
0.048559949099
0.0448621945991
0.0448621945991
0.0447558225737
0.0692649800765
0.0474270221077
0.0439646545079
0.037509705714
0.0287803375458
0.0281904380996
0.0392386678864
0.04133778012
0.0528381203299
0.0439546540027
0.0433469457056
0.0505574836894
0.0458928858839
0.0401401131227
0.0441026177171
0.0570264940422
0.0673062940296
0.0601465432091
0.0610898367488
0.0411967409421
0.0375842919615
0.0422322556999
0.0419168030329
0.066576903927
0.0711885021949
0.0569215335484
0.055185530359
0.0579032904074
0.0548661732218
0.0549361702296
0.0500532811262
0.0482010794226
0.0407724794715
0.0379872676136
0.0278328705221
0.0245417081414
0.0382249331556
0.0567833755623
0.0473561410194
0.0385779558751
0.0293202273866
0.039284536627
0.0576719837009
0.043988258189
0.0382488094259
0.043556541406
0.0685296343489
0.0542393564121
0.0484454765071
0.0355848371431
0.0381417054515
0.0511892227134
0.0330003409073
0.0289342198962
0.0321184723329
0.0300677658964
0.0348020614332
0.0412612904488
0.0438499368928
0.0437904035891
0.0481693942717
0.0648353475448
0.06905163947
0.0503310069838
0.0514499034207
0.0512896389829
0.0558163112249
0.061852543634
0.0364869474333
0.0307315986771
0.0432050491147
0.0458215532146
0.0447558225737
0.0448697321086
0.0486048514605
0.0436154094272
0.048559949099
0.0448621945991
0.0448621945991
0.0465935598715
0.0454313182342
0.0459941944027
0.0461871627484
0.0448493129295
0.0470317321736
0.0448133317329
0.0470317321736
0.0448493129295
0.0453330453422
0.0464472977066
0.0445119933529
0.0467722090669
0.0444012828306
0.0472668484247
0.0444012828306
0.0467722090669
0.0445119933529
0.0460099686209
0.0444563904658
0.0456608692044
0.0446176273854
0.0455796289723
0.0449293526133
0.0449293526133
0.0455796289723
0.0446176273854
0.0456608692044
0.0444563904658
0.0447830836756
0.0455202335067
0.0447724044781
0.0454884267726
0.0445543587767
0.045651372107
0.0447477932417
0.045651372107
0.0445543587767
0.0454884267726
0.0447724044781
0.0455202335067
0.0447830836756
0.045341049351
0.04500779127
0.0453188234926
0.0449840083363
0.0451269747601
0.0451922003475
0.0452067749347
0.0452067749347
0.0451922003475
0.0451269747601
0.0449840083363
0.0453188234926
0.04500779127
0.045341049351
0.0449114149772
0.0453171617023
0.045330656856
0.0450379696062
0.0452057652629
0.0450589698867
0.0453854381327
0.0450276233828
0.045335003033
0.0450276233828
0.0453854381327
0.0450589698867
0.0452057652629
0.0450379696062
0.045330656856
0.045077653319
0.0452148579617
0.0450322024389
0.0453062912298
0.0453062912298
0.0453394944502
0.0453394944502
0.0453065428608
0.0453065428608
0.0453065428608
0.0453065428608
0.0453394944502
0.0453394944502
0.0453062912298
0.0453062912298
0.0453568410055
0.0453568410055
0.0453125815861
0.0453125815861
0.0453990483821
0.0453990483821
0.045330656856
0.0450379696062
0.0452057652629
0.0450589698867
0.0453854381327
0.0450276233828
0.045335003033
0.0450276233828
0.0453854381327
0.0450589698867
0.0452057652629
0.0450379696062
0.045330656856
0.045077653319
0.0452148579617
0.0450322024389
0.045481918366
0.0451293096862
0.0452327024038
0.045341049351
0.04500779127
0.0453188234926
0.0449840083363
0.0451269747601
0.0451922003475
0.0452067749347
0.0452067749347
0.0451922003475
0.0451269747601
0.0449840083363
0.0453188234926
0.04500779127
0.045341049351
0.0449114149772
0.0453171617023
0.0451510132057
0.0454201318966
0.0448649320154
0.0454816345463
0.0447830836756
0.0455202335067
0.0447724044781
0.0454884267726
0.0445543587767
0.045651372107
0.0447477932417
0.045651372107
0.0445543587767
0.0454884267726
0.0447724044781
0.0455202335067
0.0447830836756
0.0454784355602
0.0447683152771
0.045302459856
0.045015243321
0.0451552325318
0.0451459852285
0.0444563904658
0.0456608692044
0.0446176273854
0.0455796289723
0.0449293526133
0.0449293526133
0.0455796289723
0.0446176273854
0.0456608692044
0.0444563904658
0.0460099686209
0.0444365958417
0.0458888189432
0.0444365958417
0.0460099686209
0.0444563904658
0.0445119933529
0.0467722090669
0.0444012828306
0.0472668484247
0.0444012828306
0.0467722090669
0.0445119933529
0.0464472977066
0.0453330453422
0.04488846569
0.0466785517877
0.0446134029749
0.0448493129295
0.0470317321736
0.0448133317329
0.0470317321736
0.0448493129295
0.0461871627484
0.0459941944027
0.0454313182342
0.0448621945991
0.0448621945991
0.048559949099
0.0436154094272
0.0570813451773
0.0761982209438
0.0762974982159
0.0556088663119
0.0603251996764
0.0455104809055
0.0497526460427
0.0484625859865
0.054086335534
0.063854578115
0.0693586047005
0.0742042302854
0.0591391272953
0.0675449819953
0.0561327639619
0.0447632871894
0.0308317586913
0.0298080451556
0.0664307895238
0.0648145502742
0.0505527666923
0.0309818731237
0.030395265869
0.0759695481295
0.0454744839965
0.0600603459197
0.0744170782684
0.0628505313661
0.0511215084994
0.0476271454609
0.0384661063665
0.0482605016421
0.0454677633879
0.045696617766
0.0647160587741
0.0542065697979
0.0359541512589
0.0573286541378
0.0651979740866
0.0766723684322
0.064845456886
0.0596118676649
0.0319976046213
0.0441538691396
0.0777229837307
0.0455053337203
0.0661537063909
0.0618312683397
0.0629024849926
0.033920974249
0.0358696437953
0.0302520752387
0.0327325331284
0.0542293807958
0.0503828872734
0.055448530472
0.0437286079815
0.0313072843441
0.0280170303387
0.0325301386717
0.0398028545553
0.0323885714643
0.0377555033273
0.0437498537712
0.040709638613
0.0349578613333
0.0321843291293
0.0293768287261
0.0392583741385
0.0472364267012
0.0464487187875
0.0710488571689
0.0520554769165
0.0560127581628
0.0550083020484
0.0471209314795
0.0229828932904
0.0344587947772
0.0541426785909
0.0512275865233
0.0829595683827
0.0573929720502
0.033020565887
0.0326775283108
0.0358129082315
0.0439557093846
0.0442743377985
0.0443474558853
0.0440311467884
0.0440662858657
0.0441023691966
0.043958952231
0.0442546042266
0.0433530329764
0.0460811181749
0.043345358601
0.0460479258599
0.043463234489
0.0457838383821
0.0438423494153
0.0440490130451
0.0453529022225
0.043621469072
0.045834445355
0.0446234684611
0.0442455822654
0.045124181156
0.045124181156
0.0442455822654
0.0446234684611
0.0448387123867
0.0444721302644
0.0448826616969
0.0443953302725
0.0448826616969
0.0444721302644
0.0448387123867
0.0446234684611
0.0458692447643
0.0490621667505
0.0523918885062
0.0495775718319
0.0834138949741
0.0583393839036
0.0580569418588
0.0703047914299
0.0852558837207
0.0927515613521
0.0433519002352
0.0448599976148
0.0917825520306
0.0623102423864
0.0431929562226
0.0644001117041
0.0897832350804
0.0750574939713
0.0644567899682
0.054420983398
0.0444136102338
0.0389122319779
0.0301435899902
0.0289492966624
0.0485189169397
0.0647350071831
0.043569599433
0.043699561265
0.0621617699816
0.0537882507105
0.0545072858754
0.0457105593326
0.0401819349086
0.0387185378985
0.0416628215199
0.0772393372204
0.0558410959353
0.084289815488
0.0594979579145
0.0561683335697
0.0610961247544
0.028632722932
0.0308705605148
0.0536556443093
0.0854509588741
0.045867901369
0.0461891677804
0.0441658207781
0.045867901369
0.0445319054162
0.0445319054162
0.0445319054162
0.0461891677804
0.0441658207781
0.045867901369
0.0445319054162
0.0439248990466
0.05101228504
0.0446566131721
0.0337621081984
0.0295421191183
0.0427258275988
0.0606038109363
0.0656942771689
0.0332819864116
0.0355379303562
0.0403562865177
0.0180221458836
0.0376944925155
0.0421682920006
0.0578030280651
0.0544306167772
0.050879337933
0.0493092183217
0.0396353872537
0.0437171381812
0.0599986254801
0.0474607670871
0.04681006834
0.0481598852288
0.0258499689893
0.0257924291363
0.0362286198295
0.0351795600776
0.0771503886575
0.0497828319127
0.0309790442154
0.0660291329717
0.0877961979658
0.114141022663
0.0833939441806
0.0547567434203
0.0624656281686
0.0448718268711
0.118344563077
0.0750123108646
0.0366369006809
0.036637113014
0.0366369006809
0.0477182269683
0.0477182269683
0.0416428693806
0.0416428693806
0.0448501157551
0.0448501157551
0.0436357673131
0.0436357673131
0.0452859763061
0.0452859763061
0.043285651491
0.043285651491
0.043935127734
0.0252471979534
0.0361662062428
0.0351962826517
0.0446615812892
0.0461342849815
0.0343888994699
0.0443992059022
0.0578438738113
0.0446372791229
0.0407771389231
0.0285895915719
0.0264009464414
0.0470020241293
0.0589273155676
0.063322087507
0.0513311391677
0.0450174751069
0.0488278660193
0.0620300747299
0.0539362969159
0.0526349552769
0.0635078047015
0.0474486671256
0.0508292717511
0.0444518019432
0.0471510370273
0.0431097796416
0.0360290056309
0.0329523675932
0.0519803322108
0.0401468988186
0.030304248877
0.0269219001233
0.0411314980277
0.0464524848232
0.0444477286821
0.0470659657927
0.0444477286821
0.0464524848232
0.045206910412
0.045206910412
0.0455796289723
0.0446176273854
0.0456608692044
0.0444563904658
0.0460099686209
0.0444365958417
0.0456608692044
0.0446176273854
0.0455796289723
0.0449293526133
0.0449293526133
0.0452445195272
0.0449862086116
0.0453137106349
0.0448472267816
0.0454878666514
0.0446971041679
0.0456384205906
0.0447055785417
0.0453137106349
0.0449862086116
0.0452445195272
0.0449991277582
0.0449991277582
0.0452754308483
0.044963997473
0.0453186702695
0.0450706626449
0.0453139402502
0.0449634747768
0.0454331645552
0.0449796228475
0.0452983497216
0.0449340239963
0.0451256855294
0.0451753119358
0.0452553768877
0.04509593202
0.0452157788388
0.0451947590186
0.0452790301878
0.045117009902
0.0452760326497
0.0450896767398
0.0453125815861
0.0453990483821
0.0453990483821
0.0453364769805
0.0453364769805
0.0453163553808
0.0453163553808
0.0450896767398
0.0451143073481
0.0482791446823
0.0465016511777
0.0356849134649
0.033397939798
0.0545827780303
0.0410211926204
0.0431196565385
0.0297999943163
0.0295455151842
0.0559416717662
0.0592364678471
0.0481563967246
0.0386978968162
0.0290748083743
0.0353522794527
0.0580056124138
0.0425315885078
0.0344326888436
0.0441558280298
0.0534072598085
0.0589301032601
0.0605216790002
0.0645402088333
0.0504243459923
0.0470920258138
0.0473015893602
0.0460691293411
0.0693982025614
0.0564008174187
0.0606831178912
0.0396353283322
0.0350858364159
0.0423520974363
0.0434844301561
0.0521783799217
0.0599542725333
0.0695639659055
0.0447442014679
0.0472647119662
0.028938367974
0.0284005398716
0.0570723129043
0.0749210254685
0.0376479881567
0.037771934141
0.0496151510226
0.0561501226624
0.052770973873
0.0453417231311
0.0326525010719
0.0395765081867
0.0401392113805
0.046530695495
0.0503249315946
0.0418151345508
0.0592325079095
0.0441224718709
0.0451163109751
0.0442566234845
0.0443381765553
0.0468289285939
0.0568244485345
0.0570720374111
0.0678670313057
0.0578558320396
0.0440195232709
0.0394129686429
0.0529109465257
0.048891744725
0.0634940521703
0.0625620692912
0.0463508769928
0.0462471486959
0.0541620639216
0.051904409803
0.0607372820432
0.0675147026432
0.046712833903
0.0446606999889
0.0514300453918
0.0391800730602
0.0391798736598
0.0391800730602
0.0391800730602
0.0391798736598
0.0391800730602
0.051111241425
0.0447558225737
0.0446730428111
0.0510220540551
0.0446730428111
0.0447558225737
0.051111241425
0.0446778791909
0.0446778791909
0.051111241425
0.0447558225737
0.0446730428111
0.0510220540551
0.0446730428111
0.0447558225737
0.051111241425
0.0446778791909
0.0446778791909
0.048559949099
0.0436154094272
0.0486048514605
0.0448697321086
0.04479814622
0.0485645705891
0.0437144348013
0.0485645705891
0.04479814622
0.0448697321086
0.0486048514605
0.0436154094272
0.048559949099
0.0448621945991
0.0448621945991
0.048559949099
0.0436154094272
0.0486048514605
0.0448697321086
0.04479814622
0.0485645705891
0.0437144348013
0.0485645705891
0.04479814622
0.0448697321086
0.0486048514605
0.0436154094272
0.048559949099
0.0448621945991
0.0448621945991
0.0464142221361
0.0448684727844
0.0470349294302
0.0446683186638
0.046978848448
0.0451961949062
0.0458680542262
0.0461038821278
0.0452239318558
0.0468815485452
0.04475676288
0.0470692444039
0.0447948537083
0.0465935598715
0.0454313182342
0.0459941944027
0.0461871627484
0.0448493129295
0.0470317321736
0.0448133317329
0.0470317321736
0.0448493129295
0.0461871627484
0.0459941944027
0.0454313182342
0.0465935598715
0.0447948537083
0.0470692444039
0.04475676288
0.0468815485452
0.0452239318558
0.0461038821278
0.0458680542262
0.0451961949062
0.046978848448
0.0446683186638
0.0470349294302
0.0448684727844
0.0464142221361
0.0456086969256
0.0456086969256
0.0464524848232
0.0444477286821
0.0470659657927
0.0444432154552
0.0471147668571
0.0442714681934
0.0469420035789
0.0448169446192
0.0461496930434
0.045264104995
0.0448866993691
0.046693981882
0.0444830017422
0.0470901486938
0.0441878985244
0.0471039033733
0.0446134029749
0.0466785517877
0.04488846569
0.0453330453422
0.0464472977066
0.0445119933529
0.0467722090669
0.0444012828306
0.0472668484247
0.0444012828306
0.0467722090669
0.0445119933529
0.0464472977066
0.0453330453422
0.04488846569
0.0466785517877
0.0446134029749
0.0471039033733
0.0441878985244
0.0470901486938
0.0444830017422
0.046693981882
0.0448866993691
0.045264104995
0.0461496930434
0.0448169446192
0.0469420035789
0.0442714681934
0.0471147668571
0.0444432154552
0.0470659657927
0.0444477286821
0.0464524848232
0.045206910412
0.045206910412
0.0455796289723
0.0446176273854
0.0456608692044
0.0444563904658
0.0460099686209
0.0444365958417
0.0458888189432
0.0444365958417
0.0460099686209
0.0444563904658
0.0456608692044
0.0446176273854
0.0455796289723
0.0449293526133
0.0449293526133
0.0455796289723
0.0446176273854
0.0456608692044
0.0444563904658
0.0460099686209
0.0444365958417
0.0458888189432
0.0444365958417
0.0460099686209
0.0444563904658
0.0456608692044
0.0446176273854
0.0455796289723
0.0449293526133
0.0449293526133
0.0455796289723
0.0446176273854
0.0456608692044
0.0444563904658
0.0460099686209
0.0444365958417
0.0458888189432
0.0444365958417
0.0460099686209
0.0444563904658
0.0456608692044
0.0446176273854
0.0455796289723
0.0449293526133
0.0458888189432
0.0444365958417
0.0460099686209
0.0444563904658
0.0456608692044
0.0446176273854
0.0455796289723
0.0449293526133
0.0449293526133
0.0452445195272
0.0449862086116
0.0453137106349
0.0448472267816
0.0454878666514
0.0446971041679
0.0456384205906
0.0447055785417
0.045666983106
0.044528839899
0.0456363151695
0.0447683239467
0.0455519955353
0.044641029614
0.0455193632562
0.0447397244879
0.045482879213
0.0448518338142
0.045216664652
0.0448131771246
0.0451459852285
0.0451552325318
0.045015243321
0.045302459856
0.0447683152771
0.0454784355602
0.0447830836756
0.0455202335067
0.0447724044781
0.0454884267726
0.0445543587767
0.045651372107
0.0447477932417
0.045651372107
0.0445543587767
0.0454884267726
0.0447724044781
0.0455202335067
0.0447830836756
0.0454784355602
0.0447683152771
0.045302459856
0.045015243321
0.0451552325318
0.0451459852285
0.0448131771246
0.045216664652
0.0453186702695
0.0450706626449
0.0453139402502
0.0449634747768
0.0454331645552
0.0449796228475
0.0452983497216
0.0449340239963
0.0455341508541
0.0447344165436
0.0454139488483
0.044990213797
0.0454521779704
0.0449373995826
0.0455163741828
0.0448898003421
0.0453320112503
0.0448885209603
0.0454816345463
0.0448649320154
0.0454201318966
0.0451510132057
0.0453171617023
0.0449114149772
0.045341049351
0.04500779127
0.0453188234926
0.0449840083363
0.0451269747601
0.0451922003475
0.0452067749347
0.0452067749347
0.0451922003475
0.0451269747601
0.0449840083363
0.0453188234926
0.04500779127
0.045341049351
0.0449114149772
0.0453171617023
0.0451510132057
0.0454201318966
0.0452553768877
0.04509593202
0.0452157788388
0.0451947590186
0.0452790301878
0.045117009902
0.0452760326497
0.0450896767398
0.0451143073481
0.0451029822739
0.0453715498688
0.0450584620244
0.0453417521331
0.0450807191824
0.0452420469558
0.0450506825281
0.045267030795
0.0450765655885
0.0452327024038
0.0451293096862
0.045481918366
0.0450322024389
0.0452148579617
0.045077653319
0.045330656856
0.0450379696062
0.0452057652629
0.0450589698867
0.0453854381327
0.0453990483821
0.0453990483821
0.0453364769805
0.0453364769805
0.0453163553808
0.0453163553808
0.0453291839326
0.0453291839326
0.0453
0.0453
0.0453291839326
0.0453291839326
0.0453163553808
0.0453163553808
0.0453364769805
0.0453364769805
0.0453990483821
0.0453990483821
0.0453125815861
0.0453125815861
0.0450896767398
0.0451143073481
0.0451029822739
0.0453715498688
0.0450584620244
0.0453417521331
0.0450807191824
0.0452420469558
0.0450506825281
0.045267030795
0.0450765655885
0.0547614927184
0.0603625928266
0.0435277678557
0.0404467649695
0.0252666778188
0.0251596947517
0.059583472163
0.0453568410055
0.0498072149016
0.0365347917231
0.0347037123122
0.0237251850204
0.0235872641589
0.0585859881371
0.0571135710668
0.0554727915739
0.0503056718199
0.0499922486042
0.0466839753877
0.0478667356209
0.0468075235299
0.0488811527329
0.0501555925695
0.0534020930208
0.0573386884246
0.0521294737936
0.0415002025417
0.059861400134
0.073752348388
0.0385121884083
0.0268609990321
0.0312820535211
0.052421454687
0.0362957991991
0.0358217523231
0.0794087478777
0.045128276496
0.061967466083
0.0668761475659
0.0618734367984
0.0763232237609
0.0413433991406
0.0404606606317
0.0514734114859
0.0488273073034
0.0448058331526
0.0471829735206
0.0449684053225
0.0521966700015
0.0520835568486
0.0638032310781
0.0567280966453
0.0353362243314
0.0392531090488
0.0576606255277
0.0553894414013
0.0399956484571
0.0427771429212
0.0290251821872
0.0306118804551
0.0510661372144
0.0252083125724
0.0251229542899
0.0522367771067
0.0649028077513
0.0529213318615
0.0453417231311
0.0315431951219
0.0336200776657
0.0428964544281
0.0440736831369
0.0521295150898
0.0518165535061
0.0520591824561
0.0633620468498
0.05405201274
0.0358263081129
0.0342763072617
0.0361801827663
0.036179552236
0.0361801827663
0.0361801827663
0.036179552236
0.0361801827663
0.0472045477576
0.0412309833014
0.0411869500692
0.0470483502793
0.0411869500692
0.0412309833014
0.0472045477576
0.0412601817737
0.0412601817737
0.0472045477576
0.0412309833014
0.0411869500692
0.0470483502793
0.0411869500692
0.0412309833014
0.0472045477576
0.0412601817737
0.0412601817737
0.0447853873043
0.0401971659449
0.0447325749762
0.0411461175204
0.041192044511
0.0447249176187
0.040057890908
0.0447249176187
0.041192044511
0.0411461175204
0.0447325749762
0.0401971659449
0.0447853873043
0.0412813177115
0.0412813177115
0.0447853873043
0.0401971659449
0.0447325749762
0.0411461175204
0.041192044511
0.0447249176187
0.040057890908
0.0447249176187
0.041192044511
0.0411461175204
0.0447325749762
0.0401971659449
0.0447853873043
0.0412813177115
0.0412813177115
0.0422362712636
0.0422127009945
0.0414017695878
0.0428542161286
0.0409798516713
0.0432929858869
0.0410458755053
0.042806783049
0.0415377259368
0.0421029411562
0.0424084836
0.0411252071028
0.0431129860367
0.040776980332
0.0431129860367
0.0411252071028
0.0424084836
0.0421029411562
0.0415377259368
0.042806783049
0.0410458755053
0.0432929858869
0.0409798516713
0.0428542161286
0.0414017695878
0.0422127009945
0.0422362712636
0.0414242546946
0.0430446707996
0.040823781773
0.0432784499636
0.0431388692191
0.0421557367063
0.042852772737
0.0423540290321
0.0430120185995
0.0421401533576
0.0423540290321
0.042852772737
0.0421557367063
0.0431388692191
0.0420048739731
0.0430750718398
0.0419218007873
0.0430070732555
0.0420975177831
0.0427059116926
0.0425230304835
0.0427917650197
0.0424242633996
0.0423511642874
0.0428304121099
0.0419914217013
0.0432466243076
0.0423294262659
0.0429092814202
0.0418495369807
0.0431256523023
0.0416449674841
0.0434305263438
0.0415716343617
0.0436050000287
0.0415853923211
0.043482113015
0.0416309062146
0.0433623757018
0.0417654790886
0.0431443146834
0.042061322566
0.042226211226
0.0429673669254
0.041882475088
0.0432822704898
0.0416237936342
0.04339170979
0.0414831483256
0.0423898120779
0.0430481021184
0.0423011292698
0.0428207214734
0.0423395892458
0.0427688256795
0.0424840940294
0.0427573662513
0.0425970451645
0.0425595825314
0.0426129243569
0.0426147417627
0.0426310938928
0.0426775566106
0.0426888168025
0.0425251194707
0.0427044522357
0.0426391800461
0.0427010092299
0.042561027998
0.0425720036233
0.0431562653157
0.0424576544924
0.0431309729197
0.0424000350118
0.0432205185647
0.0422667148031
0.0432648356781
0.0423949974909
0.0431221854995
0.042233710339
0.0432453637862
0.0422968539285
0.0433793686561
0.0423136046207
0.0432230012956
0.0422681182926
0.0433251935945
0.0425413454683
0.0418406867803
0.0424869529268
0.0417577402436
0.0423951981361
0.0418461192944
0.0425847038765
0.0417717282501
0.042459664636
0.0418503563695
0.0425020977482
0.041841301366
0.0425157199663
0.0417341632748
0.0424652110321
0.0418406867803
0.0424869529268
0.0417577402436
0.0423951981361
0.0418461192944
0.0425847038765
0.0417717282501
0.042459664636
0.0418503563695
0.0425020977482
0.041841301366
0.0425157199663
0.0417341632748
0.0424000350118
0.0432205185647
0.0422667148031
0.0432648356781
0.0423949974909
0.0431221854995
0.042233710339
0.0432453637862
0.0422968539285
0.0433793686561
0.0423136046207
0.0432230012956
0.0427573662513
0.0425970451645
0.0425595825314
0.0426129243569
0.0426147417627
0.0426310938928
0.0426775566106
0.0509490630409
0.0551796909107
0.038954940919
0.0426786615301
0.054395435553
0.0562404975174
0.100106157854
0.06447346282
0.0597934356263
0.0681135756678
0.0553715710654
0.0413562514561
0.06295223417
0.0735928337136
0.0430744376777
0.0467656477182
0.0615796135097
0.0602698593328
0.0401828230249
0.0314298078144
0.0735097996885
0.0327855066912
0.0351612720049
0.0773651293607
0.0654939469054
0.0691489106747
0.0836395422064
0.040221406791
0.0319065687751
0.0317994026831
0.0408034238422
0.0525435631096
0.0435303847904
0.0593467600211
0.0663276211167
0.06187635467
0.0576450827825
0.0577492277719
0.0574868056601
0.0597222892855
0.0277376452182
0.0280583665464
0.0423036441574
0.0472754908383
0.0645001591781
0.0423393453717
0.0438445135222
0.0606688310296
0.0462095555594
0.0633766147644
0.0539895772951
0.0552165294862
0.0468857260022
0.0515412489711
0.0461574233087
0.0405452535138
0.0310129943975
0.0304691457297
0.073820473146
0.0434606770541
0.0560017591465
0.0670666748728
0.0591838474459
0.0629381474406
0.0508108763578
0.0520512387965
0.0348586877586
0.0351797656118
0.0430735669117
0.0222378090816
0.0235045539311
0.0401312673548
0.0382772171859
0.0385090053884
0.0325428916547
0.0320213546286
0.0356557564602
0.0551941650177
0.0540288967683
0.0231713440266
0.0238333770582
0.0481738517559
0.0660285553397
0.0746567335426
0.0690817517511
0.0506794969021
0.036170408831
0.0220452578688
0.0242558398741
0.0289342254346
0.0208226877828
0.0219063213993
0.046096250661
0.0435137651439
0.0231925429233
0.0231925429233
0.0138494770908
0.0138494770908
0.0138494770908
0.0175604715056
0.0175604715056
0.0276671806941
0.0106710639194
0.0106710639194
0.0053355319597
0.0053355319597
0.0053355319597
0.00692473854538
0.00692473854538
0.0355753520318
0.0355753520318
0.0136115228007
0.0230552438843
0.00680576140033
0.00680576140033
0.00340288070017
0.00340288070017
0.00340288070017
0.00340288070017
0.0115276219421
0.0115276219421
0.00691679517354
0.00266776597985
0.00266776597985
0.00680576140033
0.00680576140033
0.00345839758677
0.00345839758677
0.00345839758677
0.00345839758677
0.00345839758677
0.00345839758677
