0.137680937958
0.160652920872
0.137681413513
0.139268866217
0.137567773309
0.160437313951
0.139226564875
0.137608698238
0.13936455385
0.165308991147
0.139233370276
0.139285872405
0.139347785212
0.165363879689
0.139285243041
0.139284945611
0.137468788818
0.160375271122
0.139272779504
0.137541158062
0.139232355631
0.165308798639
0.139285854485
0.139365839414
0.139298127859
0.165306237571
0.139289566392
0.139367828179
0.137441972329
0.155112204135
0.135429305082
0.137343237278
0.139365239443
0.165308155859
0.13923238686
0.139285384997
0.139232545205
0.165306200662
0.139364595536
0.139284734119
0.139231822465
0.165308375404
0.139366232263
0.139285695459
0.139280846062
0.165358241545
0.139280294322
0.139280744389
0.139280727094
0.165359048472
0.139280884482
0.139280779009
0.137535804876
0.160441982625
0.137536769093
0.139258974015
0.139314460096
0.165248903927
0.139315609008
0.1392892939
0.13541578139
0.155156094691
0.137436908639
0.137397735106
0.137562728407
0.160440876438
0.137616626337
0.13922584623
0.0750759124687
0.0750691749887
0.0460397934924
0.0454162927134
0.0458992439037
0.0460365041886
0.0749176860689
0.0750865350807
0.0750829604131
0.0749183900617
0.0750933134245
0.0749536036987
0.0460143589103
0.0454005510824
0.045973030064
0.0459309461773
0.0749971299397
0.075014438448
0.0749538589991
0.0749928359177
0.0749597947256
0.0750884069246
0.0459337746094
0.0454006912548
0.0459755571793
0.0460093233396
0.0749917562319
0.0749580914745
0.0750034387074
0.075003838763
