0.130951428111
0.138958719989
0.133996996339
0.132580196618
0.132525345367
0.138751853459
0.133813098127
0.130945586972
0.136001376895
0.150801438736
0.134142262137
0.13741226268
0.134894052976
0.140373463322
0.129704585108
0.134762226691
0.139538530015
0.155862717707
0.135953864565
0.136114463051
0.137672614778
0.160211566481
0.139396885941
0.137770213885
0.139043880705
0.159956833778
0.137842703096
0.137665076727
0.135971398101
0.147195705506
0.136154957575
0.132388054565
0.134958147548
0.152784797402
0.135028502063
0.139338939193
0.129411027655
0.13540919133
0.132594276851
0.132309622455
0.131124044287
0.143961004061
0.134883190599
0.136194001529
0.0800904517149
0.0800366871611
0.050207163742
0.0455058860412
0.0458273911655
0.0501742454386
0.0746073913736
0.0798133277307
0.0798040706925
0.0746056042318
0.080285748668
0.0801630632832
0.0505811763377
0.0458177242796
0.0506321369873
0.0505531382456
0.0800555982501
0.0798827847102
0.0798697831779
0.0800184951958
0.0801641904607
0.0801841717184
0.0505296082753
0.04579432521
0.0506998232975
0.050473611572
0.0801864169104
0.079943326534
0.0797972474908
0.0802221366584
0.072454727769
0.0768504516397
0.0432325368284
0.0440560731735
0.0467931439974
0.0468801226329
0.0767672122931
0.0724483807466
0.0777015512809
0.0775746502714
0.0778323632443
0.0776120422479
0.0483773880691
0.0454691059247
0.0484063203218
0.0483168410495
0.0778365069918
0.0777616878477
0.0778941490022
0.0778562351732
0.0747525872174
0.0777081495587
0.0457908101193
0.0453691769273
0.0482296221512
0.0482511731728
0.0775550096613
0.0747182958704
0.0776931825769
0.0777683055869
0.0748633834106
0.0721515748562
0.0457291497554
0.0452612977212
0.0456851903162
0.0434258086695
0.0749514248344
0.0749967661014
0.0721138647585
0.0747548673839
0.0722450702521
0.0749044064141
0.0421936162929
0.0438268079856
0.0424072998618
0.0443559559574
0.0715082068571
0.0711689524692
0.0739705605589
0.0716992992115
0.0750495194059
0.0750104575492
0.0458756412986
0.0453184694735
0.0458865774045
0.0458261502629
0.0749853080439
0.0750392391611
0.0750035904473
0.0751450336571
