0.223026311346
0.618366243086
0.544304115388
0.557754943776
0.510098167503
0.566664912531
0.500253859635
0.597783936647
0.525394585094
0.256215405329
0.882711298996
0.888780691898
1.10351851114
0.959761597302
1.1229737973
1.00842243977
0.948980412654
0.980829101009
1.08091151389
1.23995613048
1.10979646804
1.0512744403
1.09692182906
0.909238454638
1.07275694314
1.23543510066
0.867280674336
0.743354662844
0.863670023423
0.677273407178
0.864973436715
1.46179118116
1.19494011422
1.52022490115
1.29010500103
1.23115731131
0.719295445074
0.639030166414
1.02774072452
0.997680248909
0.50881976805
0.927637847603
0.17422131931
0.220920171173
0.274697451926
0.509399540565
0.0878556116672
0.177558622805
0.189876467665
0.227152612751
0.642429033902
0.48096013973
0.150329353688
0.218989093975
0.260964521755
0.126057842542
0.128297013159
0.18537981965
0.144925392109
0.154888303789
0.132881018593
0.119031161365
0.0934314874581
0.0890799507643
0.103534060627
0.0950936948339
0.233710223433
0.233353451381
0.332452448412
0.660437876209
0.102293507547
0.144215482093
0.220491348458
0.207321183651
0.17737819945
0.142999781003
0.110509958195
0.160607382231
0.0440747903608
0.0493164900738
0.0404338560148
0.064580285476
0.148818556814
0.0567568322124
0.0898358890232
0.111357318396
0.368480900002
0.268940330224
