0.34950859365
0.345757873931
0.319702768369
0.238482512605
0.169529906151
0.0802081141483
0.256838410648
0.298818594791
0.289269898193
0.235792604468
0.25652543475
0.316604348368
0.30338303181
0.28195895665
0.15958438881
0.29154857849
0.637304496345
0.547777051838
0.701442622283
0.637780720104
0.296818092976
0.311981026414
0.748819272395
0.702035718253
0.0827333777588
0.0922158651372
0.163238462636
0.108132855838
0.0797767699541
0.0884745838241
0.170492496738
0.49341383051
0.572712231404
0.534941588154
0.457853892418
0.467067102593
0.352966793058
0.35738117706
0.329947436251
0.19018125385
0.123166347537
0.285236362484
0.0872269706266
0.0759755731424
0.241627206807
0.18049993603
0.158452379022
0.242407333657
0.240921492224
0.392403836045
0.132980297199
0.161293755949
0.25726479079
0.260759470374
0.295429792336
0.356559909488
0.392656726243
0.40905394632
0.252382243654
0.499800957195
0.303473242513
0.220842801998
0.487714832938
0.601812249789
0.397989885406
0.493433368932
0.223691815832
0.202762634168
0.208372717518
0.170917656232
0.39267627496
0.37063245646
0.445669786776
0.481098662586
0.421489001861
0.45254003939
0.519961576672
0.453033285208
0.409630174178
0.525369283017
0.194403638837
0.191798807959
0.100855969552
0.172997022046
0.0842366550786
0.138975672276
0.158112040478
0.145257682644
0.438384551145
0.240603644866
0.201145735008
0.16896112587
0.18571500211
0.258233649922
0.221298605143
0.205927426838
0.180007038849
0.161437846561
0.247956993244
0.266626981968
0.351512970661
0.290059466208
0.541643606535
0.453752438738
0.295747593622
0.184001892755
0.216392593595
0.213052893167
0.39712039626
0.326269522017
0.26750241313
0.350599154
0.35277008062
0.274145574946
0.33356182817
0.322733110503
0.336141976936
0.402976227872
0.371301221536
0.546874887273
0.381217710176
0.539712988729
0.437235976271
0.481997466561
0.435112536915
0.473544724705
0.347480848694
0.242659776762
0.237117315531
0.231696504395
0.23388647512
0.351437823889
0.428750203655
0.382991731503
0.435583005268
0.455509380911
0.461634103458
0.310934865837
0.258948608836
0.336261015855
0.415608317224
0.380719521983
0.373107161611
0.392419979057
0.374163840302
0.199799672962
0.312245980049
0.320691027374
0.358738620172
0.292325320501
0.233695958634
0.242192358213
0.231939936154
0.0926792776234
0.376500679063
0.26991913344
0.343637048255
0.774617020289
0.283778564686
0.284751996082
0.307968431646
0.305971178898
0.150141975537
0.372527762127
0.311165562109
0.320006961767
0.388556561164
0.375921573527
0.310230246957
0.300267641767
0.384749159881
0.338467931541
0.377019400116
0.277188292212
0.225588887494
0.290864980505
0.328012982567
0.333492771922
0.37922331082
0.280689075059
0.290872804415
0.270733277229
0.266568476516
0.216271299652
0.240098574798
0.0987472717124
0.177988660044
0.141895286616
0.103069815252
0.147132215769
0.255699559893
0.366469559566
0.637434417351
0.224081036798
0.209315045537
0.206393319886
0.192626989777
0.384607235956
0.354421528171
0.126115025214
0.0817640364268
0.103776383531
0.416540072791
0.165374267172
0.277236834673
0.283768576455
0.305565526004
0.130288701057
0.269183968748
0.484465768415
0.290220624136
0.249585464474
0.256269977805
0.348036293877
0.236120268521
0.154005154802
0.269476393568
0.303209126324
0.218352707149
0.322379661355
0.329579188283
0.210917248682
0.209233003877
0.215850670303
0.225348858553
0.316042055447
0.332626808543
0.371157885943
0.286281689568
0.23926822292
0.23101045196
0.371804194961
0.223589715626
0.425122928301
0.265189860879
0.280966146303
0.222581388246
0.289600324109
0.270635755155
0.284590640957
0.282661134988
0.402892846314
0.629547112025
0.384290187409
0.297856603933
0.397085512441
0.549337142667
0.509740290972
0.227696381961
0.388295572542
0.426340524737
0.281958055841
0.321884606871
0.369308910804
0.20022797653
0.211181083957
0.15142864589
0.125208131825
0.288047656421
0.371722602626
0.333827472206
0.263321605572
0.304757780193
0.127456903557
0.351556599297
0.376132443521
0.398873640424
0.0424186784357
0.0831097581336
0.255181763671
0.342759833852
0.268137421404
0.201028998836
0.160132688698
0.199154894384
0.296384840482
0.137596682262
0.16114199614
0.34654732969
0.419639281157
0.377393646406
0.440746011531
0.34861631856
0.448815949337
0.38775995901
0.346520799594
0.501915858903
0.634559287332
0.364904802289
0.427661522629
0.398681790636
0.290961511684
0.257787181982
0.320720877871
0.319111321947
0.24307243359
0.194419752941
0.143617003437
0.182689898132
0.294380158272
0.244438894772
0.365933234781
0.328599191266
0.332738164732
0.225447146653
0.211136134529
0.362868892895
0.423474691045
0.398376987268
0.3348557748
0.275898413142
0.157083957027
0.256899433826
0.213849514815
0.201171012491
0.127516565867
0.142040128532
0.176295866654
0.137968856174
0.206683461332
0.256240204989
0.258929017704
0.297878688796
0.298350228705
0.330231193792
0.331398260321
0.271509576363
0.207999361866
0.208039345813
0.242124324549
0.199114306196
0.228116579083
0.284557159386
0.277634629925
0.381829584866
0.50448259214
0.159209843689
0.309036147976
0.463476279932
0.126410664123
0.24970873884
0.256192111355
0.216698643415
0.206570467448
0.24823605229
0.25505071799
0.207169275234
0.261582737958
0.303328857495
0.255092177654
0.245758339213
0.20636686551
0.290237189938
0.277892498137
0.307088285416
0.277881114151
0.263444831421
0.206254430914
0.213700430844
0.260898260721
0.213902416142
0.267568462671
0.479766163671
0.186149431814
0.296328831891
0.294435010995
0.353386947269
0.235229094555
0.242394147332
0.388047059074
0.272014452003
0.223987015267
0.338545905443
0.307288920737
0.261454902936
0.295564497427
0.29404252276
0.22153465927
0.258222977767
0.309524963765
0.318524730313
0.272807836727
0.433080680559
0.433270526275
0.316292723396
0.408674630768
0.248822402766
0.234181977675
0.21292352047
0.301808644247
0.249056047238
0.252493307573
0.262843154626
0.294480492462
0.206660172513
0.294076119192
0.247260327716
0.259434752465
0.296027616193
0.267882473871
0.273339578996
0.222667683471
0.205988154236
0.255626200708
0.288362261026
0.300058247668
0.277072909435
0.369783803761
0.222256073721
0.27227264098
0.415922028015
0.315955560567
0.259984252172
0.325904082856
0.35121672133
0.607940393834
0.438849226443
0.319909068201
0.374169564458
0.229382607508
0.2153488088
0.381854916595
0.328990878294
0.313412028777
0.36572409347
0.389228873783
0.388824867847
0.227561434042
0.263148632532
0.248435459771
0.32951185418
0.471162236908
0.280391041069
0.454946951723
0.407927323735
0.330622607732
0.323719241443
0.349636824714
0.207606785395
0.264381682521
0.227006808883
0.500447958788
0.283493221806
0.264179364388
0.306264898577
0.344860166897
0.335257446901
0.367179796915
0.278479601154
0.28594729907
0.296470465989
0.33741999952
0.265535325942
0.333363847962
0.165992251838
0.252153879528
0.243096274037
0.294656752985
0.276079199485
0.313888007413
0.292318970978
0.372652493583
0.318558121331
0.275039431599
0.196681207211
0.234525817423
0.263986303811
0.240071939479
0.262625804566
0.26143579607
0.26003239142
0.261486865979
0.261404063878
0.262427288889
0.273188377994
0.199771920008
0.248806811443
0.268887972294
0.196313507792
0.16337793743
0.185841461764
0.263161514536
0.25351688264
0.20435512667
0.277824189282
0.254977412715
0.23557959951
0.276795623769
0.211186628711
0.249265433958
0.257994894212
0.203079202764
0.215199903835
0.239031827915
0.259711300533
0.269370632737
0.250236505699
0.287418251545
0.207267702927
0.207256007388
0.259205893514
0.242366110841
0.306246206909
0.302716157979
0.260824412574
0.252031213418
0.25240666763
0.247492088437
0.265202161385
0.306113227153
0.267458680339
0.331142754717
0.282654874105
0.26171342922
0.310101633524
0.213047608034
0.345899962635
0.218980925368
0.258132394219
0.291264042823
0.277324351927
0.224892000163
0.254414437786
0.333623091876
0.251646832873
0.226818005865
0.366048321247
0.291908900139
0.267914551195
0.268316335039
0.299578432828
0.307090881337
0.309301849261
0.191724023794
0.209153895028
0.258256051527
0.279056792091
0.273871587814
0.257268938501
0.286730366994
0.274987100601
0.287454063505
0.319447315474
0.255846047825
0.335247848339
0.258362342021
0.237822462418
0.299286021004
0.320421668959
0.303165570755
0.235884534535
0.291416257104
0.291272752292
0.501561046677
0.269436719453
0.248694399203
0.251353534387
0.401139375701
0.343041264851
0.342255286314
0.341722253105
0.258436800764
0.225028744893
0.356146434215
0.402652417851
0.393371427842
0.345677912545
0.301157063467
0.331049190444
0.294814962651
0.261706715981
0.232299847265
0.367190090274
0.209582122644
0.0607881332197
0.173410216338
0.127155611968
0.14577005036
0.136909995103
0.128380046619
0.135819429501
0.153622107918
0.189671909922
0.179153047515
0.197063043758
0.131000351657
0.0912327016912
0.0869547404348
0.0557252836956
0.0555444108188
0.0782950833874
0.21043758317
0.304084675864
0.271960306347
0.169813953047
0.148213704784
0.129857276295
0.117607622367
0.153531363298
0.127452300277
0.0669474182765
0.202668995193
0.155695369334
0.117611056405
0.123395981779
0.124961133652
0.126775660899
0.157938613604
0.17927814359
0.185538441786
0.175873242031
0.120106251923
0.0918466661866
0.0702858354857
0.0656124226099
0.0992304192761
0.0759790738116
0.126538432834
0.209122560389
0.272450505894
0.384077755048
0.320024162332
0.0428419165936
0.106120083473
0.0560471915594
0.0993214336215
0.0960504573065
0.151645986986
0.153633579041
0.130408173821
0.46080318382
0.232411620017
0.117452739722
0.178644162349
0.138711144849
0.145020171774
0.11564561624
0.0942351355561
0.12065879188
0.244343647021
0.193308449385
0.138574678581
0.129580722038
0.153202869313
0.0920346122894
0.153337050362
0.195978077242
0.121592402461
0.258895532837
0.144243918096
0.0888132636126
0.085100667515
0.0661795171684
0.11764455155
0.123922847822
0.166900000244
0.0688409287989
0.0712681876984
0.111822168714
0.14408409879
0.067189159188
0.117150717487
0.0767569058705
0.0808481343213
0.11044806641
0.0958053869727
0.164515709894
0.0502208454828
0.0438207031965
0.0395281826428
0.0515710187013
0.0203549879447
0.0284340599529
0.0365371743837
0.0942391375495
0.132981462762
0.131004305201
0.0937518745734
0.29054186178
0.186565388628
0.18971348466
0.198534602093
0.280603456003
0.265754168445
0.197970078571
0.237453680859
0.163193556223
0.133501295337
0.152958487533
0.136224709752
0.0624744121311
0.045294983076
0.0443119395923
0.0578411390791
0.304285790871
0.499022619509
0.156942748743
0.186131869844
0.166458057183
0.180195601694
0.168363266992
0.284247639365
0.258534837063
0.213038362664
0.126716470257
0.121703880453
0.145594804154
0.123806769173
0.115574248694
0.125242911237
0.0647031862748
0.0589586493515
0.0812803478838
0.061345183911
0.155922370713
0.140144257286
0.0982549156545
0.14531319851
0.100819747609
0.0759573897703
0.0939591510588
0.0887447425085
0.0312489763438
0.0866675189206
0.20112072948
0.0250520577338
0.0862735212267
0.0928541925365
0.0928037198244
0.0449004331158
0.10813672701
0.18588221782
0.0966390433554
0.0924130724346
0.0792370326805
0.155926247934
0.0653073757097
0.0463322615298
0.0366986682072
0.0544652910606
0.0999558874012
0.14204334416
0.16500351749
0.260602715906
0.153032015282
0.148551655987
0.109546625884
0.0857200603937
