0.0375762844513
0.0463551771778
0.0274026639857
0.0292544997105
0.0384794757892
0.0332893996164
0.0397593745431
0.0394271242659
0.028717180285
0.0347026346995
0.0343430459423
0.0368567778848
0.0510786548607
0.0394512763715
0.0392757820516
0.041982350425
0.0470529254674
0.0445373149819
0.0404039388709
0.0462753589009
0.0372434389589
0.034533083619
0.0461603344111
0.0445860957053
0.0383708591311
0.0338146638263
0.02835474723
0.03358415892
0.0362127189527
0.0317560700647
0.0323579971653
0.0324534200567
0.0308852008872
0.0369427442073
0.0297620258408
0.0339020282945
0.0412717834883
0.0250489046425
0.0280585846641
0.0181778796628
0.0226793833663
0.021011992715
0.0172711165227
0.0392220318336
0.0466449986373
0.0570302745853
0.0351265771062
0.0434120360204
0.0302604016474
0.0315577206083
0.0404642983983
0.0389172385134
0.0408550507657
0.0373533434431
0.0530801510004
0.0433879498629
0.0380573631858
0.0296436330298
0.0256988518026
0.0276396863397
0.0337461927377
0.0319451164323
0.0299006772839
0.0331316645807
0.0587470324539
0.0640863463159
0.0411653169848
0.0467703615515
0.0330562799616
0.0342623126868
0.0446382499282
0.0398855617255
0.0483332306351
0.0476836972774
0.0566008328679
0.0457728694417
0.0452189721313
0.0383851058796
0.0332291690889
0.0329779257919
0.0393112049352
0.0435237606309
0.0473415661117
0.0444213992393
0.0345366495717
0.041263014675
0.0296857453581
0.0341474145674
0.0256712185157
0.0252259033805
0.0325816107745
0.0294602391677
0.0342755796665
0.0334134332182
0.0503668828626
0.0400727984071
0.034607741737
0.0318777351119
0.0294741570485
0.0334924310508
0.0389882130741
0.0385219681094
0.0364683487211
0.0472580527702
0.0517184261277
0.0472831141379
0.0508060059497
0.0443858796494
0.0550634728043
0.0425818307791
0.0450379726679
0.0581413307435
0.0541093886799
0.0596553493505
0.0451825747882
0.0430585139475
0.0414520697542
0.0458233084236
0.0551090904421
0.0505480753887
0.0557617400216
0.052044216563
0.0419306508481
0.0415053731796
0.0529307812574
0.0453013623697
0.0617033772434
0.0586991901752
0.0487700887761
0.0505893398913
0.0371214800245
0.0458384665399
0.044998366709
0.0497735519502
0.0588089214707
0.0584481132411
0.0516936309982
0.0554410008321
0.0491448885871
0.0409973279596
0.0545240313685
0.0509874110205
0.0531134363862
0.0636128742183
0.0559758954529
0.0525288996084
0.0561778261852
0.054463414876
0.0464683877737
0.0487413953769
0.0492233271999
0.0582916020792
0.0712863467747
0.057898420102
0.0584484372605
0.0606803825453
0.0669709038317
0.0623129253009
0.0645003225971
0.0645242756646
0.0544743557891
0.0465386033236
0.0446215263882
0.0403768837689
0.050615417254
0.05314766137
0.0527153023575
0.0538717352461
0.0593393760812
0.0412658564646
0.0515437164269
0.0385205793662
0.0638901892274
0.0524616743537
0.0399866351864
0.0563458454759
0.0500531334201
0.037433713381
0.0510591165978
0.0632587382563
0.0426900475901
0.0477485675301
0.0402170833823
0.0450637322571
0.0412463354531
0.0452984422412
0.0495444999756
0.0560010586937
0.0393665348984
0.0433173171999
0.0391630742621
0.0468858408833
0.0393691078384
0.0417718810377
0.0379027062659
0.0446669835854
0.0388172568406
0.0498217029058
0.0471359489189
0.0396541329182
0.0510186505055
0.0509989678232
0.0442312531615
0.0458251290576
0.051356346207
0.0523657982125
0.0461165794451
0.0466132239167
0.0481846351401
0.0434318618185
0.0421172887723
0.0388852225778
0.0672901192867
0.0706296976158
0.0548341465426
0.0422717056212
0.0422929288825
0.0365144374914
0.0393381741676
0.0468600769338
0.0564131905429
0.0398774737458
0.0497158521256
0.0398211091597
0.0401682407635
0.0394806235654
0.0419806493009
0.0402708682553
0.0456911432439
0.0436003607246
0.0487178050264
0.0470423351437
0.0405636118254
0.0427728773118
0.0366037363471
0.0399220688511
0.0473267633386
0.0450050316844
0.0408472818333
0.0420989670167
0.034813382618
0.0340271013402
0.0322817555276
0.032334495652
0.029806014894
0.0217432002152
0.0291719171101
0.0320722929603
0.0301953526492
0.0400792279469
0.0476626679893
0.0373372651279
0.0427384080856
0.0428595679492
0.0385773553873
0.0453902555528
0.055141461716
0.0533252489604
0.0523645128523
0.0445586871522
0.0393097730578
0.0422097139376
0.0441548694531
0.0602680769805
0.0503564508781
0.0422033891951
0.0369846362242
0.0351591975448
0.0351292761168
0.0426680811248
0.0469457222126
0.0463389395341
0.0472074218976
0.0320937621745
0.0352723323766
0.0302306609985
0.0308976319231
0.0401957273263
0.0360065070955
0.0396276472375
0.0423641512454
0.0437916881273
0.0427604373412
0.0348068617925
0.0395288095868
0.0391931122294
0.0374834593037
0.0466392657276
0.0476862971917
0.0528264818344
0.0476770399917
0.0529110812201
0.045436684893
0.0464962749497
0.0433522902955
0.0539452712581
0.0409103053352
0.0417238177564
0.032494454487
0.0347318914471
0.0434353697944
0.042027704633
0.0396858127043
0.0369313889088
0.0414706007455
0.0395818841039
0.0432465159005
0.0450534683359
0.0470002108717
0.0487144685579
0.0507509852188
0.0452614063524
0.0541884669254
0.0454031425621
0.0479772405285
0.0491760248037
0.048001760573
0.0501956283907
0.0480135088576
0.0468502570985
0.0562576941842
0.0398098006224
0.0409183428748
0.0415619263994
0.0409833575861
0.0380010437604
0.0399441501915
0.0373059100989
0.044386185339
0.0378162712983
0.0392527133341
0.0391264917056
0.0412808829423
0.0474387160681
0.0470212856471
0.0449864327344
0.0515614956123
0.0290957338519
0.0422227177488
0.0294431339958
0.0382473811175
0.030848192506
0.0274907971456
0.0346547951202
0.0211941864413
0.039653630154
0.0388418734705
0.0509673981871
0.0434573532816
0.0567309508666
0.0433597164565
0.0408622081574
0.0356302123377
0.0458142377833
0.040647794117
0.0535435159703
0.0593216912492
0.0324863901802
0.0382293958924
0.0396969899654
0.0350866472384
0.0552445286967
0.0481923298519
0.0734924615154
0.0609893408909
0.0567095591178
0.0593582886128
0.0536956360497
0.0700766116842
0.0464523187759
0.0400958362788
0.0414329097196
0.0481777416994
0.0722935266415
0.0438613494253
0.0443819527614
0.0514056307508
0.047173992276
0.0550150642895
0.0503135904809
0.0725845133603
0.0489712647317
0.0480194194936
0.0501765967255
0.0471810799052
0.0531747110181
0.0635986688365
0.0454816420307
0.0688513292843
0.0664918073943
0.0590332120795
0.0494537391113
0.0527870571356
0.0772205908778
0.0706015867947
0.0624963036918
0.0586784659655
0.0534081591928
0.0609839609067
0.0743587715596
0.0595882124604
0.0566089561252
0.0499851319252
0.0632274380905
0.0487849550942
0.04575902094
0.0501091706568
0.0447181397899
0.0431690997944
0.0546636733639
0.054807718358
0.0558477049085
0.053683680186
0.044804396541
0.04496310133
0.0403443753854
0.0402797196373
0.0542768100353
0.0516252340833
0.06193073355
0.0560044011034
0.0770006424357
0.0574125774464
0.0416133746505
0.0519932335017
0.0288250641162
0.030062293012
0.029879664696
0.0264503884078
0.0345871556585
0.0301787558787
0.0368875786767
0.0276973780829
0.0413282545021
0.0673754394523
0.0302393992541
0.0402357096862
0.0227512963234
0.0305787225445
0.0159971490763
0.0167090657604
0.0171496413873
0.0190186800635
0.0778870717437
0.0637726558751
0.0473300445194
0.0583639131189
0.0443730028116
0.0360553117909
0.0260837849158
0.025400126366
0.0305279293184
0.0335303492376
0.021404756654
0.0266247882584
0.0682559151592
0.0555087884425
0.0432245124427
0.0426489173493
0.0434040452072
0.0436071892649
0.0610242756203
0.0585399342641
0.0463345106282
0.03748911009
0.0430314541757
0.0442532379327
0.0529844340441
0.054518313195
0.0617743118136
0.0674658975366
0.0398390928752
0.0502977873456
0.0607576206231
0.0418026743492
0.0579150115443
0.0428740981314
0.0467634110927
0.0508834749677
0.0511638738922
0.0571071781946
0.0485103835529
0.0432623873561
0.0550852043869
0.0465541644281
0.0562614743042
0.050285136138
0.0426801463364
0.0466728596586
0.0515854937108
0.0544449550084
0.0511764823063
0.0433720771869
0.0430544814599
0.0459194802016
0.0597913361371
0.0505496111794
0.063061096238
0.0564794378242
0.0501190990889
0.05565118952
0.0605108978224
0.0542713598396
0.053115591448
0.0653022605999
0.0571779944466
0.069203406321
0.0449126538138
0.0410534333227
0.0416353280808
0.0474779408191
0.0490205009935
0.0422884440791
0.0391694764095
0.0414487606981
0.0453973323942
0.0425565832598
0.0550468733479
0.0485753882739
0.0418315217093
0.0391894610995
0.040655568677
0.0411834966383
0.0372421988744
0.0387856652431
0.0406921036593
0.0478498901483
0.0469338448366
0.0395862794467
0.0370062586326
0.0364180329503
0.0402374238468
0.0379960992242
0.0389521990697
0.0361610246194
0.0505412888586
0.0481781728783
0.0339223426302
0.0303918891282
0.0244960245441
0.0282164172341
0.0290413730273
0.0250492131293
0.0225527381819
0.0291144756596
0.0366828314321
0.0305096757161
0.0436457144978
0.0499184282575
0.0322543004256
0.0381226284138
0.0342358839745
0.0392820874102
0.0388836083553
0.0305242288429
0.0393880938777
0.0476880613152
0.0552081299429
0.055128345406
0.0437949172486
0.0393012087742
0.042466100168
0.0444715812541
0.041490327493
0.0424133183348
0.0533365830547
0.0525502197181
0.0540811984487
0.0501272784359
0.0458505618932
0.0437998015297
0.0465664879953
0.0379096960737
0.0406182374278
0.0318291755258
0.0471140969568
0.0609650586328
0.0575985317392
0.0559037434414
0.0554281793314
0.0518999805321
0.0538803883072
0.0506376341002
0.0511648176842
0.0471466273749
0.0516133084255
0.0469231782931
0.0562316759058
0.0569303071691
0.0463909561869
0.0500975291246
0.0492334415879
0.0520796038701
0.0561929703958
0.0592753561315
0.0484980604441
0.0514155192883
0.0517352318886
0.0477086288458
0.0470144821376
0.0495018294404
0.0491627492393
0.046075825295
0.0496815630621
0.050897554066
0.0476208943108
0.0537550821108
0.0419696956844
0.0471736009623
0.0481654069378
0.0432880696526
0.0433681435938
0.0498450764492
0.0599029648917
0.060163008603
0.0519799095223
0.0414795807443
0.0335407083917
0.0407917831849
0.0546148291281
0.0504984412811
0.0563860774254
0.0461203125436
0.0466120940512
0.038452838744
0.0367321667911
0.0429830289593
0.0386779625724
0.0368339440909
0.0463872756889
0.0552134173808
0.0639914115075
0.0626884626486
0.0479814082154
0.0439753698329
0.0514463040716
0.051578194572
0.0525544244903
0.043086287579
0.0450982820107
0.0410420490203
0.0441388947472
0.0520510783139
0.0366868654154
0.0427706166046
0.0424679667218
0.0446025562962
0.0420189994323
0.0531634154346
0.0550623976909
0.058015100119
0.0560054882077
0.0467628088692
0.0341749686533
0.0370000596287
0.0447074546814
0.0501974987035
0.0560688476876
0.0506378334367
0.0532387412475
0.0490750497802
0.045772091737
0.0477256282583
0.0414105521636
0.0406112581736
0.0544914251524
0.0560673688086
0.0632878539705
0.0660673271107
0.0290393464866
0.0506482892988
0.0444094517003
0.0368637971738
0.0585250481721
0.0444816497212
0.0608282935559
0.0565753356749
0.0406927822972
0.0369716307809
0.0425582322098
0.0462655398361
0.0591088919145
0.0486405942081
0.0457513590437
0.0495694358933
0.0574837726965
0.069183885693
0.0701687161345
0.0738058155641
0.0448054147854
0.0333638412602
0.0351373046631
0.0318466551185
0.0405612123645
0.0453060096372
0.0436286866955
0.0431534339431
0.0477018456424
0.0457409274554
0.0348083349166
0.0415751533172
0.0357006030994
0.0354798831343
0.0455371708706
0.0435645720111
0.0421656947966
0.03796310953
0.0516125272564
0.0503739135478
0.0451578602326
0.0455736198731
0.0388814076543
0.0380268367817
0.0416342580779
0.0396369724646
0.0421449190137
0.0348246714791
0.051150402599
0.0526915553497
0.0469363043662
0.0488966827048
0.0393918610812
0.0361858937642
0.0416688325978
0.0430387463395
0.0430859251126
0.0390510796542
0.0493580568469
0.0478662951385
0.046841701097
0.0466195812903
0.0407751689445
0.0392487366607
0.0430087512854
0.0376626361845
0.0371350821451
0.035700538295
0.0510638164762
0.0534730520766
0.0450524042486
0.0425191493966
0.0388593614287
0.0382606038805
0.0368424730897
0.039080277855
0.0317491988923
0.0319152845468
0.0434554067977
0.0429326933366
0.049989477243
0.0545343754241
0.0435277891115
0.0455185155655
0.0387265827611
0.0338993657167
0.0376568107798
0.0307326525032
0.0311342907357
0.0345324885424
0.0325663486414
0.0386155903546
0.0402164047698
0.0394499817133
0.0325884250001
0.0379383795714
0.0370210536278
0.042072438495
0.0535484202493
0.0440649408499
0.0421638978208
0.0447047995361
0.049735138667
0.0463674794802
0.046263312881
0.0432510655005
0.0480318388052
0.0514187053045
0.0423713295636
0.049908724843
0.0383316613877
0.0495412848552
0.0512055820083
0.0529282335347
0.0500963439591
0.0467495826215
0.0360894050834
0.0551840527894
0.0379410441265
0.0427162442626
0.0409677255425
0.0432481452221
0.0461140021919
0.0470529260979
0.0431176073169
0.0425063855637
0.0474549616267
0.0435809930124
0.0537809361969
0.0526206508478
0.0499778159078
0.0542025069948
0.0467786324007
0.0602856012394
0.0500859920117
0.0494085177973
0.0565655805206
0.0537204161923
0.0581803508532
0.0534009696054
0.0550908877656
0.0524448882089
0.0530225094339
0.0511959471589
0.0521192538544
0.048605049716
0.0457048886531
0.0458035959451
0.045318591366
0.0443877409499
0.0498786780371
0.0470401643361
0.0390098397624
0.0418670043422
0.0384569168892
0.0362297866561
0.03636230636
0.0408153623859
0.0513955025599
0.0476514566785
0.0458753340201
0.0486751479082
0.0377777731736
0.0416517547159
0.0517545171485
0.0552358228786
0.0547325076163
0.0505360455344
0.0413542196091
0.0391084159421
0.0624238831246
0.0498649837084
0.0548631148123
0.0509052184702
0.0449445431469
0.0686824789349
0.0435116530586
0.0382419339756
0.0363176545595
0.0351377259832
0.0445485715839
0.0441473599176
0.0479449519629
0.0462112857116
0.0457946589799
0.0415547013152
0.0320048584038
0.0358640284858
0.0458599809903
0.0365531157732
0.047629449611
0.0390679245736
0.0340253224457
0.0349851053351
0.045877232602
0.0453104484019
0.0476129957102
0.044710969165
0.0391312158187
0.0406250589441
0.0333350065859
0.0318964481393
0.0358414627197
0.0425292946247
0.0430820339362
0.0358120840674
0.0315044128782
0.0344718694101
0.0408380341225
0.0420190485112
0.0413539524465
0.0387498343937
0.0343898356601
0.0363179328106
0.0314859090982
0.0362374363192
0.0350372712503
0.0410676913738
0.031673664063
0.0352847609833
0.0263852293961
0.0262721866864
0.0310022607239
0.029265540065
0.0317131719136
0.0317293684545
0.030540071569
0.0290528917054
0.0270594694132
0.0308802001113
0.038900880343
0.035839461563
0.0446624102704
0.0356657708937
0.0282526070642
0.0315817638189
0.0390875466882
0.0397964828976
0.0405540245969
0.0404530205885
0.0382190015086
0.0331911823035
0.0309976685039
0.035367322903
0.0468858160125
0.0452435144025
0.0489853784408
0.0437067688299
0.0366527385134
0.0414313068092
0.0408848578675
0.044641885212
0.0457921212377
0.0432823410041
0.0375101578287
0.0420841785624
0.0329875382045
0.0388047285395
0.0502510102862
0.0483860850866
0.043737113329
0.0486400352618
0.0346157170992
0.0381566545619
0.0456681314998
0.0539804862271
0.0528616985855
0.0565120128889
0.0511706576049
0.0490905472983
0.0408224194
0.0316693224774
0.0352913693534
0.0550285311434
0.0649260749067
0.0623983480876
0.0528931653591
0.0593753941449
0.0482692563319
0.056250015015
0.0379316061366
0.036748991967
0.0371875122378
0.0327425817594
0.0413554353521
0.0397714667003
0.0429290726732
0.0499539266778
0.0638377923497
0.0726262667711
0.0719365777943
0.0514811959012
0.0504890514325
0.0599459320827
0.0547558757278
0.0620708638051
0.0538575810142
0.0474350795421
0.0366071735011
0.0382651605115
0.0482771380654
0.0469802905964
0.0493451174939
0.0594116767637
0.0573363231203
0.0577870669109
0.0616965153167
0.0366089189326
0.0454117037826
0.0340452271134
0.0516809431859
0.0462491956812
0.049650337971
0.0585665729278
0.0389772098695
0.0579844529589
0.045894312857
0.0364787188561
0.0415046054969
0.035286271764
0.0520824339986
0.0478519323845
0.0519427191255
0.0549453055955
0.0438179278579
0.0423036038147
0.0494757012962
0.0530718465963
0.0614554392397
0.0582359222967
0.0670888724659
0.0560431257324
0.0389372238902
0.0454765246519
0.0553888457551
0.0493713667163
0.0627922359739
0.0616023164077
0.0521988386723
0.046996290486
0.0335817634336
0.0356825688417
0.0405900668876
0.029242580377
0.0520116159731
0.0353002750374
0.0353353317301
0.0308385235361
0.0340970032342
0.0284109545649
0.0224900536452
0.0386654226731
0.0272057123083
0.0382754399263
0.0354441639718
0.046287649037
0.0388518979684
0.0415520168533
0.0453223201406
0.0501332362037
0.0530005361286
0.050110118035
0.0559895145478
0.0485475625026
0.0371307699065
0.039831460315
0.0446390024872
0.0485306988593
0.0528390633989
0.057171055125
0.0525693205701
0.0591701482002
0.0417221809801
0.0412363176888
0.0508967779849
0.0498460431072
0.0549250146457
0.0575771277891
0.057379538858
0.0512141859187
0.0405627371993
0.0407560606693
0.0470167539348
0.0431483453213
0.052432981331
0.0478864155697
0.0444071714176
0.0427416145537
0.0406966252008
0.0375778481148
0.0368087121746
0.0419583082059
0.0478336226283
0.0498022360436
0.0370065273487
0.0401712443091
0.0310004688932
0.0346147647194
0.0357158634916
0.0298622825505
0.0377518806027
0.0402643494669
0.0487711255387
0.0488251488641
0.043374511098
0.0390297779386
0.0378901668561
0.0457381049176
0.0434962170513
0.0382543867332
0.0494340026987
0.0544117187712
0.0423471235678
0.0501782724787
0.0495046380082
0.0427624227611
0.0431290337408
0.0403485679207
0.0547818724944
0.0417101665713
0.0501126556212
0.0343909722231
0.0389554070532
0.0470356767492
0.0442836557863
0.0470065377041
0.0550682108473
0.0562156708497
0.0466339427858
0.0465138711119
0.057201126565
0.0576347067153
0.0520520388752
0.0481505451142
0.0497579445897
0.0444913321094
0.0449393051951
0.0438198987418
0.0447384261607
0.0458661938489
0.039979893621
0.0365650815188
0.0401034173543
0.0339955066115
0.038023647953
0.0476894157699
0.031023872328
0.045045074553
0.0457949948997
0.0492331617896
0.0468103885933
0.0569378292866
0.0562746317537
0.0494790307424
0.0592379096136
0.0536032867199
0.0480202228486
0.0441628309541
0.0400907335022
0.0518891709201
0.0516222890199
0.0542627003417
0.0460448130338
0.050540643907
0.0486852449497
0.0470582843517
0.0535435312131
0.0538217809461
0.0494173211864
0.0467628786439
0.0530887453946
0.053832993273
0.0509535835296
0.0450404327811
0.0572194659053
0.0535883621066
0.0396451602832
0.0421305191779
0.0417527285397
0.0425125262643
0.0650042264248
0.071430803789
0.0219836185726
0.040786920123
0.0317408857427
0.0648920724413
0.0712682801137
0.0427220227666
0.0305135117795
0.0394820363206
0.0331088656341
0.0340442049196
0.0722561100487
0.0584510520898
0.0510427830719
0.0534015775618
0.0440753686585
0.0291506950855
0.0247058716689
0.0256206491462
0.0292862716772
0.0284467791109
0.0293436638222
0.0292446484089
0.0311604297372
0.0218483324384
0.0365044714505
0.0153710059497
0.0129951087606
0.023910789125
0.0221378921052
0.0310415071061
0.040516973145
0.0295887927524
0.0451816613893
0.0373577521377
0.0311977355065
0.0506828472204
0.0548258766279
0.0579501133103
0.0566042514808
0.0439783224853
0.0475418975364
0.0483546592526
0.0427517617672
0.046731115279
0.0373086992979
0.0330805211216
0.0381083041177
0.0456858295093
0.0437990478248
0.0474021887586
0.0457956401879
0.0461497493072
0.0440023233766
0.0578415237456
0.0428362572462
0.041275983235
0.0402366802469
0.0454373203978
0.0454163587997
0.0407435881633
0.0419702336606
0.0441677636371
0.0428991539909
0.043235718961
0.0395011549621
0.0400534040842
0.0419605224599
0.0376500079779
0.0401440396287
0.0416074873531
0.0380372430421
0.0544966573427
0.0471946285516
0.0508812380422
0.0468753961853
0.0528123987836
0.0494048185175
0.0420118488746
0.0507801621331
0.0529226550718
0.0458792910969
0.0368081958112
0.041806086124
0.0316176806617
0.0374146861803
0.042837224608
0.0462866064162
0.0455772765873
0.0471121653739
0.0669594991258
0.0563429463509
0.0522237011108
0.0454999933898
0.0408522766435
0.0402749090517
0.0338884043842
0.0397323741673
0.0496894267746
0.0429023181789
0.0472539505028
0.0438263347467
0.0639450074133
0.0523020945205
0.054098576117
0.0456274206844
0.0592956873724
0.0320736488159
0.0184444818639
0.0527794401968
0.0244754313656
0.0521955560258
0.0507342088182
0.0746194672269
0.0397992686871
0.0291440765962
0.0292407026811
0.0295312850767
0.0284821550282
0.049072132837
0.0395771107147
0.0361694607959
0.0343563906432
0.0440831273945
0.0442187941155
0.0430312966866
0.0417126680206
0.0383359254203
0.0362398405307
0.0515059061765
0.0424795161942
0.0403787459541
0.0314300798508
0.0285408636472
0.031148609701
0.0397933979126
0.0382275968234
0.0328537951697
0.0360060047227
0.0299742853118
0.0261143468592
0.0421291782056
0.0356784290415
0.0468378498347
0.0404471159321
0.0358581647102
0.0345419732426
0.0433430990867
0.0401505621497
0.0455926589263
0.042212515639
0.0337567659253
0.0366012470444
0.0448822785127
0.0507769533573
0.041121181567
0.0444912334473
0.0361372815745
0.0310306456922
0.0380607851861
0.043194731037
0.0431021144481
0.0469579374016
0.0377549530295
0.0372345316771
0.0397650242874
0.0439657939874
0.0369048070056
0.0343251285526
0.030116325972
0.0298674200813
0.0344500519192
0.0396899388613
0.0335857900982
0.0377629756987
0.0303998442653
0.0337172661933
0.03197092346
0.0404838124066
0.0466821333957
0.0438286159478
0.0358839712151
0.0352610515969
0.0405843296216
0.0442888033237
0.0516136366691
0.0362912064451
0.0360808610453
0.0447902712895
0.0423156341297
0.050895672037
0.0465420980904
0.0432873168945
0.0403494068051
0.0398850980516
0.0514325692681
0.0490878352147
0.0603403054258
0.052737497582
0.0421590771316
0.0381265831009
0.0451541958737
0.0391550811203
0.0519955567855
0.0484746998608
0.0593183232872
0.0484143839467
0.0446724903185
0.0417618139486
0.0505248317993
0.03349100532
0.055470179669
0.04203588642
0.0443097556986
0.0542213359291
0.0591378446499
0.0492370422276
0.0557669483455
0.0510084865176
0.0587968563016
0.0568815109828
0.0498247734672
0.0519492456308
0.049404332433
0.0574917483711
0.056800141165
0.0558811124856
0.0567412129193
0.0459946239522
0.0555234573053
0.0450759291623
0.0536627754144
0.0503440086554
0.0416313772911
0.0557242189248
0.040871747481
0.0457066971453
0.0446739608934
0.0472674280969
0.0347280676504
0.0383323366249
0.0403842394014
0.0406146377665
0.035419005578
0.0419375574043
0.0455357647522
0.0441370986933
0.0508147536403
0.0482476035419
0.0461260694521
0.0442489172471
0.0512258277701
0.04530550437
0.0547930547866
0.0566881799248
0.0488350381427
0.0535899963336
0.0519629584331
0.0572634425805
0.0581627493018
0.0540774372278
0.0521539267458
0.0512281297021
0.0623782931859
0.0532141906438
0.0535485076228
0.05158963536
0.0471637748321
0.0604303716716
0.0458994034944
0.0532230368845
0.0480445089698
0.0459206880972
0.0536549739234
0.0532288304299
0.0454463641642
0.0433593241152
0.033639190936
0.0411078950052
0.0449727758715
0.0495489512195
0.0522470243692
0.0522836415615
0.0449714844355
0.0328238107263
0.0366986132824
0.034013667689
0.0430077800862
0.046250762457
0.0359720542767
0.0449013064377
0.0335272004507
0.0349865307094
0.0373866288526
0.0401204828074
0.0392426317387
0.0361438710556
0.0360134365948
0.0380695886801
0.0460764050089
0.0416668444018
0.0476755951971
0.0513520402121
0.0409077218629
0.0374141759524
0.0509477344995
0.0405217873652
0.0323567843814
0.0365252078662
0.0345081569828
0.034340000902
0.0344953914053
0.0370495714539
0.0456242153136
0.0445585067628
0.0439289210687
0.0310677995697
0.0607939697013
0.0332931282036
0.0281002243007
0.0442350095046
0.030939013775
0.0250191218763
0.0150943021735
0.0246728430375
0.0256365857285
0.0246603974733
0.0215593250802
0.0415024973279
0.0298209793606
0.0299516148712
0.0265794529861
0.029462478956
0.0407990990149
0.0416058301628
0.0304632088418
0.0300461875168
0.0257737586403
0.0252217229523
0.0241269299848
0.038300834604
0.0391636156149
0.027599166545
0.0321935185549
0.0405869625752
0.032488632329
0.041084073235
0.0264808298201
0.0313823613485
0.032309593472
0.0316634537497
0.0606614218215
0.0399008977735
0.0416222482345
0.0391291190744
0.0448760902221
0.0497663908335
0.0385849257364
0.0361086939996
0.0344580755371
0.034055871235
0.0470610131891
0.0370010253845
0.0409784017986
0.0411411998431
0.0384549483688
0.047475236064
0.0433468295102
0.0561628315773
0.0511574220202
0.0407298318559
0.063085144636
0.0340769044295
0.0453083000881
0.0397440475785
0.0440567281051
0.0399313717609
0.0373640885991
0.037719259851
0.0457749370662
0.0475436382694
0.0491688132346
0.0555780858482
0.0488155127853
0.0529897779291
0.0442286468866
0.0485264404832
0.0336146636419
0.0395748983009
0.0518444376408
0.0493072542611
0.0403806492159
0.0428483380781
0.0343161956609
0.0361501607928
0.0306371935657
0.0332138419982
0.037387732107
0.0423116001514
0.0479348001148
0.0568722784026
0.0346600135397
0.0374968727523
0.0422869973195
0.0390776207314
0.0404031353148
0.0413574833984
0.0409447670032
0.0327310858912
0.0334137361388
0.0329190316935
0.042205672593
0.0412873259165
0.0399390782226
0.040719237373
0.051715436078
0.0471026048284
0.043324209218
0.0373945452028
0.0370303045634
0.0372071553304
0.0357091462941
0.0409598299995
0.039233432376
0.0421550073952
0.0558729397951
0.0611656947603
0.0654976407327
0.0528827360969
0.0507772302788
0.0296847788797
0.0329501733723
0.0546280306361
0.0523035507819
0.0598396035052
0.0466532858261
0.0381860320106
0.0482070185138
0.0381626847619
0.032511506802
0.0418033336434
0.0405579474727
0.0267468281669
0.0346305859672
0.0272657667071
0.0268371390819
0.0335066120926
0.0467105562856
0.0418212570893
0.0352361178533
0.0350779342007
0.0333874748901
0.0364911437541
0.0328186270213
0.0321923719446
0.0398599255199
0.0370607005325
0.0420268151088
0.037599845694
0.0406911302908
0.036926456017
0.0406176890373
0.0394054720715
0.0454230919659
0.0367792009921
0.0451306701718
0.0513232820033
0.0568836158117
0.0506110652674
0.0426492077058
0.0539305653013
0.044470297128
0.0543871805004
0.0600796057014
0.0683408224002
0.0486698583117
0.023722927189
0.0495808281904
0.0398964364879
0.029906661566
0.0235326024034
0.0418113271804
0.0391496235161
0.0404664636228
0.0396787094625
0.0473298102981
0.0446794182791
0.0549276308531
0.0411953135682
0.0265545392715
0.0335157578288
0.0258282823272
0.0327230598827
0.0411818708056
0.0476744416581
0.039636806187
0.0333190187767
0.0380277044807
0.0607902992095
0.040961829529
0.0447603803348
0.0369661437399
0.0384794040635
0.0353634061574
0.0359170865462
0.031590261541
0.0365192335221
0.0372026276553
0.0527324421943
0.0492124989598
0.0447272719934
0.0385359127282
0.0415393602373
0.049010368711
0.03722225724
0.0526968899812
0.0545464337259
0.0382341969596
0.0457668271551
0.0477273921995
0.0700658627733
0.0459609390427
0.0505277483711
0.0363035559076
0.0406790577582
0.0515645527325
0.0441756298804
0.0389401867045
0.0320058882651
0.0427495886289
0.0321498606051
0.0493842663543
0.061314196065
0.0574633618074
0.045704299895
0.0507453118014
0.0505578787624
0.0493835558904
0.0500441620568
0.0412417218932
0.0459040197176
0.0446819058517
0.0503270753581
0.0518343599996
0.0404334788856
0.0388770172869
0.0477885766984
0.0546194109795
0.0483310569561
0.0468437173524
0.0375471836794
0.0412011849875
0.0379617209123
0.0443449679643
0.043724610989
0.0352188431439
0.0402759899405
0.027784145845
0.0544676356813
0.0503229250255
0.0655812607812
0.0568536001002
0.0486994236589
0.0437151006349
0.0429258798532
0.0552616646996
0.0533275738035
0.041854251835
0.0431155747951
0.0523422352596
0.0415604177484
0.0388927885737
0.0309613286764
0.0388922362487
0.036275413245
0.0423840934775
0.0470433916158
0.0361453624616
0.0370225618354
0.0443961145833
0.0371430364125
0.0620640327291
0.064545028599
0.0531900031268
0.0330127882639
0.0335063006481
0.0415057917526
0.0424962583421
0.0406151497896
0.046662640578
0.0430778481844
0.0498961661345
0.0453741364651
0.0501723006399
0.035143632598
0.0381443784407
0.0462811175973
0.0454099092135
0.0344928040731
0.0451402037797
0.0659242922516
0.0475600274729
0.0486520286659
0.0431732534021
0.0420790159636
0.0437511964496
0.0400200389555
0.0391822654779
0.057397540545
0.0388492922481
0.0417291954075
0.0423072546092
0.0419183256917
0.0327770155145
0.043706029391
0.065128238795
0.0546732500661
0.050426345573
0.0673059186742
0.0505019892211
0.0388803727921
0.0427150115593
0.0667939493759
0.0529697661323
0.038916241892
0.0419414799965
0.0389974942163
0.0441734604714
0.0378154735934
0.0374853352269
0.041596493689
0.0432971877896
0.0436101046656
0.0525587512003
0.0538167143577
0.048510827882
0.0537638571218
0.0496776646643
0.0556984417039
0.0467096706383
0.0418471604029
0.0485412451994
0.0465977741633
0.0539619118418
0.0511858307399
0.0461363967518
0.0367353684756
0.0446626354913
0.0370567307129
0.0429402998036
0.0410919724832
0.0398443236562
0.0463287896703
0.0262373087442
0.0315790365333
0.0388327996183
0.0390041980307
0.0391984738323
0.0523685847052
0.0426439064897
0.0476366624627
0.0283894730979
0.0373276341325
0.0438493243751
0.0449532881878
0.0447382188257
0.0233091760964
0.0388985886827
0.0381095887581
0.0334283376037
0.0296694624506
0.0294592581464
0.0324435672927
0.0290444938247
0.024709335372
0.0347161766421
0.0360700027532
0.0249429250785
0.0233664810902
0.0320787058239
0.0356597646761
0.031273739454
0.0256069190435
0.0218271213171
0.0292140749145
0.0498994041493
0.0419678323816
0.0387022221957
0.0343629872718
0.0380347512651
0.0449397982927
0.0392194141738
0.0368106267836
0.0402083285172
0.0267791051925
0.0340192729871
0.029342708287
0.0347968671183
0.0284393393335
0.0294528908415
0.0264003249716
0.0276991961303
0.0283189387388
0.0464160905417
0.0421899586205
0.0578090535386
0.0487289904442
0.0404759469988
0.0443136618584
0.0406979547119
0.0515342931363
0.0441658896152
0.0362695197819
0.0348119661723
0.0384258311402
0.037524290749
0.0437745386532
0.045812022574
0.0371100285625
0.0318479979258
0.03094785251
0.0488312557928
0.0359971275513
0.0462736636089
0.0539130920755
0.0489258975415
0.0412543192977
0.0426189413245
0.0401832155463
0.0434508714193
0.0526549462348
0.0456719576102
0.0433919495859
0.045384092851
0.0481359010504
0.0448876647881
0.0350212466006
0.03697275078
0.0470950620622
0.0450906324387
0.0447944947763
0.0453089948901
0.0437235754454
0.0439961429079
0.0396084776251
0.0411370050481
0.0457050841697
0.0457848220933
0.0448576501695
0.0374457612538
0.0368316560123
0.0362289611012
0.0464868158847
0.0420040487454
0.0390811857574
0.0381625035711
0.0388349267259
0.0396151596112
0.0375083888437
0.0426106148697
0.0437873031181
0.0409298322247
0.0396792247101
0.0420538211847
0.0384666351977
0.0360728174064
0.0431581206717
0.0422574804521
0.0403340149742
0.0418196326687
0.0387620905962
0.0377540382309
0.0355295242607
0.0435969322055
0.0416793834374
0.0334220945169
0.0385128067387
0.0323949770386
0.0398904582966
0.0424489264263
0.0412322902883
0.0389922506153
0.0315149903168
0.0356818434011
0.0386554595928
0.05967399809
0.041261135041
0.0434658378364
0.0451548194459
0.0354919333727
0.034457364814
0.039410103638
0.0328746901196
0.0405324477317
0.0359791318501
0.0326131348039
0.0395868336075
0.0308488517877
0.0387215263581
0.0349841762396
0.0341083821077
0.0390177429834
0.030795315077
0.0389014745596
0.0344212583432
0.0432489748298
0.0487736947663
0.0451004933736
0.0437786709486
0.0476117221596
0.038043874989
0.0417606854755
0.0532968748566
0.0482974667447
0.0440319731752
0.0495990886566
0.0428807183596
0.0426774570763
0.0487581605823
0.0426849772635
0.0425565126593
0.0487336499351
0.0427798739536
0.045812970818
0.0454462965843
0.0450683641255
0.0457255315607
0.0454548962504
0.0454185487554
0.0492337404323
0.0468403639428
0.0448224279566
0.0423738640868
0.0464935144701
0.0621658860274
0.0604758275105
0.0556815868748
0.0445097009323
0.0435577987745
0.0357573547515
0.0364639467706
0.0414796671955
0.0415837763249
0.0398440329679
0.0397427146348
0.0443330722139
0.0572419778481
0.0632398922465
0.0435654567939
0.0537015549741
0.0586229910597
0.0493784845815
0.0563474360296
0.0505094899933
0.0459084902492
0.0429152093378
0.0561559853146
0.0457090849832
0.0571185188945
0.0436803303571
0.054895619378
0.0458115829338
0.0544241615968
0.0695493820203
0.0515983575527
0.0523119138924
0.0582149393159
0.0450311795649
0.038576160368
0.0575608118899
0.0498124458432
0.0460337986645
0.0610413374367
0.0555067455854
0.0523449371914
0.0431083881693
0.0407049428613
0.0472914706346
0.035185188572
0.0357274284605
0.0428101571034
0.0408888155635
0.0420001623056
0.0461835605928
0.0465510774259
0.0478222429448
0.0473472978807
0.0492085372866
0.040168889813
0.0411777402731
0.0515734298624
0.0526468614791
0.0514255079184
0.0435246464018
0.0443891542628
0.0389432981471
0.03468728129
0.0367511565952
0.0407695464427
0.0427955392591
0.0413409491707
0.0453996137033
0.0423801809448
0.0329118673703
0.0290741733848
0.0351616371638
0.0341047325426
0.0436457407343
0.0339603704877
0.0355492508666
0.0451305481431
0.0398932078475
0.0498233901833
0.0339272812543
0.0440161013918
0.0347817976794
0.0421993313851
0.0366847503795
0.0336413822386
0.0344026509204
0.0402908223199
0.0522939462307
0.0430052043714
0.0438632467346
0.036595204297
0.0359301401914
0.0548098000062
0.0485294170137
0.038318115541
0.0511249362981
0.048248222556
0.0365663898386
0.0388168364888
0.0388007017772
0.0481905298168
0.03649699436
0.0351941286815
0.0375864042904
0.0383919844624
0.0438945170227
0.0449539099695
0.0475455522497
0.0463611239754
0.0518104071996
0.0430240768862
0.0429532922922
0.0365335954321
0.0393601292773
0.0377848518289
0.042251225641
0.0380836189926
0.0359045569589
0.043400865727
0.0414792171106
0.037852717842
0.031609099018
0.032507740057
0.0335436064509
0.0358047955824
0.0370042918446
0.0378480647428
0.0373911890872
0.0306854348794
0.0376386845974
0.0346964949513
0.0413319702452
0.0472181063127
0.0537001235512
0.0422744342282
0.0384158608724
0.0395946934584
0.0316543834736
0.0332278678475
0.0427625687863
0.0445434382751
0.0459478976522
0.0501352857328
0.0510490320391
0.041186591031
0.0565507916614
0.0423148330292
0.040195827291
0.0405774285617
0.0432496782641
0.0416150461301
0.0471303626451
0.0634540996797
0.0581351528642
0.0487575777971
0.043227694397
0.0345479640111
0.055762196777
0.0392026185938
0.0506039753663
0.039468183826
0.0334016129774
0.0539057105528
0.054230472399
0.053114636897
0.0510492285058
0.0428074956309
0.0761649416059
0.0549848624652
0.0686890011783
0.0579652192296
0.0423245784489
0.0357182706857
0.047143646332
0.0499009922664
0.0453883576649
0.0479387854298
0.0429233810197
0.0437948067151
0.0440321791921
0.0553877876845
0.0529476382977
0.0527997762435
0.0467619780869
0.043063473946
0.0493721448153
0.0454868402104
0.0477349136794
0.0509803864529
0.0511558081808
0.0480876487184
0.051110023216
0.0476612691927
0.0446145526116
0.0455642980843
0.0480831070644
0.0530080159122
0.0495949605134
0.0323571855263
0.0364951596864
0.0277459679207
0.0341460487955
0.0322871295616
0.0424610240942
0.0350383858997
0.0326476805241
0.0390019705193
0.0417642867621
0.0436685406752
0.0352416060627
0.0350530320344
0.034437553363
0.0389699406215
0.0389403106223
0.0392737186581
0.0469114592169
0.0491478799207
0.0554426535322
0.0474267973693
0.048532058691
0.0387853199987
0.0343559587924
0.0342123657596
0.0468353577909
0.0468093450093
0.0481076484965
0.0520284774793
0.0435640773593
0.0441638734946
0.0429901156925
0.0349387191424
0.0370832991365
0.0465889010611
0.0481537807147
0.04474462195
0.0409441863666
0.0434692318345
0.0538561618415
0.0508762183631
0.0553436516478
0.0633841408507
0.0481624183509
0.0371423604203
0.0342980529893
0.0390005308511
0.0456295196048
0.0538085400582
0.0580545064134
0.0494316190509
0.0446393917744
0.0440763425403
0.0523091047349
0.0502378326134
0.0512020058045
0.0495699461306
0.0465206143931
0.05318965153
0.0510422025499
0.0494156406278
0.0642065142053
0.0412094407513
0.0422384973922
0.0543860162991
0.0527049208196
0.0467704053778
0.044689132799
0.0588872605926
0.0399546180178
0.0401671688129
0.0595511944304
0.0492406895128
0.0763895787779
0.0440276195349
0.0828322434105
0.0518088463405
0.0584886168746
0.0526608531994
0.0518560692675
0.0469460721284
0.0469725204816
0.0431724566611
0.0508586862471
0.0617563367858
0.0428027435
0.0560484892594
0.0455725678428
0.0458387130826
0.0486282126937
0.0511708020338
0.0538146132546
0.0500280627221
0.0489413244235
0.0536824724579
0.0459341377319
0.0375024701733
0.0341231718603
0.0510584079011
0.055686409978
0.0518404055458
0.0457446450464
0.044886642697
0.0457797466923
0.0481729305557
0.0419846266576
0.0397524120236
0.0493775347126
0.0465545251369
0.0515615455969
0.0417248921347
0.0422721175255
0.0358795675216
0.0367644029544
0.0368019319243
0.0404840976095
0.039586621843
0.0372354031627
0.0411516011735
0.0378531075111
0.0380727329173
0.0353799814628
0.036346994806
0.0353227353398
0.0461991009206
0.0456632660918
0.0467394980076
0.0500915310281
0.047909236411
0.0482719201007
0.0460246213001
0.0470455241678
0.0468769629753
0.044600986882
0.0441106595866
0.0425841564571
0.050741019889
0.052276013339
0.0529139527623
0.0495974217263
0.0498665414077
0.042880718431
0.0470626472869
0.0394415673089
0.0513261563136
0.0517246294498
0.0516173933569
0.0478849573935
0.0509873362987
0.0507844458524
0.0505161527939
0.0418377620587
0.0416957397669
0.0341913558379
0.0341774264202
0.0422894489849
0.0461849648706
0.0500112186548
0.0501294343011
0.0509408125202
0.0454058939077
0.0473075520785
0.0426394851072
0.0416326341134
0.0279817905941
0.0426038003463
0.0448264249525
0.0456298446919
0.0388059107664
0.0372107388799
0.0529100638501
0.0460320321352
0.046430320946
0.0520504266142
0.0498735636498
0.0394688699493
0.0327512696461
0.0349650332924
0.0298956048841
0.0394843414734
0.0374219141397
0.0393511217894
0.0483952047359
0.0454413369541
0.0450228910067
0.0323939040362
0.0330164029909
0.0430680078009
0.0562981950731
0.0564051882045
0.0444184324165
0.0366196859639
0.0335241042643
0.0407486558938
0.0501650864731
0.0453016664526
0.0344974147188
0.0417983341156
0.0505966357317
0.0535650147743
0.0517532716835
0.0418758913845
0.0436353640135
0.0514953258279
0.0534596955287
0.0567952339572
0.0509943693972
0.0317344969333
0.0379371728745
0.0428671162122
0.0445413761092
0.0529595710925
0.0565718882171
0.0449925637479
0.041058035118
0.0404981504502
0.0411934374609
0.0530532068629
0.048778190992
0.0350058700549
0.0411648667789
0.0506985503359
0.0426759215119
0.0401638871829
0.0442172014088
0.0444858406777
0.0475292282557
0.0347072911594
0.0359867015612
0.0443046985708
0.0430682352703
0.0460144710547
0.041710226964
0.0369917313664
0.0451493428567
0.0476493764854
0.0504068963515
0.0499078971158
0.0532349568354
0.0616000434892
0.0594249732087
0.0489318587682
0.042356243925
0.0483941499142
0.0408813893485
0.0440893841759
0.0512214683182
0.0541831792388
0.063548964429
0.061283480648
0.060530734493
0.0465752860306
0.0470082410332
0.0423610073363
0.0438562833435
0.0444883093401
0.0382989713185
0.0383510185553
0.0575555540133
0.0537394410327
0.0466921262123
0.0466108870995
0.0472598831655
0.0421436899812
0.0430941572016
0.0412994255773
0.0490055381044
0.0497226862674
0.0545365116832
0.0400688485394
0.0497632405926
0.0462050419069
0.0488157948801
0.0460270825429
0.0455032497186
0.047350276985
0.0485279870381
0.0449215589897
0.0405557450719
0.046701006519
0.0435711089161
0.0366571875336
0.0459107160036
0.0463496372165
0.0530848471969
0.0505419584154
0.0522227104921
0.0529315046872
0.0532441747855
0.045742697756
0.0536218606007
0.0370680952927
0.0374182073833
0.0396644858507
0.0423572086851
0.0444753852067
0.0474570714777
0.0497031145866
0.046941634021
0.045913991727
0.0363741148794
0.0323243411505
0.039082583532
0.0496659262354
0.0474535774058
0.0496325396665
0.0491192606419
0.0395852630926
0.0293296647478
0.0351543777767
0.0385680551876
0.0366145433034
0.034386014341
0.0300582417616
0.0362982879924
0.0322992644427
0.0402452807014
0.0437237783587
0.0455622774523
0.0531136381009
0.0461109533128
0.043621474866
0.0495304465289
0.0399046450082
0.0440093678297
0.0515515435709
0.0493356611953
0.0462198285087
0.0462723949902
0.0457992039199
0.0494007871527
0.0422643405618
0.0479756312444
0.0477857500797
0.0413866284413
0.0450945567715
0.0540999844042
0.0538533835249
0.050647433664
0.046077180259
0.0482260798556
0.0468487265079
0.0545914529444
0.0444914961949
0.0509051684167
0.0660550481115
0.046796726541
0.0521949319326
0.0469492292699
0.041712328858
0.046615099389
0.0530217627291
0.0497794411789
0.0493690605096
0.0472441310373
0.042417385036
0.0485541802332
0.0511864124757
0.0508319480577
0.0430674821393
0.0542484857534
0.0442989163913
0.0532956553265
0.0481854811231
0.0593789912485
0.0543809000289
0.0418482414896
0.0404428177477
0.0478118369344
0.0455715768213
0.0480907263855
0.0483649799808
0.0661945872736
0.0577571183742
0.0505428491145
0.0553890095031
0.056054422257
0.0504053275953
0.0472051513241
0.0482937307324
0.033669072334
0.0390025509689
0.0328251764985
0.0418851863863
0.0405304866707
0.0410616888441
0.0433748768369
0.0360066355904
0.0384416831984
0.0332080850487
0.0354286618784
0.0425504439631
0.0308281690578
0.0293027958704
0.0264139059564
0.025908893508
0.0303783747433
0.0339673707172
0.0348995478779
0.0347276289067
0.0354040353902
0.032912630029
0.0356431368522
0.0291954270475
0.0379439758196
0.0435382639754
0.0508108401165
0.0363473065545
0.0355132675985
0.0372331145569
0.0409305983359
0.0262469016775
0.0346811247478
0.0446412730149
0.0418353193804
0.0416278661354
0.0446618267489
0.0380690967436
0.0409097906185
0.0446606869403
0.0362673378444
0.0400700820012
0.0399096341639
0.0391413216656
0.041049049699
0.0442501124186
0.0433616461192
0.0479444117145
0.0452023837434
0.0454554110873
0.0465176723763
0.0430279537737
0.0398299500493
0.0359528014862
0.0352047371598
0.0377847499567
0.0433144509405
0.0481621265709
0.0481920901854
0.0476939440648
0.0447385233997
0.0431370168717
0.0405074850705
0.0392572238747
0.0480701065078
0.040476954217
0.0446282467594
0.0459984731117
0.0433592128628
0.0398909586596
0.0416456347542
0.0379600749888
0.0402080125872
0.045011028619
0.0462377917487
0.047012426213
0.0466009392084
0.0465155147691
0.0460861291107
0.0429944137963
0.0430477807983
0.0382914821273
0.0395010784141
0.0435259032105
0.0439416205331
0.0466316443777
0.0465747890494
0.0476161414373
0.0445318661059
0.0434059890768
0.0413402715002
0.0391645758651
0.0483902773259
0.0406561031891
0.0386530447872
0.039488407024
0.0410411613792
0.0418635747182
0.0329250917744
0.0315241477165
0.0348776811672
0.0379436974402
0.0439388802498
0.0404700146274
0.0354032823277
0.0392268748304
0.0336008903566
0.0443057989218
0.0436887469232
0.040991088389
0.0441166559894
0.0366492351588
0.0406717102462
0.0406458392632
0.0358926966109
0.0422137910393
0.0414926795802
0.0404377907049
0.0437181928729
0.0373118566913
0.0392858274862
0.0443192086653
0.0300716793801
0.0348106701035
0.0361804389361
0.0361900363495
0.0357430155332
0.0355247638785
0.035298104656
0.0386410348221
0.0275542630069
0.0302055169311
0.0387613398239
0.0342296836242
0.0394735685623
0.030632220756
0.0393094603326
0.035327400248
0.0364110395907
0.034978500883
0.0350218653608
0.0330817686633
0.0337818533219
0.0303487757087
0.0306834911839
0.034295668313
0.0346376694102
0.0351156635739
0.0359988804372
0.032536738995
0.0391818733572
0.0258303660638
0.0436822105782
0.0352558628971
0.0382512962117
0.0387181073016
0.0436597111601
0.051388301328
0.0347854092697
0.0381016822179
0.0488659636192
0.0468730992282
0.0484590555527
0.0478412267097
0.0399083808352
0.0433731518563
0.0387629699734
0.044909839055
0.0441044181447
0.0405666715814
0.0403137266354
0.0327633955228
0.0405747283999
0.042649241758
0.0426906577476
0.0447397870672
0.0389826825209
0.0457479809216
0.0411841865776
0.048146500091
0.0538335613156
0.0514352474367
0.0516016611804
0.0515328037104
0.0488254284797
0.0484914422923
0.0397802330635
0.0381828965851
0.0383076100284
0.040591797384
0.0454851955197
0.0458065106367
0.0517064583849
0.047220548075
0.0472031042077
0.052018007883
0.0443502743746
0.0453942312628
0.0402163161899
0.0519844588101
0.0421120545798
0.0484694133911
0.0445824745266
0.044729171334
0.0466360088657
0.0421696509145
0.0402831923296
0.0473398135975
0.0426990321978
0.0436653975039
0.0487484641429
0.0420715947886
0.0496246335548
0.0408916325017
0.0401786079036
0.0400173440188
0.0412035133152
0.0382091852271
0.0470582487929
0.0429873869049
0.0467760908688
0.0416183990306
0.041513289214
0.0406827703844
0.0335606788199
0.033179568852
0.0361966960824
0.0409058294631
0.0340663327782
0.0389626903542
0.0347810813052
0.0350648189641
0.0362134383446
0.0373583304391
0.037367469578
0.0428870991889
0.0487612316935
0.0483572992935
0.0437608850853
0.0452333039239
0.0414969577463
0.0401913113615
0.0372328950977
0.0368156982913
0.0457773453979
0.0481089194813
0.0289941846959
0.0477886415616
0.0349628495228
0.0525682482679
0.0413924210211
0.0370343699091
0.038047401903
0.038500607467
0.0388383755611
0.0370387220106
0.0332740209103
0.0384215243995
0.0410023010922
0.0425367893203
0.0432176440652
0.0470149221891
0.0353743659408
0.0443980752239
0.0456096365851
0.0364038902823
0.0368834391551
0.0394089174648
0.0417646127721
0.0448657533221
0.0435092695148
0.0546280561224
0.0459679874606
0.043005380928
0.043914227987
0.0491633834904
0.0376551858194
0.0522493702531
0.0392346100797
0.0378155136051
0.0428308386859
0.0509356815264
0.0365166417157
0.0378739356182
0.0376189832596
0.043114439994
0.050150600252
0.0490444415167
0.0407902410277
0.0352067637149
0.0395296359027
0.0326978628805
0.0438922201715
0.0405883242897
0.0356404016762
0.0401511157951
0.0354650637556
0.0361441970858
0.0405491902212
0.0487089848449
0.0504885848925
0.0437465981605
0.044411680881
0.0443969603258
0.0455458315267
0.0493086599509
0.0394108403942
0.0313564211837
0.0531555024674
0.0317235778997
0.0307982724108
0.0363032994865
0.0353725923831
0.0353893612096
0.0399011281673
0.0360910304373
0.0357221337531
0.0432199247954
0.0395273109096
0.0472747875543
0.0434293645433
0.0428821079129
0.0416950857486
0.0350225636904
0.0419110195298
0.0425805359294
0.0384040243966
0.0370476334348
0.0379090030414
0.0451995010289
0.0428590027699
0.0439497248924
0.049020830038
0.0409882679658
0.0501203582117
0.0416517187536
0.0434119261299
0.0346750722584
0.0340310048248
0.0378724022882
0.0405542532233
0.045290745725
0.0458405632287
0.0521260299384
0.0475843543008
0.0476352245238
0.0528841580039
0.0444941128069
0.0499576340169
0.0436856296707
0.0398631304127
0.0442982396435
0.0374801869608
0.0442572135698
0.0429735884923
0.0393795690429
0.0392638137501
0.0314840477039
0.0398766873289
0.0416666634916
0.0421770352288
0.0444776625566
0.0409913992134
0.0438085067442
0.0382031095743
0.0356185397533
0.0355254343578
0.0330820863069
0.0338797132525
0.0307093208927
0.0298804314562
0.0343391717981
0.0347069243016
0.0351185941366
0.0357707305703
0.0350641334701
0.0358488430515
0.0341375586048
0.0315221924206
0.0292224815756
0.0386104757861
0.0442112514272
0.0380055506464
0.0419609493002
0.0423629986008
0.0373644373121
0.043995728289
0.0430708956119
0.0415001283321
0.0452591542534
0.0380029834442
0.0454491917349
0.0436196483399
0.0431628831878
0.0446685723593
0.0373847398276
0.0427845919218
0.0425081776622
0.050415066419
0.040411118266
0.0476933716079
0.0453274342795
0.0480830725444
0.0471200624738
0.0477930557418
0.044689396868
0.0431743855218
0.0402903716615
0.0396061993395
0.0456524293795
0.0450720834772
0.0470898369642
0.0477329555181
0.0466117173775
0.0472726517131
0.0444211773268
0.0506713639762
0.0413816903525
0.0479012411548
0.04497165474
0.0476832404067
0.0465596568578
0.0476616532975
0.0445321793325
0.0434206266793
0.0409950116603
0.0395188559481
0.0454313419982
0.0447985925517
0.0467454906655
0.0472232729434
0.0475888584834
0.0483819539598
0.0493152584014
0.038101366503
0.043792930385
0.0372998447133
0.0410431202881
0.0412002990914
0.0359589489506
0.0423377952785
0.0414731006189
0.0404257841154
0.0441226438104
0.0371511332425
0.044908123658
0.0426772609192
0.0430831654968
0.044504585361
0.0339680813801
0.0400365078842
0.0370745845599
0.0443114847876
0.0509715808484
0.0340342318935
0.0352197738686
0.0347696864599
0.033212307186
0.0338180674191
0.0303645860285
0.0306920760253
0.0342880238301
0.0345687560934
0.0352150812255
0.0352954316655
0.0353501714667
0.036468444206
0.0348488118502
0.0397804262567
0.031199024106
0.0360080482387
0.0438125983024
0.0469750398508
0.0479262854633
0.043019726937
0.0378754769176
0.04433667964
0.0432252612541
0.0404901221115
0.0401297224511
0.0327413621701
0.040566810627
0.0426310890801
0.0426483842485
0.0450667161765
0.0383941222405
0.0433859247115
0.0413615626206
0.0480154040683
0.0477543338988
0.0497848576293
0.0432531272454
0.0444383229745
0.0384841456521
0.0439064887803
0.0444536494167
0.050729306343
0.0469901691994
0.0471627588983
0.0516485326744
0.0443823401521
0.0442860743886
0.0402085206965
0.0383237575322
0.0394205855868
0.0410356265718
0.0484508592765
0.0472559516807
0.0463341900047
0.0351451162667
0.0348123820443
0.0473238306498
0.0416622271753
0.0500645179852
0.0455430360346
0.0418940610269
0.0467164197979
0.038978601954
0.041643664572
0.0520764999096
0.050707286354
0.0263439773048
0.0359345854676
0.0397904877832
0.0447825503258
0.0427992091886
0.0418707256769
0.0458316378164
0.0493678210269
0.034455157708
0.0469141520047
0.043453919842
0.0336588492396
0.0399118156619
0.0617591906216
0.0562803410351
0.0538474824403
0.0594895832435
0.0402919873716
0.0388800422049
0.0408528136162
0.0448817761719
0.0494598258645
0.0524254724431
0.05903536456
0.0540488183396
0.0532836942065
0.048964072635
0.0496774148435
0.0485742915889
0.0532057086655
0.0374511282391
0.0360650119259
0.0391502957105
0.03202010953
0.0397840756682
0.041340366029
0.047946445498
0.0574549556758
0.0553846505791
0.0542078122661
0.0455687876328
0.0438804809761
0.0391856284921
0.0338946728254
0.0462516568571
0.0469471718223
0.0521271044482
0.0472900010471
0.0450489027999
0.0431625478661
0.0573728303047
0.052561340294
0.0507617550582
0.0334587801443
0.0687398922397
0.0418822302496
0.0430550948739
0.0523694923792
0.0503584131675
0.0474719584962
0.0492213620128
0.0484574247356
0.0415610035406
0.0497223249022
0.0362000053428
0.0319883034559
0.041569032241
0.0414935804752
0.0462012986911
0.042535231968
0.0405083677191
0.0425159136454
0.0466599833101
0.0461992177512
0.0417020283004
0.0375807520764
0.0435167505842
0.0454268753643
0.0400335708837
0.0303268743222
0.0377414116094
0.0535100486404
0.0441527127381
0.0481500192639
0.0561769684447
0.0463703561657
0.0467788634996
0.0555418014749
0.0464525642937
0.0464756593935
0.0523210130592
0.0485621838906
0.049146081206
0.0571145088768
0.0576045559276
0.0415234142324
0.044085924632
0.0473710243552
0.034000533622
0.0341350861504
0.0337011811851
0.0417103267829
0.0385175814035
0.0360137541954
0.0365861199603
0.0349335055049
0.0395162549004
0.0323923689022
0.0329482913111
0.0348778871528
0.0352084909417
0.038718111127
0.0440386966412
0.0450204282524
0.0487181483485
0.0474957207347
0.0495354169271
0.04275722274
0.0502821932113
0.049651166205
0.0511190500756
0.0330175557563
0.0267547738937
0.0395926335855
0.0489652643947
0.052864371536
0.0544958414637
0.0518721456351
0.0407028833183
0.0416495842416
0.0387378729807
0.0369371931659
0.0409377347553
0.0549235797198
0.0609098277613
0.0517045747919
0.0652007273799
0.0563878035986
0.0339805112054
0.0376356345029
0.0660588161277
0.0382587884344
0.0365528593992
0.0342610270562
0.0409949585439
0.0400064400937
0.052922658781
0.0457570822266
0.0357288216949
0.0403526329436
0.0362278353659
0.0429797166726
0.0416978536519
0.0406145338817
0.0456237209075
0.0337223027233
0.0375189063048
0.0467409600971
0.0491086010889
0.040036987325
0.0463428488723
0.0404205187451
0.0518148602618
0.0504980260132
0.0471562039456
0.0673877433223
0.0539150770769
0.0492160439433
0.0702453198756
0.0405935412128
0.0541424055443
0.0381383099583
0.0424455684706
0.0462876201144
0.051688487132
0.0483672099301
0.0517941126311
0.0504776718976
0.049541267361
0.053905546688
0.0278835511328
0.0162092824481
0.050420442103
0.0550820269398
0.0399162454786
0.0471633943199
0.0372431319489
0.0525139596138
0.0418316160657
0.0456557852414
0.0530597989683
0.0542968623812
0.0676016482627
0.0609437153149
0.0503422889689
0.0772791235454
0.059055852051
0.0467181984464
0.0540776106894
0.0414186060509
0.0418115509105
0.0477272692957
0.049324138545
0.0466224046631
0.0542237851146
0.0469647552532
0.0411866047962
0.0357657647964
0.0407882674387
0.0390032133258
0.0386853117404
0.0448831397347
0.0438783390785
0.0482299641039
0.0468688838638
0.0421136640653
0.0330660476789
0.0406788229058
0.0377132279888
0.044980931873
0.0356736019496
0.0384546301858
0.0463516114642
0.0444074282656
0.0444660459178
0.0428806855756
0.0412622748293
0.0395647914646
0.0442681413849
0.048472813393
0.0549467583025
0.0505845249502
0.0512985611128
0.0541556009234
0.0476078193217
0.0500632387405
0.050077617114
0.0497657285236
0.0467424648507
0.0446892409098
0.0369615889149
0.0378118264669
0.038731897621
0.0499340738361
0.0454275051281
0.0527977605174
0.041442459167
0.0396812560964
0.038518088512
0.0485342647791
0.0464458935329
0.0424424632792
0.0443261887101
0.047202245345
0.0526965413264
0.0530050518759
0.0537600347057
0.0491917621282
0.0475830410765
0.0497280485074
0.0449137160331
0.051643851803
0.0507927411974
0.0520469725552
0.0519118534374
0.0520040414925
0.0416981181471
0.0416717653973
0.0502377823793
0.0465641532588
0.048947744264
0.0392443250794
0.0297286613589
0.0329077611169
0.0503274934339
0.047877617453
0.0495564058759
0.0451190081382
0.0411520263034
0.0343082524275
0.0381666208308
0.048682189247
0.0391813501614
0.0369865841618
0.0365489902109
0.0347448181255
0.0431528317171
0.0403988594892
0.0358535444713
0.0380166737487
0.0475415255666
0.0459660995526
0.0474658876064
0.0457981097251
0.0467421583793
0.0424392238356
0.042557126055
0.0376638053726
0.0381095094403
0.043406041917
0.0472107633484
0.0539785552893
0.0513601795833
0.044628824557
0.0413663926946
0.0443687071374
0.0425932295795
0.0423508682743
0.0424878015385
0.0460001672863
0.0439965444422
0.0449508857471
0.0465529070961
0.0425096941258
0.0442182564175
0.0381954983135
0.0445064155046
0.0419860016821
0.0405735802875
0.0386827979368
0.0504203028412
0.0442094296838
0.0335736673513
0.0326316523999
0.0356064222982
0.0480365262869
0.0474007288812
0.0397347653677
0.0428159379575
0.0372371723466
0.0403558079451
0.0491883590466
0.0485613173372
0.0417043572797
0.0510724348113
0.0479253349723
0.043674464861
0.056590566745
0.0480215236255
0.0571085996213
0.0509790658241
0.0557493580675
0.0469892205078
0.0434444513533
0.0516360586218
0.0517243429963
0.0566048761063
0.0553372577921
0.0452097091935
0.049787544612
0.0382449076247
0.0430105136968
0.0436339465774
0.0415882410416
0.0481373300669
0.0542196137712
0.0636404732004
0.0501207306305
0.0431935333792
0.0389701291218
0.0470026699598
0.0492688121814
0.0505776361859
0.0423642603814
0.0364310731342
0.0443301281977
0.0481390817573
0.042917155882
0.0444451113396
0.0444698823374
0.0399798006754
0.0323668287844
0.0352534718071
0.0345079270023
0.0419269153587
0.0335449011486
0.0331902550051
0.0314364223834
0.0423867007818
0.042028133756
0.0519306182735
0.0477414281032
0.0354107653345
0.0445019069954
0.0507489963779
0.0421708831939
0.0350304157133
0.0347245378393
0.0341394595568
0.0361583618354
0.0431350537611
0.0420849040823
0.0398647579137
0.037430969359
0.0390605318229
0.036469035704
0.039926496055
0.037539321614
0.0399044461983
0.0403338718259
0.0441852829071
0.0442077866946
0.0442573141225
0.0442655371115
0.0442098193327
0.044178984889
0.0453830915842
0.0388473531011
0.0389311942823
0.0454240169525
0.038847470111
0.0388354574126
0.0457565954558
0.0390649391287
0.0391244955175
0.0457083414065
0.0388162159855
0.038891904452
0.0453478803183
0.0388575204788
0.0388124696461
0.0453723564068
0.0385417363295
0.0385822534726
0.0394698829909
0.0319267763818
0.038853077136
0.0353595516974
0.0355490674704
0.0394584125151
0.0319651505338
0.038892241152
0.0325014336856
0.0361262295026
0.0402617079139
0.0338632520688
0.0379251881352
0.0331472119101
0.0322623725378
0.0379438787887
0.033644236278
0.0399870718881
0.0372046697797
0.0318023394343
0.0389710305369
0.031751289287
0.0391069768478
0.0365718361047
0.0343352094127
0.0388375577463
0.0318615813751
0.0392151618773
0.0364157965619
0.0360388921281
0.044004224787
0.0398867405323
0.0391586641961
0.0367642305542
0.044168968209
0.0393794936143
0.0448795460538
0.045354629689
0.0438836013572
0.0395582189741
0.0375666468322
0.0392931708861
0.0391741381991
0.043657035904
0.0485058077566
0.0483954085943
0.0421846697333
0.0427799505531
0.0410951386605
0.0346895402565
0.0397483882074
0.0436943978866
0.0419069908045
0.0485538312239
0.0487671574208
0.0449392072454
0.0381637461858
0.0383843243872
0.0375947037912
0.0393836863804
0.0453691516458
0.0466864220474
0.0459311870884
0.0381290281002
0.0427109142459
0.0365547297617
0.0390472753222
0.041035597501
0.0444786076144
0.0459633056117
0.0462537039474
0.0495524356351
0.0436387657866
0.0439589585117
0.0388728432752
0.0400191706876
0.0443723866231
0.0424206655645
0.0433455991959
0.0467254379413
0.0454589708478
0.041904631383
0.0472909781491
0.0467692155774
0.0402483004337
0.0474357329575
0.045806336143
0.0461547547405
0.047068488584
0.0417052821443
0.0389865035196
0.0465991754163
0.0429935551061
0.0440781307887
0.0488976169207
0.0409424763863
0.048921854753
0.0452539210926
0.0419790430309
0.0469553087588
0.0395777029201
0.0426192504563
0.0468035800324
0.0460438232414
0.0443636850577
0.0483667989797
0.0405020648465
0.0447303628537
0.0471723548469
0.0410541754825
0.0466249026287
0.0462415180511
0.0422276553032
0.0404669759232
0.0425135950707
0.0402500177063
0.0396898713052
0.0455408667314
0.045452435429
0.0503851896481
0.0496012547565
0.0495159577016
0.0502901174478
0.0446616423221
0.0456242708553
0.0392554393238
0.0386893324393
0.0428405538749
0.0452420516465
0.046494219343
0.0472799758684
0.0464065947272
0.0418935305336
0.0392269453926
0.0376741931241
0.0423386771606
0.048204578094
0.0496744910277
0.0511947972887
0.0510632366718
0.0512043035549
0.048620868706
0.0480576255121
0.0398982629774
0.0379932496971
0.037622142694
0.0408932775039
0.0454475811185
0.0459095927075
0.0520815548158
0.0475416096078
0.0475756188419
0.0521237597067
0.0443502057875
0.0442892868256
0.0405977706633
0.0380680240617
0.0393325691404
0.0410824170083
0.0472833063171
0.0480990088977
0.0498239044603
0.0523076586607
0.0397777437765
0.0502141479882
0.0342632836466
0.0472925775956
0.0362661234221
0.0412702402178
0.038334853909
0.0429115450891
0.0430988210569
0.0438060644832
0.0442165683686
0.0452531632704
0.0427657899622
0.0438804470851
0.0481823905258
0.0528096622866
0.0553794229583
0.0483493678665
0.0449839449456
0.0467666548987
0.0482369757804
0.0401989532759
0.0399324066415
0.038219837387
0.0377209494392
0.0400885970416
0.0393871596751
0.0430172031501
0.04003422052
0.0423525628267
0.0404489368807
0.0387030768372
0.0413321646076
0.0336762290314
0.0375380848377
0.0374825208527
0.0434561603769
0.0505302798988
0.0336113412226
0.0469807704554
0.0370770231608
0.0451223880456
0.0465364735966
0.0461759120195
0.0386648000004
0.0420402591345
0.037790183851
0.043915222955
0.043188896918
0.0394091463917
0.0393233364255
0.0314917689395
0.0397812254915
0.0416077702182
0.0414780669138
0.0432532762013
0.0367645433437
0.0419255875316
0.0395567545005
0.0450957245161
0.0460672280212
0.0427116343876
0.0431987161953
0.0477833559265
0.0437713259638
0.0325775041093
0.041378992622
0.0350006780027
0.0310627718117
0.0385879262915
0.0391874290277
0.0309856069727
0.0373578361298
0.0356364495981
0.0348245074619
0.0375412188633
0.0312885136145
0.0354047503229
0.0348654838992
0.0362889190421
0.0369596345168
0.0374170118972
0.0365054131491
0.0355317539486
0.0353959031762
0.0270924727305
0.0376706970738
0.0299379201861
0.0384578010712
0.0393876657056
0.0345992577312
0.031150086372
0.0390792924103
0.0349165462524
0.0364020594502
0.035041590151
0.035824572527
0.0334869599283
0.034111220195
0.030765881194
0.0298671555588
0.0345431604156
0.0345654087025
0.0360206841995
0.0347051969924
0.0327117111671
0.0320100925221
0.0300750026784
0.0378659617277
0.0330184890221
0.041881534336
0.0402505538257
0.0475104569021
0.0470318099806
0.0442471353535
0.0450500086249
0.0420581476836
0.041058487697
0.0394827466202
0.0389018928226
0.0441328590363
0.0426115259482
0.0458512874814
0.0448869799665
0.0434970664306
0.0442524438368
0.0335111251292
0.0315544059861
0.035043009389
0.0383162691467
0.0449624193253
0.0420194709182
0.0372730143496
0.0411621898587
0.03512541266
0.0458950747054
0.0444056202463
0.041344558656
0.0448400154596
0.0402242478825
0.043532676362
0.0418321063932
0.0354207576884
0.0417110600582
0.0389818444699
0.0418040065964
0.0438310453679
0.0384537042909
0.0449841749461
0.029920318138
0.04450760056
0.0429096128768
0.0481845940174
0.0439842044963
0.0436142677681
0.0385694714785
0.0397312951361
0.0450878492705
0.0466631403474
0.0478015117417
0.0482128797315
0.0475874844933
0.0443934804083
0.0405129882009
0.0409018846218
0.037149416599
0.0387793691515
0.0438481119155
0.0447590954174
0.0497018609166
0.0509671681047
0.0501834397374
0.0450101006032
0.0397180294607
0.0360437630197
0.0415934708956
0.0402430167833
0.037601658936
0.0412621915869
0.0470325551393
0.0480329106026
0.0486019263417
0.0428600767266
0.0428498319987
0.0426471637227
0.038739039646
0.0387579394774
0.0342309967015
0.0373711999534
0.0401457286014
0.0376482267155
0.0413523951936
0.0329698600767
0.0425217979861
0.0345164342733
0.0354679679946
0.036606421635
0.0365912419775
0.0311248370112
0.05016445847
0.0380851219096
0.0341585590508
0.0409272742668
0.0479260441852
0.0540118698579
0.0462063892901
0.036556284039
0.0390582066049
0.0432097737287
0.049676334084
0.0521645857321
0.0430237440434
0.0420809382663
0.0380307493155
0.0419606489348
0.0443245540575
0.0420137216705
0.0601623024922
0.0442904557741
0.0549659550582
0.0370009261651
0.0429709666827
0.0464203071312
0.0473083513345
0.0507075112854
0.0619172632053
0.0712257402939
0.0555206844823
0.039932153492
0.0536161839888
0.045238354998
0.0466532563108
0.049112038863
0.0290315441042
0.0461501651461
0.043441904108
0.045968489086
0.0375883134752
0.038953402117
0.038140502479
0.0364952171295
0.0433439422184
0.0483461768302
0.0505230040701
0.0578334470184
0.0479585198851
0.0534727732707
0.0467029065144
0.0548564125745
0.0541499445378
0.042522780259
0.0367507795847
0.0384968608922
0.037795614392
0.0396458786875
0.0344487773462
0.0337481130013
0.0511671685449
0.0538820628011
0.0465033973835
0.0462662426539
0.0426542470574
0.0457530271705
0.0527498085225
0.0483306378189
0.0355608477025
0.0341287290249
0.0344850312777
0.0410348404575
0.0500917844129
0.0544344650136
0.042907597852
0.0377454591308
0.0336404546755
0.0368647131487
0.0345326524001
0.0475030769242
0.0482498186054
0.044359768699
0.0385371396694
0.0431971228436
0.0438788091273
0.0442741743646
0.0438747415248
0.0449735698258
0.0448088214823
0.0554121898328
0.0389565127162
0.0374114810558
0.0534133142068
0.0431904886737
0.0403280241581
0.0458333784411
0.03914652916
0.0386770683695
0.0460305988439
0.0351075883748
0.0416851863339
0.0531746066253
0.0493812369429
0.0492867626429
0.054157922474
0.0377731157632
0.0392298975974
0.0509078996661
0.0486602394647
0.0361451386311
0.0546547725791
0.0347814099164
0.0470633330959
0.0419773777102
0.0335954530272
0.047156488504
0.0352321186374
0.0408937358611
0.0327522125842
0.0380961626383
0.0332862599883
0.0325245954703
0.0371461507461
0.0317650100219
0.0352625515132
0.0351457765037
0.0388188078397
0.0435355315053
0.0420759841166
0.0481316617581
0.0405175856129
0.0362234112555
0.0466288780588
0.0447532217311
0.035526737912
0.0516986400807
0.0368732334034
0.0425679050178
0.0404088660795
0.0275429081236
0.0318124283971
0.037345233312
0.0430845423653
0.0503516172413
0.0452824412051
0.0457918187993
0.0386588896009
0.0397811841826
0.0412765201178
0.0399559052493
0.041452659588
0.040843961215
0.0430890199831
0.0395174547453
0.0385327784752
0.0426120037921
0.0453160064085
0.0444342926374
0.0350340204726
0.0327016317584
0.0357056916854
0.029617543143
0.0348471841746
0.037146084727
0.0318755556046
0.0343991144859
0.0317051304436
0.0377874821428
0.0349824519196
0.0502500343526
0.0506633489484
0.0429300689207
0.0458960323248
0.0420026644593
0.0463467506643
0.0459788622974
0.0470463953201
0.0378062915588
0.0427704226139
0.0426355226009
0.0430873959371
0.0480726670731
0.0374168863785
0.0472609255908
0.0460982344662
0.0472309008001
0.0340646051636
0.0433643499691
0.0395982832726
0.0449187888108
0.042106224542
0.0359435272918
0.0442912168164
0.0357150624224
0.0448456041444
0.0474700858522
0.04841472358
0.0493206886179
0.0492316960561
0.0491439582998
0.0450392788886
0.0448608374137
0.0375644920577
0.0361363789982
0.0448527340964
0.046557722097
0.0502378756099
0.0522760246945
0.0489380179581
0.049213515646
0.0478276843087
0.0485961350994
0.0493585771511
0.0399096051053
0.0398717741465
0.0529650197636
0.0484828227656
0.050071285044
0.0524061434459
0.0480720488857
0.0376400380114
0.0446059156593
0.0429375339725
0.0452391792122
0.0477421513561
0.0376815937065
0.0456489195126
0.0421330329564
0.0441572969334
0.0449571069321
0.0481127876515
0.0504954321313
0.0474754517652
0.0469939328859
0.0486864487668
0.0460072371135
0.0439674712415
0.0442524696355
0.0365362961979
0.039611972143
0.0345155955585
0.0452561922028
0.0452844032171
0.039736375937
0.044500321484
0.0351677117944
0.0429721357065
0.0430514703527
0.0458253301945
0.0432527832066
0.045413193577
0.0395959542012
0.0393311258386
0.0368854964323
0.0366651911796
0.0376388329367
0.0349532271787
0.0349191591471
0.0279016608421
0.0305247694314
0.0334511578934
0.0291910552849
0.036355057099
0.0365312154906
0.0446638873361
0.0453430512592
0.047042690296
0.0461894336442
0.0458238855431
0.0441270175783
0.0409537412151
0.0427589140499
0.0356100665596
0.0395752809075
0.0401674082326
0.0365992041935
0.0432661378191
0.043254796699
0.0443323737874
0.0533404551476
0.0427083113391
0.0432023218762
0.0393578155493
0.0474089757602
0.0507870807376
0.0453268663719
0.0476644064501
0.0389274048057
0.0469089447497
0.0451547767214
0.0412317294873
0.0419054258916
0.0516212545276
0.0466125175902
0.0466506800876
0.0476944966654
0.0381453298676
0.041152759768
0.0475650411782
0.0496004360468
0.0472148474996
0.0501922473518
0.0528307342814
0.0490761070426
0.0784333872613
0.0600012609831
0.0610673990356
0.0697953497209
0.0650473978356
0.0451721472452
0.0321891214765
0.0407262200208
0.0465603940103
0.0497156280379
0.0478148621627
0.0544135149065
0.04089476909
0.0634136363355
0.0453415894137
0.0416240246205
0.0565094919079
0.0534377675511
0.0539741453101
0.0596885717592
0.0450467139667
0.0508323916077
0.0472172065058
0.0406447852065
0.0451505570595
0.0389069584642
0.0549984837393
0.0738740603505
0.0551669062193
0.0527729668423
0.0550650365305
0.0549248222227
0.0505323648003
0.0411573486016
0.0324407635049
0.0417725204203
0.0499682990053
0.0698968687579
0.0521137191659
0.0524835186035
0.0607098352474
0.0518689418576
0.0538451685243
0.0435178233413
0.0384142604405
0.0465099643119
0.0511709379581
0.0458577691983
0.048786781081
0.0366629571734
0.0410689550391
0.0585895367359
0.0510636378637
0.0467577066074
0.0581422212542
0.0554805031507
0.0536853573256
0.0456064620205
0.0534013306164
0.039666135344
0.0464959744131
0.0189961023192
0.0160681955636
0.0254744626586
0.0145988938699
0.0398159156427
0.0326573315011
0.0212927996713
0.0351406798462
0.0120904723166
0.00843789635531
0.0379890223813
0.0160919669876
0.0176552878207
0.0141603240281
0.0132582356673
0.0153168714464
0.015621090078
0.0150033707215
0.0161795030837
0.0214518088829
0.0241930000048
0.0159439900351
0.0559402799856
0.0370377349015
0.0210878182546
0.02383391739
0.0307446486859
0.0177710850645
0.0196650575172
0.0173526661906
0.0155551368458
0.0143114753159
0.0149504402577
0.0136337932179
0.0137390956073
0.0101524752142
0.0305697537624
0.0416559738959
0.0190223465117
0.0555072496228
0.0145463947716
0.0175034159219
0.0163218642081
0.0121870247402
0.0137606994095
0.0148733943625
0.018516881795
0.0135916442687
0.0335655827051
0.053747384893
0.0184088739152
0.0234426666503
0.0266856969362
0.0164635634219
0.026618546011
0.0212733828841
0.0334930609922
0.0307158599009
0.0216436984576
0.0222447427354
0.0253804768799
0.0179223477962
0.0150807087257
0.0179178692043
0.0234579756354
0.0155934317776
0.0151860146137
0.0147513164294
0.0146182544937
0.0175264325655
0.0225263729409
0.0216692510359
0.0158088329498
0.0309337248972
0.0343418818509
0.0327067015216
0.020086693374
0.0197371811036
0.0282761102687
0.0151500484579
0.021382835814
0.0234958598749
0.0224680922344
0.0154173268692
0.0120447224434
0.0105289663937
0.0126890187428
0.0133051175838
0.0116227671541
0.015244278346
0.038921413172
0.0517597475631
0.0267000642019
0.0228397682636
0.0265840314336
0.0217312756682
0.0209422809214
0.0253499962716
0.0252435284199
0.0242350243003
0.0119284192138
0.0217688939281
0.0365434179193
0.0223813914144
0.0226251233786
0.0205763673925
0.0155986797335
0.0227226407438
0.0230520123994
0.0081485534311
0.0242004987312
0.032086491254
0.0257699581415
0.0372576421007
0.0152568449764
0.0215895494744
0.0282450793475
0.0279160513184
0.0193180461299
0.0198398459424
0.0171194689922
0.00995235126692
0.0187309755913
0.024427170121
0.0209705223483
0.0134668650413
0.0204738628633
0.0123696745319
0.0462179573451
0.0462268193865
0.0157508205041
0.0143523597497
0.0172298834971
0.0167744659406
0.0200450447541
0.0164351929548
0.0146793302521
0.0111602607973
0.0230055648533
0.0144589674693
0.0156629842826
0.0190050687363
0.0109777401025
0.0119268673899
0.010799409374
0.0159152396625
0.0161633398513
0.0148383287738
0.0175620526429
0.0129686097173
0.0153732148045
0.0274966713761
0.034677191154
0.0186869145713
0.0117820357699
0.0175788572682
0.0143504634364
0.0118687982296
0.0209939853115
0.0354802560363
0.00962208950054
0.0133667023308
0.010066519297
0.0563204212169
0.016279433192
0.0187171321387
0.0307586709275
0.0219134410119
0.0278766262518
0.0220038332607
0.0210792586332
0.0260616082712
0.0162466494939
0.0172407674
0.0101730743816
0.0220299947183
0.0204838067854
0.0134207482624
0.0113454200931
0.011803679188
0.0121387113148
0.0143164139274
0.0160095230634
0.0155623026062
0.0133589541738
0.0211162602917
0.0294478573349
0.0201957895822
0.0150899763756
0.0107925059287
0.014502116259
0.0142240544113
0.0183519852677
0.0157355755989
0.0126237005378
0.0168035215997
0.00827517719484
0.0104689212604
0.0290087759137
0.0404956164634
0.0188709992453
0.0269603745999
0.0305972116704
0.0160433938862
0.0220907135018
0.0237604483933
0.0113841437816
0.00804398225434
0.0107276470788
0.0109931020731
0.011407125754
0.00946943378021
0.0247209540391
0.0104746451538
0.0092298968042
0.00966277671127
0.00954570348885
0.011781067148
0.0168317628203
0.0120044779263
0.0117495171662
0.0257238131731
0.0181114584863
0.0320252405676
0.0244236486294
0.0242214064305
0.0279410759447
0.0137415830025
0.0157490541155
0.0252236827399
0.0201261854387
0.0102969438151
0.0244546291843
0.0249008316171
0.0253592521548
0.0126227557745
0.0134173088953
0.017897671605
0.0131299698238
0.0154661587401
0.0138641309746
0.0195086252764
0.0198732103867
0.0277349939162
0.0384213231233
0.0147411717885
0.0152104681714
0.0170351323498
0.0146133108115
0.0145659656012
0.0141353141094
0.0140802376942
0.0140698832274
0.0217737583401
0.0189913551434
0.0209004300539
0.0140193323735
0.0116518933659
0.0111532437029
0.00817746235082
0.0083185351708
0.0159607228056
0.0146971336872
0.0154744034247
0.015815888241
0.0152463158454
0.0180319289829
0.0210186491383
0.0142661196664
0.0137896650509
0.0226787044527
0.011139609112
0.0125068718187
0.00962017886332
0.0155883388869
0.0219311716039
0.0144255190409
0.0224333511732
0.0135242140823
0.0119341909911
0.012254579178
0.0131401802949
0.0126517363708
0.00751039680598
0.0115638220242
0.0135187679412
0.0141749377851
0.0144421747162
0.0138042626421
0.0157739750623
0.0169298107038
0.0147891371191
0.0149637109879
0.0185947538295
0.0135548925124
0.038136179238
0.0452512038694
0.00300887568492
0.0088563191118
0.00418052925542
0.00892896556863
0.0146115648237
0.0134528890437
0.00776505733065
0.0122745981071
0.0101355183932
0.0108623455922
0.0112747557792
0.0104437072807
0.00587419945869
0.00922224330011
0.00734910621933
0.00778448327445
0.0100744878332
0.0117216850774
0.00789120295787
0.0143877268543
0.0144729552784
0.015180622398
0.0182939726168
0.00892140016369
0.0170582137563
0.0122129499701
0.00942915805173
0.0129333387913
0.0125253749994
0.00795064711723
0.00715762244467
0.00932432860958
0.00999659730413
0.0163241507313
0.0189094374969
0.0118349299123
0.0136843966388
0.00989651631042
0.010127283013
0.0132660114495
0.012495838681
0.00898395944573
0.0256154452258
0.0169496908873
0.0158732371221
0.0185735932119
0.0150582838937
0.0187032919108
0.0156112199099
0.0146986215555
0.0143783797761
0.0199551662033
0.0149291489578
0.015016023254
0.0143166467761
0.0115508106226
0.010892291301
0.0234265450788
0.0300069864371
0.0138027084018
0.0138152248413
0.0133755246228
0.0186436733613
0.0179624490292
0.0167434949627
0.00607251576446
0.00873138726022
0.0141918459695
0.0128815619297
0.0152879975469
0.018446071274
0.0165775277293
0.0147274008408
0.0142958253129
0.0154581229693
0.0150098492075
0.0201632305043
0.00651384379264
0.0113013400245
0.00808212599349
0.00860039912816
0.00968609332718
0.0121243598863
0.010143112415
0.00792848146759
0.00699013498927
0.01166727706
0.0130310315162
0.0113936315503
0.0112378576236
0.00812165899788
0.0117046652748
0.015775562342
0.0142970630255
0.0168782203298
0.0127255401508
0.0145760874165
0.0241517036583
0.0149145962012
0.0158164288846
0.0193152318839
0.0145998147214
0.0194732798972
0.0189893895862
0.0192078858904
0.0264224355699
0.0370236742986
0.0201705613375
0.0252067914204
0.012914959194
0.0112862346636
0.0127003913772
0.00419665930342
0.00798650607235
0.0125033350747
0.0129977677756
0.00706407936153
0.00277142776058
0.00738224097971
0.00301094202303
0.00527193151994
0.021342768783
0.02850750603
0.0210679193289
0.0149770141636
0.0160569330397
0.0177682617766
0.0197922037223
0.0463168743871
0.0124024856043
0.010035094077
0.0131586905932
0.0101402465358
0.0397749672368
0.030321337552
0.02435754347
0.0226279892536
0.0268099105688
0.01905469159
0.0303787676588
0.0300555928271
0.0296095999072
0.043367217582
0.00987049483879
0.0132422338776
0.0118170258243
0.00809963709276
0.0170535688659
0.0136912544285
0.0125515337583
0.0125890466688
0.0148917187209
0.0163882908758
0.0104226780102
0.00322836444415
0.00678452418388
0.00392861396748
0.0146605826869
0.0142087661616
0.0132639069033
0.00980861431343
0.0100736465618
0.0117560767578
0.0110127677146
0.0108265944078
0.0081550846245
0.0125804324545
0.011517000518
0.0128439169214
0.0138450171673
0.0129558201551
0.0126087310996
0.0112904185447
0.00206796258744
0.00735049664859
0.00768609264354
0.0105465277205
0.00744509447097
0.00871204106056
0.0116825511006
0.00967227907329
0.00823759605376
0.0107417725326
0.00950865301466
0.0111270517018
0.0108531404927
0.0171705883906
0.0103006924745
0.00752109995448
0.0103994719374
0.0101377158315
0.0225294109588
0.0230672383628
0.00344625719419
0.00281548515404
0.0112167584724
0.0156410598186
0.00961522120313
0.0195354565193
0.0136005609277
0.0163348652526
0.00821003578557
0.0098896374449
0.00790750948104
0.0144108853126
0.0120716296971
0.00711682436386
0.0104764305304
0.00805395374785
0.0101478300281
0.00756610248857
0.018502571354
0.0161247858969
0.00974367828847
0.0100670070592
0.010289267722
0.0109741155725
0.0160981252435
0.0313833015405
0.0151847799745
0.0159940947578
0.0156479757481
0.0119891979592
0.0127335316054
0.0233135268786
0.0339359450523
0.0236738713468
0.0173159816062
0.0221323725698
0.017324502756
0.0182300010051
0.0238795568094
0.0237512090352
0.031091265305
0.00832254253521
0.00862434430303
0.00456347624131
0.00248354873182
0.00505368370286
0.0250099479037
0.00898959847151
0.0243051306535
0.0193905714486
0.0148564494504
0.0150104059986
0.0203683576191
0.014867192291
0.0152622959415
0.015243690266
0.0142016593071
0.0166918320193
0.00769265840862
0.0105485047206
0.01716239849
0.0181649019805
0.0194786304761
0.0170630383132
0.019093788133
0.0179350852869
0.0122388038501
0.0123918351948
0.0136385024209
0.0101128327717
0.0097469774162
0.00166248139594
0.00820940791548
0.00194929183285
0.0112608803395
0.0127582800938
0.00203612601213
0.0125038691628
0.00815132103349
0.0109308913891
0.0170230935067
0.0272569117192
0.00565894228923
0.00831660561743
0.0152364141112
0.0204670659312
0.0168975457364
0.0166858298191
0.0251761895864
0.0363515374111
0.0151912248764
0.0155832865422
0.0168356151831
0.0199441933658
0.028952765129
0.0279239986089
0.0263997334077
0.0203031006531
0.0129279308666
0.011412382488
0.0148921794397
0.0151043050586
0.0138392739917
0.0140301725267
0.0122058379622
0.010390587278
0.0188394596415
0.0137454110322
0.00324368969582
0.0185706255062
0.0154857974166
0.00490210521646
0.00490208449187
0.00490211063662
0.02106977823
0.0261231625298
0.018278538635
0.0208753414973
0.0214076294916
0.0122431731563
0.0127216097506
0.0171807848749
0.01662025219
0.0149770243274
0.0135307666518
0.0149106838391
0.0157885315087
0.0173186513619
0.0120654939909
0.0148495500895
0.00780764690021
0.0112499074213
0.00905182798887
0.0121121148097
0.00852500886387
0.0101868448194
0.0106995565471
0.00795048709249
0.0185595998189
0.0132252920696
0.00787202061214
0.0046122057602
0.00935463526255
0.00956801785041
0.0036640515781
0.00844013009723
0.0069638123034
0.00668808623228
0.0131489771053
0.00993834048325
0.0107054154397
0.00651112925209
0.00785060775723
0.00930222575867
0.0184464497949
0.0129678664172
0.0101307186829
0.00821331761205
0.0115148952442
0.0112495156685
0.010638752697
0.00647550325292
0.00682265570878
0.0105446263614
0.0101094271243
0.0108115720387
0.0154334797453
0.0119444731909
0.00702027056512
0.00849059138958
0.011591215657
0.00793813928353
0.0141117852361
0.0140502189724
0.0113112112109
0.00622147867079
0.015771366428
0.0136773473514
0.0185584994408
0.0158348222135
0.0129202659563
0.0153368299651
0.00646787462403
0.0432565503699
0.0170088309404
0.0149990536697
0.00685096311191
0.0116679612331
0.0120876190189
0.0156641380035
0.0060586425468
0.0066095863328
0.00818830504417
0.00544317320698
0.014625323682
0.0152938525187
0.011144330728
0.0153107615133
0.00251293436084
0.00991165199882
0.0209054282753
0.0112399653131
0.00464014536711
0.00698595960537
0.00876255539034
0.0105810071264
0.0162049518368
0.00906594237815
0.0160134505017
0.0100641199939
0.0160861876017
0.0151131055368
0.0157477735673
0.0139221021388
0.0110715284538
0.0119970169349
0.00364622056069
0.00697755908875
0.00720193526344
0.00739633982984
0.00641415345813
0.00602179767885
0.0162673382782
0.031712066285
0.0142321355099
0.00915281911545
0.00724856550036
0.0150396319495
0.0166187404016
0.00954300090103
0.00815853111703
0.0101085382882
0.0142754196859
0.0150186683773
0.00842365456906
0.009873966587
0.0137112569452
0.00808218913709
0.00713742937806
0.0078230215324
0.00545985786375
0.00284722533539
0.0129604316205
0.00538799112189
0.0189061175086
0.0107407971153
0.00967309585274
0.00868285532284
0.00857253137694
0.0104678804698
0.00689058978322
0.0131080918429
0.00853128044527
0.00699803268559
0.00739527290732
0.00999685537337
0.00753020909235
0.0115290685393
0.00389977252689
0.00465803505888
0.00571176211865
0.00811806104269
0.00762883286821
0.0112495786569
0.00806265868905
0.0109382375673
0.0176900035618
0.00261516383103
0.00327188990076
0.00496966660187
0.00878257240608
0.00648127277899
0.00856557897085
0.00587839918897
0.0161925923958
0.0106390996558
0.00827644195264
0.0074303463917
0.00803033682771
0.00890951137316
0.00929220629869
0.00932141039444
0.00792617815947
0.00834631527729
0.00914060822695
0.0103381962245
0.0142696291624
0.0192119824095
0.0141831866266
0.0152091430377
0.0141028173446
0.0133134722504
0.0232879055717
0.0131899307031
0.00903238852802
0.00876238762785
0.00937075400475
0.00549352394838
0.00650006694335
0.00804241986907
0.00794659738053
0.0075396815051
0.0151910879268
0.0162078589933
0.0149098239315
0.0162613219619
0.0263484717044
0.0158006541815
0.00997438902729
0.00455435549015
0.0110329857674
0.00815395458462
0.00582345861611
0.00658661004401
0.00612010287178
0.00802282131502
