0.0889360360309
0.0852676533249
0.114016396293
0.130289773291
0.119625011159
0.130087074371
0.173714787571
0.158797221271
0.0911251681786
0.0762732874631
0.122824016771
0.0809797477115
0.0226662163114
0.0480331225724
0.0345928943026
0.042181280518
0.0411703584412
0.0606485706726
0.121303563956
0.143242750193
0.114323561208
0.115462249385
0.113574878359
0.111523379245
0.187426242998
0.152246622633
0.149584171515
0.140885583076
0.145685380589
0.153016809258
0.14101731332
0.119556598575
0.107984062557
0.11515850211
0.103412793918
0.12498879963
0.0472552561254
0.0546456061987
0.0331410073943
0.05598669817
0.0952284320652
0.0810267185244
0.126469290555
0.125089760855
0.146491840019
0.132034454737
0.0929311248248
0.0877028218129
0.109189233885
0.122163879565
0.123243013486
0.15432204922
0.163626580969
0.139671918822
0.124012480241
0.13472858241
0.082900377925
0.10589427275
0.108388639214
0.146956396803
0.150651465119
0.101938301717
0.104329906566
0.0737866256154
0.118240303536
0.139470800806
0.155941855958
0.143810587699
0.138366335438
0.151722957523
0.18329784337
0.11749512903
0.0827867809401
0.0893428471839
0.109827440883
0.154047969447
0.176420356458
0.13876803641
0.109602781507
0.115261529998
0.136047199833
0.109811280792
0.0852541381058
0.0761829383516
0.0802681561369
0.0610106532966
0.0662314518386
0.077480175685
0.0792954786837
0.0758044884743
0.0985487973428
0.113754893535
0.0724916116772
0.0728073366937
0.0977098017103
0.117126852656
0.133600461298
0.157033329334
0.153703105669
0.136710233094
0.15388181026
0.127849207599
0.141856250088
0.157232872521
0.124415714782
0.148539224104
0.154725531151
0.141719172617
0.151820595077
0.161524035907
0.129195324234
0.145241946898
0.12086195761
0.132143202097
0.0871561703556
0.0910523476088
0.133235725932
0.119244078562
0.162272637219
0.144002001902
0.113711390052
0.108453299545
0.175632210166
0.14962904434
0.111262571416
0.109303478566
0.0825934171512
0.0878633229555
0.1323804607
0.110737717129
0.0447913861004
0.0359811344256
0.0494264650368
0.0292961963396
0.0664627435756
0.0257053844027
0.112658745526
0.0876316302039
0.0600393918424
0.0531156923417
0.133313848549
0.145953279198
0.174598361848
0.157884158898
0.0873621715062
0.109804888275
0.0914625301506
0.13238083918
0.11868986138
0.115037281323
0.127234352753
0.140538560787
0.111698753608
0.123296605719
0.124278850704
0.15805243695
0.148741576148
0.143961601214
0.254623872411
0.184201934843
0.101208414434
0.0761385990894
0.111716660677
0.113063682258
0.175989008806
0.199666440004
0.203771591874
0.200140635881
0.42666728973
0.152080498524
0.190402699816
0.168478487476
0.151447535841
0.118678478777
0.10189858278
0.135065764729
0.16837124864
0.165257988749
0.147813968941
0.170186539007
0.14010417756
0.143870903408
0.170762696884
0.128815356459
0.108203362272
0.14101230512
0.138566539335
0.106222250236
0.125295851998
0.124216497759
0.101403867974
0.11056195867
0.116664402405
0.133206255737
0.132303630121
0.13424627782
0.129531255268
0.130072800349
0.112948835664
0.0815970039314
0.104217312128
0.135947254722
0.132044336936
0.147436519744
0.18249195797
0.084715040677
0.113064652986
0.160650649631
0.12139739075
0.173914400343
0.115337603577
0.115831408441
0.0881937541904
0.144131944843
0.129235667505
0.130539379351
0.114308059287
0.0854430468794
0.0915828866942
0.115995176728
0.132509651666
0.112143600931
0.117221684463
0.131646932705
0.118561568716
0.116689401582
0.117862793725
0.115697237147
0.132420674814
0.117405288401
0.113223778153
0.132147395161
0.113734157522
0.112255231362
0.111885379416
0.106404268157
0.116359916794
0.131067103441
0.108019553959
0.123247139791
0.0818846400937
0.0622546264329
0.089524957363
0.0673060523518
0.068427560389
0.0644470299575
0.0835180306675
0.0791583343891
0.120762237518
0.18986785643
0.198542013089
0.146608937711
0.213299149569
0.147909051603
0.114191629472
0.127329156836
0.107191247563
0.118900960488
0.0949197696991
0.0972146941927
0.112983656039
0.101707546065
0.123463711783
0.118172271467
0.110605487245
0.122015329396
0.137222362442
0.146948386847
0.124914574689
0.0781030209281
0.0803106543915
0.0804493022342
0.0708697203375
0.0989788424647
0.117909281695
0.105967168036
0.118409293694
0.0855687142655
0.0810252656097
0.113409855694
0.128723429236
0.116552010207
0.113073656979
0.086268392917
0.0892207628441
0.113811827909
0.144187969465
0.122113988004
0.110351494031
0.0830125725611
0.0826784667125
0.146132939534
0.116382942536
0.115286612611
0.115764213913
0.0799432532526
0.0947240519591
0.116824080381
0.14030102283
0.129879051446
0.119850365222
0.118209302892
0.122666596376
0.133451642076
0.125885089551
0.1115264092
0.129006524873
0.11593677115
0.112660041939
0.129868479558
0.110073008152
0.117214605855
0.127241871555
0.114774873495
0.117734369442
0.11281528795
0.118038928492
0.144984188051
0.123159034087
0.111318542309
0.125925213773
0.114623215947
0.147271188352
0.118669425731
0.120478746123
0.11705665475
0.125509270845
0.112495370287
0.120623085116
0.124946910777
0.118842944001
0.115275623127
0.119907878471
0.131322456231
0.115215984492
0.109146433979
0.126029414771
0.115492092208
0.136941868469
0.117980460285
0.102929972196
0.106062378952
0.10221809822
0.134889436881
0.111338979395
0.131549612544
0.136934169677
0.139494889086
0.127896590622
0.128288880182
0.135399874149
0.175525237671
0.138884104162
0.106441060211
0.155047130981
0.100337141976
0.110562016547
0.098094606183
0.105299026101
0.105459619775
0.125213770515
0.125766275612
0.108600997734
0.104529659619
0.105454182216
0.106343784717
0.107187393644
0.103341540856
0.132014358597
0.211960537358
0.152511742112
0.1256207497
0.148443447836
0.125033358133
0.136914798718
0.134062326415
0.144295074146
0.141854188685
0.212279674307
0.191230009567
0.184751622936
0.181946161942
0.166700877955
0.137253733139
0.121903825146
0.163698080586
0.129848196979
0.123053278955
0.125098131982
0.130957313888
0.15753389695
0.131599540264
0.125346409794
0.159960743155
0.160589984297
0.138568112146
0.156042033131
0.148713369501
0.121297131741
0.156394745336
0.130355137541
0.115360634301
0.120068919578
0.13253891675
0.155129507428
0.120295454227
0.122406030454
0.155360448208
0.130565189027
0.123136241746
0.121242080003
0.12178134088
0.120733911783
0.116330542269
0.116972253531
0.104259026855
0.067759796571
0.0845020992884
0.0904408731947
0.157903600955
0.184174146615
0.193372176437
0.0576503851056
0.167113612472
0.150978416854
0.141275092835
0.143339219318
0.137821310998
0.127281783946
0.17669202825
0.159219939674
0.138678228542
0.14355868252
0.247167907335
0.135073853446
0.164621845297
0.139631747552
0.131277000288
0.0940243801842
0.151294280845
0.198096514079
0.0962222765909
0.153491154226
0.102525821331
0.108616412631
0.0863562367329
0.0854082363335
0.0597887383143
0.1418100238
0.250630098796
0.130262783081
0.124600588601
0.125834100708
0.143964038149
0.109376249252
0.16497302127
0.0799562494462
0.0839844165365
0.150448004616
0.111362806482
0.149249437366
0.13278109085
0.110687721252
0.110864203819
0.141821920361
0.118963887026
0.155279461528
0.113017091891
0.0824237428908
0.0774654362824
0.080427296901
0.0920672978376
0.148119003701
0.177915063157
0.147969165746
0.115909940763
0.111930857273
0.0860492343451
0.0831183724485
0.123968837296
0.0683450680427
0.0825116541531
0.120291106622
0.19396078998
0.116155088591
0.0932855722716
0.175528676065
0.119344686063
0.113948033817
0.0887569377246
0.0893422890582
0.113395447188
0.0681549359456
0.0820397450604
0.152283501806
0.124580083366
0.114201060892
0.0939666197371
0.0965506886244
0.069511806165
0.0860185438922
0.111492679525
0.129018956303
0.124525567212
0.0800485025687
0.0797758583452
0.120067781012
0.118155426077
0.127308844099
0.154895187038
0.136744828264
0.102451648756
0.143680637228
0.101834762137
0.114500025449
0.158912685382
0.192544390536
0.105631751495
0.121581477262
0.0882862820082
0.109654344164
0.0876144620672
0.117132235354
0.104983706277
0.122968114878
0.136664600722
0.158858090921
0.155472349784
0.133439712013
0.156928014053
0.123160465993
0.139186403001
0.160526281684
0.134170492151
0.12569046466
0.135163633096
0.128010835199
0.132525211315
0.116067821201
0.134467075349
0.115728648525
0.122929088238
0.149246751855
0.145950190296
0.164964728807
0.112477935633
0.151817817567
0.1154390675
0.127950949057
0.115656850929
0.119937262433
0.110794945047
0.125561541019
0.111442316111
0.12038876869
0.130195910622
0.114431786462
0.15256305528
0.177576085851
0.170220511694
0.145052494238
0.149688963686
0.119876037774
0.147755570374
0.171234409716
0.139367650288
0.133789909326
0.0383502119485
0.0534212837555
0.0700976719642
0.0840743894351
0.0677537462332
0.0285724016136
0.026279513283
0.0540140953494
0.071370313561
0.0584624656567
0.062234538444
0.0294767423696
0.0806929491904
0.0996085144001
0.0747162132072
0.0571867498813
0.0705173152272
0.0324299707626
0.0812239417234
0.149533142874
0.144977842473
0.0813781572199
0.0980732768605
0.119856114981
0.09742205468
0.069127772578
0.0779827140711
0.105767845251
0.0711712190016
0.113350887356
0.153974380615
0.0907415869293
0.0847827185328
0.0382615581279
0.0527731131975
0.0742717311105
0.0713644823457
0.0402157098242
0.0589534486132
0.0461877781802
0.0397994026348
0.0619371133364
0.0688871419061
0.055103930473
0.0405646607166
0.0971429217351
0.093631388831
0.100444125675
0.0872685457597
0.127364382291
0.161912138269
0.141729839631
0.115737370214
0.102029074699
0.0985779701854
0.209848637552
0.156021572669
0.134138098645
0.0671826772553
0.088315016304
0.0952605846777
0.0905413388567
0.0658610655669
0.0644967786137
0.0474887664729
0.0383661622585
0.0365597425385
0.150072909255
0.0366439841617
0.0481872266506
0.0491574571488
0.0916763123527
0.0886356140621
0.178132556285
0.0902359316532
0.0969900148791
0.170629268201
0.0924221390023
0.0735497290615
0.148502892632
0.104629525403
0.103591517808
0.0931252297691
0.0952050148028
0.140111259184
0.193979246465
0.111035188806
0.0790556837093
0.125678405927
0.101686438911
0.116989101309
0.0955182528208
0.109591469213
0.141189517424
0.128840999927
0.110075200218
0.0779068718228
0.093343547117
0.118013809364
0.118273012566
0.117892381217
0.118932285608
0.0778592318852
0.0895566185689
0.0680797957638
0.0734744334026
0.113338146064
0.105311304866
0.103626828382
0.0938103614117
0.064286398836
0.0547130770114
0.126968656499
0.0948659306385
0.0707621119598
0.0530327293106
0.0697252810039
0.068137832795
0.0753109337306
0.102979791587
0.120899731043
0.188001110405
0.158997893588
0.156067848635
0.12158670789
0.119160987327
0.0811691704887
0.0812620846646
0.0700494404226
0.0868478491489
0.123837182233
0.144669882271
0.180242415207
0.129236914416
0.105857923705
0.118596235274
0.0883059826109
0.111382495852
0.0898982955699
0.111584924859
0.118964454021
0.107194248491
0.0826109650224
0.102492901676
0.138540561079
0.111522245256
0.157845982539
0.10716655163
0.0782954549786
0.0757252244835
0.104668081694
0.0978347566696
0.115951089331
0.105943156495
0.10915990778
0.122243445963
0.115910774811
0.101024779724
0.085399661542
0.0746026736614
0.0746259148481
0.0530826076857
0.057000303329
0.0726309990448
0.0981276513242
0.0891142346348
0.104378761937
0.155975941113
0.0735936259769
0.0944803726931
0.144667911647
0.16220488308
0.0658700418557
0.0884434652367
0.08282742968
0.0805053639965
0.0826053232323
0.0769325731815
0.114997490039
0.113165734362
0.116499199371
0.109549032805
0.11700475305
0.110280374201
0.117021245026
0.117609104933
0.111904609935
0.129210260317
0.113110647858
0.11252402705
0.0999761403036
0.117105519457
0.124484331809
0.116143426401
0.12627606415
0.143889890296
0.109470120825
0.127304243364
0.109119745596
0.10412170533
0.103264906121
0.099317595727
0.0992121247644
0.101087807396
0.101197100018
0.129435521311
0.126542287382
0.192670773277
0.156227546938
0.143920929398
0.182137375885
0.115907623874
0.150690679675
0.141863161001
0.125970909728
0.0768499376264
0.0671192932571
0.0695917281413
0.0875785237093
0.100933586627
0.0592468331575
0.0903052508106
0.118397413742
0.157962338315
0.15195056365
0.201601125088
0.129948233724
0.158023196784
0.178659915898
0.117710555139
0.139562363545
0.0735500224744
0.0810499839985
0.0895541323023
0.0630713388658
0.11931250265
0.0679737931948
0.122418374295
0.104402895177
0.0909875113383
0.0927976217118
0.107790794425
0.14464405783
0.112463744402
0.134477645298
0.145321466151
0.120737911212
0.145664649138
0.139438139832
0.159629679392
0.178444266155
0.133673330061
0.0591391547179
0.13905391497
0.0863873367127
0.112849830881
0.108832875622
0.129228368416
0.053628601003
0.0450610488826
0.0993354712775
0.124445747034
0.151270967951
0.0846683642089
0.0867405355927
0.0659389414556
0.0573327633934
0.0882239886243
0.177194907054
0.166130342474
0.131645714632
0.139512098406
0.105494892631
0.190350044094
0.161209164129
0.0827145740519
0.10084981511
0.176475831683
0.111746894801
0.117347550513
0.118730534198
0.115521845987
0.115467000909
0.103290919889
0.0862051725463
0.117032093187
0.0804051380729
0.109027085383
0.123874002837
0.120842661892
0.113204574822
0.112899435052
0.138857753122
0.126614399669
0.101851131079
0.0982290678596
0.139226763258
0.112525600799
0.117087031981
0.0772367212589
0.0889862962395
0.0866204140054
0.120803265521
0.119335277356
0.166479306391
0.152176675232
0.124058228245
0.139532611884
0.149018259826
0.103863059709
0.100479985975
0.297342073565
0.142179039842
0.0877162085823
0.106005738628
0.106258823806
0.134200173525
0.161319816062
0.141165692159
0.122099757136
0.118200994038
0.117017690815
0.114402580828
0.114190807981
0.117169448076
0.114718192624
0.118220614787
0.123942040897
0.113750251538
0.112633861943
0.111097843832
0.110161973396
0.116454652606
0.116590947247
0.115514029698
0.123039879889
0.111755805759
0.11802424056
0.115881197153
0.106539436292
0.121119060987
0.169722964397
0.137660399507
0.128088996794
0.104657913234
0.0792666675521
0.101607489054
0.0844869852979
0.0793710480021
0.126459175948
0.136442577156
0.149765247837
0.129320317224
0.122632154646
0.136815076998
0.0963828808868
0.112087524159
0.137676614854
0.17062442468
0.168996438891
0.120330142573
0.0945605913953
0.122911944901
0.125292907314
0.143313942717
0.172231230679
0.120777342636
0.111469736917
0.146971904864
0.161018886109
0.115839945975
0.11300194305
0.079344479968
0.0831439505624
0.0700174980864
0.0733832351782
0.10639141013
0.107786891152
0.142336217121
0.134468741829
0.114298718483
0.11183252005
0.121055196149
0.118640629541
0.117209555688
0.117381181022
0.110880260711
0.117285725678
0.115868555805
0.116012279591
0.121058257962
0.121169674976
0.10802532274
0.11196755705
0.126984935949
0.115142352747
0.116925337505
0.123215046915
0.0948997671894
0.0942878937053
0.0951659663497
0.0800265841925
0.0935928944273
0.0619317879766
0.130847211341
0.137119011371
0.116201500226
0.126837222275
0.173674227043
0.137602686396
0.121708772864
0.140235080533
0.115017002967
0.114639424534
0.151922721337
0.165454268604
0.155032798648
0.103339428958
0.0887607342283
0.118405471325
0.101329298847
0.0999123372783
0.123164265459
0.0996799362201
0.121649341301
0.0915748616744
0.128257684105
0.0833645788691
0.0542948394894
0.103792303167
0.0815238130248
0.0835807415576
0.115431971969
0.105305842465
0.104279736882
0.106884694493
0.112342833822
0.115703546664
0.115840320729
0.117138194233
0.109370937906
0.109768327018
0.0833634693313
0.0851610857388
0.117962352287
0.110439083902
0.111612260085
0.1115367114
0.11125320435
0.112018942244
0.114041727106
0.112863192499
0.114754524127
0.113258194273
0.111499721206
0.109846460755
0.0849228167888
0.0832458174144
0.111006048415
0.117123464349
0.113852756269
0.122708049815
0.114048709744
0.113001541672
0.116736876047
0.114887968646
0.116838004089
0.114322829023
0.115126869788
0.109389516291
0.111082996082
0.0849798434558
0.0862381002805
0.106146992467
0.111754800788
0.110961274055
0.114820143379
0.120734368793
0.111591128778
0.111345095462
0.10800625459
0.0864006363584
0.107453164857
0.151380127276
0.0926529302331
0.111464105264
0.114684026872
0.121579425106
0.112306930306
0.0881150479542
0.119850379539
0.13478887301
0.106519955554
0.162136050649
0.124242281362
0.123047244191
0.130742798993
0.138073848578
0.133739820001
0.139438224487
0.143110509263
0.117556201
0.120682665836
0.219912057497
0.117221030618
0.119491150222
0.146074966045
0.146983592255
0.114258950653
0.103819491525
0.110944259139
0.072702188876
0.0999466793882
0.12690645463
0.144057281186
0.14696148871
0.12393182617
0.119148096562
0.082157272424
0.0788837433828
0.106406240517
0.127038292805
0.111736605624
0.10849995695
0.131412947065
0.106899012637
0.129919622882
0.161321128365
0.132517410395
0.135320386669
0.207852318016
0.122657207692
0.160943549696
0.153041836184
0.0918923462539
0.090451148176
0.115935739799
0.130536684124
0.143426123005
0.162956583245
0.0875954429097
0.145751610037
0.111238459452
0.0888697636488
0.0845897196057
0.144544348389
0.11318431049
0.11048170584
0.113352426404
0.108393197504
0.0832757400086
0.0820051663758
0.147063310751
0.112404007124
0.11323344329
0.114110016359
0.109925890906
0.0837376035161
0.0850061698073
0.11007181827
0.109215605448
0.110110385869
0.110094913173
0.113070972991
0.107315410541
0.114905624994
0.0852487064191
0.0837614037319
0.110733618913
0.109994380087
0.114511602029
0.112838075671
0.114743672087
0.114936194748
0.121496924825
0.103133885558
0.113922252546
0.0847538307559
0.0845048266649
0.106184325479
0.108740036049
0.112682844976
0.115414959255
0.114453313564
0.121553896736
0.122810846142
0.109684824636
0.11932203231
0.0859809983717
0.110409145601
0.116312203298
0.108489755818
0.120020722959
0.117742537029
0.112599704576
0.119795199124
0.117921306487
0.116535439839
0.162372345827
0.177845907891
0.152405454174
0.14874962844
0.154755609126
0.140382853813
0.122693082904
0.123386512417
0.119749251341
0.114762702658
0.103921909954
0.136896267763
0.11437711584
0.143770088129
0.105461562326
0.0931529957674
0.114849678759
0.125618998791
0.122097413737
0.174929111013
0.177995627079
0.156571138032
0.252481448682
0.124418708594
0.129071972935
0.145581115883
0.137381535695
0.137666275061
0.11897969112
0.158072311125
0.105557784248
0.101080235204
0.126757786421
0.135078677181
0.123888617012
0.177047725145
0.133399445233
0.168667485787
0.149548467314
0.188478496105
0.107360113853
0.160301929729
0.13783145932
0.142951346012
0.157556541319
0.108821988963
0.120120603265
0.108266740263
0.106900445328
0.122480979704
0.11520112591
0.119946944801
0.118310924692
0.117687920084
0.167083212247
0.105927530222
0.143982907955
0.175367902849
0.144382309248
0.132169714491
0.167472204121
0.162306844103
0.131842394813
0.12369958361
0.110719534297
0.134331026616
0.146321849464
0.133014204937
0.146838144749
0.132430317285
0.151673683732
0.131070634781
0.190073010496
0.179090113724
0.176328081013
0.174834093331
0.100347635974
0.0791165251159
0.0823524240443
0.13346551214
0.131036495103
0.236581323922
0.157517963192
0.124979277283
0.12829864301
0.088835181203
0.144579554354
0.12958570931
0.131438084405
0.126677179522
0.142684533033
0.138640069678
0.180479927444
0.142703985243
0.166167173053
0.159969065611
0.148734909038
0.128074625343
0.110577449395
0.124268576383
0.142562443676
0.112848635939
0.111466168523
0.116986603756
0.118028220084
0.120440708987
0.123094931946
0.120198535767
0.105437211084
0.102261291688
0.114111586418
0.0800050053532
0.104645442928
0.102074226938
0.12740061767
0.0994781631217
0.100669637717
0.0785401144511
0.0730510828532
0.175476233269
0.111895326076
0.0970136594686
0.114547065037
0.137882641294
0.147688816451
0.123050723034
0.116637417035
0.118768986664
0.114000442011
0.1156664313
0.105808923041
0.120664709805
0.131988632118
0.179371953703
0.130344121787
0.130784897912
0.135669823003
0.120866673809
0.0881019373632
0.117983180383
0.187738400924
0.145693728983
0.119800740238
0.155659513107
0.135245735578
0.109025189239
0.169669463383
0.104220691235
0.104124632836
0.114242474676
0.117207152993
0.106271609664
0.134732137104
0.124047084963
0.140167009372
0.160476504537
0.0998829195009
0.0998979306135
0.099632807464
0.0996394615886
0.0998433019972
0.0998832094533
0.125255445881
0.110735439744
0.113356677126
0.124925103634
0.107629944394
0.11433870151
0.124746144416
0.10706723124
0.0846657716787
0.125605916426
0.112724643781
0.107349591122
0.124719427938
0.113530808268
0.111083888724
0.125345178996
0.112296300553
0.112424643788
0.120915003492
0.111160694877
0.120962454138
0.11017601621
0.11730556475
0.121037135953
0.113893046333
0.117776888561
0.109057136137
0.119178892399
0.116767952018
0.110198670274
0.116311520087
0.0833686800376
0.0853996394747
0.112718192384
0.115705588999
0.117058605994
0.108039761226
0.116795827247
0.112405381315
0.121250040814
0.1179949822
0.11513456147
0.128264373199
0.120088878605
0.12361460868
0.113639809832
0.111087867127
0.115337628537
0.112450839906
0.117865678486
0.111530488599
0.115082826643
0.108334081613
0.116709408436
0.112211432579
0.11706517335
0.119716642032
0.114513582698
0.117446232383
0.110974574479
0.115058948744
0.109438241569
0.11194561437
0.10789698104
0.086192514716
0.0860972623525
0.109932573531
0.113559404304
0.108613366916
0.114585074759
0.11150115917
0.11652896023
0.109808366427
0.113475963834
0.107885834683
0.112543036808
0.110344218796
0.117225653939
0.11059837324
0.115587411224
0.0847651287293
0.112050253598
0.109707761946
0.114980420288
0.115322576769
0.117414892258
0.114959673847
0.114859566976
0.116644721436
0.11617512526
0.118792073688
0.107587636509
0.105184601093
0.0815245456869
0.0832809932167
0.102654288634
0.104342125314
0.108986199637
0.111366947849
0.1096513314
0.111565869003
0.111690411564
0.114530172681
0.0866260888753
0.112768696615
0.108193024297
0.107942971057
0.111482253055
0.111304740262
0.113585969074
0.114254722232
0.114191422274
0.104423598888
0.107763312638
0.106396853839
0.111659313147
0.108382581986
0.149232587755
0.1404131929
0.118093207055
0.094244306299
0.082462183707
0.0874437316626
0.156520881297
0.120478645229
0.0914854441315
0.108318930692
0.0951970385538
0.0959545538933
0.089500141547
0.0931171076423
0.0920826379934
0.106808628494
0.194853728322
0.191953568377
0.106870135377
0.107804819581
0.135139782834
0.142287638822
0.185453624565
0.118981454658
0.162376386355
0.165323303798
0.158871501058
0.193602575451
0.109328746642
0.095702187165
0.118080229954
0.119903946507
0.128223917001
0.0912654277576
0.093193027597
0.139871920923
0.12442443554
0.111109839417
0.140301337367
0.135207842856
0.168015250275
0.110342258423
0.112780608812
0.0902727345434
0.101407769086
0.100518709361
0.10133107899
0.0986059087526
0.0981313203807
0.0979298939939
0.0982515680504
0.100456007503
0.118656311845
0.104572470131
0.108776521781
0.125250899605
0.111045686871
0.11421628415
0.128557666272
0.0865493182965
0.104011124072
0.121811361827
0.111959818665
0.108346355284
0.123321518603
0.110633498001
0.103676411748
0.117857333816
0.0867425121941
0.108702411321
0.113176744554
0.110090723366
0.117408858928
0.113926911539
0.111696281717
0.118043616033
0.109691018883
0.118439389063
0.112023841722
0.112517463756
0.105630318976
0.116184180308
0.11064907318
0.11625754085
0.111825978933
0.109866156299
0.116238887539
0.110401138831
0.11647667365
0.110587986637
0.115742171785
0.114183489679
0.113774113734
0.109577236156
0.107369271164
0.109340674275
0.107192246426
0.108706203634
0.110122452626
0.112009518003
0.108188606123
0.111816023737
0.113935251417
0.111424485697
0.113662277448
0.114422011998
0.115145883758
0.114993910228
0.122879019134
0.114657867946
0.113885161048
0.107831629345
0.109317644216
0.113599300916
0.15966515133
0.190213971238
0.127483075002
0.115635747677
0.0954921724154
0.115317604081
0.136562423706
0.140284620508
0.147837077776
0.135880908539
0.0994426919165
0.0878625518936
0.115560207546
0.162932400666
0.141234647609
0.0996234337879
0.0941165336259
0.0994233271169
0.116567493666
0.185710981582
0.154290205084
0.130346929982
0.128923364687
0.166266813549
0.156205046947
0.117460754485
0.109549813093
0.0827845728063
0.0974801611218
0.108605142426
0.119429743587
0.139814716356
0.132207856362
0.119303934914
0.124804244591
0.143380765136
0.129017127235
0.124429334412
0.131834415158
0.107085816681
0.0835156925951
0.0747224794627
0.0569645536144
0.0495583153101
0.0835352477507
0.0680014245932
0.0298794478117
0.142371432088
0.0794560653631
0.0830625957364
0.0951050001753
0.084241633794
0.0920696296702
0.129660291495
0.101938620416
0.115879924986
0.0609912755926
0.0173773272382
0.111225551306
0.081992713055
0.0311048791412
0.0214174802085
0.0598080112783
0.0907838491921
0.0955963135623
0.052030602103
0.102249918343
0.0716246824713
0.0753379261078
0.118316771048
0.090474001659
0.0982987459309
0.0703781277473
0.0539275335446
0.0662770392125
0.0444986318198
0.0770188794276
0.0645249872706
0.0667952830486
0.0831011093068
0.0725474720504
0.0806447675016
0.0574314470347
0.0696046551962
0.0727536995494
0.0757114288805
0.0684496040377
0.0628833069846
0.0593651401962
0.0530469704178
0.0412428046412
0.0394200151653
0.0410037957409
0.0675266367456
0.121020817901
0.12821747953
0.0563583800877
0.0446659466074
0.046591638346
0.0329905382811
0.0632940454155
0.0473602847239
0.0868918177775
0.0991607493624
0.0818732768848
0.0953792160116
0.0579144542128
0.0494518777091
0.0484473707903
0.0519958196579
0.0893218070057
0.0728160126701
0.029873258454
0.0325734773659
0.0437320409944
0.0211939500372
0.0533928503148
0.041970631694
0.0516891201604
0.0600787185287
0.0560855339471
0.0955820536728
0.0550991927502
0.0793198461709
0.0598546421857
0.0509673932343
0.0322956246096
0.0488249976148
0.0574244598038
0.0431941573286
0.0516014218942
0.10109286229
0.0620693527116
0.0518320407713
0.0614276106154
0.0471865503617
0.0560690479873
0.0546910188544
0.0508518788561
0.0979441097036
0.0826498430166
0.0933447036685
0.0259756950346
0.0334686648933
0.0346577140216
0.0458648646159
0.0684726707927
0.0714213653354
0.0190101537747
0.0251320251901
0.0564777361554
0.0447686301271
