0.45445102665
0.589391049157
0.198462209344
0.0863460427456
0.872163482996
1.03962711905
0.366082945264
0.215055243619
0.555954415053
0.63883979034
0.777983419888
0.668350317862
0.29805924876
0.398806906971
0.654733304932
0.61143081527
0.144641527854
0.157232208443
0.165356533039
0.146227222695
0.0791277374396
0.0917732683558
0.209181067767
0.417144946509
1.03141179661
1.20138436165
0.986797094802
0.649587503828
0.282436298217
0.314778490304
0.192673530283
0.262980695453
0.0254404656944
0.0265717971419
0.118263670407
0.285053799203
0.3237654763
0.233291852973
0.221947835117
0.454891013166
0.162733725585
0.201837755037
0.309799645898
0.222210772044
0.217633067058
0.279260648145
0.505336641024
0.374952350939
0.848163084396
0.487581177093
0.571925428144
0.572988862829
0.399281866239
0.46027510866
0.393134128393
0.846153502177
1.24513184018
1.25221038876
0.746628825307
0.990567442562
0.439767753939
0.423944424141
0.135858343568
0.349116405848
0.419624189834
0.314694564016
0.362320891733
0.127856214549
0.395698352778
0.361169848339
0.346099262976
0.319608454942
0.425390994521
0.349374031998
1.01795363839
1.22678300675
0.52464983364
0.413175506782
1.10454848824
1.0594951595
1.02963804091
0.943788343884
1.5723320976
1.78469120091
0.917541697095
0.991033549176
0.578111792145
0.619472221484
1.07631288853
0.990565938544
1.1192838165
1.18795126113
0.245563006402
0.184194220339
0.306913003059
0.430568852347
0.355346622186
0.416209732572
0.66468802725
0.532128216176
0.568054504344
0.323424910099
0.727737278012
0.444095888378
0.494249603773
0.3912924526
0.358900938525
0.336827895535
0.207780242278
0.332882902653
0.367193206964
0.257349266598
0.313896938905
0.306513435598
0.69812497051
0.667065259686
0.464435267662
0.763286197207
0.416361762268
0.653451831574
0.632835970626
0.453440965869
0.299638590479
0.309292731833
1.06124117046
1.36617912179
0.552774397526
0.623021184172
1.44280721956
1.48253987015
0.383840372808
0.290614829419
0.561666084874
0.659535572223
0.189797674929
0.273995465038
0.34681746421
0.251326652536
0.283016896918
0.768339853964
0.320600192623
0.280679537304
0.209452932765
0.297485603524
0.694864535129
0.867176315046
0.207603480287
0.0932591962756
0.184111225978
0.496304506344
0.176202819146
0.267157463491
0.690199218949
0.791328749712
0.475698173869
0.404697854019
0.644450770904
0.26341981089
0.235852443144
0.201702575859
0.443635770123
0.327276151125
0.841703169549
0.814658857844
0.652119950054
0.34653985391
0.24477639309
0.317453779557
0.42933735387
0.433953333241
0.292752353546
0.251266295601
0.253284811457
0.412152989991
0.669441102822
0.276784243259
0.401672301905
0.611611581262
0.42024206163
1.15066247594
1.1454896989
0.43300779682
0.922181567395
0.499249747308
0.653296742873
0.212891125001
0.79951003119
0.82770935092
0.168152333539
0.0552203666772
0.0828376154097
0.748651489801
0.335029795386
0.101762137294
0.341450703283
0.148258958068
0.177899339575
1.37398449224
1.05007495397
0.691070025872
0.278639032761
0.504293859892
0.422580784161
0.656369662301
0.502305331257
0.512999729684
0.997147621292
1.09365282006
0.440428126308
0.445928395263
0.365630290814
0.472801266877
0.87212227431
0.727319619365
0.528373925079
0.429828360654
0.174800824409
0.544031387112
0.985078676603
0.139792860314
0.108177865192
1.15275544994
0.906933440782
0.567401616612
0.63680176084
2.09480486909
1.52818524784
0.761099411382
1.08127719495
1.01551247897
1.06137143878
1.64416095448
0.268058503119
0.431921348516
0.762529336562
0.659749499935
0.784662828636
0.541016623734
0.178289559957
0.348459780534
0.163629186194
0.35577719117
0.448384115184
0.497739691836
0.544862681447
0.325049366462
0.588040011827
0.6501130056
0.376010396509
0.850307366022
0.633010576996
0.99443937098
1.63831359011
0.676493532016
0.425300693367
0.315640772191
0.454890766518
1.31261045178
1.44132146705
2.01775910138
1.1130603059
1.51696943702
1.70823367089
1.61174350125
1.10402850489
1.25484179976
1.21412573974
1.24630513827
1.29914606513
1.37828134286
1.08074884515
1.0789206306
1.31352010237
1.20577063971
0.325369936346
0.249221873339
0.286231778279
0.259426208065
1.08497065514
1.12535158704
0.890627055344
0.985090975391
0.782955681025
0.781898321474
1.06516700019
0.944866287413
0.785219920476
0.816472596936
