0.368314471917
0.316182602145
0.196200523144
0.16115836512
0.896904098661
0.694814391594
0.303516622094
0.273264300189
0.670720410382
0.578871522715
0.706990018713
0.534768180017
0.331122110793
0.237819152659
0.358616893586
0.5366770875
0.196529515962
0.198600509266
0.224102295183
0.217305558732
0.139448124436
0.146760248361
0.232998983183
0.364572496958
0.819220417591
0.626999852302
0.467547610578
0.330347084096
0.208103133536
0.271732508918
0.0453080441536
0.148124102006
0.178446258422
0.335526413449
0.233517578813
0.410925891112
0.339063897205
0.42382705636
0.15455964221
0.201786428815
0.275075594029
0.188226558023
0.315212636935
0.404547883108
0.379619209509
0.424250537671
0.563235597754
0.226889365933
0.0982244006464
0.479739305544
0.529825483497
0.386975240477
0.44901909672
0.44545188399
0.643091046945
1.12979484365
1.28662881544
0.452437774619
0.789585839537
0.410084269537
0.269197947172
0.181371994075
0.408456815089
0.304243752261
0.410735378413
0.460886914123
0.207811325638
0.38069899166
0.300217225772
0.325599823801
0.38963245734
0.381445911553
0.310532390919
0.418266364563
0.546243779689
0.54206427126
0.532018464213
0.400674288455
0.359014811254
0.709447361283
0.590640966616
0.305314187125
0.497965292905
0.410059142116
0.415305309783
0.507773259802
0.568571421553
0.534129734442
0.404850804084
0.390610275252
0.498564971934
0.529220947434
0.301960357523
0.494602758908
0.294458986809
0.513333214447
0.501104576312
0.628345496242
0.576031659498
0.566353459787
0.733603233522
0.655103451836
0.719632230569
0.281350112476
0.214543663911
0.322894551928
0.347204370201
0.380756947898
0.380404933157
0.453474321995
0.446176053163
0.751186273183
0.410176474471
0.31172876647
0.347601136961
0.147784172108
0.265723636563
0.31912249342
0.626157765882
0.615920706975
0.404189147934
0.6106815089
0.0968987820942
1.24240711048
1.2906687797
0.486924899795
0.534202051727
0.546624533978
0.487804036001
0.422031152065
0.430030383215
0.535458378403
0.487011459425
0.337054241854
0.677295207395
0.69450764427
0.202176848683
0.324005069737
0.393987825104
0.174130057452
0.467930349964
0.709514142493
0.338248888533
0.438327270525
0.203675318812
0.330775792678
0.465026268581
0.276129916605
0.0882554502966
0.187472604661
0.545781515789
0.216992676089
0.24764876452
0.342746200086
0.327794995505
0.35007387338
0.469940499031
0.401586649588
0.611540373389
0.587450129806
0.298953306771
0.262321770572
0.409544483088
0.285612061691
0.425190728914
0.440541670155
0.266902328347
0.362232047388
0.505715500737
0.469093848317
0.515335329939
0.267582806226
0.261126486182
0.177711115147
0.356218129945
0.318562653426
0.288958934509
0.497454749314
0.598489145336
0.524922923454
0.854402049656
0.554710851956
0.436710680437
0.577264022797
0.533427419183
0.315350579944
0.485385910256
0.541332706217
0.632848098823
0.352353244063
0.854903434607
0.470862664927
0.381555780454
0.446214915889
0.435723758732
0.1459704027
0.51684286636
0.0775037750115
0.0394293091833
0.686382217826
0.361664292275
0.142355188347
0.455195549623
0.186860288224
0.147857789621
1.06684933608
0.573497369172
0.684859252458
0.304464301035
1.37068957817
0.430630845939
0.35289872068
0.379577838328
0.561590561658
0.406482255809
0.318592941968
0.466919642811
0.792571217994
0.946100740129
0.582139369617
0.354327225095
0.358035908307
0.371712010169
0.373854656252
0.486418113567
0.35935075644
0.565483658749
0.74385278887
0.568873341401
0.484386685344
0.53387355245
0.734687392989
0.445008472143
0.699548411563
0.431200078253
0.123651444835
0.627741744449
0.599754947217
0.563012528758
0.546928872052
0.871893481406
0.235760376675
0.522527228023
0.40050349874
0.791820945293
0.930756598652
0.814129019507
0.658625687094
0.705757427939
0.768149503463
0.610205889272
0.765109417061
0.575504055442
0.699906441
0.731365116013
0.531905388698
0.486204196022
0.718730343894
0.529829681177
0.684398484443
0.633656794222
0.713689662941
0.458705713313
0.608979724565
0.530352078201
0.416639671565
0.218021389755
0.341608635243
0.479730096647
0.16247753743
0.596466383664
0.703058353344
0.373523754056
0.829829710488
0.390091378985
0.332224542074
0.508371592702
0.34252517882
0.22006924548
0.513223639066
0.492778854957
0.48709287402
0.510161146914
0.510256413142
0.610800697458
0.579020823938
0.489739222711
0.687122980296
0.866532630111
0.570604597562
0.523660330641
0.505435536469
0.758960014838
0.682510232001
0.723984922861
0.604876289213
0.487998909392
0.627169500334
0.584973007591
0.64918648603
0.477489538885
0.550737182131
0.531422800321
0.50067571221
0.833716707284
0.723454674008
0.558047583185
0.528208329087
0.590883287538
0.53136384602
0.452403438648
0.113861401426
0.0779597045084
0.239992660223
0.141909716193
0.161616400467
0.106222540003
0.0542578118313
0.150685690214
0.319632162542
0.18734748197
0.187802115219
0.18246819363
0.201670085787
0.574815915939
0.706002716333
0.323592907845
0.325417610502
0.328729197452
0.21105870705
0.189831805711
0.177782254053
0.189601583069
0.179687849709
0.277235214279
0.276566564407
0.452158579143
0.417464716577
0.288112741398
0.505430942186
0.299406989237
0.359486906503
0.302988900951
0.24929222668
0.263919654485
0.394839992968
0.217351394517
0.250386790067
0.189913670489
0.219991153677
0.326662892356
0.279055699262
0.218646807204
0.326005470688
0.277546103966
0.335863870222
0.365053594929
0.63321631596
0.267020692955
0.133331456862
0.133736719272
0.11051371479
0.182224217584
0.129896792641
0.112121609354
0.149979331352
0.26296760478
0.0542287293172
0.122004677061
0.124278398387
0.126174523798
0.131766578193
0.160230653116
0.225349941379
0.178060608199
0.222897942714
0.125357939936
0.291496989342
0.0677871091848
0.0536845707379
0.0623052926613
0.0649984378786
0.354886570083
0.447349394551
0.392477656062
0.535124881122
0.183955881651
0.211343756365
0.117969126179
0.135990903812
0.11820338831
0.129316070146
0.124585175216
0.0949825818734
0.32419472644
0.553776867574
0.218001344327
0.211343737911
0.119490750178
0.108904647087
0.104093841962
0.117043785287
0.210811490715
0.18434163335
0.441718694415
0.357147572488
0.191724538833
0.217182054555
0.218966907661
0.409108536456
0.280883395051
0.27164164678
0.332352077475
0.3328497675
0.314182429777
0.297487634435
0.150452074797
0.152013202674
0.168842105986
0.193860937229
0.362761345494
0.318468316558
0.213026454606
0.240274748596
0.25754664679
0.205536237243
0.329418326046
0.379462797736
0.403066767125
0.276386576284
0.164888220683
0.244904014577
0.208474239843
0.223740681594
0.1584382005
0.26209891215
0.233850427154
0.244067903727
0.184448448541
0.214690060832
0.297985738055
0.20973087646
0.221529704376
0.291236622973
0.235554176141
0.205696286901
0.260597583308
0.22303459942
0.313964901813
0.275497815367
0.260388882507
0.302497014767
0.300509053681
0.316329372962
0.260089218751
0.247538915798
0.176057422646
0.1784911773
0.184591582421
0.166799437073
0.371549672978
0.425610830627
0.552015626954
0.473488813804
0.271253680575
0.572464394219
0.215549421878
0.0928950534074
0.130595442789
0.155467730086
0.0632683983207
0.0712493740334
0.0775016910591
0.0879729770211
0.129146861969
0.0985292186123
0.113231072921
0.112266002825
0.22505724417
0.209747041845
0.120311371753
0.155796319616
0.135640611598
0.150667794072
0.378920023387
0.552724771515
