0.459209582478
0.400370059158
0.142026355762
0.100899291566
0.970751413033
0.721053587302
0.370069141151
0.243275969936
0.687754952736
0.568862834055
0.755679440561
0.609838517773
0.323110178684
0.381558444495
0.713351475494
0.505436707752
0.141983725315
0.158584174643
0.22268615113
0.215762955168
0.0756613513555
0.0824004065448
0.195001537278
0.455148773358
0.953409558319
1.05898634719
0.905990543694
0.672401061559
0.425829101837
0.278628398301
0.178723557227
0.265321605886
0.0272848360618
0.0302758970447
0.146131425242
0.275787803494
0.23143908438
0.306577929611
0.208322311821
0.470852418711
0.150376782664
0.184597561813
0.245007991574
0.225595563552
0.29752269979
0.361057483431
0.404111826919
0.445737214094
0.591601269687
0.256163394726
0.110424788757
0.470120653065
0.574703297873
0.414724206738
0.434402157654
0.365640923802
0.551064784526
1.15772545864
1.26335724078
0.832276969055
0.8914112013
0.488007975414
0.249961606992
0.108928118095
0.310701776175
0.373616298595
0.43980787982
0.335663479394
0.106367811389
0.403729118306
0.37663985903
0.275697183935
0.311760810472
0.281362927647
0.365135834133
0.587596951806
0.571272351373
0.546835339146
0.598004313848
0.410296450983
0.358800168071
0.751568725954
0.706026128731
0.718251716879
0.682777661775
0.661179354428
0.671198518027
0.451080199396
0.449617268563
0.45680631419
0.579858558874
0.598775571195
0.441558931914
0.408845756313
0.50313865387
0.550671640442
0.322540636944
0.576196329465
0.3382562099
0.539648267669
0.481045532145
0.650471171149
0.679223708204
0.695024690564
0.754301775466
0.720558191304
0.726033826483
0.299387119196
0.180197115017
0.328560769746
0.297584321936
0.379763462664
0.429210083407
0.655605344873
0.484394092596
0.56647760747
0.309515805259
0.752310147924
0.405007225776
0.465605561504
0.409546034468
0.384535067947
0.418058874387
0.194021174858
0.247486836083
0.405543485047
0.285739823052
0.364940281324
0.343099770735
0.679338000269
0.655457670365
0.473293122428
0.727338089802
0.421030715254
0.583939205429
0.112757652327
0.303644913414
1.14047031128
1.29420551239
0.565875463442
0.566920395474
0.524019809604
0.500230028752
0.62081194984
0.559532324492
0.49939562376
0.422918084276
0.385124310459
0.318909775488
0.624510039053
0.62627873472
0.173778834437
0.392326117777
0.338356076624
0.173975761912
0.379123493532
0.758454501643
0.284577871396
0.2964381333
0.196724476709
0.328665245587
0.576092173497
0.48321636822
0.43447084672
0.221628174528
0.0894120413592
0.203610274033
0.506427687452
0.15789495031
0.272077873026
0.335536051056
0.369141016504
0.333521038855
0.454911476194
0.486636412445
0.623427390057
0.646943509307
0.240864038966
0.232933031477
0.398837614677
0.396469194314
0.335654154474
0.489209376072
0.295251855813
0.358340320182
0.470520066771
0.435567398947
0.554244546751
0.274744489759
0.218250140092
0.260795306903
0.411815397173
0.443588211579
0.375668813579
0.268046010754
0.263881690946
0.529753631058
0.571594345808
0.518789073574
0.841714847857
0.600089989084
0.375156053016
0.616790957072
0.544234194064
0.303751928599
0.468943796209
0.616721399573
0.637502264506
0.282622990162
0.782363925516
0.32754485659
0.298859368561
0.467091924176
0.42241078015
0.169273751331
0.689252562531
0.587753204443
0.0544630801717
0.0869515739516
0.705471390778
0.369276218068
0.11813772001
0.297167182256
0.174683168389
0.15376928198
1.00534792839
0.594210067386
0.677534316065
0.296808137096
1.32541539739
0.405818747694
0.310429177681
0.299548915751
0.515873390746
0.402281495159
0.208203847859
0.365989916064
0.827516370775
0.903671201838
0.566696422513
0.39250907255
0.369030778142
0.485190726974
0.390366299491
0.371250603222
0.483001164063
0.463278089669
0.638010307348
0.597199873794
0.525499980361
0.412142849254
0.28291372837
0.80860145287
0.731856260867
0.341629098451
0.125996048993
0.544476721083
0.631295573065
0.625936305567
0.772990978231
0.7171663413
0.667951334991
0.5699235598
0.580078286031
0.522391728475
0.49059313942
0.868122486147
1.11780193887
0.769900841519
0.767389308286
0.53873207823
0.521186398911
0.630167784595
0.7767513158
0.900617173963
0.800709911764
0.629823254975
0.701627591762
0.714659464706
0.620850373246
0.830685160131
0.608444758894
0.693155245172
0.776397562116
0.505575211024
0.396419203661
0.725059512693
0.514440578114
0.592656382023
0.577365419887
0.621958026189
0.45894779787
0.529156498167
0.658612562006
0.805981858689
0.560682911312
0.161870201176
0.546616114461
0.490668603584
0.538043454726
0.274978920672
0.557538534263
0.645913791945
0.365768458668
0.830322436548
0.752920226748
0.815229697997
0.448745043597
0.49332973561
0.478822399662
0.44009572681
0.503309183872
0.5145002342
0.273165158678
0.263997688676
0.650547575459
0.541426880003
0.528479978362
0.553439534171
0.545572157278
0.52501702531
0.532487121468
0.637614116084
0.620592174405
0.543577735839
0.583150456845
0.749662695475
0.853058130733
0.777970329341
0.619799050586
0.661245524145
0.846502857981
0.597781087499
0.566449606193
0.634259100582
0.78757392932
0.685807519778
0.503611109939
0.742699941515
0.706739404557
0.76173895457
0.530190082416
0.581784383905
0.577997171338
0.477311032599
0.621404781098
0.560394461437
0.558260047537
0.473881743212
0.762034667498
0.70621208986
0.543379449479
0.54722433694
0.856860562475
0.680593125008
0.493093022722
0.460591935448
0.575364388185
0.511722213781
0.445745217642
0.310646808353
0.215452866765
0.322981202974
0.260895918891
0.0803265898072
0.214015669263
0.229470387317
0.174822400479
0.217990498246
0.212086607591
0.191794130608
0.240399768341
0.221696677265
0.315702480419
0.0955432344883
0.0767395392538
0.109202510894
0.24366936443
0.193568243196
0.205286032298
0.221765956365
0.235901786593
0.619766153146
0.837130131432
