0.100806345828
0.117686417123
0.0885436339462
0.11421631335
0.139618765399
0.13345338585
0.152491668212
0.159117209771
0.0955914558213
0.0818711857988
0.127791945337
0.0843094044893
0.0681844328473
0.0192344650836
0.0255248908207
0.0241281036769
0.0158935258222
0.0343654416824
0.115863978
0.132867947955
0.111455532214
0.112420767998
0.120415195646
0.0979280743463
0.182407095901
0.151032076812
0.151729940063
0.137794551215
0.143295211137
0.14815841346
0.138542507855
0.112472709897
0.106682975067
0.107616876891
0.0990626251806
0.11785229425
0.0759036230637
0.0590244287603
0.0658636602667
0.0536776963662
0.0917687104687
0.0991379942262
0.143484797936
0.11404209998
0.123836991883
0.168036650474
0.0948801341104
0.11135316483
0.128821936591
0.113956192864
0.147311405078
0.135541218145
0.13231040227
0.155587501012
0.11370728485
0.108320979262
0.0927716037743
0.0928850589447
0.109091680867
0.122033987425
0.148701637696
0.124067791635
0.107558266616
0.096324133468
0.140715065242
0.134900951127
0.159285407818
0.137389276576
0.130292031868
0.140266242589
0.142806292859
0.1133619833
0.0826131504062
0.113571051721
0.129531807777
0.136761540806
0.1632962583
0.1347187465
0.109292108094
0.0722746445756
0.140219779703
0.0843920628146
0.0853490471282
0.0887749248512
0.0754947705761
0.0608776800581
0.0666077406099
0.0855968832757
0.0804113946973
0.0773454849841
0.112368005753
0.105312091314
0.088799999319
0.0758358266135
0.0923288190803
0.112945733313
0.151443609593
0.169637293991
0.154760267635
0.138422525818
0.150269985747
0.154545074886
0.146853198542
0.138871042865
0.151802722904
0.148961203933
0.13489950827
0.143430449983
0.152637832915
0.129579574607
0.142849266758
0.161615004296
0.126495239
0.1243175964
0.0901806561076
0.10326669574
0.135748909604
0.123612916371
0.159388172274
0.142132075342
0.117172327389
0.124910687173
0.174642763364
0.155018799726
0.107896286906
0.0981893349732
0.0822255957632
0.0849354393968
0.139767169786
0.101533182811
0.0615819809613
0.058440599508
0.0494395309965
0.042383530954
0.0561922443752
0.0369157651018
0.117851109332
0.12319659463
0.0768112248483
0.054512862871
0.145272021802
0.138138092927
0.137831437612
0.155723812022
0.113786649814
0.123656424762
0.0965493962029
0.136243339193
0.1049374525
0.109979362643
0.152739221487
0.109137026467
0.113260945311
0.12719165504
0.165353085058
0.118918866376
0.117037798549
0.129228317763
0.228169232122
0.244571723801
0.11059416141
0.0870770305129
0.117647006465
0.102906773169
0.20491860462
0.196754436178
0.169463745048
0.193159560859
0.287613390572
0.136727458555
0.159045909514
0.192646066176
0.118041871486
0.150139129764
0.162336054682
0.101254096781
0.133477294555
0.153030650569
0.15552006967
0.158814202036
0.165993179542
0.168385865197
0.141042290168
0.161492031681
0.13943674122
0.128099607804
0.113041553329
0.114649645036
0.114107962629
0.108105688174
0.10656220833
0.117037421114
0.127436271743
0.114507551195
0.131262030606
0.131268573239
0.137421466803
0.116291947127
0.112609468359
0.10180951657
0.10349009509
0.0913289152577
0.117958003207
0.130056627765
0.127984219451
0.146537559048
0.09629581028
0.118483159369
0.123404866603
0.154779781845
0.160385654333
0.110659394342
0.117989360846
0.0898520333101
0.132507120895
0.124311207107
0.10838190183
0.131951784183
0.0898054076595
0.0964079227202
0.11567025392
0.126688023504
0.111088424219
0.119139416789
0.123469986197
0.13206313979
0.119015608208
0.11894278535
0.116790771006
0.13552487109
0.118215001291
0.108330615476
0.135277046629
0.116802696648
0.105834810035
0.108504615281
0.104660398432
0.11052589008
0.137374120278
0.111147801611
0.136054135665
0.0977908313034
0.089200360441
0.0792704108157
0.0708677476036
0.0798149290371
0.0744977570843
0.0980377670838
0.134531113564
0.0958391908422
0.179787025299
0.195396653256
0.173038073921
0.192247863123
0.142750398028
0.120082903951
0.127325358177
0.103959370014
0.113505207997
0.0867722393739
0.0910759467768
0.10324116232
0.0941493054928
0.119846863364
0.106106162886
0.107898172997
0.115886713691
0.132889392411
0.138507249244
0.119331370701
0.0975789067232
0.0730335468181
0.0620184094912
0.0704770503627
0.0914132374266
0.11292848634
0.104926193373
0.117768190317
0.0899990950482
0.0863821472312
0.110746223262
0.120584289579
0.118572596636
0.115077969792
0.0939832571117
0.0952329989086
0.109477911182
0.142782050136
0.120329054303
0.109364912991
0.0942854978829
0.086907987154
0.146150835231
0.111051220483
0.112012430381
0.122489910514
0.0867609754264
0.104636489457
0.109620626353
0.135148130854
0.132611897655
0.116418801106
0.115378607766
0.123456841955
0.124940819641
0.135177195853
0.10609620247
0.128971175977
0.11062769257
0.11958339543
0.130039401795
0.107606845763
0.135420972451
0.118595556869
0.109985473972
0.11696761188
0.110944952371
0.118560689378
0.123667623932
0.134932415269
0.10975514262
0.126942881436
0.132840243606
0.118175956668
0.126265972234
0.119252604939
0.117110622572
0.121805455886
0.121659809534
0.116363241996
0.119895530873
0.118651943337
0.116451258412
0.122173948199
0.137385119293
0.115456924193
0.105671272096
0.125459249244
0.124533894303
0.150929303086
0.10421010794
0.124908816886
0.104472097351
0.100139800921
0.145726588073
0.105595749088
0.137341057799
0.13462791172
0.13926752561
0.126859561808
0.106613158853
0.129637812522
0.11662015654
0.163190260899
0.152214140079
0.108151655888
0.104237643054
0.0975567736243
0.132296452837
0.105129688335
0.134376609573
0.120653248414
0.108796666721
0.136955890505
0.099755633103
0.117926201572
0.11092652188
0.119782130758
0.107284745537
0.135115325152
0.214233820027
0.146569170419
0.123861654548
0.135990313332
0.122286723556
0.141359779339
0.137841328276
0.136217745564
0.133948898249
0.205958124673
0.225733871293
0.176038813412
0.152691793505
0.165642575693
0.141952860608
0.135501273562
0.165134138271
0.133604701891
0.142795364368
0.134592432926
0.135889591965
0.157862989754
0.132308847186
0.138064262672
0.160166633819
0.154880612611
0.149625637017
0.140185371008
0.139233592952
0.123754957543
0.157470906204
0.14759040136
0.115342207845
0.11118442584
0.14844926572
0.131569579668
0.112255302127
0.149242465628
0.127158299292
0.126404453944
0.150071175134
0.143919641489
0.12300393124
0.129912443357
0.128510309775
0.145823838289
0.0836585440954
0.105345904459
0.0954564430669
0.0872386323178
0.156349636582
0.161127853997
0.175578749626
0.177185301938
0.142496194096
0.14211346816
0.125811002433
0.13050376128
0.125765757547
0.144561038178
0.173919353665
0.159859257924
0.148410022993
0.152515362684
0.22226399273
0.138081911663
0.236568764262
0.172922639663
0.177130999747
0.135533032825
0.177687746269
0.118851493661
0.179651961408
0.163774830243
0.15742716053
0.118076146333
0.126410654724
0.133269199297
0.161151895227
0.200971042996
0.0148814709492
0.0973759116796
0.0958921606941
0.155649982103
0.219140557066
0.214134011801
0.154248217243
0.139593231436
0.116805896057
0.144024873559
0.117869283871
0.129980973835
0.139455653713
0.0786263005398
0.110946610476
0.113247161946
0.151336175315
0.152951552605
0.1020720865
0.112718594924
0.0926569035162
0.139165106031
0.125658322619
0.156230861916
0.126027706206
0.0865145135214
0.097583795134
0.102720634947
0.119698605964
0.139575850621
0.178693571888
0.143985477664
0.115032064684
0.110204964781
0.0828363875431
0.091214834108
0.133236000236
0.0785003174986
0.079437404558
0.168303905522
0.148622922417
0.130765519448
0.0912470083051
0.15949650234
0.113552276193
0.10439061952
0.0799918374129
0.0887953643755
0.119126911545
0.0590352983821
0.0818901052337
0.15050794938
0.125944460625
0.108834142225
0.0964029152155
0.0851120690847
0.084982544053
0.101943531703
0.101784416273
0.121923472217
0.134256143337
0.12857651081
0.0894299473071
0.114182185561
0.0883518498593
0.126202076498
0.118690337297
0.169760949886
0.134379165561
0.10565942975
0.102509594321
0.110705567979
0.107083278824
0.153433229493
0.184730893306
0.107380078319
0.112717795623
0.0823637518693
0.116153088308
0.0859870841972
0.119230196505
0.120697933576
0.110366931591
0.168594639772
0.150983282819
0.128503498018
0.131859453324
0.146917998385
0.1273967967
0.137750541392
0.161237642631
0.135657634206
0.129682767931
0.139950109823
0.136922266924
0.135831234064
0.123826458477
0.134560868709
0.111949355121
0.157578690331
0.146748940837
0.120058954294
0.15018284193
0.119903548285
0.106244937318
0.152251720028
0.107397530507
0.112230134594
0.112800145034
0.100892460561
0.130974683429
0.108251674028
0.118079439331
0.135509898141
0.113533950236
0.151109875964
0.159822547718
0.153120844724
0.143656511997
0.157784691637
0.144764539541
0.169735150978
0.16078235962
0.133243444655
0.12776871216
0.0533192211439
0.0469597322704
0.0625170719075
0.0929121763374
0.0654026052248
0.0375395078307
0.0455879363057
0.0762747688817
0.063117695225
0.0542627465064
0.0481414381909
0.0417954571145
0.0776543948636
0.0968248540933
0.0845011028973
0.0613485254761
0.0419202400001
0.0482654343046
0.0860121279448
0.11929018485
0.104648405267
0.086540253102
0.0992543597549
0.142774298118
0.105431378301
0.0800518788615
0.077734701214
0.100428579604
0.0731883912347
0.103785428643
0.117253372536
0.0994345680419
0.0968765808968
0.0495815146416
0.0639737442006
0.0847764075664
0.0833234136138
0.0479574579615
0.066301886877
0.0482597603718
0.0399918642572
0.0619627028914
0.0716961419545
0.0576612953945
0.0455495911127
0.0772925998354
0.0752507616815
0.0904692415311
0.084484927441
0.119858311002
0.151510485856
0.125522794538
0.119328160868
0.126244981659
0.122397818317
0.157090498432
0.134882598032
0.123879282987
0.0712540968353
0.0909420108856
0.0944036394302
0.074994865746
0.063991172137
0.0493329234601
0.0590440868444
0.0339952330835
0.058397691231
0.0637236364119
0.065023907807
0.0621783126632
0.0568567124986
0.0925069639572
0.0810950235213
0.159115273711
0.108980635133
0.11855622153
0.150598661343
0.0757275520195
0.0711754843855
0.16573530099
0.130306350494
0.109445203808
0.0739428959177
0.0993464572415
0.181044126866
0.165808946958
0.0992414059957
0.0840013837146
0.0878995236177
0.079402356428
0.15590536097
0.103292163063
0.150553096414
0.132614156736
0.121321976799
0.116137623947
0.0972307596107
0.081690393593
0.111260269491
0.134626700405
0.110708869016
0.147338233131
0.08839597758
0.0931579130176
0.0744188181379
0.08248397952
0.0912598800777
0.0928086337416
0.100644444142
0.101465152493
0.0584711208942
0.0687131853883
0.119995320076
0.0915642843841
0.0751448768497
0.0554780914509
0.0711383161907
0.0708148671608
0.0794659448639
0.102650848123
0.128466495944
0.180280757389
0.151162507571
0.143905879628
0.113851705729
0.115968194636
0.0912540799734
0.0970931809372
0.0822956750635
0.0939337701334
0.123073192553
0.139321218649
0.174838553109
0.129864949507
0.11304241212
0.101158696791
0.0901005078046
0.134333897909
0.0964444513156
0.107591187623
0.115611404062
0.0849841774082
0.0970206210908
0.108589300051
0.146950726023
0.11545906378
0.150233674949
0.120012406541
0.0710545510717
0.0815862140964
0.104386148959
0.0986807434601
0.125637659694
0.104982249908
0.11988934515
0.17518716485
0.106450020969
0.152079148063
0.144813190632
0.18509915032
0.148061731525
0.108349940786
0.11597402138
0.112270279781
0.0966053085666
0.0945975379339
0.0671420049641
0.0857962010192
0.0455765839025
0.0515843956128
0.0638310764971
0.100197020839
0.0932738654936
0.0877336998946
0.136441126223
0.0815561770869
0.100364442008
0.148288840967
0.136952638292
0.100818363893
0.0902896512338
0.095204173042
0.0879094462909
0.102911671021
0.0935999455285
0.104916583725
0.107038264072
0.117171617439
0.10828654273
0.116291736033
0.111238104896
0.11466955794
0.118052125712
0.111507664987
0.129757037546
0.109205075193
0.108035314902
0.0952093845069
0.113610614764
0.126955330999
0.122033819497
0.129155643989
0.142430219597
0.108258044531
0.12698600381
0.10710142846
0.108539270141
0.106115188313
0.0990837916434
0.0991297363586
0.103255463035
0.102787848137
0.152432519537
0.138591380568
0.163999996545
0.152693942912
0.140715550178
0.169816512889
0.116461907365
0.141575148785
0.134115853898
0.115169243821
0.0917506270612
0.0905815452734
0.0631453581919
0.0683713925032
0.0853981204548
0.0618414506773
0.087776215853
0.120966772739
0.156583926374
0.150360271024
0.191269874321
0.128269852124
0.138980110675
0.168042949976
0.116009557643
0.137255459935
0.0838049416778
0.0943560386941
0.0987545615793
0.076541350202
0.137863986222
0.0709208495923
0.124218925459
0.0989892360075
0.0916750376719
0.0914393617993
0.0994146534546
0.1463795366
0.117894880943
0.129410883112
0.145430259319
0.128890189144
0.14147775343
0.13702287887
0.152089062441
0.171116167511
0.136543586224
0.0833423190227
0.123969901733
0.0811390238695
0.107343915949
0.112708583184
0.1262440195
0.0506053780549
0.0287601630183
0.0901335636734
0.122805431354
0.143075066333
0.0889279584686
0.0899597523542
0.0639188054312
0.0609578561016
0.0874010960326
0.166686514539
0.160973873638
0.135056674761
0.147626333705
0.112626578292
0.168203540925
0.152717182035
0.0887933518143
0.102623849199
0.178339529936
0.110723789125
0.120585493783
0.120038552006
0.113256425516
0.114999947507
0.104402018678
0.0965177810525
0.084643273686
0.110710794385
0.110514988847
0.131257037562
0.127237550334
0.112970257974
0.114186835345
0.123935373224
0.12097873818
0.114139894296
0.104589814561
0.163138190844
0.123089929831
0.114808268328
0.0827507053376
0.0948950058693
0.0981271579049
0.115141901986
0.111706845596
0.165887348051
0.162063413338
0.141598529289
0.143985024752
0.139559899056
0.101891201547
0.102082735818
0.389456103305
0.137135402724
0.124682329693
0.113019059207
0.112687903092
0.137183984124
0.173561319477
0.154204085639
0.120314790865
0.118024236184
0.118367389021
0.113084602593
0.114847198861
0.119836617792
0.115005268345
0.126590095045
0.121405316939
0.114353499032
0.111177272369
0.10832704071
0.107138702922
0.117095883601
0.119346258859
0.116994996042
0.126703743482
0.110046788607
0.121286286967
0.117291086093
0.104911482055
0.125712670695
0.160396075883
0.158095756515
0.129693381388
0.110169354523
0.0840971371308
0.102496244343
0.0899885507611
0.0843037131061
0.125760189383
0.133080295858
0.144420032718
0.126305635697
0.12110224499
0.130939195231
0.0966256548798
0.116862647551
0.136949050001
0.164461669013
0.161229563463
0.123649643939
0.101454297381
0.123430850918
0.12523019818
0.138311940837
0.133271938731
0.120642885213
0.130351418913
0.143489157155
0.157318884777
0.107905824011
0.106402179973
0.0777911945303
0.0740624273509
0.0840252212224
0.0745146318968
0.101481148259
0.0993831426027
0.132506010413
0.131690547318
0.111730208356
0.11147029789
0.12392934376
0.12285367432
0.116842700154
0.11520920998
0.109416609854
0.117341207219
0.117093767969
0.117345731259
0.123342316304
0.117295660644
0.105473764835
0.111877727938
0.126608641951
0.118728556418
0.120303171157
0.119627407699
0.0912613528616
0.0910235934071
0.0931452702344
0.0893622147608
0.130095734276
0.078665145412
0.126484002677
0.134184857744
0.114371437785
0.129906895121
0.161169823239
0.131299434975
0.118354692899
0.13286839134
0.11164615231
0.117698927566
0.152439015019
0.159502671195
0.152755924135
0.105879622528
0.0895662022586
0.115929368872
0.0993370919759
0.0968228557635
0.118898171279
0.0941672212381
0.117202338464
0.0908892288862
0.102924950469
0.086207357841
0.0564548062306
0.0833827352864
0.0847776986544
0.105806221639
0.11471913141
0.105407459473
0.0993072706317
0.10198426121
0.111780083287
0.11510765293
0.118712806368
0.115833014713
0.107164927089
0.0883719074608
0.0885643366392
0.108915712009
0.121699962531
0.113020243356
0.110906512114
0.111320297158
0.108238623775
0.111471293085
0.113067896078
0.11270279573
0.114671396834
0.113322968916
0.109526664786
0.107235084669
0.0902204665826
0.0888271589675
0.10946567231
0.121438353671
0.114484972237
0.128322523245
0.112801017776
0.110158544439
0.118635824042
0.115673300164
0.118221222862
0.114801559446
0.115661228106
0.107490660609
0.104153779201
0.0867957296031
0.0870212450591
0.107527549359
0.11468637496
0.110126034678
0.117185260537
0.122720615304
0.112184196416
0.112690518659
0.106649796173
0.110810286806
0.104189916279
0.104518121247
0.0889015696583
0.113811859111
0.117488772956
0.125916760565
0.115479575318
0.116769720314
0.123719959345
0.0960165464493
0.106980241747
0.153490322094
0.125290617197
0.118761792222
0.12265019634
0.14907566869
0.143846254482
0.133706914577
0.146126069319
0.126069013749
0.122816001695
0.210828809891
0.121024570826
0.122303450198
0.135888632069
0.13679357817
0.110125615351
0.100707775833
0.111340131767
0.0777194917657
0.0998028042017
0.128862877057
0.14734430109
0.14720832253
0.119654063833
0.118200282678
0.0866203819577
0.0863580075757
0.105735245894
0.125629578162
0.113504708337
0.110511752696
0.129733181172
0.108069270182
0.134659959522
0.15994646434
0.129075016426
0.13484722046
0.198727247276
0.127603682748
0.153995133633
0.150889321729
0.0976785295957
0.100079528334
0.117309483765
0.137952694201
0.118918757084
0.120901895215
0.0965893758526
0.117278619506
0.107144486677
0.0953959856673
0.0908980995678
0.124486910237
0.105839297144
0.102572631116
0.104732770625
0.0848321496996
0.0862732206984
0.107590520837
0.126492455772
0.115627736919
0.106585405181
0.115030416769
0.0895385981427
0.0893445198389
0.109580019181
0.109588809563
0.107980479977
0.107884569241
0.110015174917
0.113961774017
0.104385802926
0.115975468849
0.0903387967568
0.0896429625249
0.109047277988
0.109108930809
0.114066543603
0.112954927081
0.11529427101
0.114791548377
0.120809100988
0.0991633453197
0.111368696943
0.0894250750646
0.0880482331192
0.103857601218
0.105737298943
0.112277890548
0.115475895971
0.115880949951
0.12457622966
0.127913735738
0.109676624843
0.089680621529
0.101302625286
0.106618535891
0.112448425501
0.105913143486
0.118874313477
0.120451431142
0.0963401994701
0.12066085307
0.116255513978
0.115922164417
0.15816403898
0.1474504533
0.137723455737
0.151656347847
0.159333771471
0.116986883967
0.110025461338
0.122237643869
0.109950826957
0.103565340086
0.109049185207
0.181239539344
0.123503042939
0.171433125891
0.10118119876
0.0912104998328
0.0974901264493
0.160467097526
0.130353971264
0.165234225715
0.133686244946
0.16572364439
0.254383700884
0.136368314458
0.149146824778
0.14026778349
0.135070257679
0.139350108504
0.118735413228
0.149071452045
0.10976939207
0.102240444878
0.119887387761
0.131218474395
0.140242310095
0.193475831334
0.126418979355
0.161791836944
0.13439384713
0.17127342536
0.138776271869
0.17043498201
0.122121177593
0.125160957584
0.115030738819
0.124972569029
0.115427846128
0.140528949336
0.111387384033
0.112491804493
0.0902016894272
0.0872172281281
0.107217437852
0.113509342154
0.164633241589
0.146274030515
0.100519696313
0.104664001412
0.232413447746
0.167583750615
0.148823495468
0.153961604121
0.162611598286
0.139150569221
0.131197494224
0.117001133109
0.138367518291
0.133031894244
0.117075844476
0.167366367024
0.152883323725
0.156023133904
0.10863541827
0.171950009698
0.161412387223
0.162332907093
0.161451045335
0.109937399923
0.116862940189
0.194824180293
0.107379690882
0.0794629189399
0.0816251842839
0.107154293905
0.120815740124
0.245676162056
0.1909666955
0.138667419907
0.13930358226
0.106662262392
0.141355251144
0.123595029746
0.123016774951
0.115252557445
0.135103351473
0.132157018854
0.167764141986
0.129951963553
0.173863628651
0.164764576189
0.137615988666
0.125024261048
0.104783282868
0.135873490892
0.130363089488
0.114980214179
0.113128334736
0.11647423913
0.120017353815
0.12398233354
0.12911382345
0.125821730072
0.100997071459
0.0967483513807
0.114131350682
0.0953620900273
0.103943747549
0.0852527206453
0.130551913569
0.101468792852
0.0994215506198
0.0857482096728
0.0834598010294
0.132995491429
0.116268634496
0.117187853511
0.112751396301
0.136832096426
0.144451864195
0.119463128927
0.114708157017
0.118116292777
0.116176496484
0.115820706854
0.103576519902
0.116368943023
0.126136864416
0.171543294413
0.134375109921
0.145338449781
0.135365475188
0.12894993395
0.106553003375
0.102531473648
0.174745561074
0.146435459432
0.121064182173
0.161739034893
0.131563288084
0.11111085516
0.178954017511
0.121690386117
0.117346244926
0.119424890997
0.115820906959
0.0990590021025
0.131330341208
0.110855667589
0.123047172295
0.147086859254
0.101939932838
0.101894804158
0.101464671479
0.101451219008
0.10184194146
0.101956278323
0.124334866481
0.11066070066
0.113752844053
0.124021456991
0.105697053282
0.114355273878
0.124174018546
0.105502761423
0.0901502538086
0.125185592919
0.111457507955
0.105109474486
0.123604796565
0.114097961046
0.111500416072
0.124947163704
0.112781854775
0.112759404553
0.121175227991
0.11131992365
0.120571703501
0.108289715934
0.118117959802
0.122709943039
0.116053630461
0.114647495578
0.107158178625
0.119073407758
0.117231835643
0.110388867079
0.113871647524
0.0874877343359
0.0915390220821
0.113450790104
0.115435495046
0.115206311127
0.105054573181
0.112538272901
0.112981666104
0.123182088433
0.118697288556
0.116864704373
0.132754695777
0.126737175652
0.125461021978
0.112915401397
0.108563445337
0.112925102896
0.112545079473
0.11693490135
0.111338309832
0.11241150359
0.105589508416
0.116285994216
0.111362539055
0.118093661076
0.121741550673
0.116678322713
0.117578531827
0.112010080964
0.112185012929
0.107277211945
0.109003722496
0.105386922681
0.0885559172757
0.0915081690336
0.104458149132
0.11032292153
0.105334114592
0.110644315707
0.110951693069
0.114704701479
0.108459675042
0.110689053597
0.108718235001
0.110862969155
0.110514322155
0.11957931734
0.110238008725
0.114596178566
0.0901211686302
0.109176921472
0.10615790182
0.113695748298
0.116209119855
0.120005676708
0.116862974897
0.115318214512
0.118575221863
0.118929079312
0.121183330118
0.116165573064
0.105507868461
0.096835754107
0.0769690583682
0.0753034039867
0.0995525549017
0.102910071928
0.108764178395
0.108679792204
0.110257726823
0.118477246105
0.103000643807
0.0931873683157
0.107710362757
0.102922907266
0.103411178776
0.108181470241
0.109562286941
0.112373230755
0.114849829605
0.113928295355
0.0998955431475
0.104292230172
0.101928322904
0.110337971125
0.106260848288
0.142659152408
0.137141638491
0.121970817302
0.0958754579021
0.091698158512
0.0945587241508
0.152783242117
0.123225815695
0.0962179540057
0.122010586869
0.0780948515182
0.101533187606
0.0936316399209
0.102969636056
0.0986803221177
0.115343776329
0.192902650335
0.182791980841
0.107019462202
0.111021959433
0.135687023474
0.144496649012
0.176027826296
0.116502788794
0.155586880216
0.158027332514
0.159269498752
0.182887083834
0.108774501671
0.0994397334146
0.0996594906292
0.113073484794
0.144258718602
0.132262974955
0.111907190098
0.137156136065
0.146561231649
0.126897197246
0.142592108353
0.111484640181
0.156427958805
0.104346323487
0.122144846517
0.103931983642
0.109979415803
0.105344210959
0.104741904892
0.101014414588
0.100508792916
0.099862608101
0.100080354459
0.103269285236
0.114995118436
0.102052649402
0.107316452407
0.12619884085
0.112726361446
0.116683711574
0.132768070643
0.0944725259225
0.103241324401
0.121365085943
0.111734570927
0.107029797912
0.121681708918
0.109745967989
0.0999956364768
0.112183392463
0.0938745821376
0.108118234567
0.110381719113
0.109942728433
0.116564370951
0.114547348748
0.107852146306
0.117809628317
0.0891689922273
0.118718437039
0.125136059373
0.111331623108
0.104803087475
0.116050083878
0.110313772242
0.116582598338
0.111288268656
0.108763270305
0.111662081095
0.110559839062
0.0903443431964
0.112213197951
0.119692882131
0.112861818155
0.111240981891
0.110972384576
0.109353130877
0.106014484661
0.0993191218544
0.101243310756
0.104516164906
0.11061396574
0.105846274055
0.109443345242
0.115982268826
0.119407902728
0.115905258883
0.119818315316
0.114803533889
0.114874605274
0.129542113106
0.113663717893
0.106505400121
0.108960252376
0.10986875741
0.119106980629
0.153082435727
0.175313284909
0.128769769596
0.117345984946
0.103510450387
0.12025798948
0.149627351028
0.153695912731
0.182783823426
0.146344792759
0.10032836111
0.0946503717312
0.115990125993
0.154929119346
0.145445121088
0.105520418702
0.0949039836063
0.101897575175
0.116188220045
0.178310476088
0.149075555573
0.12432848738
0.124414966842
0.164791117264
0.159097021166
0.12218938145
0.113928903788
0.0939310476376
0.114493731097
0.0860217077253
0.0854788046075
0.15189804728
0.121938890147
0.113226255093
0.10766008133
0.146942777244
0.121644689426
0.12253491009
0.134726206173
0.114100403652
0.0790475597036
0.0585699385981
0.0471986926982
0.068169307524
0.11036212872
0.115029704789
0.179186643348
0.144552156672
0.0677681739813
0.078274924685
0.0953337706337
0.0754978682502
0.0808104225858
0.0778761571145
0.0706139109693
0.11973843828
0.0996874677263
0.110700881834
0.183758235328
0.151068725446
0.21159380595
0.0880756516114
0.0710174611128
0.0815605805971
0.0696222145264
0.117094094347
0.110282856191
0.0356450136832
0.0241238595845
0.0343786572968
0.0572234845038
0.0946723024011
0.097164640721
0.036522642817
0.105498354661
0.0529415443121
0.0676972034748
0.104561544634
0.103765196579
0.0849897789326
0.0822626267879
0.0877076276985
0.0688676559236
0.0862630692102
0.0673437280126
0.0645312787148
0.0620542945639
