0.108035137419
0.259452420401
0.271995339091
0.270904298842
0.106191095598
0.201850406275
0.101885776191
0.0548504946502
0.0503432773674
0.0413587134007
0.174835678562
0.180453021236
0.144146312198
0.150374937123
0.240315039197
0.246495871528
0.197590893456
0.190835730087
0.181480180788
0.105355088816
0.149213465511
0.150137726537
0.082101981703
0.129344239834
0.10060265495
0.104918408202
0.201889780074
0.224188038623
0.192361945963
0.171906048988
0.207336894198
0.19290012097
0.201827159411
0.200879438156
0.16617280849
0.14269330556
0.15957826084
0.180861886273
0.194647506383
0.108868853423
0.196795589843
0.145284061564
0.10797112853
0.15197712653
0.10749892447
0.148973276055
0.181697526782
0.164068562157
0.169411880778
0.157097734368
0.21697546772
0.188971375477
0.194866284536
0.201064938019
0.0768559793443
0.0849321670568
0.0798850025774
0.0619850998569
0.0598380087842
0.06954472567
0.0840737258346
0.0768282052961
0.148778322955
0.149476909761
0.15926396971
0.169068993082
0.0899501773016
0.148877563667
0.1609433709
0.132830293707
0.13711451886
0.164184295524
0.157850982335
0.137490735096
0.135843190429
0.157268486581
0.124387135063
0.133230544598
0.153842759811
0.159899692103
0.153739404217
0.159545465983
0.168954486504
0.198141749409
0.216193780619
0.185378263211
0.234252875933
0.162962344485
0.15676247919
0.158673193301
0.173251867732
0.0877369105088
0.105483090219
0.0681082806633
0.0716846918288
0.0889014119904
0.132381133896
0.0579780824193
0.0791423682312
0.122910256215
0.14189930791
0.135616664318
0.157959988725
0.109902869137
0.104060716638
0.0996688956213
0.13561759018
0.125906908034
0.118888853599
0.143826185217
0.126910464481
0.115754935598
0.119172093279
0.160102000117
0.112296428245
0.146695407554
0.144806804201
0.214402037956
0.227886011808
0.103820045741
0.0785550390375
0.109206479128
0.121222719212
0.209607335281
0.234071008102
0.254374702627
0.177112345114
0.336066863249
0.171753259984
0.162464735849
0.188803381038
0.118368295066
0.1530431407
0.0664912390366
0.133740275345
0.162821540262
0.164835425904
0.154641174919
0.181614758645
0.168094098061
0.13086998995
0.148809254229
0.185595681694
0.174990751477
0.168468192639
0.182616188922
0.103611092203
0.128594447077
0.123260732099
0.121706806606
0.133001724489
0.109776667142
0.163426582894
0.167028795955
0.158690374939
0.180640235234
0.147881230429
0.184594786561
0.159857319294
0.215028879311
0.238903399111
0.204339329023
0.1853799134
0.163608576284
0.16615584046
0.183970348158
0.169482809146
0.161220591976
0.150540035817
0.17889383013
0.159359588782
0.169779443635
0.177625378716
0.153056001964
0.152090972352
0.171926647746
0.150372157575
0.154863846769
0.147788674607
0.167981588475
0.145736163996
0.172421015758
0.124777384172
0.0697755645568
0.0882853139142
0.109486473727
0.0771297580071
0.087552983538
0.153793841511
0.102115815706
0.201976383093
0.188808731026
0.154361783223
0.199082016391
0.184759401326
0.150399660802
0.137149952816
0.105664780416
0.144608397512
0.0908252423315
0.0771594889388
0.115956049819
0.132363057307
0.158495967467
0.125346144666
0.111912554996
0.119204749089
0.148271118171
0.128130868819
0.145458965325
0.124009712312
0.170073792577
0.217269648312
0.201535135446
0.233502340816
0.19211024337
0.200315702261
0.208994452539
0.234551883843
0.196864101463
0.209116070348
0.202100502497
0.202249356456
0.229283120638
0.169441272519
0.225674960776
0.226731545312
0.195689921845
0.132552841125
0.113296454959
0.12572321887
0.110235985186
0.157498760172
0.154314606513
0.141360400225
0.164501466849
0.131688311743
0.116276901649
0.131101741889
0.11870489543
0.150862888948
0.160331750353
0.146599992785
0.199093044574
0.128617564085
0.135624335816
0.154508726139
0.131509108306
0.162961688519
0.151066526731
0.169355888251
0.163148228994
0.132237935146
0.120794778984
0.137937580316
0.127585119036
0.14711459365
0.172790723608
0.140573166454
0.134190220702
0.133318128169
0.178789313814
0.172933043257
0.139750900157
0.140703739382
0.138533747293
0.140435992863
0.205456143239
0.176837610292
0.213690335944
0.177076988318
0.179409202669
0.167350990122
0.16635838467
0.174487303005
0.136583728097
0.144697225927
0.143579776606
0.138678268206
0.165302515126
0.272840453525
0.176136576689
0.163413575093
0.184113681292
0.153905831534
0.128602745547
0.206316040282
0.264906442936
0.229664070303
0.192838760995
0.161953224844
0.168414953275
0.150991664128
0.159532488572
0.160629492862
0.131958765526
0.19942950539
0.165857997144
0.169481576769
0.205275115547
0.136317593795
0.156723508993
0.163933514147
0.136857437846
0.219202768436
0.201128256765
0.159185629984
0.155920064446
0.161624748619
0.138081909016
0.124540076425
0.167821737967
0.16583652686
0.158001052928
0.21323446901
0.173942407563
0.119380131145
0.131581992779
0.134062141267
0.147238731696
0.100940480624
0.0735676754741
0.086362080949
0.0909224698615
0.119077162894
0.156867908384
0.17471073964
0.163691903142
0.146745641586
0.153839281865
0.151773082616
0.160566910531
0.129852782135
0.157175492318
0.194178169418
0.17575608204
0.160119366328
0.14172664691
0.146688878567
0.238909784422
0.100074302797
0.34622563937
0.28951906941
0.130112890353
0.145723659193
0.113668270456
0.153172522969
0.0403258916448
0.0816810031647
0.0848218807834
0.0750144394363
0.10517796368
0.13690136381
0.120943126477
0.179692967594
0.179353119921
0.221053574933
0.193926262348
0.200124823025
0.156571872258
0.15810380582
0.187483301908
0.216356359389
0.141037940007
0.116334639209
0.139274079146
0.17519396644
0.220302709244
0.113241925815
0.150147630651
0.197764134165
0.0976816123056
0.0853486669397
0.0829211255372
0.137194395113
0.143913898658
0.162040266985
0.158279524771
0.160114656786
0.128820702516
0.162596966714
0.182179764213
0.195339011584
0.20159708507
0.159938111477
0.194296519371
0.124693367
0.143390538565
0.161922979461
0.152220531774
0.126888304795
0.149616026933
0.176060264192
0.165458096329
0.132894444692
0.141608086239
0.155782652152
0.175121916329
0.137925263433
0.159517259033
0.122993486577
0.162553537243
0.122447825078
0.124697691193
0.15439299213
0.129599703052
0.13170493337
0.133959445172
0.172143808191
0.162556597118
0.131083565335
0.141838709964
0.130610405888
0.11911915455
0.153298406155
0.129165550907
0.124983552956
0.112429274614
0.136031368401
0.119023279828
0.116374519423
0.110607581219
0.109229022373
0.118086589412
0.143943987484
0.188166157262
0.188360318317
0.147262892428
0.159377776528
0.141898996454
0.169941610969
0.168781521562
0.134125310081
0.139351007251
0.109049024364
0.0853245600684
0.0559509218205
0.0923629463327
0.0916243211638
0.0629945613998
0.0652507873223
0.121479964562
0.169875165016
0.161046398081
0.0820328062572
0.11792411029
0.126788399424
0.175773686367
0.199142581207
0.101810933264
0.106364027506
0.187544259436
0.111438328909
0.103239571165
0.127239877018
0.0658016262351
0.0673007130998
0.102854705836
0.0857625215886
0.10589441405
0.0600055294159
0.0521453222576
0.0937222326282
0.0714716585913
0.0713427893266
0.0982278943906
0.17404064457
0.148369510953
0.146478578938
0.149960968874
0.109733043544
0.104890758956
0.0938461729835
0.142764125395
0.113923234757
0.114239115466
0.137210950676
0.0765775151996
0.107726093623
0.0850987877326
0.0735077902684
0.106281380156
0.0952604943582
0.0514851257818
0.0511315024119
0.0792171670371
0.0813416433369
0.194005326661
0.106418093884
0.116229677976
0.147653049571
0.0707782318871
0.065918781963
0.172532297973
0.12886166902
0.111913048549
0.0728093342718
0.0992120901871
0.201050619501
0.174955409234
0.0871435536636
0.0803271279689
0.124089779229
0.165899333014
0.197184569605
0.138113885756
0.122542701409
0.108151400754
0.13169223055
0.118040150516
0.175464700435
0.162144549086
0.136779245188
0.115251749648
0.0775965136434
0.0787849243638
0.104878260504
0.0954800633091
0.126677086452
0.0787224926617
0.0796564760425
0.183733040519
0.118892932393
0.116254774325
0.0773809774655
0.0806506971572
0.130064746807
0.128702315944
0.226685809068
0.154513228195
0.194200263995
0.121885228056
0.123957949802
0.111119879711
0.136823448638
0.159468723701
0.172517283334
0.143409834609
0.101413804043
0.0763722052625
0.162767589932
0.113049665265
0.125722393272
0.106321417311
0.0939554275176
0.0906273363462
0.166517826743
0.10349734074
0.148546305282
0.142311710665
0.0811977778161
0.0705235915617
0.0811280529829
0.0782098451549
0.104887195255
0.0964273530081
0.134414157857
0.107545790108
0.199823246796
0.120046661468
0.176281617203
0.152213254904
0.109202933891
0.0664413369161
0.0959675142521
0.0913048291789
0.0810794693743
0.11149162248
0.0939682599597
0.0917782802173
0.103767946252
0.173769240371
0.131205639525
0.109952570416
0.0772149147012
0.0807240339843
0.158658831233
0.187428820929
0.157904760713
0.151730848938
0.115255218935
0.127585976097
0.123723828163
0.128794483653
0.148334070312
0.158227981887
0.150722530678
0.117643881112
0.130348126298
0.118292390604
0.105486207575
0.102488404361
0.101827256542
0.104851749534
0.102124457226
0.102199617746
0.152553460497
0.192921982723
0.115395734472
0.162621213457
0.143231594777
0.174866309943
0.157227472201
0.147807415848
0.142078074426
0.20551976035
0.154514421269
0.131498439512
0.164028606674
0.190101060175
0.170314789941
0.185920506369
0.10115159379
0.176499754328
0.236176814747
0.165740805864
0.169630294722
0.153326378167
0.170291018085
0.199613718808
0.132551439545
0.158922328047
0.07561079148
0.150291385846
0.0672506777914
0.100661703341
0.101243877683
0.15052467868
0.180176907096
0.173299522269
0.162486618554
0.166330086198
0.140317557916
0.0813484980353
0.114174575706
0.115699689206
0.123979299812
0.147173500215
0.218823984651
0.157382034583
0.119158583762
0.128982517856
0.116322421105
0.169323301006
0.153652556758
0.0402374023657
0.0359040036512
0.189565529142
0.145896358614
0.171685616165
0.145783044725
0.181092649154
0.124602027511
0.182071326127
0.152310518246
0.174587798466
0.19693438395
0.185601362027
0.158099650141
0.106280248848
0.177699333051
0.145238582089
0.145668723088
0.11256965553
0.160848930706
0.165291823541
0.122851531804
0.120908980251
0.121962080408
0.181135644316
0.214403533083
0.115664597566
0.104056877217
0.173561353459
0.138865212016
0.210885778905
0.117456458071
0.11313597728
0.114153518453
0.148288471932
0.248358848242
0.185270293549
0.183076628973
0.15785764271
0.201512701331
0.120666428824
0.122229510433
0.263568591783
0.238844738991
0.197270878641
0.135572087974
0.171977297086
0.194978718098
0.142965201854
0.137400965244
0.122793076195
0.122475145226
0.115404228869
0.11653928877
0.147077113754
0.152082347166
0.154764995324
0.192467399185
0.160968281791
0.145978258413
0.124106313847
0.122679402002
0.140992749878
0.126320974091
0.211368444977
0.212799398567
0.209373669024
0.129992027688
0.107220121814
0.141195222047
0.0986580582097
0.0813329468846
0.173690618979
0.173158092853
0.184925144825
0.200907452683
0.16079348421
0.148403706374
0.205339174937
0.214520960853
0.145236200576
0.109698139361
0.155437488844
0.13853411126
0.17619308128
0.159998245592
0.13785605011
0.147999441756
0.145608118777
0.108374352241
0.132890539814
0.125439592925
0.107757656452
0.101197095404
0.124508396069
0.189505423303
0.168206831725
0.153021490117
0.14322548335
0.114279316215
0.120560632805
0.126972720943
0.126542671351
0.136272067855
0.153355486154
0.166728350566
0.144308419839
0.162982285354
0.147876434844
0.177494174834
0.153702922476
0.0987143318276
0.100312035699
0.0985701135837
0.0876593544805
0.128538346666
0.0631374786387
0.168183842516
0.156161975186
0.126958229538
0.140828044581
0.135381221221
0.110151286287
0.109550675649
0.237816711199
0.191314933443
0.103167542193
0.11096540539
0.156834792545
0.243364049664
0.152096169681
0.0998066251829
0.116147741569
0.112739736485
0.0768519499248
0.125862184279
0.108396489572
0.0978783018007
0.0867929438304
0.0621276590889
0.109602377376
0.111387189958
0.108603546859
0.112525433777
0.154959759962
0.111269995382
0.188533444139
0.189361598899
0.155137687782
0.151477318375
0.146655968307
0.14446096308
0.162594602978
0.124181450014
0.116682622593
0.143168149643
0.117926580205
0.120192849883
0.117236459896
0.107621471829
0.108115257275
0.135146555944
0.104771478071
0.112023886092
0.146956831879
0.11748551607
0.118766140791
0.145926779295
0.110341703444
0.116195069061
0.113139204085
0.121190955746
0.119477194728
0.147770639854
0.148604272
0.109390795781
0.109954491201
0.152844209439
0.139206221236
0.120708666918
0.166340865169
0.12160209852
0.172601546288
0.188194730318
0.210821017995
0.181561345678
0.203097006746
0.183419694976
0.109771047409
0.10652283002
0.0983542580302
0.0991278481707
0.121443941517
0.157511934322
0.177736956283
0.140907105664
0.193233933278
0.190756806621
0.189311836435
0.17854893273
0.137492306919
0.116749155801
0.141897969466
0.0766848169984
0.0813942263125
0.126371669224
0.161957550112
0.138332149593
0.189241960528
0.159425500585
0.180116941155
0.234522303166
0.199815830818
0.181310388365
0.215371938806
0.120289293867
0.118757867879
0.143853622576
0.122422943183
0.122568821919
0.120616255409
0.13005570361
0.154952997317
0.1669037812
0.16010423679
0.153362161962
0.176473150009
0.12876248205
0.122099068536
0.150630990282
0.157637055608
0.118646574811
0.120143574065
0.118315984518
0.143494556641
0.146843553941
0.114509355284
0.115190519108
0.11377697714
0.148859619026
0.155867186293
0.193551204754
0.192885694264
0.155568979421
0.154085617702
0.150879379855
0.152721237837
0.189657164306
0.118136512895
0.123924281192
0.143631587572
0.146157583832
0.118912305107
0.120446950386
0.116917471916
0.115135686787
0.145659507809
0.120562290198
0.116549452066
0.125093811406
0.148705325049
0.153023814669
0.116022017569
0.118280499105
0.110588513918
0.107983994827
0.118869620063
0.146429297822
0.157404748481
0.120224805369
0.167999382118
0.180693401367
0.122568982636
0.127031493968
0.0965503165894
0.118344993266
0.127103192873
0.219009268225
0.178770777158
0.138301942312
0.128679413725
0.144712292447
0.180246137001
0.139362914388
0.0964898697357
0.0920236635778
0.219425466523
0.159952275156
0.126888574033
0.158825364123
0.151995845337
0.184099656639
0.181865556547
0.187012111845
0.164343099114
0.183272136728
0.161874716076
0.13713162684
0.121188464998
0.11765819572
0.178672990832
0.155837434364
0.117050483904
0.101632608307
0.147806225831
0.120265813928
0.219653819916
0.17617457569
0.145059691604
0.143699927769
0.148232116566
0.127378403315
0.140080850908
0.122913282346
0.125411444823
0.122151167607
0.241175901593
0.3675933631
0.189505738448
0.139789340393
0.14855637662
0.205487608488
0.135548426792
0.112550648396
0.165119034529
0.146953054754
0.154273779903
0.267350540962
0.151431328174
0.103035960434
0.251106204112
0.323836849009
0.208788912335
0.486677977163
0.108085503308
0.154962689337
0.0814083680278
0.110471356149
0.117182074236
0.0932439401786
0.151386966143
0.135138156831
0.165511082294
0.138813441033
0.201101618854
0.14346687099
0.190010869509
0.189980224543
0.279443385259
0.21349671528
0.153134237152
0.134126953944
0.144432112466
0.118825038681
0.152239444804
0.119387916559
0.157846912667
0.121474874013
0.118865955836
0.121786688028
0.146868740227
0.162256182065
0.124757568055
0.101445294795
0.101044184186
0.0825220957365
0.0959696643537
0.14932025796
0.168488860488
0.155611381433
0.139837438383
0.158962186275
0.154506263682
0.118552321991
0.215554451953
0.133144157176
0.0982631616631
0.176535845093
0.162888246334
0.145075639523
0.126490633006
0.205891853989
0.186189040331
0.123467500185
0.140780460351
0.18229133535
0.136611877731
0.123587318524
0.132474072035
0.131972064699
0.144536188458
0.184004362275
0.293147666694
0.253435028658
0.190643183592
0.153005724135
0.106521429827
0.106239900996
0.100772342675
0.100827341028
0.106133345988
0.106542993493
0.162268483314
0.145589097496
0.181462736871
0.160691942407
0.174712857368
0.166656446417
0.122671104578
0.113325794681
0.122830862822
0.166207214651
0.1738484838
0.159872063391
0.181333346348
0.145370990636
0.162090035393
0.180831364356
0.180997503949
0.156996238695
0.139930237745
0.124456790475
0.114028790121
0.1524597481
0.156820803052
0.120349925571
0.15881656233
0.140386392302
0.122724073392
0.170277421379
0.182521636435
0.160709864471
0.14694261471
0.170289724518
0.121772551423
0.138517300419
0.157263746979
0.117887201986
0.154430241099
0.144278381
0.114556161131
0.125521032158
0.144008985289
0.158704161624
0.117358523689
0.118806402673
0.115722260988
0.142488241498
0.153758504835
0.117226496644
0.115936617318
0.109513390819
0.149101296078
0.118790988412
0.143235985266
0.124059303923
0.119027975064
0.147766139575
0.110292231606
0.118094739237
0.119889771862
0.155625280616
0.156042598061
0.123398144337
0.125362022166
0.119855514002
0.121331665622
0.117621545096
0.153089252956
0.108834698484
0.114089781701
0.126811118747
0.124934113088
0.114714465867
0.146858083944
0.12002064386
0.120468641736
0.147406397752
0.11558172011
0.116377641443
0.144489168577
0.117962206627
0.118407844745
0.11861110394
0.150255598187
0.184310897205
0.186620480539
0.153973325552
0.152766980655
0.15154878603
0.149186310913
0.187246655992
0.226802075812
0.153440515376
0.125602210567
0.157623035033
0.177118759576
0.181162305825
0.151844913904
0.149538978291
0.198179104767
0.149783694038
0.16762162372
0.1666859546
0.231521648831
0.0840396924555
0.113576385923
0.140985110664
0.139501152306
0.145507664097
0.0952306545307
0.130601995679
0.164807669704
0.143953685066
0.133072643185
0.130654187955
0.16266683245
0.103756344284
0.130684998434
0.179992186546
0.189552405305
0.146681952296
0.144943352642
0.197604086351
0.0998387854975
0.116978087314
0.144096083729
0.114859127124
0.128206286685
0.128139013127
0.0982849227686
0.126477762271
0.107064229362
0.106700897831
0.103301963088
0.102435746729
0.104582234859
0.105790787546
0.171609446716
0.155772622745
0.170379075655
0.154601362091
0.152853794224
0.167505509332
0.152390282967
0.158847236207
0.17432438133
0.158408641034
0.187731406946
0.151277521684
0.142025621574
0.124622154576
0.114632450843
0.115521210333
0.158237393123
0.14330009114
0.161579656687
0.122902464824
0.150718152546
0.112560514544
0.115945487244
0.110973634667
0.116816001296
0.117417079046
0.146690522167
0.152864117454
0.113679222547
0.117035092988
0.118123524461
0.121322387049
0.11577406688
0.144875160656
0.147004143828
0.116719798171
0.11793170019
0.155836734985
0.157099807089
0.18978474101
0.174369806277
0.142744149105
0.122037770779
0.211584423398
0.118834266616
0.170656586617
0.136393916198
0.150961904948
0.210384011121
0.176366401026
0.184662439964
0.184990610885
0.0880995351289
0.0813092411094
0.126877885775
0.170456351027
0.142140097412
0.137122476231
0.146543139017
0.155596102682
0.163453007138
0.121062229768
0.137062283394
0.136951445617
0.108237829366
0.190456495889
0.188301825326
0.226162672769
0.211634878659
0.153471139668
0.182639439029
0.16621649766
0.186885532767
0.143461190417
0.0980210199766
0.112570393147
0.282603149468
0.11857892098
0.198834137038
0.095240333376
0.0707428405414
0.0590316529398
0.0729841925603
0.0657855432533
0.0513842244912
0.0859345469491
0.164783154085
0.12188814656
0.14019570014
0.140461172228
0.160369841114
0.105705159665
0.101751509563
0.112948920074
0.0890391947417
0.0764341212224
0.0689499471407
0.0778833979946
0.0855791067929
0.043558772213
0.044838954535
0.0826728225172
0.0810683796225
0.0883640648381
0.275716966252
0.104864737811
0.122371194074
0.0548146827585
0.0460913383496
0.0528467678611
0.0634072831482
0.0816635096414
0.192463397687
0.0364360267737
0.051159587289
0.0458769681584
0.0283947609526
0.0281508954322
0.0264164937257
0.0583704029149
0.0272124313017
0.0497566814462
0.117575276337
0.0657054602116
0.0301826096076
0.0340117220442
0.0355029419122
0.0392935637782
0.0352755188837
0.042950893695
0.0248164315374
0.0965371598957
0.0704643212163
0.0449064783543
0.0427181665317
0.0899759053691
0.0911639949449
0.0685599587299
0.0838170112852
0.0595894103179
0.0971976424954
0.0926273960577
0.0480656309531
0.0356012787817
0.0532186103783
0.0258350390659
0.0214592151727
0.0246242754746
0.0221216629088
0.0187415394008
0.029372618468
0.0448261684722
0.0349708793432
0.0376049911776
0.0360667922679
0.0394733182846
0.0360770537349
0.102484601211
0.147662650151
0.0451821268547
0.0316003790462
0.0447526272501
0.0393339731037
0.0877421645219
0.0795112125281
0.0935823395973
0.0796781363073
0.147079210424
0.184029397545
0.0306561114753
0.0366284890729
0.0491992241677
0.0194620499443
0.0690379695671
0.0845222491605
0.091568274174
0.0711168205377
0.0722653748121
0.0800190228879
0.0406136395196
0.0396180436552
0.0316303831256
0.0824442835572
0.06041480908
0.0624871576656
0.0632491345697
0.0484064028022
0.0305256664786
0.0394842938677
0.0445486922595
0.0408173799159
0.048875814508
0.0602306667048
0.0337732797615
0.0461858018088
0.0699618052409
0.0392794311648
0.0771092642682
0.0740445159329
0.059383057018
0.0844623894708
0.0603645844882
0.0499308710448
0.0368306131274
0.0413297628026
0.0396816551511
0.0459141620562
0.0864602210476
0.100582509118
0.0223115985316
0.0232538492082
0.0327560998469
0.0521346474567
0.0315829866621
0.0426790115736
0.0475341693622
0.0332387576217
0.0691959203464
0.0496786579619
0.0678769228472
0.0797836920063
0.0786154507558
0.0861118042171
0.0807619260708
0.0806340853063
0.0562615342146
0.0526003525604
0.0577517956995
0.0533566371097
0.0594092516085
0.053494076194
0.052746742965
0.0577251907776
0.076845281811
0.0793855445386
0.0787218810663
0.0758281757087
0.115476540995
0.185238537237
0.120663678236
0.152511317327
0.140406724856
0.132809454198
0.0602164666602
0.0438289076851
0.0820068818908
0.095484294525
0.069974803449
0.0504230257262
0.0493342999194
0.0695836822069
0.088690308973
0.115948612371
