0.348856673517
0.345759112232
0.319487361888
0.238197942323
0.169398453988
0.0810242511501
0.25062951887
0.299308821795
0.243855352442
0.298095674525
0.254229378404
0.355979515483
0.30091627443
0.286353183264
0.178355790678
0.286342053878
0.629347374661
0.549763876689
0.631204278521
0.618568671919
0.305035221737
0.30027109271
0.746315924797
0.707286622636
0.0828732895427
0.0913139588533
0.177881793523
0.108130633004
0.0687152892487
0.0752905408061
0.182228784927
0.44917650372
0.467159131494
0.559350103148
0.589711982679
0.549867655195
0.451234625348
0.468156645055
0.353806428685
0.358639686534
0.332800579176
0.190347483573
0.120368243533
0.11166800344
0.0877817180221
0.0456733855283
0.242032555522
0.287076231841
0.158235150666
0.239127512689
0.238148993391
0.414437345964
0.153734165005
0.126757995879
0.254345629731
0.264453757292
0.289905253263
0.348215261591
0.388084056636
0.41295000938
0.544842874095
0.227476591296
0.094023281881
0.491766237911
0.621447107816
0.396233829826
0.496640711764
0.225341182713
0.203838819892
0.229407622102
0.191681330016
0.389477346084
0.368039615243
0.444823613292
0.481866280972
0.424664813139
0.496992937913
0.507883872727
0.445835460303
0.409322466197
0.529419303519
0.149461404287
0.194539776194
0.186656223222
0.116888720436
0.114670812098
0.128544895763
0.170012120936
0.10794679183
0.420120556451
0.230367905108
0.154857735741
0.172399621539
0.207665654788
0.166490995996
0.147917499147
0.171554378817
0.187614631734
0.171814629636
0.254360423605
0.321179362038
0.384654620498
0.242822897938
0.561836025458
0.490459286865
0.490649929983
0.585960724443
0.295261754028
0.182796793598
0.215798636759
0.210061450627
0.394405411699
0.337006455573
0.326834991748
0.307242925682
0.254710041854
0.300177906945
0.366907600838
0.374205343244
0.37394940351
0.400336194387
0.479062927364
0.424277774554
0.439439561377
0.547530580168
0.545273263555
0.382194781791
0.369189250692
0.457281733231
0.349584771728
0.242687289549
0.235876073298
0.230786050808
0.225567784679
0.347675515101
0.425526029426
0.378671786257
0.433220446278
0.458017639259
0.461194503274
0.3144284796
0.263016285892
0.338842964003
0.419392603768
0.384054752936
0.376534495733
0.380398859719
0.372712243258
0.197906897394
0.313315387051
0.316888892708
0.351847823456
0.289879333811
0.30855745758
0.225131396996
0.295067958052
0.211232103749
0.554581617611
0.405065773568
0.160884383424
0.249439051975
0.270813010716
0.343164711179
0.774116917882
0.286033604753
0.250506553126
0.303741277629
0.357700194663
0.139023615441
0.37230876922
0.310867393253
0.319474239911
0.388461957767
0.369731879131
0.314598975723
0.300656987067
0.381417731219
0.539798487005
0.558086128209
0.427884128509
0.334691166183
0.270839760777
0.324315860882
0.323119806942
0.301289140808
0.327030995464
0.393506110094
0.290189726761
0.295718232591
0.267637094583
0.269670427549
0.215961552949
0.237434271882
0.098627102639
0.177666358166
0.146773897639
0.102755023907
0.198254213711
0.149947630511
0.353910835302
0.577915814089
0.215049804888
0.219638828067
0.206955872278
0.219908529488
0.476544266626
0.396926524121
0.339812852771
0.125803109585
0.0770766395845
0.112820934616
0.383205259321
0.172413532675
0.287792087558
0.312107302333
0.296660783612
0.288191351782
0.489115900693
0.485348910662
0.307567383268
0.250951248455
0.251076484641
0.347425472586
0.231912029239
0.140932106652
0.271161960977
0.298985900667
0.214745072304
0.30855888205
0.331090497681
0.22007406616
0.220640550033
0.216342582815
0.226175463553
0.315926089292
0.332411359412
0.333988599228
0.320410382234
0.238166185939
0.231734309982
0.367819816506
0.222459737731
0.426882412909
0.283879322758
0.301974247402
0.228735353782
0.334550693529
0.270449114166
0.285528226915
0.283355351219
0.40252902995
0.640760363017
0.396903572486
0.29794233254
0.457455395209
0.541282023981
0.443385122871
0.190164436189
0.339143288487
0.421447969838
0.280316886165
0.320594404449
0.36981401448
0.200066201583
0.211064145996
0.149851305606
0.124994908639
0.287821006044
0.334066290004
0.371941959725
0.263392847318
0.335056714825
0.138287372467
0.361576039506
0.370131301009
0.398686743533
0.0347403133334
0.0820629323949
0.247151032236
0.339399622964
0.277630431654
0.260629132267
0.1655627374
0.204532087471
0.304191872011
0.166486981327
0.228005462446
0.344680292715
0.348829153295
0.378287504049
0.439045129594
0.348990573568
0.445677298602
0.388763226548
0.345071924181
0.495599616084
0.632903098361
0.325234105384
0.465657786714
0.450685252905
0.320087746897
0.257909344996
0.31966985481
0.321444903505
0.244490470695
0.210161171916
0.175360775874
0.182262593626
0.291473115943
0.241724916992
0.366431461984
0.328770074167
0.33315762165
0.225259647001
0.211325851257
0.364122973226
0.421252418651
0.470563725533
0.359117033632
0.277059014372
0.139420992914
0.25637572586
0.171945405956
0.234445507013
0.196980291201
0.200984096214
0.155610874953
0.144096133819
0.211369288789
0.300301045908
0.260739020871
0.276718202637
0.258198671964
0.333181115121
0.356002811367
0.182871648657
0.158570936322
0.165053643833
0.299931034162
0.234165076609
0.225075675625
0.252953573199
0.325552204596
0.401246765743
0.561821960137
0.165561591409
0.342001558432
0.442233292096
0.124098116938
0.295305546488
0.248823910373
0.199317903882
0.208208850351
0.308482173654
0.253596880145
0.245622163049
0.259702579771
0.306121547251
0.255567543901
0.200676596208
0.209793151429
0.292670023375
0.272822539678
0.307881763994
0.280935786443
0.266254552999
0.236193100927
0.258021414572
0.246286367713
0.249982953237
0.305325818407
0.468807736279
0.176102328241
0.285911571737
0.220496177791
0.257575515079
0.444647139885
0.244306871702
0.327146595484
0.284581148706
0.276411225661
0.292001397205
0.198372509548
0.19147618681
0.408595332489
0.281853477049
0.265084142683
0.245383056482
0.248920251823
0.318479580224
0.270490336604
0.431118008804
0.398817860174
0.306842281966
0.365591301321
0.403336101858
0.236309653843
0.279391062885
0.272615178852
0.255345053848
0.196062468874
0.205291674943
0.30506538804
0.294984180099
0.249092784853
0.195624713856
0.204764945457
0.307019896421
0.297012481302
0.269676621615
0.229540259448
0.268116244698
0.270241283097
0.256618138727
0.290924043666
0.300844662442
0.278288156086
0.371032307927
0.222127806905
0.272266675759
0.419464062399
0.318274093759
0.261705761641
0.328072544471
0.352191170527
0.610095031499
0.437181945378
0.318393192166
0.372098391782
0.237090962717
0.264872624988
0.383578660617
0.264196127151
0.313490048276
0.36819205235
0.388516207861
0.395608409641
0.226774333161
0.263062360081
0.243564339719
0.327264092874
0.460790436952
0.252848513223
0.467007330795
0.383080103046
0.278524659443
0.273607490637
0.303052831176
0.192487261534
0.316774662075
0.543408483348
0.282670051427
0.506209652284
0.283164558775
0.26218772129
0.301411574258
0.344227881155
0.334653779347
0.367153676664
0.276064589051
0.277663743496
0.287478217582
0.296932571146
0.317094554983
0.418773636662
0.277758430857
0.496205781835
0.402502924862
0.351029254172
0.367119934571
0.266263618832
0.255606005675
0.298417790356
0.313496354063
0.307428551598
0.263127779499
0.346723896858
0.357790390229
0.2566741533
0.19619599494
0.232386599947
0.264317578718
0.237758315558
0.18191311752
0.180933652259
0.178206398975
0.17867286231
0.182222196586
0.182307142825
0.268242083845
0.240962997294
0.2957162995
0.263990057913
0.246330067065
0.310827180497
0.253134998687
0.238842740986
0.253762715091
0.301544437891
0.248551045122
0.270175447778
0.297698044168
0.236259210925
0.263864048552
0.297354987405
0.299392100339
0.306579216689
0.232342746812
0.21533864593
0.240208050175
0.260842785327
0.269374198906
0.261727569683
0.301484599214
0.287573555347
0.269964710445
0.272853284037
0.259266938445
0.222940535545
0.250727274708
0.264822766921
0.308899502847
0.252405155881
0.260441828499
0.210638802875
0.257321207607
0.239675650063
0.252750568006
0.302843936142
0.299280349795
0.271590471089
0.259675310368
0.227010159324
0.256004154117
0.257304194138
0.234499608776
0.345112411139
0.251067277032
0.346842484971
0.218375076671
0.263542669789
0.244101993424
0.292491095207
0.277814457367
0.26044338318
0.34041092864
0.209192632966
0.203836248203
0.418402380779
0.327588738401
0.275922671181
0.224222676508
0.301066729901
0.255435116703
0.317454106119
0.249739811346
0.222611046466
0.261520890052
0.270420406694
0.259628411646
0.261289956016
0.247993572723
0.27338154322
0.239832153272
0.268810684363
0.26565876982
0.316074649072
0.30604917364
0.294544575446
0.315519193578
0.310953798931
0.314410284867
0.244705424363
0.292840821806
0.286913782902
0.514591655239
0.273198042654
0.249150829208
0.251985491966
0.404882113306
0.344886261421
0.341711506592
0.284774526904
0.279830178288
0.25820860361
0.392780967278
0.396104986389
0.389013291194
0.349211689799
0.30196395372
0.339627428437
0.30292355605
0.262322983573
0.120401760734
0.0617282169984
0.182729116974
0.0513915675961
0.195604250587
0.191683178582
0.123304068623
0.142621831659
0.163715492331
0.167930478043
0.168435566524
0.200083155866
0.114902035195
0.122246538952
0.135668722585
0.126222117939
0.0594636763935
0.0822469356299
0.0826609392949
0.0633073066074
0.200433084794
0.311288918835
0.272052536264
0.231150717479
0.136206877312
0.112278342172
0.148027366316
0.128220096284
0.113886978548
0.149302901607
0.198769388496
0.156642864136
0.117191845051
0.124536569098
0.125067738115
0.122208321811
0.175351713822
0.182665503408
0.161724498573
0.176268558314
0.311809534176
0.0893913340819
0.0701862337336
0.0651555027987
0.101064519609
0.0668235588288
0.168538213888
0.207516886309
0.263416031197
0.389160528581
0.313451136063
0.226488701227
0.187044574806
0.0592039557219
0.0950141515345
0.103274978824
0.103294090303
0.241934185733
0.37209881277
0.113461896062
0.0955512308407
0.129204946197
0.11380014811
0.11178870475
0.0691942700758
0.0953788965833
0.086041414101
0.205597615493
0.149599730349
0.146513528251
0.121241414558
0.089743792762
0.131395391081
0.110044897894
0.126566889267
0.124469586707
0.112872928636
0.0444189675545
0.0850617497285
0.10121609888
0.236327385554
0.0671492120763
0.0757219763521
0.0664190770823
0.0439433869622
0.113541299843
0.0785334582049
0.057189482747
0.0912879538143
0.0902845861459
0.0493739080333
0.0948099304348
0.112786537729
0.303518877106
0.156897025106
0.0712190333829
0.0749291838844
0.0907572395818
0.134927865426
0.112336498446
0.0940924164188
0.161010766956
0.0479740202502
