0.112503287487
0.242485255343
0.261760780153
0.257287759004
0.106885158265
0.178220350274
0.0943031440429
0.0557435391168
0.0558820795406
0.0426861156683
0.165742366383
0.173433393591
0.140995161944
0.146367979546
0.234031179123
0.24494038108
0.190699355297
0.188142563179
0.17747646669
0.140159709504
0.149506033636
0.129319755405
0.0964881225536
0.133955448846
0.121662925868
0.105460255957
0.192743079927
0.212935852247
0.193823298634
0.17735971301
0.200841074931
0.196556552346
0.209319464
0.191618324218
0.171421946504
0.14321215381
0.162707893636
0.167064453153
0.188277716658
0.116401502436
0.182420508478
0.146614350625
0.105677975599
0.153708076781
0.10415398768
0.14002000014
0.180706688817
0.170113667269
0.165283383051
0.15764316634
0.198795439633
0.174891781362
0.185994828144
0.182523991716
0.0849588326645
0.0901900048777
0.0754902478811
0.0591200175961
0.0607041060205
0.0749349123881
0.102238139137
0.0793370291646
0.141425695127
0.138787680225
0.149594039995
0.156812760702
0.0928218846015
0.12360923215
0.128288400667
0.156661084433
0.106788007247
0.154618951047
0.125720426163
0.134385317265
0.149675005557
0.15513098308
0.150180732353
0.160177815789
0.160994310572
0.190257642137
0.216657233443
0.172221478989
0.228828945036
0.168957563787
0.158428018516
0.160674368636
0.166954262931
0.0973848245694
0.0865828232896
0.0718699975594
0.0756023516093
0.084349115176
0.128474634974
0.0615279671804
0.0805684682829
0.128632710144
0.13931861457
0.128968648812
0.157324700278
0.106423029314
0.106738709891
0.101025799312
0.159082706009
0.126802154598
0.125437283878
0.142525394374
0.129182331978
0.122380310457
0.111277553495
0.162442140684
0.106186103838
0.143395570826
0.149981077157
0.172245777719
0.208087855555
0.0991100594678
0.0806400437085
0.113785139703
0.128849325153
0.200773940612
0.236336472417
0.163554924925
0.263186200573
0.151990449152
0.161416356164
0.187398988742
0.119791115549
0.150820566573
0.0640608984993
0.134140809907
0.155418846439
0.1564108154
0.157491727121
0.182736991592
0.164187267601
0.129597354605
0.147804027569
0.183166988125
0.165051849739
0.155673010281
0.180151664928
0.109138967201
0.138206316592
0.125903207942
0.117806674226
0.14199492712
0.116219722576
0.137301050232
0.164908736573
0.162395921135
0.168158281038
0.131940339455
0.164481921484
0.196668231481
0.139111647135
0.218545713518
0.198494521633
0.15154686078
0.150879929046
0.171120495173
0.185240549764
0.163804658454
0.165027232812
0.149813756647
0.179592591231
0.15431688983
0.178399816049
0.175942888483
0.157738375656
0.159187841368
0.175468149352
0.156590019094
0.161837082125
0.145163652161
0.167814173116
0.152115954992
0.189256801408
0.125885101149
0.079141209012
0.105004910555
0.104301646562
0.0979362381607
0.0960790662862
0.154998682313
0.110815623399
0.198680464207
0.172380357202
0.150984921374
0.194223885528
0.183989130001
0.15637852247
0.147960115017
0.107183769816
0.139183976602
0.0913176840731
0.0842817848023
0.118071926612
0.130123199188
0.153771089478
0.121696398315
0.10313694521
0.111120020612
0.143229834431
0.126257724552
0.152064212213
0.119815666432
0.174844400642
0.217622564855
0.198412070094
0.224302464704
0.184476127636
0.196718174656
0.202253830429
0.224496703794
0.192034042552
0.199954009278
0.197840918975
0.19978738266
0.214095732973
0.168582636661
0.229164980218
0.231492759953
0.209540956755
0.137268122967
0.11136801744
0.128167187591
0.108086305102
0.153265320155
0.152149515762
0.134163191636
0.162797488657
0.126214974554
0.10177181166
0.125035123016
0.106484632258
0.0785587639167
0.132384030926
0.109755751497
0.159762336254
0.14725512832
0.168341522705
0.163609795978
0.138870724164
0.123946280163
0.147050906884
0.12975048649
0.154537463119
0.173929480187
0.14316024391
0.134034952248
0.133270728805
0.184926066252
0.175093348893
0.144481400759
0.145467712794
0.139779245277
0.143628771313
0.19354521903
0.175423184059
0.204994028998
0.173129403484
0.177887176333
0.156135706533
0.164024104354
0.176123832401
0.137982398174
0.150513900743
0.148631865713
0.140858651965
0.161627056655
0.261126490587
0.169201666344
0.164682093715
0.176544305927
0.157132897336
0.135285585681
0.213672672283
0.24578692439
0.220227745566
0.182175230752
0.164915451702
0.171518479903
0.163451538025
0.157841709481
0.160454750627
0.133220062796
0.188989036337
0.158398656689
0.167277002182
0.198425735881
0.136887289326
0.152496046377
0.166293735916
0.143180144605
0.206466065543
0.192363514079
0.158138523957
0.14562978974
0.160361011179
0.142604614464
0.122522778961
0.171920530291
0.162620365576
0.156168557955
0.210834024891
0.172866204016
0.119003194984
0.133372120841
0.135478572022
0.139265858231
0.0996231412971
0.0804510659401
0.0919386773442
0.0938376867393
0.117813755943
0.160046339418
0.179523564496
0.161167742399
0.13404196508
0.145996417622
0.140736221436
0.13035923818
0.134117901883
0.173123238921
0.203811550809
0.174361316865
0.140438588277
0.141207449399
0.117702421411
0.134607940655
0.0476089739705
0.0866356999442
0.0832391870704
0.0761287774659
0.137824828892
0.120530636895
0.178541854406
0.164223950025
0.228515831845
0.188265121051
0.182902063292
0.162642310869
0.162054032451
0.183807391878
0.207430973402
0.137746278904
0.121121494447
0.136476339918
0.164466949708
0.204692714376
0.120357953135
0.134181792415
0.186884775841
0.0668101856076
0.0928525961722
0.149682005284
0.152788538239
0.164163914686
0.153279221484
0.167617972922
0.133522057424
0.169086119061
0.180888620159
0.185448585618
0.188667543878
0.157853377526
0.193103056413
0.129639178816
0.147531418667
0.155652054697
0.148752764075
0.130625386929
0.149595401191
0.179958948717
0.165329404886
0.137883918405
0.139740818701
0.150835803209
0.170154072842
0.13297936594
0.153904117532
0.123149618579
0.119098110919
0.122436434126
0.141870627326
0.109814956322
0.157959128203
0.115504524209
0.0825096759097
0.105303525651
0.134834355601
0.112395102819
0.110610471476
0.0925133916261
0.111976741659
0.12103273934
0.118354066753
0.115722565561
0.109818927069
0.10882671805
0.108075444973
0.127442411607
0.115766180871
0.139258400418
0.179317757216
0.181060680639
0.147333375648
0.167024009493
0.148612717031
0.160855378723
0.158710955223
0.129607515042
0.138444061751
0.113439186195
0.0667828470151
0.0818164947341
0.0815002878492
0.0978912703781
0.0658453189807
0.0708414325508
0.112468520127
0.157319939675
0.160091751466
0.0887314590282
0.124686881766
0.126335773962
0.171980347813
0.188896454514
0.106008902091
0.111259717206
0.183635709378
0.117887694031
0.109120557508
0.142448000007
0.0745059107348
0.0769106447377
0.104485726726
0.090599674674
0.110996905392
0.0663756242714
0.0558709498571
0.099872381083
0.0786043702674
0.0722110880262
0.0865391992258
0.164632155132
0.121914258675
0.117737236914
0.143110058293
0.106091012098
0.108960708902
0.095408454947
0.140719588138
0.104261029653
0.106436883545
0.119045962549
0.0861774525387
0.124755041374
0.0842511071357
0.0820301656458
0.107163613076
0.0973340094337
0.0592719723209
0.0619345448227
0.0832286853415
0.0851273072253
0.213162835866
0.113274970963
0.125768446287
0.122817411467
0.0743175498747
0.0544049831832
0.157584112482
0.13389018053
0.122865126815
0.0722869278819
0.0993176506439
0.19515367342
0.168487985402
0.0966033894959
0.084439594944
0.129111089596
0.166076613147
0.188873773797
0.136689091084
0.129608589963
0.112069637101
0.136496726335
0.112525474542
0.163614428307
0.162713851222
0.123484529686
0.114972516271
0.0946158192323
0.100051884849
0.111027610278
0.0976429484311
0.122133193492
0.0817660303647
0.0846197461631
0.182611606151
0.131288916204
0.128294233221
0.0875716774308
0.0927310995381
0.128162589488
0.129469020497
0.210963541448
0.149733373667
0.183902487907
0.124651587057
0.129998362419
0.118754656643
0.140681437852
0.15472856892
0.153006196113
0.139675643059
0.108541389722
0.087866408778
0.156583955371
0.116066722155
0.123973846912
0.101053865066
0.0991640049919
0.100777951103
0.163997962091
0.109574945954
0.14390973492
0.135088223629
0.0911493150841
0.074724486544
0.075960718547
0.0819786038802
0.0688276827645
0.065890095426
0.0633323239894
0.104659226709
0.102920931105
0.0904173921521
0.125292575275
0.0663525537113
0.0980600254103
0.113534926837
0.175747830009
0.123961440758
0.113485193068
0.0953600901124
0.0779827750528
0.159358877236
0.183983412287
0.158650681463
0.151993508255
0.117931122693
0.127036803329
0.12615040526
0.135610826802
0.14954311733
0.155654728661
0.149318777227
0.122268785545
0.132697277103
0.123482881601
0.11038889428
0.104428442609
0.103214315064
0.109508052305
0.105583090974
0.105239457252
0.153314636791
0.187887651307
0.112612749203
0.1529461549
0.136326382044
0.171244105044
0.155064725654
0.14936068119
0.142892172982
0.194283388676
0.151815110886
0.134063185569
0.165514361055
0.188126839158
0.173411226294
0.188241188719
0.118693625225
0.173583924515
0.221981893572
0.159758520368
0.175553122025
0.156092418874
0.165317392428
0.200464552111
0.143814326566
0.167446133909
0.0900325292596
0.155052086814
0.0790078260372
0.106536592295
0.102757577978
0.157073034661
0.171342649901
0.172725036083
0.171229689545
0.174566949632
0.125139459617
0.0820852759909
0.118256218183
0.123618389665
0.129368464633
0.139310910512
0.190198704689
0.154593756212
0.136818355935
0.135772277995
0.131924846177
0.161830914826
0.151229740157
0.0466371421734
0.041807000695
0.175111463119
0.148759739825
0.171921537668
0.15753393585
0.186982830562
0.130473873311
0.172672995478
0.139021725259
0.160704583712
0.194679701208
0.187562590632
0.151418521468
0.108071344122
0.165000379846
0.144071533626
0.150837529278
0.113676799009
0.19517915562
0.197397595222
0.132221780569
0.128332629353
0.131630831283
0.176921810277
0.208484824499
0.127497540307
0.114474216122
0.171693808261
0.139159645315
0.213707708939
0.163602663808
0.11918953329
0.141052206958
0.151553889512
0.239538120421
0.184876622961
0.192850605695
0.169399689454
0.204601824026
0.120176490336
0.135441959323
0.234806169747
0.243043042552
0.192354433863
0.140334131836
0.158302462967
0.175225786814
0.149931466042
0.140606658872
0.127539274353
0.127596226633
0.120838086922
0.11734043624
0.142466863692
0.151264773233
0.155432911972
0.1815330383
0.169320679487
0.147400249826
0.131770753325
0.124251349739
0.134061204656
0.135524443935
0.204689129306
0.20256122771
0.201504980353
0.126006640635
0.0976794714491
0.107477571418
0.0835741581587
0.0847526361045
0.16516928904
0.166590081307
0.17804081255
0.198638836579
0.152253809091
0.145471618849
0.190536689812
0.205634636912
0.183527332128
0.138944480685
0.153353536624
0.139875663229
0.179852217119
0.161750289337
0.133162406504
0.139564980895
0.152491955757
0.111660757906
0.149693723881
0.133175936121
0.126258891145
0.114814484047
0.130141752133
0.171849685021
0.153501920608
0.153193301748
0.132214589256
0.115013062132
0.123142099236
0.138291900423
0.136013234604
0.130368999208
0.144414678898
0.149306680758
0.139972755199
0.160944339382
0.145645880833
0.16765661284
0.147458445868
0.0984618473676
0.101793700013
0.099570373646
0.100572326276
0.138769395372
0.0797215943482
0.166971192604
0.157291990461
0.135363470614
0.145660814588
0.129730096142
0.117995283556
0.117842786018
0.231284431391
0.189664808863
0.118244400241
0.123062672426
0.158058971081
0.226884248559
0.151240168176
0.100596698442
0.106721755003
0.110838898573
0.0821865440806
0.125192596251
0.110390213059
0.107911945093
0.0991008249163
0.0753758637547
0.107916760425
0.0996871585339
0.0832905026073
0.0975142195543
0.149637913117
0.114860516746
0.176836604093
0.178813674153
0.156132074561
0.155706416915
0.140246445047
0.135756639418
0.168183919987
0.131878968526
0.117999198995
0.138013783825
0.1206409418
0.125219592458
0.119853161942
0.10574576677
0.104373863975
0.121939845248
0.0983250001111
0.111663728404
0.14490815961
0.119240181409
0.122333411864
0.137762541222
0.109891879525
0.116453111046
0.114369041728
0.125331389701
0.123848673427
0.144854731722
0.149235563663
0.113380322749
0.110527976734
0.149874049955
0.136897551514
0.124400234002
0.143521449231
0.110709213256
0.16740234526
0.125415776587
0.10457121228
0.100893208397
0.114100732131
0.111384197461
0.113163270797
0.123685658158
0.15516140844
0.177389082219
0.150445791378
0.191064096624
0.179430486367
0.175092333729
0.173351602396
0.125907548564
0.0937357143127
0.126797589299
0.15785799438
0.142800290817
0.191592314918
0.162439610701
0.175244033743
0.21454590564
0.196261777813
0.173269639296
0.203898873525
0.127931815631
0.125337122266
0.158615051982
0.137130759932
0.129093866333
0.105781562379
0.13494173076
0.146430626187
0.162084399569
0.1694134701
0.148579859057
0.164856947132
0.140065737314
0.12909345986
0.149846439443
0.161199822959
0.124238638055
0.125516141169
0.120973457183
0.138672701698
0.141515511012
0.11556864736
0.116377583269
0.114689896482
0.147019133969
0.157781937887
0.185875230843
0.184640313739
0.157408858351
0.154368912912
0.14927030547
0.151767095349
0.179483120914
0.12214598917
0.129786904363
0.138589067328
0.140171771809
0.123643552606
0.125260144638
0.119546726114
0.115919881164
0.142515014548
0.124119348119
0.120664087423
0.134057412394
0.146734622196
0.153275878542
0.119337419469
0.120155608809
0.11061363547
0.107961161532
0.121193888637
0.148812499113
0.156472878278
0.123051085003
0.162142342289
0.169019450436
0.125095670208
0.127198739533
0.099217258559
0.121159318499
0.130644180972
0.212580873239
0.179142612239
0.142510794361
0.14035144383
0.153928601817
0.180320091496
0.138206481118
0.104410573674
0.102101767474
0.210297588817
0.172684982495
0.141337822851
0.159211474554
0.145830562037
0.186557392881
0.182584652547
0.18652643042
0.16349638359
0.181598976307
0.165098744031
0.138162830434
0.125662794965
0.124429904235
0.178290377203
0.154089710222
0.124020521921
0.103186078686
0.149456130112
0.128917255388
0.212437402304
0.167713167022
0.149975435381
0.149893943537
0.155277680827
0.121349190536
0.150355003882
0.125308848439
0.129561204472
0.136521519195
0.26280452405
0.254643782958
0.129715499394
0.166018891165
0.178272393888
0.146620530534
0.114802376064
0.132613932244
0.185985602481
0.15305952514
0.241973555775
0.150029957976
0.118091007101
0.23999788192
0.207293633384
0.11053148236
0.126627093169
0.117574899534
0.129670571593
0.108116596249
0.0771466587872
0.163708863028
0.140683837404
0.160380945315
0.139345404649
0.200227866158
0.144390573634
0.185986654452
0.184604686902
0.256559146687
0.205312343495
0.156194064604
0.138612468811
0.151855863324
0.114670734844
0.114317505249
0.123304829981
0.141151421219
0.153032123742
0.125624597868
0.104280027166
0.105608513873
0.0856289601928
0.0907440617941
0.0920304188308
0.146385909996
0.0946803834192
0.136031071699
0.117001487363
0.187970944733
0.189018912086
0.138240296489
0.146760173696
0.175642549842
0.105921266625
0.101471360117
0.112047140062
0.148857464139
0.183524334022
0.277827119345
0.248279351716
0.192943456585
0.149373118889
0.114155115283
0.112838321642
0.103705937347
0.103794466177
0.112958174639
0.114822641726
0.141464127928
0.131347344151
0.173899837499
0.159680375614
0.166083600063
0.161918092812
0.124388284729
0.116357613235
0.124711358283
0.160879862725
0.164143008373
0.15759309521
0.172061812763
0.124316201534
0.15290707797
0.148414155074
0.111136356004
0.151895582525
0.158867472341
0.127452553233
0.156537555026
0.137005641043
0.126039255683
0.165492078495
0.175947678168
0.151739291683
0.136621706386
0.165488289902
0.124868301392
0.133266843202
0.152867135564
0.122586874106
0.15364456172
0.139452436096
0.117404364683
0.116691048107
0.091596905146
0.0740550681257
0.0977160416195
0.105028500041
0.107521049055
0.144372882447
0.121521603885
0.139846131742
0.131947833003
0.12346369292
0.141922825352
0.110168427349
0.11951131504
0.1088574889
0.127665081733
0.126971397508
0.124536636784
0.120272152323
0.14770798152
0.108710828993
0.115196477774
0.119683977551
0.125673685609
0.112778896426
0.14330230707
0.124211701756
0.125305992877
0.142031711123
0.116685244054
0.116824566178
0.143149147322
0.123232949639
0.102949645561
0.143999133717
0.170971965142
0.174600099623
0.15380850587
0.15302834641
0.151294778152
0.146127332565
0.179040881666
0.214221719757
0.0574370871364
0.119853830148
0.171224104872
0.149546886147
0.172177839917
0.162276924005
0.212451497481
0.0950946959756
0.122008021033
0.142201771607
0.140422691637
0.153063354199
0.104950614569
0.133004340298
0.16144551471
0.148002675908
0.105462577486
0.0959674258008
0.13788756438
0.203265857598
0.115934727211
0.122014028253
0.139836910515
0.117977085994
0.129112463077
0.133731426525
0.110883474235
0.137735782432
0.110969676433
0.112096127325
0.108680990645
0.107669551569
0.111330391289
0.111485910203
0.159407901731
0.15369310204
0.160397209446
0.151389709417
0.150047840416
0.155028837924
0.14942287532
0.15890207573
0.165691812973
0.157907263607
0.179629837832
0.145248187737
0.140543103598
0.130620753813
0.116145118474
0.11850706635
0.156439687188
0.144225901608
0.160893537245
0.127461855689
0.146766797137
0.114457382249
0.11689235693
0.11100216703
0.119504150349
0.121390484206
0.144983723551
0.152836988306
0.116196932207
0.11824324096
0.122571316345
0.12832760086
0.117898851189
0.14164121693
0.142917577411
0.119709096456
0.122214441805
0.159191378285
0.159976132272
0.182269528347
0.157228843652
0.136884876734
0.127358424644
0.204961611281
0.122933679766
0.168783178474
0.129816032177
0.14422672433
0.164259023791
0.152342603606
0.12542989743
0.124627140069
0.0978340530121
0.092579845965
0.136023624828
0.17411062887
0.139674605247
0.143611018595
0.145661677943
0.16170538481
0.169484965498
0.130918204561
0.139648622576
0.133480899747
0.11246371354
0.192228739926
0.187260107636
0.214042074099
0.197326245336
0.147429037128
0.187713929036
0.16788421029
0.181667152754
0.138700289263
0.104702729765
0.0691963903691
0.0614148930131
0.077050054765
0.0999564058336
0.101915763176
0.0774498164573
0.0455773479146
0.0802168090263
0.0752716903488
0.0698694340941
0.0879980571724
0.0557599191956
0.0513406055921
0.0614552009632
0.0609619219639
0.084207515847
0.176543214415
0.0567550549634
0.0563995263564
0.0442232087557
0.0270759997971
0.0278454858769
0.0295970907537
0.0597348292627
0.0296639185651
0.038451204286
0.0326834669342
0.035506409385
0.0699578219394
0.0648140307114
0.0437252665259
0.0451821517729
0.0332776300275
0.0712675454258
0.0533255758423
0.084821473967
0.0544009300781
0.0889679328494
0.0697929659896
0.0806471954503
0.0155871857033
0.0861625807661
0.0325382568048
0.0284544832551
0.0236298444572
0.0251021877141
0.0243158943843
0.0384192389796
0.0220225706695
0.047712122617
0.038259171715
0.0392111283357
0.0412997610566
0.0441910732933
0.0361820820601
0.0981957689075
0.118710470951
0.0704252005941
0.0565683959992
0.060764022204
0.0550021139251
0.0792735188702
0.0799359967003
0.0682531835891
0.124130603085
0.0293605024879
0.0449269946633
0.0496816151026
0.0344193407534
0.0706998657101
0.102420793606
0.0949184892573
0.0670856943415
0.0923949873904
0.0767693947101
0.0466782254618
0.0600051183262
0.0337814526361
0.112347113323
0.102542586927
0.0648501118094
0.070192568702
0.0478157344543
0.0315881184967
0.0358169262973
0.0390716557577
0.0359452398767
0.0457855918284
0.0498874796435
0.0595275427563
0.112591022799
0.0430550375051
0.0805702903684
0.0689678808302
0.0529429740749
0.0756096486423
0.0452263210388
0.041895122023
0.0370396790919
0.0385866736084
0.0420768337644
0.0418299186724
0.095241928493
0.101639496035
0.0267092688727
0.0236983979932
0.0263448540734
0.0553649640952
0.0378656198242
0.0680970780887
0.0639002017554
0.0861821975785
0.0587559623743
0.0427749489991
0.0571582666624
0.0701135064573
0.081126788848
0.0866201531705
0.0847398799915
0.080031503148
0.0610186988458
0.0548946537842
0.0622141876599
0.0557157624648
0.0634384376872
0.0555586928185
0.0547146556847
0.0638444093661
0.0823671433975
0.0821206150754
0.0791402480094
0.0748997245927
0.105823007284
0.145004068138
0.120512177041
0.141666355607
0.138028482666
0.121165286196
0.0474801161113
0.0665890500577
0.0465007921698
0.0449799394207
0.0629777963004
0.0321584740462
0.0889084843895
0.0706489633164
0.0644681430099
0.0549135797092
0.0608774995888
0.0708926201153
0.0509753825854
0.0447932754803
0.0624375118149
0.0496270267905
0.0649522847293
0.0832119072214
0.0420010691762
0.0279833990159
0.0515761282894
0.0490212133638
0.0797983870074
0.0903605008705
0.0608123091978
0.106032375849
0.0150775062259
0.0409633836048
0.0477026460951
0.0499963555353
0.0704754239702
0.0601700869435
0.0435823652463
0.0554220057261
0.0570957385544
0.0451160882893
0.0577594352545
0.051087171268
0.0227602035327
0.0304906706076
0.0339108128334
0.0232202206647
0.064791178495
0.0725158689394
0.0456031616417
0.050376061522
0.0556921353478
0.0459968333983
0.0544127886158
0.0491511840291
0.0851435965455
0.103618781458
0.106761872498
0.12483165431
0.048759812751
0.0612479326742
0.0679633694707
0.0556678954196
0.0672823423739
0.0843765303552
0.154249021856
0.0365631954246
0.0492036406747
0.0571833126738
0.0534182585755
0.0415751091023
0.0313055722909
0.03531104528
0.0399406547626
0.0466546806747
0.0651192118665
0.0851622186391
0.0819668381486
0.076279637283
0.0475484556453
0.0470502336299
0.0525374818512
0.0442870777024
0.0505087270822
0.0578612013378
0.122284389757
0.0637197762645
0.0576899516965
0.0678658865876
0.0677641725454
0.0647882334996
0.119445235371
0.142819989827
0.0759139994264
0.0617922072931
0.072516928313
0.0388292315821
0.0369184848115
0.0445829427996
0.0304521163069
0.022264578353
0.027458752009
0.0440625307997
0.0361105517242
0.0456004012602
0.0492588592372
0.0323083578504
0.0623203392412
0.0708557849142
0.0586428621767
0.050045558336
0.0807834811798
0.0305151677191
0.0586041651495
0.0305073288449
0.0234624063553
0.0248610614311
0.0314124155696
0.0599301781137
0.0846748355906
0.0338728451164
0.0737463411887
0.0187421668327
0.0270993855116
0.0707984251036
0.0940820836571
0.14026710951
0.0478048399449
0.0436175143437
0.0329018802318
0.0416526571989
0.0471936080218
0.0363944515761
0.0381205788185
0.0428645791771
0.0420247885733
0.0892651724853
0.0894160146744
0.119015541053
0.154907809622
0.0754614509843
0.0853735348803
0.0302616688389
0.0452231494891
0.0362418661849
0.0522018227757
0.0838713248436
0.0735635390025
0.0749450512828
0.139829158967
0.0481910793349
0.0486918323529
0.0396828473696
0.0405511369695
0.0419154680812
0.0402865851702
0.10693727876
0.168403077097
0.0658726538807
0.0545225261307
0.0503324735637
0.0653199328702
0.110231682641
0.15856175693
0.075912880747
0.0658743858668
0.0429041826534
0.0467418735709
0.0540490546802
0.0495431660801
0.0571663658308
0.0488806192127
0.276854009517
0.192950446979
0.0298186188397
0.0248547661261
0.0357078538263
0.0438216738657
0.0311587451918
0.0477833112985
0.0615390554445
0.0604143693716
0.0637050366604
0.0566542906497
0.0803938745628
0.127017879649
0.0634316158996
0.0920917842965
0.0566388818852
0.0422528083436
0.0425507727506
0.0381347055284
0.0344980517948
0.0436837539571
0.0506686607803
0.0510561031747
0.030954093863
0.036124742531
0.0477719763027
0.0442827386651
0.0484469562587
0.045952278603
0.0472071850206
0.057521154613
0.0589292651764
0.0843519089691
0.0630847144035
0.0646832668944
0.0572557934222
0.0504536606262
0.0516204307669
0.072505202828
0.0701674975676
0.104663602634
0.0862495750684
0.0741047812076
0.107658748092
0.0972979290455
0.082138802806
0.0742801882329
0.0479862726914
0.0594068956969
0.0577370235659
0.0564913489579
0.0687931836485
0.0889874706011
0.0942675086732
0.0883537410666
0.0388626588495
0.0330408647608
0.0427055025512
0.0533976094237
0.0509568411767
0.0671942328765
0.0841398827719
0.0761428854624
0.0455520518853
0.0372455767737
0.05306546302
0.044844446893
0.102165827461
0.0712080639246
0.0432776482317
0.105319966401
0.0585641941673
0.0995083596808
0.0597292088122
0.0496156147444
0.0539365220289
0.0090362226741
0.0174733339542
0.0175504918626
0.0100581581327
0.0143743541846
0.0164754023235
0.022987475441
0.0269756554669
0.042965610359
0.0503557436321
0.0551803274787
0.0567378093483
0.041540436191
0.057539695491
0.0405960695571
0.0429561618419
0.043083242877
0.0551362512719
0.027825093685
0.0359354562013
0.0375466932797
0.0551763708635
0.0299607256873
0.0846121201126
0.0947628546521
0.0361910550339
0.0414219433145
0.0367074026302
0.0346169597723
0.0274896807052
0.0462249725145
0.0309846530854
0.0229452066885
0.0439003281814
0.0708470605307
0.0475178012063
0.0430741397205
0.0287052423181
0.0269698298831
0.0319037500048
0.0438780910058
0.0527003807486
0.0351418377278
0.0500208911056
0.0421268892553
0.0219358844986
0.0337354030719
0.04126071218
0.0457078656743
0.083155158353
0.0732448973775
0.109189570871
0.0955155033538
0.0927798143975
0.131357496076
0.0136739890469
0.0149202763453
0.0171295350834
0.0236880883001
0.0430984724477
0.0329656008554
0.0781084018683
0.0701805459829
0.0711743711852
0.047416668315
0.0384803513829
0.0415787259229
0.0513591680851
0.051350359531
0.0297146547787
0.0240440080392
0.0262345432398
0.0294600528214
