0.105655404155
0.102198901449
0.094054750537
0.117970404552
0.133621068868
0.13594334796
0.155222672846
0.146219173788
0.0811083186759
0.0687672605412
0.120463187017
0.0950318137549
0.0787439708072
0.0614794347801
0.0512361461264
0.0577849070068
0.0463570073579
0.0390196822203
0.124684811983
0.119288840649
0.0973253413503
0.0872750099711
0.0871251450654
0.100410653368
0.181539710693
0.142871063233
0.137114119091
0.144857079837
0.141493296715
0.147210234728
0.128431347424
0.10793221836
0.101360165973
0.107478777225
0.102031562795
0.118021742714
0.0600599783906
0.0916995734671
0.0679938163138
0.0705523384066
0.0857033413101
0.102903435445
0.117255995802
0.0868340147218
0.111554665312
0.153825924876
0.0858741375499
0.113347225303
0.137606504565
0.125315177037
0.135814631443
0.123580014154
0.116129081518
0.141904715153
0.114599446896
0.10918908925
0.101977794281
0.0952939251384
0.102480192914
0.119892856764
0.148463741788
0.108895884807
0.114144543461
0.0940396651436
0.1391785248
0.131197089484
0.122816635923
0.172088748993
0.0997963306709
0.130694363235
0.120717038283
0.129493877954
0.101588682174
0.118015185474
0.128132394909
0.130029054055
0.152117777593
0.113989395055
0.0980882738361
0.073642786679
0.118682383895
0.0787841585699
0.0913518338161
0.0957904094106
0.0638526953461
0.0614823317663
0.0502581398566
0.0977023271851
0.0819088293709
0.0883555413718
0.0983316115027
0.10482290415
0.070792670955
0.071064637027
0.0977246937355
0.0739687999385
0.073124522034
0.114464569593
0.117247436901
0.148328654528
0.10124431698
0.149260512217
0.133456714384
0.139230742278
0.160231317536
0.121854420467
0.128385876462
0.106996673504
0.107818732768
0.128611396342
0.120571937563
0.15982782116
0.139503991495
0.117817596152
0.125617795435
0.161469940505
0.145486897889
0.0979423112402
0.0820859843614
0.0761144745613
0.0822219832307
0.13127794003
0.109190693398
0.0758428814966
0.0687372241972
0.0602135697059
0.0646537981768
0.0547810419956
0.0475601775862
0.1024661576
0.12372830677
0.0722484837424
0.0491563297941
0.154637839249
0.109375618472
0.159766091179
0.14247652816
0.138674516613
0.130304577678
0.108411638913
0.145787622879
0.116142855081
0.108146819887
0.125842108316
0.130041858215
0.11092113449
0.117988023545
0.121067391074
0.162610380783
0.163387227253
0.14863713084
0.202146552685
0.131220382323
0.0883366771603
0.0744059715569
0.109027849763
0.100740375641
0.117188297582
0.234092399383
0.126576028943
0.148882904501
0.16477010377
0.0653226429558
0.101185354528
0.127908933877
0.126174775165
0.150355650884
0.162035180997
0.150906935401
0.171122876845
0.143971122774
0.131940965325
0.111422109178
0.10577564044
0.103819820138
0.107905108793
0.101492051102
0.103917868284
0.135718907478
0.115188368897
0.137554011902
0.124890850521
0.146247348577
0.124160043895
0.105881887344
0.103167215995
0.110562378249
0.0977731961022
0.115204944829
0.124619417338
0.129821562514
0.141165288705
0.105901960671
0.117930207855
0.130976564995
0.147601129367
0.155699806683
0.111789612881
0.119541471101
0.0953036700764
0.121678581301
0.118027612016
0.106231645551
0.134246121457
0.094831210843
0.101768221737
0.115478628915
0.12585412274
0.117709042965
0.130445570131
0.143193875193
0.130780136676
0.126879091212
0.119842480828
0.1194445969
0.1024042343
0.115542313554
0.106731358002
0.108782290428
0.108203542292
0.105886571663
0.104540868128
0.0940985684773
0.105940817119
0.141994450809
0.116165883907
0.131144259591
0.100152070314
0.089500073704
0.0870447013224
0.0958086833929
0.0819270806215
0.0904775007312
0.105488252784
0.119404085515
0.0943028511585
0.164990530294
0.184616702001
0.138878858674
0.1679578965
0.168212387292
0.13124148733
0.142372554055
0.112671097476
0.120579346904
0.0728242875727
0.072070479677
0.0938721605115
0.0821797418117
0.10946518575
0.114921432399
0.116912558439
0.11508494406
0.143208602661
0.130814995474
0.121470406671
0.0865719643071
0.0685815442651
0.0693095060205
0.0719524997143
0.0951052978828
0.10561910039
0.100755488154
0.110602305754
0.0921728847367
0.0923226851562
0.113857972599
0.125605562423
0.109124644494
0.114364192526
0.104212814359
0.11343977812
0.110061225704
0.134981240367
0.123675773361
0.118105202349
0.0951098096948
0.100903242401
0.138401787225
0.106345841138
0.116330467395
0.113376106854
0.0812529305311
0.105006345704
0.0989060718094
0.10453282691
0.124715732414
0.110940370727
0.102910755248
0.1189855115
0.13076272015
0.139117285291
0.106290632511
0.137262686846
0.103284182825
0.120877063559
0.129819827536
0.101701476496
0.117014924029
0.142420982691
0.0894777233559
0.104772828426
0.108923835631
0.103050564951
0.0664535859949
0.0948745252293
0.0515313514628
0.0867598142932
0.123889603116
0.108430204183
0.097313229383
0.102902386001
0.110534492898
0.130278121423
0.137670214217
0.134664880792
0.109238114132
0.147556584331
0.167022139109
0.138417709443
0.110289547084
0.123646327383
0.100129216677
0.104956127363
0.146538362518
0.117882054012
0.1422175489
0.133353516098
0.136363875974
0.121960420399
0.102655963068
0.121543371774
0.1229364118
0.157840527934
0.148654478783
0.108556175023
0.104470782551
0.105361603524
0.123478514212
0.112148053265
0.126998940979
0.117623420489
0.110463462577
0.146914521887
0.100319924489
0.128127793367
0.113076663814
0.129775774049
0.112397566149
0.136473287342
0.11719001237
0.11264364816
0.133248368282
0.146127854497
0.142271596864
0.135325719755
0.134746887076
0.160496795706
0.178424820097
0.154403362555
0.145340301354
0.150233124137
0.151558208539
0.127769116877
0.166018776989
0.128492884043
0.128064293911
0.123419488938
0.128360274168
0.149783649855
0.135210533344
0.143674195032
0.158229499014
0.149685700079
0.156291724305
0.132396751179
0.123941072902
0.110266855021
0.155115003605
0.144964808141
0.109037032421
0.122641067801
0.138923686857
0.12006664428
0.115905517068
0.122909010469
0.117374244305
0.12176045797
0.121058933178
0.130916586197
0.118806676923
0.121258099965
0.109728280229
0.106185906508
0.135499303593
0.0746011233526
0.122870581852
0.0784958013963
0.137387116216
0.144485832538
0.134857421757
0.172660927627
0.124649339754
0.126549927051
0.102425249546
0.106371220449
0.104599867414
0.0875405488527
0.0992014842167
0.118807831303
0.0644283744303
0.0719860486375
0.120450424097
0.116381674562
0.112836800984
0.154262081039
0.135037297105
0.112991312304
0.0838032399513
0.0966047942186
0.103701514216
0.14117424679
0.140686461378
0.0889500082757
0.118803296129
0.0900149074778
0.13394028821
0.128137281131
0.145017883121
0.106151057918
0.0849216087715
0.0827634967054
0.0841932467517
0.103087848327
0.130617551709
0.171436385004
0.0627513453088
0.0795017542349
0.0492316234002
0.0536326347269
0.0944181486295
0.0774661841823
0.110500721365
0.158132379485
0.154995927152
0.143353302462
0.0988278438341
0.107661422848
0.0974559538063
0.139148179483
0.109599719795
0.171716980695
0.140285766668
0.105716953063
0.0915324505507
0.11223946639
0.0976111696038
0.151939414071
0.17248577005
0.106313570771
0.125654893484
0.0869730986853
0.119481342155
0.0919842097671
0.123555696272
0.113023673916
0.11383664994
0.149404922372
0.142873513745
0.132901549819
0.122188899538
0.140188885281
0.129419855873
0.128757438502
0.149115907507
0.115572205508
0.116984869529
0.112911139667
0.0943252951891
0.0669207375155
0.0681903052492
0.0637103544806
0.0847525329626
0.0854884821589
0.0769904808894
0.107554859275
0.123983525237
0.0985625845583
0.113821870725
0.114588886447
0.11740120221
0.145237036853
0.120512348585
0.15447979287
0.144107985395
0.146282614328
0.137268150185
0.176395477942
0.14876938906
0.167033622802
0.152994081102
0.132460745433
0.124807624613
0.0651311429316
0.0662377246409
0.0654223307136
0.0705160109234
0.0635654210728
0.0558550215427
0.0516090364315
0.0627046130836
0.0444048450639
0.0434640494217
0.0663428055693
0.0515993691271
0.0738260849939
0.111232408136
0.10368722704
0.0872184820217
0.0670210102632
0.0654912819921
0.0722417688072
0.0929916296452
0.0890323880967
0.0737706278436
0.083109514583
0.134399525265
0.104294042634
0.0877101340844
0.0776229461762
0.0974644201475
0.077681039067
0.108344610678
0.119039390204
0.115748867629
0.0985040997167
0.0597936315892
0.071456139798
0.0914247578228
0.106063451811
0.0844134357703
0.0878827590318
0.0697387405738
0.0471457380732
0.0586494643784
0.0781955684906
0.0770195561237
0.0800490642072
0.0908483485709
0.0848670222089
0.0811617582204
0.0655654460199
0.0788286488373
0.0657416403445
0.132733963908
0.121094517244
0.138521477114
0.105917836824
0.113270572031
0.0880265014509
0.103363668156
0.0871579846437
0.070211813232
0.0675914795637
0.0729292073288
0.0795126765297
0.0857462251268
0.111591993182
0.107201100532
0.0890226853649
0.077278692274
0.0837755574197
0.129786448756
0.127018035725
0.114129780428
0.0829178424785
0.113475049294
0.138046937189
0.0793486053712
0.115927584874
0.100870519255
0.101857249644
0.0876522090813
0.0884068056951
0.159200154847
0.112373790377
0.145401145216
0.113675046945
0.123959220961
0.129774647662
0.0990139211092
0.0996255097071
0.117554700954
0.1070658772
0.105170196519
0.12045253045
0.105672335283
0.101277939051
0.0869357352627
0.0922050371079
0.109479259545
0.121670958463
0.109434806374
0.107129395608
0.0751426648796
0.073711179343
0.115566591761
0.0895587666077
0.079993578248
0.0672282307203
0.0789387079559
0.0755653663875
0.0933058487796
0.124442296438
0.142512359575
0.180128871457
0.137789198406
0.128016560613
0.106679137824
0.109754482418
0.115002101068
0.0965978616712
0.107180320928
0.135069304878
0.140448423433
0.16228900894
0.124913018022
0.11642307212
0.122829909507
0.102858248066
0.12744020937
0.106075761408
0.110180560804
0.103815040048
0.0931573737026
0.108429838974
0.117355691631
0.148375098596
0.134120007886
0.15374847098
0.104271359948
0.0781457766993
0.0755912441117
0.102802578957
0.11383617586
0.083387583628
0.0592232555226
0.0614676167372
0.0924145615417
0.109720680006
0.102177497617
0.0887590679096
0.0661987075933
0.0687216384098
0.0866385113695
0.0439503244944
0.0643975164722
0.0984045302927
0.111250317374
0.144817686219
0.14280528861
0.108089342687
0.100561494699
0.127448150411
0.113385497509
0.105473012278
0.0957004765286
0.108077684918
0.110197925281
0.123392947887
0.107215693979
0.113028755031
0.111279995244
0.111761495725
0.117803675985
0.110593855439
0.129595226977
0.106132205904
0.105044738793
0.0927302196634
0.109155365929
0.127913552597
0.129309398824
0.133466079336
0.1408568898
0.106455170966
0.12679615123
0.104568185833
0.11356328278
0.110397215381
0.0982408683525
0.0993405843304
0.10724260064
0.105462781529
0.140506110159
0.132841867874
0.151585228569
0.142214802433
0.138965494017
0.168297121237
0.116253359956
0.141947095121
0.130194762929
0.112004874963
0.103148522652
0.119316511983
0.0856437063399
0.0853835828773
0.0943707429898
0.0928143480553
0.0996738420197
0.12320726976
0.154331472173
0.148711802127
0.183680336218
0.131474772993
0.129696952553
0.147425772359
0.11414046267
0.137809569584
0.0997268425524
0.109429086632
0.0977124557052
0.0843284892449
0.130709987617
0.0776476754695
0.122055230309
0.0870353929961
0.0834480060212
0.0844077732158
0.0875704468387
0.141465351596
0.11515648801
0.110512101035
0.128372003689
0.131061251007
0.128775932967
0.117545594566
0.132226199626
0.158310233216
0.127484342266
0.103532932824
0.128931128808
0.0950840117488
0.109368809237
0.120612341659
0.126824997203
0.0599181045284
0.0453812369702
0.0805739534527
0.123443267522
0.130962417953
0.100524143529
0.103767951167
0.0653641782301
0.0668999048652
0.0830291929163
0.145683030028
0.16474014786
0.143039468905
0.156558507277
0.125160164158
0.170789617869
0.152487606257
0.102858800796
0.1003337633
0.137342573411
0.111709649057
0.120484343801
0.117028209981
0.102243785394
0.138208641866
0.104003314298
0.119998422093
0.094251553437
0.113048478743
0.114961597286
0.136813161343
0.131403404366
0.109018597392
0.111866090154
0.104473335131
0.104826056157
0.125706670748
0.110232238644
0.161069199035
0.119657938897
0.112060516422
0.0936137165976
0.109343292052
0.11390041323
0.113338533025
0.11227720268
0.172293055499
0.167943898472
0.147315177176
0.139415342229
0.138826986841
0.104061937792
0.106194256476
0.238935753139
0.170306077759
0.132902247789
0.128391424062
0.120689928481
0.129439347639
0.172288752488
0.152330901806
0.124173955172
0.124118483377
0.128233318702
0.126111602672
0.108737482162
0.118945971699
0.116677089306
0.123506035618
0.136064212821
0.115731420581
0.107736224359
0.102821390628
0.102246060763
0.116470406696
0.118843822477
0.113721536775
0.132454415927
0.107196862764
0.123000639161
0.107184800289
0.0930123112084
0.128459769433
0.15081611291
0.147569155883
0.118393845371
0.0914211079658
0.0657880429917
0.0777882568348
0.0709653466339
0.0733465886202
0.101764015277
0.119683578657
0.150029668049
0.129098393411
0.112042664015
0.119689673592
0.104805136561
0.145629153561
0.132702834546
0.157963654202
0.14366926825
0.125216364561
0.110541913952
0.124168651972
0.126632817714
0.132026740595
0.12872147502
0.130123256153
0.126559751285
0.141550799254
0.1489726324
0.123441791376
0.108408653568
0.113269527697
0.105177554216
0.116552584934
0.113453901935
0.125295762742
0.117179518438
0.126012324921
0.125960796553
0.105816700629
0.111011259097
0.126959329971
0.125251993135
0.114739258407
0.109491710206
0.10423062039
0.117329153817
0.119009577824
0.119505269048
0.129097477582
0.111802382579
0.100379871899
0.111323259941
0.126439030611
0.124732844368
0.122941731464
0.122027595455
0.0892021664972
0.08983847728
0.0949556933268
0.100303501517
0.134566724265
0.0912556659697
0.115965078797
0.121992438946
0.117119345585
0.1311831486
0.156468104187
0.13112488405
0.11005712257
0.119229136137
0.107145251829
0.119339826046
0.135137305937
0.155257854574
0.161227054663
0.110945861355
0.0920208814892
0.11238899804
0.0833660204327
0.0825174429238
0.109977360233
0.089310417553
0.110795833817
0.0964934038717
0.111981336806
0.0948613012153
0.0697959089742
0.085781148371
0.0945120371727
0.0933832070621
0.0963034510115
0.103964328025
0.106046855732
0.103005810832
0.10980103532
0.112902096107
0.0984224272617
0.0959249914819
0.0758594411363
0.0947008272263
0.0851508422479
0.076224419004
0.0941952560465
0.124567269955
0.119466190551
0.128660894145
0.108316944382
0.109745119554
0.120696936477
0.115655748588
0.118421662577
0.110338881115
0.109611136122
0.105106589636
0.0988111395155
0.0878657175871
0.0893414302117
0.1082022285
0.116101483015
0.109750416731
0.12045529216
0.123868898776
0.11345137614
0.109717480179
0.102089652301
0.114267828142
0.106053977729
0.122366558303
0.0992398219358
0.110542232225
0.119182562247
0.130159070108
0.113902910655
0.122165149808
0.124901461346
0.114144682227
0.107025083602
0.0997119866896
0.100882745215
0.0993658115251
0.101836438837
0.119168377393
0.131166282759
0.137568647038
0.128519613747
0.119819336114
0.18051046629
0.110543396558
0.108333385381
0.117643297104
0.113364500311
0.0996167251958
0.0600159027757
0.0867752156903
0.0745915258986
0.0870792880831
0.0976981062975
0.119102557014
0.117222883443
0.117166911582
0.125165658519
0.095820583458
0.11758276237
0.147228941073
0.136730635421
0.135619068295
0.178384542809
0.132498356426
0.138972429919
0.143769867007
0.100371632638
0.0826565218828
0.130515488652
0.141247449937
0.132287069112
0.107693813259
0.114569459936
0.101053835855
0.094397084633
0.104569058658
0.134412277525
0.104478605882
0.100898875127
0.100245237699
0.087008933018
0.0911391694912
0.106130507752
0.134233870628
0.117651384889
0.105838238093
0.117117896541
0.0952975759063
0.0968965189852
0.107481496601
0.109299280003
0.104317922149
0.104864188792
0.1063580559
0.114985966904
0.104011085756
0.118647019135
0.0972299067466
0.0976017189364
0.106286984347
0.107272381028
0.112477298901
0.112701148728
0.117316334572
0.11609935983
0.128015963843
0.0961793017227
0.113220635781
0.098163928688
0.0936021536739
0.0963252049449
0.0996501246061
0.111474534249
0.115528307423
0.118912115689
0.128484346961
0.137208840791
0.109534390127
0.122371059466
0.0990883830986
0.107149861782
0.114306814624
0.102197718313
0.116726632797
0.124678290683
0.112134243925
0.118917452682
0.115629016797
0.1102449615
0.148886202996
0.145887462143
0.134107647553
0.148732797224
0.153967352073
0.152977243068
0.119958355616
0.12614405995
0.105345314389
0.101937581973
0.106451877787
0.175541915049
0.125385941794
0.177758356014
0.110215841145
0.099704553169
0.0966091294599
0.165167405702
0.139698156885
0.156107439797
0.150784940515
0.147987436329
0.126042005968
0.130048508946
0.145671040593
0.129434453683
0.134948505904
0.116560883454
0.141002887933
0.112440326916
0.101872626936
0.110621072506
0.120444692246
0.119821383517
0.160705173354
0.130485326786
0.141551209827
0.110863764112
0.136785093577
0.140018865933
0.162263751213
0.147433173397
0.132109368134
0.106113689531
0.13535524172
0.104725685315
0.126790084946
0.110777217509
0.126554434086
0.107283245729
0.0976978316495
0.0982840120778
0.106293966373
0.14021615169
0.0979022074642
0.105860500423
0.0952825186665
0.106464098416
0.124514815557
0.12770202161
0.128158784176
0.115353745528
0.148561375386
0.14125685867
0.1133733954
0.140357534651
0.122270681237
0.158150865839
0.102069802366
0.135009417911
0.137693374146
0.165496562438
0.157488192368
0.104005152485
0.113729686801
0.109946531479
0.195442082171
0.155316714614
0.1347248754
0.0967513892185
0.134419462573
0.12252908669
0.11702424695
0.10705781885
0.130060838401
0.126389631662
0.156587789807
0.138347688127
0.152829319897
0.143192515066
0.133130574331
0.133158330168
0.126582670876
0.13791904346
0.11974224262
0.0834136299196
0.102953285534
0.0738710901365
0.088035455234
0.0824981525159
0.0867588597558
0.0920617834423
0.124520496766
0.106479863792
0.0997154325042
0.0824377470138
0.0772642012018
0.0692864865128
0.112417545446
0.110389417985
0.120359160496
0.128705432809
0.122899771625
0.109082413956
0.110803600531
0.119242125419
0.110774386838
0.136150309677
0.105946636224
0.111841614889
0.157486319112
0.130911901253
0.118939174433
0.146311349363
0.106844807291
0.115998131573
0.153141265921
0.128263237933
0.122327988387
0.128604034039
0.135664229883
0.127136025918
0.123020117034
0.126479113375
0.131404552085
0.138593853503
0.104867809108
0.103824971538
0.104573201938
0.104518504335
0.103951393364
0.104682497236
0.0952690798455
0.0955550565522
0.114202137428
0.121744207053
0.103098626009
0.113007499958
0.122738352317
0.102902928109
0.0958905478821
0.124276527435
0.109570525181
0.101672185616
0.120371487906
0.110670910362
0.0896594759942
0.101616052435
0.0870687173318
0.0985202425908
0.118811950438
0.124994392947
0.119419038817
0.11054742514
0.102943109697
0.116636624371
0.112138986376
0.106687927076
0.0955443873017
0.0791150248834
0.0905006812002
0.10601857976
0.113471857067
0.113066760241
0.100260574528
0.105692428498
0.113338535785
0.121135208369
0.119892721053
0.0838039448364
0.0803337855177
0.0780037435121
0.0943992826473
0.095139116765
0.113254456888
0.110223774095
0.123093923757
0.126877246752
0.118528929401
0.116159268372
0.0909994490262
0.0982359707707
0.103919139768
0.0998239607211
0.103091572331
0.115848218861
0.123661231489
0.111446813211
0.105846180251
0.0902133473688
0.107025054067
0.103270223791
0.0947887275979
0.102799150215
0.101686467663
0.114926516374
0.116026261817
0.121646742911
0.11725784838
0.115573123728
0.10838900669
0.0550228932431
0.0548707183977
0.0726870513105
0.100825798996
0.106462523928
0.0994127754276
0.107447462306
0.117413801287
0.0982377394257
0.0878726601998
0.0964421880164
0.104433636836
0.107547913803
0.102663978187
0.106498179606
0.109589906113
0.115274601822
0.113943742264
0.0939374757262
0.0893268573865
0.0953766275643
0.0999330835419
0.104054346388
0.133386386668
0.132930398647
0.126760004237
0.0961459405098
0.087525987492
0.0721003414077
0.084599576645
0.0912744027857
0.112527578253
0.0960301162185
0.121468633748
0.140058331368
0.166668695988
0.107869820231
0.118552700578
0.13422196184
0.144144782821
0.175138783521
0.0932940988278
0.108745964295
0.0599240170599
0.0883092780117
0.100519237911
0.129859462709
0.13631099477
0.139266333784
0.0993224358926
0.107830978295
0.123917137331
0.138083040573
0.111328966808
0.117284762367
0.106772806327
0.107272704073
0.104679484175
0.10484735432
0.103342923021
0.10246967267
0.105355301208
0.11165765754
0.100362870803
0.104744717397
0.126354106076
0.110912306709
0.115948324865
0.136880896254
0.105379298429
0.0999115075148
0.118607670132
0.112300859728
0.107068717015
0.119605027347
0.108071779389
0.0920558387835
0.100566359778
0.104050261216
0.107107932035
0.104651589261
0.111387938844
0.117956288498
0.115244678072
0.106992158184
0.117295016178
0.0981537999598
0.118856523762
0.113707259388
0.109850815731
0.104082466375
0.114601250533
0.109521068931
0.11650905623
0.108083973309
0.105313121917
0.110238203395
0.110556024963
0.0995903565632
0.110222558687
0.110223960575
0.105428947949
0.105369440901
0.111826926183
0.10922495663
0.101805657663
0.0921598800896
0.093534316746
0.100775371193
0.109899366068
0.108221686239
0.110440484469
0.124779445573
0.140607425013
0.11642552013
0.126649293062
0.115550087751
0.115648459057
0.133488951084
0.123919421737
0.0997726601615
0.106839560084
0.111902916553
0.131942322636
0.123758017598
0.141763412315
0.141218775134
0.119716221672
0.111582510471
0.116143544459
0.131376097444
0.116883605997
0.142524709552
0.118100389574
0.0843929000626
0.0848019440704
0.103199451318
0.136237556596
0.152817078114
0.117128211294
0.0971808792851
0.106102345815
0.114480087508
0.165477169511
0.139809464562
0.112898119973
0.111577970115
0.156246022327
0.162929291474
0.127493887921
0.117365047972
0.101214366174
0.117227474697
0.0978798244867
0.129234085614
0.132195470311
0.13429281488
0.123052110603
0.107364569006
0.11905596523
0.0955538183962
0.102161668782
0.0964151709097
0.101922687004
0.0482469381139
0.0582428873179
0.0598861916775
0.0419268886513
0.04068776497
0.0394032493685
0.0389398593896
0.0503565257097
0.0310360209478
0.0409441778576
0.0356780210497
0.0444653268242
0.0568603214832
0.0469053079415
0.0414978493112
0.0439996461346
0.0239590409943
0.0872615440998
0.0335145069349
0.0506856523038
0.0378834728912
0.0504664592948
0.0354284606735
0.0516698491081
0.0776385928864
0.0496410856329
0.0501022785415
0.043472713894
0.0452011666306
0.0544828091964
0.0647106751073
0.0501741658019
0.0296115167931
0.0432906617418
0.0511786864837
0.0285477396132
0.078226115123
0.044804170444
0.0411087303587
0.0463233977247
0.0512371822686
0.0383226617667
0.0275875430952
0.026685273555
0.0447628183735
0.0561799493041
0.0569483183119
0.0335251355936
0.040366757566
0.0366805215407
0.0378180119404
0.0181616019338
0.0107753794346
0.0947390317865
0.113093687158
0.038138254699
0.0519752776764
0.0850391427311
0.0433130668139
0.0593439225243
0.0452378324469
0.0817468412462
0.0644918105984
0.0593936145571
0.0354535000023
0.0529156615709
0.0410998051327
0.0509863090046
0.0554906585854
0.0607653112544
0.109425605612
0.0359592035761
0.0529889024394
0.0393789408235
0.0331512826278
0.04997974229
0.060082521767
0.071820311712
0.05262072365
0.0422138520983
0.0249409608016
0.0776218016879
0.103528184157
0.0239818799644
0.0236328868397
0.087666618982
0.0282529761429
0.0388391733141
0.0434182998105
0.0927088803666
0.0730431884408
0.0869037688661
0.0815840884353
0.0742674562894
0.0537938527522
0.0449335228779
0.0536417424061
0.0292347038684
0.0262952041219
0.0393856218231
0.0203212935895
0.0262304770111
0.0236221511255
0.0295579092559
0.0175188513526
0.0438356199748
0.0346006337382
0.0434559908879
0.0529712025523
0.0531172368356
0.0467706821663
0.0290135698476
0.0268303074487
0.0178644352893
0.0354974621839
0.064100340416
0.0734467099699
0.0598293679279
0.0479555603961
0.0604852310952
0.0461652107599
0.0517775916576
0.0818198774292
0.0914873060988
0.0590751511789
0.0629566009194
0.0733555808606
0.065388622701
0.0441972306181
0.0372738696914
0.0310209301337
0.0421027528351
0.0267397631984
0.0533060901599
0.103176752223
0.053262054202
0.0380985765512
0.112555156873
0.0588992218361
0.053316612942
0.0729549052036
0.0743204370827
0.079772251478
0.0541839020713
0.054521250646
0.0398507474652
0.0409929029273
0.0438538546418
0.0456498660634
0.037617622122
0.0413315150895
0.0699334120352
0.0751377607302
0.0538004363521
0.0425731408411
0.0531964203102
0.0514039749109
0.0746478920755
0.0771085962072
0.0946578825853
0.047690280725
0.0827134714561
0.0631346524086
0.0628578830271
0.0462027409736
0.056722831647
0.0648790312442
0.055237752511
0.0530754554086
0.0421556660561
0.0410432258493
0.0535260783882
0.0596023339419
0.0619977441311
0.0492139378407
0.0770136761033
0.0741159183485
0.108424556404
0.0448177077764
0.0332182666358
0.0349873689996
0.0402854702177
0.0350701742601
0.045200156899
0.0430785874469
0.0444428955769
0.0401047238066
0.0531913581472
0.0391003299097
0.0445202147696
0.0489509256816
0.0361391653796
0.0408738510656
0.0414922394312
0.0595898819499
0.0538163975544
0.0398342072381
0.0467189279399
0.0530918236738
0.046601475136
0.0562100440003
0.0142236575899
0.0357892367601
0.030173524139
0.0339298008028
0.0375546027728
0.0218738457184
0.0249390777658
0.0144830173478
0.0254624171321
0.0184069334094
0.0313025306965
0.0105110258015
0.0251783978476
0.0175471081167
0.0207701088355
0.0330207763464
0.0432010548258
0.0112591403223
0.0179744824346
0.0252879575567
0.0268326216603
0.0328518487184
0.041376965273
0.0299388859147
0.0247846332947
0.0435314381085
0.038766752093
0.0262644469868
0.0736609409985
0.0539057578852
0.0565034016007
0.0948112988281
0.0333792273912
0.0291850667306
0.043027682766
0.0425798185069
0.058646054875
0.0327964420949
0.0360780196677
0.028371802785
0.028114440822
0.0186372734581
0.0242770740413
0.0286629400239
0.0287787557381
0.0335567502104
0.0475613731874
0.0631006598985
0.0309182656191
0.0173850859413
0.0229332463055
0.0219753327134
0.0281953036997
0.0242395101842
0.0297651134923
0.052569654941
0.032720524294
0.04177837691
0.0380489524172
0.120117200946
0.0474949290885
0.0514587680534
0.0371089138172
0.0542064492726
0.0540246668101
0.0465753520504
0.0356254548713
0.0562351978038
0.0392104271983
0.0914844328363
0.0955828616563
0.0827470228441
0.105463836417
0.0615235361316
0.0520583488472
0.0713711392233
0.0539709952689
0.0676990978264
0.0876597132733
0.105238880483
0.0430074569881
0.0983437420526
0.0423486808458
0.0662488234229
0.04673227307
0.0365498317857
0.0279562214352
0.0377926991781
0.0235578349909
0.0370006540987
0.0298747170473
0.0196372578942
0.0199866156925
0.0785813983096
0.0942135485136
0.0433979665072
0.0361626680389
0.0416273953752
0.0357215232284
0.064734948777
0.0503217386543
0.0498690863858
0.0495890618235
0.0575852735134
0.0496983633299
0.063112238986
0.0931434754109
0.0561625244532
0.0686041738995
0.0269423769504
0.0366438511986
0.0475118328527
0.0420728840362
0.0310788974009
0.0525639283576
0.0629578743355
0.0723635283354
0.0687085945353
0.0653036008445
0.0666339112695
0.0503319120492
0.0552471176635
0.11179810472
0.0972028220691
0.0144299337298
0.0386461214809
0.0450189706292
0.0386582270157
0.0266714204849
0.0475119948504
0.0633649157119
0.0316221686796
0.0278642271412
0.0404699217545
0.0329011816059
0.0586042333008
0.0753492893718
0.0564701560075
0.0421359999864
0.0336546442545
0.0407758123305
0.0382816859255
0.0699505332765
0.0720145939844
0.0439060965333
0.0452161104316
0.0305657158139
0.0367625284391
0.0482499916229
0.0457771726533
0.0681809726744
0.0712694899613
0.0578053312313
0.0306098320237
0.0345124863149
0.0347639069784
0.049667948679
0.0325386883683
0.0323704006979
0.0234215456609
0.0305136452788
0.0263006367934
0.0286776562476
0.0523567675927
0.0318621733683
0.028849843495
0.0437723372539
0.0324328897721
0.0162699829982
0.019118140213
0.0182587844505
0.0180232768263
0.0134095057703
0.037032006818
0.0156392928052
0.0296205097615
0.0194156904951
0.0317813473276
0.0256328233615
0.0235179838055
0.0209648824499
0.0267858536042
0.0251163481135
0.0243046213509
0.029888261746
0.0261098065865
0.0206704650218
0.0220562418933
0.0328752730006
0.0166023525755
0.011304273364
0.00712224374677
0.010986949019
0.0409588960611
0.0432958909493
0.0502829107115
0.0394482895117
0.0204079857914
0.0278135231322
0.0334209877576
0.026701920028
0.0231002905389
0.0403546407584
0.0225223622772
0.0289098828364
0.0346796733936
0.0502589644306
0.0198687406869
0.0325708681785
0.040345616575
0.0145647205999
0.0334284288556
0.0212090505735
0.0222095717419
0.0288292102498
0.0218055632806
0.0169439815113
0.0331609932094
0.037834478259
0.0246870535551
0.0521071041212
0.0563725151831
0.0404634241743
0.0585017552685
0.0377146885499
0.0313125716084
0.0310145149178
0.0171203389885
0.0184554325594
0.0185948270411
0.0177076733276
0.0173238785174
0.0254552329721
0.0129503262352
0.0123804935523
0.013872830791
0.0230050792175
0.0479809353002
0.061491801814
0.022796837842
0.0322927929494
0.0485243192288
0.025783906759
0.0340408321096
0.0182687367822
0.0171085082266
0.0171132267182
0.0183266854397
0.0155555830368
0.0156720617122
0.0515069293424
0.0257961632146
0.0254135137614
0.0148617907163
0.0303242264192
0.0205493656387
0.10197963328
0.135080895203
0.106031107066
0.133260352375
0.0841247617621
0.0655154072772
0.0688951950878
0.085715127298
0.11048929287
0.0936713516182
0.0788513064426
0.0608268458047
0.0871204696247
0.0894473766679
0.0808040761002
0.0898617585208
0.088364583011
0.0777549978285
0.121967280588
0.0864467795691
0.0255794653292
0.0183793535654
0.0430301122685
0.0525482593301
0.0152609587839
0.0224910250366
0.0282080032853
0.0195299958795
0.0261397316251
0.0166950365071
0.0320600703111
0.0326228914608
0.0770581488215
0.0443774506802
0.0092302668726
0.0114131463198
0.0268875571296
0.0144731379426
0.0404891754686
0.0445782462199
0.0500838837601
0.0484214096412
0.0975080601018
0.0925760072124
0.0646848346655
0.068379174096
0.0536312241271
0.0656989528869
0.0823335525878
0.0782367343423
0.0367022295313
0.0378247697496
0.0308692442524
0.0387890356284
0.0304029087152
0.0347571717033
0.0325828781311
0.0466564651382
0.0348169444376
0.075439858666
0.0672895666849
0.0742494381934
0.0440611524568
0.0361428461094
0.0413196761393
0.0440607509514
0.0520435620865
0.0491041183427
0.0509986613493
0.0492388417415
0.039736891131
0.0388947586986
0.0418309919376
0.046509579071
0.0813820042114
0.0899574575732
0.0707781213192
0.0666787350828
0.0324978724591
0.0455434313922
0.0537835991531
0.0442018568874
0.0319496004536
0.0413810344889
0.0301300638538
0.0365273580745
0.0323746284271
0.0281400314598
0.0988732378005
0.0881487238377
0.0265853717854
0.0276093625761
0.0449377962055
0.0492531480212
0.0444514094579
0.0374534131274
0.0581697642239
0.0418488970853
0.0428897760484
0.0367565909858
0.0597023392575
0.0492722007879
0.0562772130772
0.0567929517272
0.0756945154332
0.0841841470765
0.0816405951498
0.0658751655424
0.0528868870204
0.0419582499403
0.0478641465453
0.050688215076
0.0645549464424
0.0804479299197
0.070217236013
0.0659795741369
0.0524797444171
0.0548693603703
0.0370916416129
0.0306393727545
0.0397933062137
0.0387561539307
0.0673426158538
0.0799150728155
0.093603738088
0.071918514984
0.0503161002889
0.0408490580878
0.0493337123649
0.0415139284112
0.0365670413605
0.0350630893739
0.0442368756874
0.0375171222951
0.0515896583091
0.0464042973157
0.067979953329
0.0560701983947
0.0303394342912
0.0587361685388
0.0457914450885
0.0343565507044
0.0281901320902
0.0302038489769
0.0629609095141
0.0662327130189
0.0248367052819
0.0442206342731
0.0477104202268
0.0455739461531
0.0381290602708
0.0578295550678
0.0685073888673
0.0688778780721
0.0168375264945
0.0427156021502
0.0158641554147
0.0132027190549
0.0205823933865
0.027959830576
0.0267065310251
0.0372815773411
0.0377893686237
0.0461195535752
0.0338767723412
0.0328598022507
0.0184502400217
0.01492935797
0.019318346583
0.0224710215614
0.0160623968822
0.00718331731179
0.0249740304787
0.0324065442989
0.025957479881
0.0248756614045
0.0232285765782
0.020831871854
0.0281928747697
0.0313863993696
0.0271350419871
0.0210561711254
0.0300149755969
0.0305230367367
0.0317509525127
0.0148928053176
0.0203973148918
0.0332940428226
0.0271795402201
0.0317901582727
0.0297472985827
0.024363119142
0.0293579888557
0.0160170007908
0.0314210095577
0.00509699775172
0.0111685919405
0.00952978651811
0.00185794129963
0.0259842799471
0.0203617024726
0.0247359525233
0.0159633799523
0.0156467244173
0.00746833768882
0.0021172399333
0.0179738984495
0.0281757165443
0.0447423199786
0.0311821923698
0.0350233258165
0.0332839109057
0.0390851623164
0.0518734390714
0.0362317394504
0.0335739595304
0.0455719516048
0.031123800699
0.0242426419723
0.0223968629702
0.0313876904399
0.0556976512751
0.0194499025545
0.0181093262514
0.0165031126132
0.0196902821134
0.0276800682948
0.0156593868178
0.048705185898
0.0437189626861
0.0425509224661
0.0418159741524
0.0362748324334
0.0346296635265
0.0479034758004
0.0460452594946
0.0238122109319
0.0455396689992
0.0152658766988
0.0206585717011
0.0299934121514
0.0272151901162
0.0297233080171
0.0113189774152
0.0215179327031
0.0216087248505
0.0183624636722
0.011069845119
0.00964915204603
0.0142342814195
0.0195516124908
0.0195720330062
0.02631271156
0.0182073857726
0.0415053059546
0.0610165023473
0.058155500187
0.0624718769743
0.0394410451788
0.0416720860171
0.0426391556671
0.0316092506345
0.0280047244064
0.0200752980383
0.0174925413513
0.026976839862
0.0289931815069
0.0266959553382
0.0306847975805
0.0373254518117
0.021055407535
0.0109489466418
0.0102162635086
0.00654789732215
0.0113023276422
0.0136032522752
0.0263413919915
0.0227807673919
0.00677205007905
0.0242572591152
0.0154908161474
0.0131287769547
0.0192410645881
0.0351080554423
0.0382060257813
0.0294990928288
0.0272150412555
0.0152359334799
