0.10987528276
0.127115933619
0.08696346845
0.131322226921
0.153567496035
0.129220335153
0.159191599101
0.160649666237
0.092829915898
0.077911145142
0.124212403462
0.0754282732419
0.0773887722515
0.0351366923856
0.0215232477711
0.0441264581132
0.0247942982887
0.0420518692434
0.119049573506
0.142462579523
0.0813087577296
0.117699879821
0.113060854319
0.106245192769
0.187263073859
0.151708301748
0.14467139868
0.153897618715
0.14414394812
0.154030146064
0.137806763944
0.110831644432
0.11201652807
0.107198559283
0.104574757297
0.125609615816
0.0616377850955
0.0881734271449
0.0419164672882
0.0559423756186
0.0962114642755
0.0791560066695
0.122247505214
0.109179898384
0.126876277406
0.168913632351
0.0874593328416
0.0925666500719
0.12501439941
0.103783405832
0.126795364926
0.129975881405
0.131019120666
0.157504774711
0.118359693287
0.107587918942
0.0829703336702
0.0826563679865
0.107013070216
0.120567447903
0.155063344948
0.133841111884
0.103601036917
0.0989005281116
0.149689054991
0.139277729597
0.155868508533
0.140719568817
0.138734497422
0.149994152562
0.114324491975
0.140029546074
0.0832735066495
0.113391617419
0.127299137915
0.146503907466
0.171573145395
0.144487622134
0.110253835451
0.0737136050553
0.150929904725
0.0940268830951
0.0793805773717
0.0846451573576
0.0773291367543
0.0615433111984
0.063488777218
0.0766757380535
0.0772328490491
0.0765932322467
0.109532989512
0.117168960159
0.0730119530047
0.0852979874784
0.100770974741
0.121342780773
0.150133901651
0.179624251975
0.159203622045
0.136611436331
0.155828850919
0.157600486852
0.14125667139
0.132073116149
0.158607319315
0.156565812128
0.130717991414
0.139132849601
0.15644556305
0.127024128237
0.13859570027
0.161012005413
0.116787381601
0.126723308752
0.0880955566992
0.0874989236195
0.13435642093
0.122463063415
0.165869720947
0.14741212827
0.110034450361
0.118217735759
0.179087053599
0.156684346975
0.113477815094
0.10375147073
0.081973920565
0.0853528366101
0.136929652762
0.115627887084
0.0546784552573
0.0645603955753
0.0410103446696
0.0539992216105
0.0548691900291
0.0323759246686
0.0978348648412
0.139255423094
0.0687704390618
0.0438665006336
0.147846772012
0.128957306332
0.193057062866
0.149647109216
0.123877314636
0.107680595715
0.0932552696787
0.133213595762
0.111556617661
0.114134216789
0.118465647964
0.149100599928
0.115181193217
0.11853683169
0.123043993006
0.160745965436
0.14655651705
0.143364194914
0.24755286141
0.188328180174
0.102415223607
0.0784804655176
0.113383591937
0.104058447696
0.217017858298
0.208355595078
0.198241786542
0.164823211491
0.304335818471
0.145440464582
0.160519836946
0.195513755165
0.116456616409
0.151805070724
0.129543172361
0.161774210546
0.165731260982
0.154416064179
0.173137316308
0.171552850367
0.137169999469
0.156896799164
0.14154194748
0.133323090584
0.107119310085
0.108999944781
0.119440055438
0.105331115716
0.103176402017
0.119233718171
0.141171248574
0.1095642741
0.149920300588
0.136638135418
0.128215955607
0.134969566456
0.123413142006
0.109500970083
0.103371684686
0.0860741198774
0.136409055263
0.132619512499
0.13154701625
0.152932349608
0.0885306843422
0.113147659318
0.121853951301
0.160600112476
0.168527630597
0.114683401532
0.112681252451
0.0855289436539
0.14172297039
0.127283967755
0.111836100976
0.134932985497
0.0851111414222
0.0894348461667
0.116249924288
0.128528837299
0.116654633672
0.116194392166
0.132120885556
0.113534999399
0.116686136199
0.117632309989
0.115482997872
0.132411880855
0.117406493604
0.113228419877
0.132210813255
0.113695149274
0.11224934841
0.111942738849
0.106394778712
0.116272670266
0.130665581354
0.107961997903
0.124761782617
0.0820285528979
0.0829100710635
0.0757336292017
0.0748341797353
0.0811134748512
0.0733163485298
0.0852475514181
0.122960530159
0.0787054534961
0.189817361851
0.196251133292
0.148529289447
0.192629086428
0.143295701635
0.113726597925
0.128000268296
0.106227032492
0.115138658105
0.0752632177379
0.0822789183674
0.0702358716946
0.0733393031256
0.114230985601
0.107515248737
0.117194685738
0.120944893761
0.134485387077
0.1465076224
0.125507476564
0.101710067286
0.0806743883908
0.0628095582996
0.0704001344227
0.0971029674286
0.117782168364
0.107080634069
0.122542929453
0.0858602331514
0.081336641765
0.113366345675
0.128536224153
0.121772501851
0.112862611037
0.088546503704
0.0838443319359
0.113477842655
0.143644560625
0.121859872205
0.113447394216
0.0829357886013
0.085249978204
0.145011361997
0.112211206445
0.117561508647
0.131073821628
0.084126252127
0.119052910712
0.114333491746
0.139495381528
0.129789257272
0.119775683676
0.118198313362
0.122662432805
0.125896742584
0.135052972182
0.112078669689
0.128636986538
0.112409757713
0.115984054585
0.129832713673
0.11007812689
0.117245286367
0.127431274766
0.114770555954
0.117647643418
0.112467345239
0.117948688801
0.123236574657
0.144297890857
0.110951630478
0.125795613133
0.14658581776
0.119037187354
0.123205291629
0.119322246042
0.118454253992
0.12245465303
0.121555342349
0.116582616065
0.121511030018
0.118195165297
0.116358004194
0.12153956647
0.131673776184
0.115206507528
0.109273548398
0.126408021484
0.144179767091
0.111841172457
0.113477058928
0.105636453892
0.10179330867
0.100735874217
0.136537190151
0.105356303921
0.136384612416
0.139269239592
0.138992099257
0.12964138435
0.10582378954
0.130014198692
0.113676040408
0.163422225749
0.157013192994
0.107394940924
0.106575340737
0.101800825337
0.135171773192
0.104460847813
0.138743456392
0.122648428232
0.107758364737
0.136196234906
0.104176555118
0.137416435658
0.109377668732
0.13002233493
0.106947571421
0.132160461785
0.219770205833
0.152141580089
0.125867181859
0.148227902275
0.124944943167
0.136901158346
0.134125409247
0.144381879757
0.14208881466
0.212311566762
0.233287786776
0.18891963058
0.154063361118
0.165313426541
0.136712210694
0.122021156595
0.163714771906
0.129907478365
0.123107263782
0.128093837342
0.130957170636
0.157508777731
0.135086507104
0.132512351005
0.16007076281
0.161333765392
0.144973410927
0.150060055166
0.147890643252
0.125104683607
0.152660514327
0.169315442917
0.11671281917
0.119578378202
0.153642340701
0.132200873855
0.122199089368
0.154143922178
0.1317257088
0.126389975272
0.155308809175
0.157061941822
0.147495771019
0.131222046822
0.13986058876
0.121886545601
0.106965942822
0.077634941128
0.0803500868276
0.100058025179
0.1521426178
0.173226566944
0.160268155288
0.180799066918
0.151188630372
0.148984630302
0.139802808565
0.14331749732
0.134131180946
0.124731697127
0.174791951665
0.160207156205
0.138570471337
0.14227123071
0.248106302928
0.140149815285
0.249903913632
0.158686228343
0.181601091361
0.135399054178
0.171533943048
0.126266357251
0.187315269855
0.17247659057
0.153316849647
0.0314290434142
0.117325504486
0.136800516214
0.0152975287844
0.0783412212701
0.0764979141087
0.141317380945
0.247924509402
0.130342246036
0.121538283361
0.120269632215
0.133900283642
0.134563424964
0.146850114624
0.0785140855405
0.107585523958
0.111932182761
0.153629946806
0.159388590243
0.104992174275
0.108387451634
0.0848950826432
0.145737498985
0.121919233973
0.161982919812
0.111374908822
0.0719347095707
0.0790209330293
0.0958260091434
0.129303004402
0.144642907651
0.182706429965
0.14898472709
0.114334545338
0.111742902035
0.0856709155099
0.125027924123
0.0830840166147
0.0832481988843
0.0692010207358
0.123285764236
0.191624268073
0.094262372268
0.12004535948
0.175451442247
0.119204728274
0.112141155145
0.0828079307725
0.0893545156395
0.113655706486
0.0624382275126
0.0825978744893
0.152339073195
0.124653811419
0.115898190611
0.0945504667588
0.0650665891821
0.0787936429486
0.124155087968
0.107802746237
0.129404413033
0.124328344812
0.0846043360001
0.116811563101
0.0844714705383
0.117942576359
0.12296344308
0.175645026571
0.144013689383
0.105681318492
0.10005366092
0.111818564747
0.102463739074
0.160159586564
0.191919762142
0.113574141033
0.104003234425
0.0803289637868
0.115842607717
0.0822037111893
0.121097374122
0.124576055288
0.105430432537
0.169674516492
0.161800758503
0.129815551721
0.133139470512
0.154500713428
0.129794038804
0.138189272609
0.159647698879
0.130101572104
0.125478952419
0.134974559403
0.128003143979
0.132809129658
0.124288702785
0.129699157561
0.111526511477
0.165682978292
0.153883279268
0.118870346568
0.153384989778
0.123189119289
0.107287063446
0.145175729065
0.0882207765087
0.114387913431
0.115713306979
0.0852403191991
0.126615581981
0.112413909215
0.120223106377
0.132220902361
0.116505574879
0.154122854343
0.177958411713
0.169035659399
0.14666432768
0.150698416958
0.119970648068
0.148167842588
0.171206744057
0.139230180322
0.133376962214
0.0502757859164
0.0398651184624
0.0571813434293
0.0666770757163
0.0350876843116
0.0417240336834
0.0399234024947
0.0743938650215
0.0642228790776
0.0622137871895
0.0593331688849
0.0281365858293
0.0667940851754
0.0997972083497
0.076310116056
0.0603368245751
0.0301635653078
0.0428950354445
0.0819279110406
0.136942680616
0.109882711279
0.0964714838147
0.096993527396
0.151515146303
0.105204629812
0.073845497989
0.0786739517034
0.104225896094
0.0690697831513
0.104141975717
0.119889682348
0.0918426423251
0.085556603381
0.0401576438201
0.0544787422102
0.0791302504142
0.0762855906016
0.0392555765429
0.0540667068475
0.044960059262
0.0347156932705
0.0608019400175
0.0705069671007
0.05281431624
0.0385506141857
0.0762021762091
0.0782123960083
0.0798485514784
0.0660606330496
0.125750395413
0.151715386183
0.128599069127
0.123011818302
0.127097876197
0.128011957381
0.151023163541
0.122242054674
0.118780714391
0.0681120247972
0.0882556885418
0.0998760034322
0.0832008083848
0.066638962958
0.0508413482374
0.0645665330252
0.0458138576765
0.0688104275447
0.0784009889459
0.0690251199936
0.0511447836012
0.0469007510071
0.0895988556257
0.0822861636462
0.148170402549
0.10000792004
0.113617396218
0.145903046687
0.0719939558166
0.161925084059
0.125111279792
0.102831127666
0.072775116967
0.0987109361997
0.198913629045
0.175335643301
0.0935230700106
0.0795351890263
0.0882233770513
0.0710618990536
0.150955272731
0.0941528991685
0.160700945859
0.114719424667
0.115428301422
0.109877879321
0.0846955324744
0.0710272863157
0.116047681915
0.120653811425
0.123758140746
0.126751616194
0.0829090248104
0.0944154242407
0.0679696414745
0.0734271202308
0.104156020808
0.102873253895
0.103456184418
0.0959173034554
0.0505735620038
0.0649853869159
0.126919967908
0.0945689655859
0.0708619170673
0.0507276729333
0.067915819092
0.067974487072
0.0756773709062
0.103062175448
0.12074252747
0.188070482839
0.158788207238
0.156399364255
0.121601096151
0.11837985572
0.0823973567024
0.0845036873933
0.0703876509995
0.0874073280595
0.123813982167
0.14430216586
0.179569850626
0.126432609665
0.107390117319
0.0960447630216
0.0817217981359
0.128769584619
0.0892176094112
0.102814745542
0.11317272226
0.0930225555655
0.107495204621
0.102207419594
0.141303977313
0.111000968585
0.156577879378
0.104188391712
0.0837971160936
0.0883156589038
0.0964702663408
0.102798160748
0.114331131068
0.102731777861
0.111556036405
0.180401137245
0.102721551614
0.161211450766
0.0996060896582
0.0805564592745
0.0580358258317
0.0778368327653
0.0485103781126
0.0415377324149
0.0738601534031
0.095746959269
0.101676421779
0.0824326993924
0.154454053266
0.0729885965378
0.095742106464
0.14766106199
0.133663720059
0.10082298231
0.0825314104214
0.0842845107283
0.0804996516114
0.110377005539
0.102633593659
0.110497742316
0.110790869441
0.119135637935
0.110197166172
0.118834809956
0.111862156967
0.116923124979
0.117393580439
0.111868414969
0.129406676986
0.11343726333
0.113541751651
0.100221672865
0.117248196143
0.124776949889
0.116085974026
0.126217134771
0.144002078499
0.109614344656
0.127370958433
0.109140127282
0.104731582106
0.103292415254
0.0995734107857
0.0992289523206
0.101100073423
0.101188185263
0.162616786989
0.144489009828
0.170432850194
0.15652611807
0.143033704327
0.180197191032
0.115722658599
0.14778469945
0.140805371786
0.119238813914
0.102688752987
0.104658587929
0.054705222951
0.0624206069929
0.0954737754857
0.0651403895951
0.0798936055481
0.120683976018
0.157720526624
0.152945776895
0.201491695309
0.129800151387
0.157419247533
0.180479791251
0.117977070522
0.14058841969
0.077264976123
0.0867269652202
0.0937242909488
0.0664820904993
0.140341627137
0.0713150912278
0.121907029246
0.10307894798
0.0904491646509
0.0906195785981
0.104560772015
0.145775343205
0.118658980426
0.135204966784
0.145776298477
0.119498309276
0.127139451988
0.113894142306
0.137049567746
0.178029234861
0.137687765154
0.0674618357293
0.145662314198
0.0822067897498
0.113570352732
0.107596318696
0.122486619644
0.0400577083797
0.0391045797659
0.0992132147591
0.124341422059
0.15342978453
0.0858925374786
0.0878278506463
0.0674005118823
0.0575276967108
0.0859252963441
0.178949023478
0.167288852677
0.131566371302
0.139070176012
0.105496307911
0.188815478318
0.16092267109
0.0857464960198
0.101868999562
0.177310671505
0.112802057176
0.118166765685
0.119349773336
0.113981456086
0.116870273894
0.108858517529
0.0899970438724
0.0823197689836
0.112922370306
0.113103643336
0.124424855445
0.121280233734
0.114045620791
0.114543833352
0.127838258361
0.122225582549
0.107508229191
0.100256760632
0.165293527043
0.130765023342
0.119388467439
0.0811228941687
0.0846204262063
0.0877099600182
0.11519029943
0.113368058574
0.175380017281
0.160482338378
0.139344667328
0.14443993572
0.145367045917
0.0995915356998
0.0984445696404
0.406818431047
0.118456752621
0.120598364668
0.107472690408
0.10616989241
0.136435072706
0.175693163381
0.152865219697
0.114342465825
0.116166946146
0.117017695194
0.114375334978
0.114203422455
0.11718088186
0.114709978634
0.123986692388
0.118241893297
0.113762175487
0.112620471994
0.111095726719
0.110149532221
0.116483807066
0.116634255294
0.11573454286
0.12218806835
0.111730923057
0.117859548687
0.116480380854
0.106756045458
0.12077790177
0.167890137488
0.172372720527
0.127041627572
0.105712345013
0.0795582443618
0.101732670416
0.0860081217046
0.0811729974903
0.126950106918
0.136192704308
0.149827943148
0.129286027726
0.122615081335
0.136781254084
0.0963926692063
0.112097683926
0.137651446995
0.170690104737
0.169052128116
0.120303472502
0.0945351774644
0.122652303231
0.124170775582
0.142696952648
0.136947771162
0.120707672844
0.111465242963
0.147590598426
0.164608672507
0.117063476822
0.100276957062
0.11084849792
0.0919375468537
0.0988772140728
0.105019437055
0.108838128277
0.113519108737
0.146948686081
0.134059181456
0.11377727532
0.111686102279
0.121216191383
0.118781341324
0.117156841053
0.116725051807
0.110262014488
0.117212554003
0.115864372013
0.115913851437
0.121140489817
0.121464384136
0.107524890067
0.111925583827
0.126995177264
0.115135206161
0.116904171443
0.121923843449
0.0943562923806
0.0940978906514
0.0950846657939
0.0822735223505
0.127056358658
0.0655003216606
0.130092117096
0.140480228204
0.115198201889
0.126005263932
0.171222719645
0.137846508152
0.121006113455
0.135810963759
0.112731268922
0.116212656355
0.155687354623
0.168175023816
0.154843849414
0.103301882841
0.0880442049631
0.116850333509
0.0968398754618
0.0930583714862
0.117568283875
0.0936251665086
0.118570013638
0.0871067110701
0.0962734545398
0.0800302065741
0.0516479371491
0.0802009894436
0.0811358321961
0.108561207996
0.114904651863
0.107574569961
0.104278962446
0.106876875573
0.112338370742
0.115472395681
0.115798695451
0.114145860178
0.109310774574
0.0835246345166
0.0829176965878
0.111374801518
0.118007900184
0.113056932623
0.111530836481
0.111421092264
0.11125221774
0.112017540827
0.114046870178
0.112860517885
0.114751348969
0.113173706834
0.111125883244
0.109143919385
0.0846652468242
0.0830498546424
0.111429989849
0.11769984918
0.114020292419
0.122686077929
0.114043745732
0.112992180774
0.116719100569
0.114884869476
0.116825972018
0.114317978069
0.115854732302
0.109415635259
0.107586454122
0.0816950276207
0.082566436833
0.109373997108
0.114684619029
0.110780739823
0.114831619984
0.120745415362
0.111582612073
0.11521626455
0.109148168473
0.113170373213
0.107861816937
0.0952490291112
0.0848635130624
0.114512464096
0.114684785432
0.122033968758
0.114728505006
0.115543790828
0.120634607933
0.0885741027127
0.106734940989
0.162330710093
0.123321853108
0.119016492005
0.122991455581
0.153502594367
0.15255671979
0.137123252065
0.149215180036
0.122343789305
0.12099649372
0.224196839593
0.117043540751
0.118111476195
0.142188749967
0.143820958984
0.113654038803
0.103653035318
0.110836998089
0.0718136394086
0.0980680345881
0.127222732088
0.140073959342
0.146943967328
0.123673619747
0.119160607192
0.0821479349857
0.078840075094
0.106360532436
0.127005505653
0.110984764186
0.108031067081
0.131433564599
0.106900243978
0.129934217259
0.16132126004
0.132612023986
0.1353974951
0.208922645659
0.122636679171
0.161736790196
0.152360393535
0.0915862984633
0.0895863849573
0.115660329735
0.131107331234
0.125118599408
0.122013305429
0.0868524293156
0.117240398636
0.107431303366
0.0830610657564
0.0857576732495
0.118489700273
0.110509396744
0.106019372277
0.108831932079
0.0815169442773
0.0819099294058
0.109263600536
0.121380186987
0.114401853347
0.109099014728
0.113903721367
0.0844305064089
0.0834681266708
0.111588306321
0.110688916913
0.110854713386
0.110047038998
0.111553011607
0.113011648781
0.107326236285
0.114464731083
0.084847188156
0.0836179655215
0.11124833108
0.110529404472
0.114570371933
0.112973877996
0.114787850766
0.114027151434
0.119105627431
0.103375049454
0.112767675852
0.0840727318223
0.0831332898312
0.10889525153
0.111084752198
0.112714800427
0.115431672244
0.114406171955
0.120449177287
0.122896222932
0.109597506778
0.089256057571
0.0824797811203
0.108311544912
0.114015652846
0.108416791592
0.119074185298
0.116485346942
0.0864148640797
0.115964621362
0.112929569072
0.11308445785
0.162905606849
0.152392858922
0.13521267065
0.154279598248
0.161934621636
0.114102924678
0.113224433277
0.124393567397
0.11296558369
0.103636030988
0.101813676694
0.172910156746
0.120433233271
0.173836450831
0.100504420324
0.0884958664832
0.0988932789263
0.173301074041
0.142944277312
0.183804775156
0.141418984818
0.156108706182
0.246273076966
0.148588099997
0.161010083445
0.148672016179
0.139033824053
0.139057479068
0.119350876267
0.15479620244
0.10547280373
0.101041949032
0.1280115382
0.136026067601
0.15077388391
0.212038201856
0.121406881021
0.154568961718
0.11483782306
0.14557894613
0.138967207099
0.163178306139
0.140154928139
0.144122009843
0.114720549423
0.116031103169
0.120268259672
0.113557425506
0.110678979138
0.125504811108
0.0883632759536
0.0860172395388
0.117358552184
0.11618128194
0.17489526852
0.153072506073
0.106561763547
0.119019389792
0.240704865537
0.143602307793
0.135880610406
0.166523504161
0.160116244924
0.132073847228
0.123658107836
0.116347896549
0.139839452592
0.137003839261
0.122291251034
0.148474787822
0.133459070174
0.155817456067
0.101676655644
0.172082231376
0.157037568818
0.167669660087
0.165686149584
0.102644651316
0.0744928047043
0.0555295615391
0.102503231311
0.106224029862
0.25975360879
0.19358638009
0.13210600121
0.13475744194
0.0911286787937
0.141547901893
0.122272275164
0.128342728519
0.117980677526
0.138470772218
0.137521140327
0.180425800819
0.137473274467
0.193853990036
0.175314853898
0.142332500243
0.120003570888
0.0966123782168
0.133444784951
0.135768311582
0.115355414796
0.111413805345
0.116950679435
0.117916790636
0.120293522188
0.119932474584
0.119138272471
0.104695055625
0.105267990744
0.11455947045
0.101751056671
0.107417093712
0.0811660498387
0.129452601333
0.0971482853203
0.102555024955
0.0780495855718
0.138951445019
0.0675348165185
0.120130757169
0.118641219616
0.113970419664
0.136906484565
0.147731277527
0.123029606623
0.116205942618
0.118580771124
0.113126691717
0.115536071351
0.105758512084
0.120587464476
0.131985617958
0.179585058904
0.130036978755
0.140823334748
0.130403117153
0.12286892981
0.109713818397
0.0930856096365
0.185039329014
0.156164132152
0.11930290717
0.174509392085
0.132606528128
0.10931483981
0.169723977286
0.104234376521
0.104096400197
0.114160292846
0.116976978029
0.106398327906
0.134823464917
0.124043986339
0.140243736023
0.160446269641
0.0998829379668
0.0998979337229
0.099632807464
0.0996394615886
0.0998433567332
0.0998832848569
0.125253545355
0.110734944419
0.113356645322
0.124925107552
0.107629938484
0.114340924725
0.124746868781
0.107071208735
0.0846873697703
0.125603743634
0.112714490538
0.107348606999
0.124719153841
0.113531617613
0.111076502688
0.125340597844
0.112311040231
0.112431344676
0.12091129975
0.111165676052
0.120966093753
0.110172046198
0.11730970285
0.121037702891
0.11389467451
0.11777686156
0.10905742227
0.119181270429
0.116751905249
0.110279165802
0.116366618083
0.0833472797665
0.0853802420207
0.112667797806
0.115694483964
0.117048164227
0.108038272961
0.116794258117
0.112381453328
0.121235931254
0.118001201815
0.115084618761
0.128252406136
0.120194541831
0.123664108391
0.113648159022
0.111098921515
0.114835170277
0.112232267816
0.117846658661
0.11151442634
0.115069106463
0.108344488183
0.116715261463
0.112191950524
0.117086379603
0.119718370585
0.11451504048
0.11744637476
0.110962687982
0.115044542931
0.109268136223
0.11191850927
0.108940706778
0.0859803637099
0.0866003890072
0.108860286949
0.11352309743
0.108546946369
0.114574722225
0.111495538071
0.116529119467
0.109829035498
0.113464061353
0.109836527887
0.115799283416
0.116090762497
0.117697992816
0.111124181603
0.114901703398
0.0841036096969
0.112004839092
0.109574130871
0.114987395976
0.115294839389
0.117416500812
0.114958393111
0.114863043492
0.116634155792
0.116146945873
0.118729945125
0.115176713107
0.109303930332
0.103126706105
0.0774328465629
0.0744485328857
0.104205536278
0.106642704206
0.11130267599
0.109596362626
0.111520871442
0.117242657341
0.0914914005257
0.0858528954621
0.110187709768
0.108090375704
0.107705492752
0.111457930976
0.11129331217
0.113581453972
0.11425181616
0.114194908462
0.104535492273
0.107731648801
0.106047662805
0.111588008085
0.108386414413
0.149112473056
0.140356897698
0.118181487519
0.0943218822479
0.0825741034308
0.0874556665894
0.156190528375
0.123656965335
0.0945805382459
0.122651604209
0.0711472500703
0.0964027907803
0.0891337598528
0.0952082849734
0.0920823096593
0.107146921002
0.194727202184
0.191871699152
0.106912448773
0.107844670705
0.135159217532
0.142357972548
0.185339371688
0.118889782631
0.162482711004
0.165427436208
0.158984873677
0.192516611946
0.110590205018
0.0904325754703
0.0909933470681
0.108925926633
0.146084171961
0.148317864259
0.125511547555
0.14151094262
0.158219999477
0.129851568584
0.137317211792
0.103793744804
0.166743648917
0.107894054317
0.112279765355
0.0902560637214
0.101525385989
0.100406453145
0.10134899156
0.0986038585855
0.0981336267708
0.097917212581
0.0982654037315
0.100410272596
0.118593199572
0.104449243271
0.108776085482
0.125389549824
0.111155189797
0.114229661726
0.128568064923
0.0865629612505
0.104018534911
0.121799540496
0.111951847082
0.107516101558
0.12277231577
0.109796735462
0.103394902546
0.11783020987
0.0867495017033
0.10869936481
0.113190651551
0.110103693058
0.117404935166
0.11388470088
0.109123210225
0.11802965433
0.0823822219767
0.11704839527
0.120457851294
0.112877594602
0.105909685459
0.116103923093
0.110486018047
0.11605713263
0.112039815489
0.110101671292
0.113110965382
0.110341831235
0.0836484303383
0.110880747633
0.116482821077
0.111636725418
0.110751320449
0.111685700618
0.110073649625
0.109072417728
0.104565420487
0.106542589076
0.107416134866
0.111498807388
0.107455445076
0.110162428472
0.113782583801
0.115551441878
0.114438102933
0.116318415307
0.11385383013
0.113916901852
0.122534966268
0.111888545341
0.108537198419
0.109870756057
0.110830203321
0.115394719973
0.159693542396
0.191264808692
0.127977598441
0.114823776192
0.0953706542853
0.114686401657
0.136301017259
0.137964931557
0.183748624956
0.158681397292
0.101754589273
0.0887805309894
0.115580530666
0.165412732151
0.142604833594
0.0991651118695
0.0932340657245
0.0985619734348
0.117890354431
0.188916841216
0.154413397963
0.130441265356
0.128934257953
0.166368094147
0.156319247422
0.117244862919
0.109251464885
0.0848960604635
0.103176051064
0.0792725186667
0.0797570174728
0.146421160116
0.118668324579
0.101572225374
0.097590658141
0.142517354371
0.125777008476
0.126984226899
0.134303543868
0.107410045206
0.0700611478102
0.0506583496026
0.0391382738072
0.0584732576265
0.0807587736304
0.0688479891128
0.0479834117753
0.0797993896552
0.0888733005382
0.0802488810251
0.0864643094023
0.128720716568
0.0995559219211
0.114052296246
0.180164735421
0.147776675964
0.082521456744
0.0701204319793
0.0775949470565
0.0789217752409
0.030621127987
0.0204752232081
0.0602100960216
0.0896418367762
0.0974941170562
0.0489608278941
0.104700203226
0.0456373606959
0.0630811406454
0.103240254341
0.0794897399646
0.0783747258321
0.0869228279303
0.0669192146318
0.0757569337929
0.0622496356964
0.0603562807131
0.0514441803836
0.0290737976955
0.0401628889397
0.0481050490843
0.0352762508769
0.0597179426023
0.0561376637677
0.0473450403498
0.0385997104322
0.0419245666575
0.0497018716144
0.0371295551642
0.0366168128347
0.037860192838
0.0677593168705
0.118549711343
0.126192586547
0.0529389126611
0.0438273936427
0.0462827741651
0.0353608682117
0.0559734164126
0.0450954440913
0.0469241863787
0.130269631869
0.0842041934101
0.0880100066009
0.0576167576202
0.0562357246189
0.0333294877497
0.051183198527
0.0893996613216
0.0687291788608
0.0333852012677
0.0284263876936
0.0435180896165
0.0297309360086
0.0378285732982
0.0455326912019
0.0522101764807
0.0599157202676
0.0810681437811
0.0791531801334
0.0608133545448
0.0518531075646
0.055754401066
0.0554098706611
0.0615422411715
0.0500603674641
0.0490748672116
0.0868420031125
0.06197291013
0.0516401680394
0.0610585228438
0.047491569623
0.0552987241824
0.0528909478868
0.0496551146107
0.0972595214419
0.0814425322285
0.114097107218
0.0334527543696
0.0447745527535
0.0354167020351
0.0449910972774
0.0597214443204
0.0794131566186
0.019181611281
0.0242356778424
0.062783555017
0.0593761823061
