0.139345255758
0.164671317544
0.139277946643
0.138620546705
0.138482235803
0.165339358866
0.139249533803
0.13925796678
0.138340787333
0.164943855625
0.13952139747
0.132351763373
0.161132276051
0.139526425533
0.128223777163
0.113459931103
0.13927296137
0.165350338911
0.139246487536
0.139279804842
0.132922591367
0.14131228209
0.124290804379
0.131125852309
0.109479419358
0.139188266993
0.165334831366
0.139197561341
0.138277559696
0.139164520142
0.165120172504
0.13920145571
0.137573856217
0.138482082621
0.163746826097
0.138626103253
0.136649099515
0.123305947975
0.118928731255
0.119569952239
0.126402107577
0.139280872406
0.165337080092
0.139204222296
0.13853382912
0.138828828204
0.147448775262
0.132763280193
0.130826798347
0.139299203879
0.164887509989
0.139638422188
0.1388642571
0.139279556373
0.165350036785
0.139274966761
0.1392867268
0.0374654180302
0.042085858635
0.0417887876541
0.0299930198114
0.033056495551
0.0341962981714
0.0392421502816
0.0335177471297
0.038711104812
0.0906571356604
0.039447976397
0.0389092429309
0.0463584042153
0.0337568305868
0.0315185340067
0.035276700433
0.0478502753522
0.0461651183365
0.0947881868076
0.0915131232929
0.0411392086034
0.0403716691071
0.0311288456855
0.0387605155971
0.0395526111605
0.0493622189773
0.0489336910698
0.075198152855
0.061260299713
0.0802726378786
0.0810826833089
0.0734203341696
0.0796258732443
0.0916218673499
0.0404304276623
0.0322494860723
0.0265182634877
0.0836198881911
0.0781886514097
0.038380353251
0.0319960613432
0.0407635184935
0.0317947053704
0.0799428129502
0.0839422711991
0.0547341237954
0.03598151578
0.0257150461851
0.0310924294409
0.0291308175048
0.0257007923347
0.0244915356673
0.0307800767431
0.0417626278231
0.0537521477323
0.0326286212711
0.0258895243917
0.0563231626974
0.0578129472939
0.0253407434532
0.0250514624518
0.025742528647
0.0273825386823
0.022134588759
0.0263657746276
0.0172420536253
0.0158359226859
0.0160809155305
0.0139064290557
0.0139248416816
0.0240007022232
0.0221802199184
0.0224225049455
0.0176655833536
0.0252768816179
0.0295048166401
0.0292513038402
0.0298404287248
0.0449088661364
0.023145957902
0.0266870617933
0.0319434943996
0.0239712832611
0.0126201122208
0.0125619417605
0.0133199768766
0.0131751848631
0.0257221147441
0.0404026631798
0.0225151065444
0.0233492124554
0.0139952518
0.0141896712815
0.0132061665331
0.0162181176137
0.0227991232633
0.0213724043597
0.0227724950805
0.0209938975675
0.0187291091008
0.0188342528964
0.0132658463271
0.0122501940729
0.0132881486472
0.0138775643223
