0.343153203761
0.30943865081
0.298109364133
0.197931101929
0.159715568845
0.0662665881757
0.241813162413
0.326574363299
0.288746375318
0.24181373596
0.333865054607
0.289500848809
0.286882390945
0.255094813548
0.167062797694
0.304689006772
0.645584962572
0.607780934066
0.679988680342
0.604398787393
0.32070191383
0.285869315098
0.696057214228
0.620390697421
0.0863929701384
0.112704800231
0.168851773858
0.142592653977
0.107141113487
0.0857521844419
0.153915636087
0.462317582666
0.510548488166
0.558871787802
0.571855839948
0.529696198844
0.483191435195
0.552862573456
0.439020696552
0.398213717459
0.242691922641
0.206038681026
0.123028638341
0.145347024762
0.0734845535066
0.0271533381405
0.25284170601
0.334411413076
0.162509849773
0.249629863668
0.193831363087
0.374645895397
0.158394500138
0.142150424856
0.237763605887
0.279857691254
0.273975115405
0.33230803783
0.409713843957
0.40837602034
0.248723664884
0.552082649195
0.341037426187
0.232150637117
0.4659582036
0.568523688957
0.425043830138
0.511941439591
0.243509693611
0.214789610248
0.24038752117
0.236395875725
0.43642739957
0.39493806425
0.401496671371
0.461984212991
0.486878620433
0.508741310711
0.452823957853
0.422398522183
0.389156933745
0.526103846442
0.20585563937
0.186342336816
0.167846505057
0.10938162841
0.114126225316
0.139258918321
0.200589238532
0.139055458716
0.42911463919
0.291720177078
0.178082194934
0.185252732315
0.165900107782
0.218088264352
0.165953269197
0.187276701452
0.178308591739
0.172721358501
0.252167177079
0.309466656715
0.335466247906
0.308188344622
0.562929772285
0.493710539082
0.477896895376
0.588861945109
0.198400299949
0.200533971302
0.216549184951
0.214499055901
0.383748053278
0.325723093637
0.322786915726
0.334825200047
0.339620402798
0.333073221356
0.342092150574
0.341610063854
0.345227219757
0.39052896776
0.504068000531
0.383133877142
0.411818125903
0.480028324242
0.396328374531
0.507326840465
0.371857934721
0.48460098848
0.343195884482
0.258289425871
0.243981827008
0.239658342188
0.243171277783
0.344064261626
0.437546947678
0.379771038278
0.460073867324
0.441703237063
0.433708307803
0.327155576323
0.33751687151
0.420581789408
0.432285031896
0.402557548298
0.376447499368
0.39003897808
0.320075087798
0.154995038365
0.326907336647
0.349833635967
0.336841201565
0.330170188084
0.25811600904
0.252267049343
0.295822391845
0.25890408692
0.285686772272
0.482862821386
0.702465216645
0.42628482074
0.45082766039
0.468835862569
0.420722474192
0.434533228577
0.21277615192
0.160023571099
0.430706362526
0.281489549266
0.33331534322
0.30095901927
0.335108811208
0.750025518688
0.294171484973
0.276312491205
0.31096031894
0.302390540948
0.699069981944
0.373739714981
0.657361514505
0.406503554047
0.304118400147
0.256715453359
0.373392652693
0.308546743929
0.324212518481
0.375078182821
0.370226748476
0.309445773152
0.288963264034
0.357914858305
0.50222495641
0.49855904023
0.430745077293
0.339376644914
0.331254943038
0.345622882236
0.341445869481
0.32828818703
0.32137397814
0.363154357436
0.284468756621
0.284816342937
0.304992711281
0.273000537232
0.278951640488
0.239573140065
0.118348428776
0.192782636102
0.123923391485
0.103818376521
0.1462778855
0.187598758498
0.397836355842
0.5930190994
0.229338891701
0.243998006774
0.199677547182
0.208301138943
0.509719310379
0.371842402169
0.362812228589
0.228936919878
0.100341299955
0.101372408511
0.419963998202
0.26093135368
0.317202921078
0.293938498847
0.305215750539
0.412301582579
0.292770834917
0.476227465618
0.287116227921
0.254858300957
0.273325439614
0.330200991813
0.213838768057
0.144502337494
0.286246025091
0.327801442296
0.185341459511
0.314285772384
0.316296095514
0.226911227775
0.230015520464
0.223489282396
0.23493380823
0.293700804264
0.321232919382
0.330580375453
0.296117880528
0.234531283316
0.19660926122
0.244786110783
0.388870943036
0.478209467363
0.383647182062
0.253400685242
0.180128965198
0.427751422294
0.360883008644
0.280145983075
0.30601745011
0.206486013528
0.324059757571
0.260174357455
0.291565770519
0.284578133061
0.391530968127
0.609448305662
0.383545359453
0.318832681895
0.443341542636
0.536089636762
0.458509949985
0.200322976069
0.384871833605
0.410306383256
0.280114133487
0.32151503554
0.394665537409
0.215724542218
0.217607715447
0.180693443572
0.126966276608
0.239446970852
0.410436112579
0.338803659125
0.226801111966
0.301390523631
0.117836116322
0.406961093136
0.432874679558
0.411572348679
0.0240460007554
0.0619985420442
0.260085737997
0.369555307587
0.325860824796
0.180099538468
0.141990573637
0.152209610724
0.243350620628
0.143382221587
0.19870026545
0.348555472397
0.3615725673
0.315806703562
0.394540140948
0.388104534868
0.487295971501
0.36655417929
0.302276609899
0.432037073628
0.66236990597
0.367575068581
0.459333733377
0.453993071264
0.308370391801
0.267599412276
0.281352068933
0.290422013378
0.245916435587
0.200630378074
0.171653103849
0.172337271049
0.283552361353
0.289370259296
0.399440081074
0.341865550206
0.311860666753
0.253075301467
0.247483002714
0.326312584526
0.348083495274
0.429058463916
0.352399161913
0.260308902086
0.139575496285
0.311454683924
0.188740247647
0.190050266123
0.115160930628
0.124159213253
0.155376469465
0.154260242539
0.202953765779
0.256403559009
0.272832298736
0.29779647068
0.302820638526
0.356717731684
0.319569531023
0.192104152402
0.157971125536
0.204050059344
0.292126673216
0.2520411318
0.294021546125
0.262492315218
0.297808672854
0.382454719332
0.511114341283
0.199652398429
0.329800812896
0.46767098608
0.0776652219712
0.24562827903
0.256426522682
0.246946326795
0.238592273123
0.268029323501
0.259999799221
0.244475088409
0.274846429433
0.259629722365
0.273409408139
0.24801560581
0.240249654512
0.262949680988
0.277109261372
0.274844019898
0.260280198722
0.271935878509
0.26862871788
0.255716675126
0.23623679543
0.241905966554
0.257432248802
0.464458228182
0.2143262029
0.300411867122
0.246423724868
0.372457000303
0.257470947951
0.219666765527
0.345632246971
0.278877384674
0.257885419394
0.285795822152
0.250273135988
0.232560206769
0.279014360806
0.357066713291
0.259388049568
0.249843996866
0.283740752362
0.312042037906
0.296328149129
0.376498132181
0.351768569794
0.275317979718
0.358867402184
0.416860611766
0.270454598704
0.288152645678
0.265183350674
0.270185329214
0.240162196997
0.246290577009
0.274220691207
0.244738030541
0.258850638955
0.239907715841
0.245720271372
0.275121064509
0.24682049178
0.278556549144
0.234757494167
0.254480893584
0.27669355084
0.272980485828
0.278163962001
0.290529118159
0.230292981151
0.355814409919
0.251521405217
0.280052773491
0.360849618045
0.318562862069
0.300712036343
0.301432850343
0.399259932407
0.598893347933
0.418845515356
0.335735762834
0.338250339182
0.211404989812
0.237201231136
0.358070892901
0.246176277299
0.292995949308
0.214051898498
0.48786361698
0.361788295082
0.23671132603
0.296904835786
0.212930397831
0.346405612955
0.485891405553
0.290745661951
0.510162289913
0.399742587269
0.226991324416
0.248646926298
0.349939185328
0.1761139064
0.351235039848
0.367396408825
0.513495967528
0.499732163485
0.132757246514
0.381798779175
0.355730498449
0.443798303703
0.541801020445
0.274760374541
0.30957534034
0.355779922445
0.328715809979
0.356958243678
0.2881050976
0.299309890914
0.296190260743
0.335581376718
0.343514755728
0.433752591816
0.303709753068
0.447796084033
0.356647054296
0.309276903791
0.337440587732
0.279670937199
0.268784972224
0.261398230188
0.273464336083
0.31027098785
0.248699602447
0.340176573937
0.335400500941
0.292035136573
0.220634024201
0.314587216322
0.182547322619
0.351015018583
0.224354353091
0.223057751087
0.218060099221
0.218011458152
0.223433659974
0.224070490282
0.272697174282
0.240116955449
0.254620389208
0.271387976534
0.245557012939
0.268774330712
0.260333357238
0.237267580709
0.259501738361
0.259871596696
0.24822936874
0.280194967274
0.258104256058
0.235023665313
0.271024726012
0.258152774225
0.260396993917
0.25320391962
0.243703494116
0.259545304194
0.25223041541
0.261775159672
0.264647817926
0.271213489633
0.266641204263
0.269264101796
0.278769054322
0.265336320475
0.259530393834
0.251820668734
0.252838795538
0.244708085134
0.269354263862
0.25698624003
0.270710838106
0.255619645152
0.26339574493
0.224150574612
0.24360932249
0.286853497192
0.333019801541
0.265046188612
0.279134334415
0.263395114738
0.284787426705
0.250816123295
0.253619243433
0.332967802944
0.253803045497
0.341497208064
0.2146285764
0.272495213029
0.278432743868
0.286380381846
0.255484700667
0.296788164158
0.298404131543
0.227011360658
0.24378345567
0.347447673972
0.29693136413
0.276605046149
0.246430032592
0.307470382271
0.294722801969
0.288785991381
0.207259602734
0.209459102504
0.241698137421
0.244853858706
0.229732400997
0.249232351099
0.2892136796
0.299924166491
0.281138187977
0.297793350037
0.302408082539
0.307988246471
0.277221264055
0.290903479588
0.309721109611
0.306611702783
0.281117037925
0.297815687825
0.434465527413
0.46176484727
0.35582885604
0.348719938365
0.737015491992
0.421759522966
0.273422156197
0.271121582199
0.270062814263
0.349995659546
0.334227741711
0.348776604332
0.359500859657
0.276059579571
0.273831286301
0.389884060542
0.40267115721
0.390649970455
0.322025040996
0.286783920238
0.323290883921
0.302380545758
0.28983930391
0.318862649376
0.245848649929
0.319748789869
0.220410992739
