0.0857883009402
0.0857883009402
0.0857883009402
0.0857883009402
0.0773596627024
0.0773596627024
0.0773596627024
0.0773596627024
0.0745273410333
0.0745273410333
0.0745273410333
0.0745273410334
0.0494827754823
0.0494827754823
0.0494827754823
0.0494827754823
0.0399288922113
0.0399288922113
0.0399288922113
0.0399288922113
0.0165666470439
0.0165666470439
0.0165666470439
0.0165666470439
0.0604532906032
0.0604532906032
0.0604532906032
0.0604532906032
0.0816435908248
0.0816435908248
0.0816435908248
0.0816435908247
0.0721865938294
0.0721865938294
0.0721865938294
0.0721865938294
0.06045343399
0.06045343399
0.06045343399
0.06045343399
0.0834662636516
0.0834662636516
0.0834662636516
0.0834662636516
0.0723752122022
0.0723752122022
0.0723752122022
0.0723752122022
0.0717205977361
0.0717205977361
0.0717205977361
0.0717205977361
0.063773703387
0.063773703387
0.063773703387
0.063773703387
0.0417656994236
0.0417656994236
0.0417656994236
0.0417656994236
0.076172251693
0.076172251693
0.076172251693
0.076172251693
0.161396240643
0.161396240643
0.161396240643
0.161396240643
0.151945233516
0.151945233516
0.151945233516
0.151945233516
0.169997170085
0.169997170085
0.169997170087
0.169997170084
0.151099696848
0.151099696848
0.151099696848
0.151099696848
0.0801754784574
0.0801754784574
0.0801754784574
0.0801754784574
0.0714673287744
0.0714673287744
0.0714673287744
0.0714673287744
0.174014303555
0.174014303555
0.174014303558
0.174014303555
0.155097674355
0.155097674357
0.155097674357
0.155097674355
0.0215982425346
0.0215982425346
0.0215982425347
0.0215982425346
0.0281762000578
0.0281762000578
0.0281762000578
0.0281762000578
0.0422129434646
0.0422129434646
0.0422129434646
0.0422129434646
0.0356481634943
0.0356481634943
0.0356481634943
0.0356481634943
0.0267852783719
0.0267852783719
0.0267852783719
0.0267852783718
0.0214380461105
0.0214380461105
0.0214380461104
0.0214380461105
0.0384789090217
0.0384789090217
0.0384789090217
0.0384789090217
0.115579395667
0.115579395666
0.115579395666
0.115579395667
0.127637122042
0.127637122042
0.127637122042
0.127637122042
0.13971794695
0.13971794695
0.13971794695
0.13971794695
0.142963959987
0.142963959987
0.142963959987
0.142963959987
0.132424049711
0.132424049711
0.132424049711
0.132424049711
0.120797858799
0.120797858799
0.120797858799
0.120797858799
0.138215643364
0.138215643364
0.138215643364
0.138215643364
0.109755174137
0.109755174137
0.109755174139
0.109755174137
0.0995534293643
0.0995534293643
0.099553429365
0.0995534293643
0.0606729806603
0.0606729806603
0.0606729806603
0.0606729806603
0.0515096702565
0.0515096702565
0.0515096702565
0.0515096702565
0.0307571595853
0.0307571595853
0.0307571595853
0.0307571595853
0.0363367561906
0.0363367561906
0.0363367561906
0.0363367561906
0.0183711383767
0.0183711383767
0.0183711383767
0.0183711383767
0.00678833453513
0.00678833453513
0.00678833453513
0.00678833453513
0.0632104265033
0.0632104265033
0.0632104265033
0.0632104265015
0.083602853269
0.0836028532682
0.0836028532683
0.0836028532689
0.0406274624431
0.0406274624431
0.0406274624431
0.0406274624431
0.0624074659171
0.0624074659171
0.0624074659171
0.0624074659171
0.0484578407716
0.0484578407716
0.0484578407716
0.0484578407716
0.0936614738492
0.0936614738492
0.0936614738492
0.0936614738492
0.0395986250344
0.0395986250344
0.0395986250344
0.0395986250344
0.035537606214
0.035537606214
0.035537606214
0.035537606214
0.0594409014718
0.0594409014718
0.0594409014718
0.0594409014718
0.0699644228134
0.0699644228134
0.0699644228134
0.0699644228134
0.0684937788512
0.0684937788512
0.0684937788512
0.0684937788512
0.0830770094585
0.0830770094577
0.0830770094574
0.0830770094566
0.102428460989
0.102428460989
0.102428460989
0.102428460989
0.102094005085
0.102094005085
0.102094005085
0.102094005085
0.0621809162211
0.0621809162211
0.0621809162211
0.0621809162211
0.1380206623
0.1380206623
0.138020662297
0.1380206623
0.0852593565468
0.0852593565468
0.0852593565468
0.0852593565468
0.0580376592792
0.0580376592792
0.0580376592792
0.0580376592792
0.116489550899
0.1164895509
0.116489550901
0.1164895509
0.142130922237
0.142130922239
0.14213092224
0.14213092224
0.106260957534
0.106260957535
0.106260957534
0.106260957535
0.127985359898
0.127985359898
0.127985359898
0.127985359898
0.0608774234028
0.0608774234028
0.0608774234028
0.0608774234028
0.0536974025621
0.0536974025621
0.0536974025621
0.0536974025621
0.0600968802924
0.0600968802924
0.0600968802924
0.0600968802924
0.0590989689313
0.0590989689313
0.0590989689313
0.0590989689313
0.109106849892
0.109106849892
0.109106849892
0.109106849893
0.0987345160635
0.0987345160625
0.0987345160625
0.0987345160616
0.100374167842
0.100374167842
0.100374167844
0.100374167842
0.115496053248
0.11549605325
0.115496053249
0.115496053248
0.12171965511
0.121719655107
0.121719655107
0.121719655107
0.127185327678
0.127185327678
0.127185327678
0.127185327678
0.113205989463
0.113205989463
0.113205989463
0.113205989463
0.105599630546
0.105599630546
0.105599630546
0.105599630546
0.0972892334363
0.0972892334363
0.0972892334363
0.0972892334363
0.131525961611
0.131525961611
0.131525961611
0.131525961611
0.0514639098425
0.0514639098425
0.0514639098425
0.0514639098425
0.0465855842047
0.0465855842041
0.0465855842041
0.0465855842035
0.0419616262642
0.0419616262642
0.0419616262642
0.0419616262642
0.0273454071025
0.0273454071025
0.0273454071025
0.0273454071025
0.028531556329
0.028531556329
0.028531556329
0.028531556329
0.0348147295803
0.0348147295803
0.0348147295803
0.0348147295803
0.0501473096331
0.0501473096331
0.0501473096331
0.0501473096331
0.0347638646791
0.0347638646791
0.0347638646791
0.0347638646791
0.107278659798
0.107278659798
0.107278659798
0.107278659798
0.0729300442695
0.0729300442695
0.0729300442695
0.0729300442695
0.0445205487334
0.0445205487334
0.0445205487334
0.0445205487334
0.0463131830787
0.0463131830787
0.0463131830787
0.0463131830787
0.0414750269455
0.0414750269455
0.0414750269455
0.0414750269455
0.0545220660881
0.0545220660881
0.0545220660881
0.0545220660881
0.0414883172993
0.0414883172993
0.0414883172993
0.0414883172993
0.046819175363
0.046819175363
0.046819175363
0.046819175363
0.0445771479348
0.0445771479348
0.0445771479348
0.0445771479348
0.0431803396253
0.0431803396253
0.0431803396253
0.0431803396253
0.0630417942705
0.0630417942697
0.0630417942699
0.063041794269
0.0773666641789
0.0773666641789
0.0773666641789
0.0773666641789
0.0838665619764
0.0838665619764
0.0838665619764
0.0838665619764
0.0770470861554
0.0770470861548
0.0770470861554
0.0770470861548
0.140732443071
0.140732443071
0.14073244307
0.140732443073
0.12342763477
0.12342763477
0.12342763477
0.12342763477
0.119474223844
0.119474223844
0.119474223844
0.119474223844
0.147215486277
0.147215486277
0.147215486277
0.147215486277
0.0496000749873
0.0496000749873
0.0496000749873
0.0496000749873
0.0501334928256
0.0501334928256
0.0501334928256
0.0501334928256
0.0541372962378
0.0541372962378
0.0541372962378
0.0541372962378
0.0536247639753
0.0536247639753
0.0536247639753
0.0536247639753
0.09593701332
0.0959370133212
0.0959370133191
0.0959370133212
0.0814307734089
0.0814307734089
0.0814307734084
0.0814307734102
0.0806967289314
0.0806967289327
0.0806967289323
0.0806967289318
0.0837063000108
0.0837063000101
0.0837063000101
0.0837063000126
0.0849051006987
0.0849051006998
0.0849051006996
0.0849051007008
0.0832683053391
0.0832683053391
0.0832683053391
0.0832683053391
0.0855230376435
0.0855230376435
0.0855230376435
0.0855230376435
0.0854025159636
0.0854025159636
0.0854025159636
0.0854025159636
0.0863068049393
0.0863068049393
0.0863068049393
0.0863068049393
0.0976322419399
0.0976322419399
0.0976322419399
0.0976322419399
0.126017000133
0.126017000133
0.126017000133
0.126017000133
0.0957834692855
0.0957834692854
0.0957834692854
0.0957834692853
0.102954531476
0.102954531476
0.102954531476
0.102954531476
0.120007081061
0.12000708106
0.12000708106
0.120007081061
0.0990820936328
0.0990820936327
0.0990820936327
0.0990820936325
0.126831710116
0.126831710116
0.126831710116
0.126831710116
0.0929644836804
0.0929644836802
0.0929644836801
0.0929644836803
0.12115024712
0.12115024712
0.12115024712
0.12115024712
0.0857989711206
0.0857989711206
0.0857989711206
0.0857989711206
0.0645723564678
0.0645723564678
0.0645723564678
0.0645723564678
0.0609954567521
0.0609954567521
0.0609954567521
0.0609954567521
0.0599145855461
0.0599145855469
0.0599145855469
0.0599145855477
0.060792819445
0.0607928194463
0.0607928194463
0.0607928194467
0.0860160654068
0.0860160654059
0.0860160654057
0.0860160654066
0.10938673692
0.10938673692
0.10938673692
0.10938673692
0.0949427595694
0.0949427595694
0.0949427595694
0.0949427595694
0.115018466831
0.115018466831
0.115018466831
0.115018466831
0.110425809266
0.110425809267
0.110425809266
0.110425809266
0.10842707695
0.10842707695
0.108427076951
0.10842707695
0.0817888940802
0.0817888940814
0.0817888940814
0.0817888940814
0.0843792178774
0.0843792178774
0.0843792178774
0.0843792178774
0.105145447352
0.105145447352
0.105145447352
0.105145447352
0.108071257974
0.108071257974
0.108071257974
0.108071257974
0.100639387075
0.100639387075
0.100639387075
0.100639387075
0.0941118748419
0.0941118748419
0.0941118748419
0.0941118748419
0.0975097445199
0.0975097445199
0.0975097445199
0.0975097445199
0.0800187719495
0.0800187719502
0.0800187719492
0.0800187719506
0.0387487595913
0.0387487595913
0.0387487595913
0.0387487595913
0.0817268341613
0.0817268341626
0.0817268341619
0.0817268341629
0.0874584089905
0.0874584089905
0.087458408993
0.0874584089905
0.0842103003912
0.0842103003912
0.0842103003912
0.0842103003912
0.0825425470209
0.0825425470209
0.0825425470209
0.0825425470209
0.0645290022601
0.0645290022601
0.0645290022601
0.0645290022601
0.0630667623357
0.0630667623357
0.0630667623357
0.0630667623357
0.0739555979612
0.0739555979615
0.0739555979615
0.0739555979613
0.06472602173
0.06472602173
0.06472602173
0.0647260217302
0.0714216930679
0.0714216930678
0.0714216930678
0.0714216930679
0.120715705347
0.120715705346
0.120715705347
0.120715705346
0.175616304161
0.175616304161
0.175616304161
0.175616304161
0.106571205185
0.106571205185
0.106571205185
0.106571205185
0.112706915097
0.112706915098
0.112706915098
0.112706915097
0.117208965642
0.117208965642
0.117208965642
0.117208965642
0.105180618549
0.105180618549
0.105180618549
0.105180618547
0.108633307143
0.108633307143
0.108633307145
0.108633307143
0.0531940379798
0.0531940379789
0.05319403798
0.0531940379791
0.0400058927749
0.0400058927749
0.0400058927749
0.0400058927749
0.107676590632
0.107676590632
0.107676590632
0.107676590632
0.0703723873166
0.0703723873166
0.0703723873166
0.0703723873166
0.0833288358049
0.0833288358049
0.0833288358049
0.0833288358049
0.0752397548175
0.0752397548175
0.0752397548175
0.0752397548175
0.0837772028007
0.0837772028018
0.0837772028023
0.0837772028027
0.187506379673
0.187506379673
0.187506379674
0.18750637967
0.0735428712432
0.0735428712432
0.0735428712431
0.0735428712431
0.0690781228014
0.0690781228014
0.0690781228014
0.0690781228014
0.0777400797358
0.0777400797347
0.0777400797344
0.0777400797347
0.0755976352378
0.0755976352378
0.0755976352362
0.0755976352378
0.174767495486
0.174767495486
0.174767495486
0.174767495486
0.0934349287453
0.0934349287453
0.0934349287453
0.0934349287453
0.164340378626
0.164340378626
0.164340378626
0.164340378626
0.101625888512
0.101625888512
0.101625888512
0.101625888512
0.0760296000375
0.0760296000369
0.0760296000369
0.0760296000359
0.0641788633394
0.064178863341
0.064178863341
0.0641788633402
0.0933481631721
0.0933481631732
0.0933481631732
0.0933481631744
0.0771366859822
0.0771366859822
0.0771366859822
0.0771366859822
0.0810531296203
0.0810531296203
0.0810531296203
0.0810531296203
0.0937695457052
0.0937695457052
0.0937695457052
0.0937695457052
0.09255668712
0.0925566871195
0.0925566871185
0.092556687119
0.0773614432879
0.0773614432879
0.0773614432879
0.0773614432879
0.0722408160086
0.0722408160086
0.0722408160086
0.0722408160086
0.0894787145762
0.0894787145762
0.0894787145762
0.0894787145762
0.125556239103
0.125556239103
0.125556239103
0.125556239103
0.124639760057
0.124639760057
0.124639760057
0.124639760057
0.107686269324
0.107686269324
0.107686269322
0.107686269324
0.0848441612295
0.0848441612295
0.0848441612282
0.0848441612291
0.0828137357594
0.0828137357594
0.0828137357594
0.0828137357594
0.086405720559
0.086405720559
0.086405720559
0.086405720559
0.0853614673702
0.0853614673702
0.0853614673702
0.0853614673702
0.0820720467576
0.0820720467576
0.0820720467576
0.0820720467576
0.0803434945345
0.0803434945342
0.0803434945356
0.0803434945342
0.090788589359
0.090788589358
0.0907885893585
0.0907885893584
0.0711171891552
0.0711171891552
0.0711171891552
0.0711171891552
0.0712040857343
0.0712040857343
0.0712040857343
0.0712040857343
0.0762481778202
0.0762481778201
0.0762481778201
0.0762481778201
0.0682501343079
0.0682501343079
0.0682501343079
0.0682501343079
0.069737910122
0.0697379101219
0.069737910122
0.0697379101219
0.0598932850163
0.0598932850164
0.0598932850164
0.0598932850164
0.0295871071941
0.0295871071941
0.0295871071941
0.0295871071942
0.0481956590255
0.0481956590255
0.0481956590255
0.0481956590255
0.0309808478712
0.0309808478712
0.0309808478712
0.0309808478712
0.0259545941302
0.0259545941302
0.0259545941302
0.0259545941302
0.036569471375
0.036569471375
0.036569471375
0.036569471375
0.0468996896245
0.0468996896245
0.0468996896245
0.0468996896245
0.0994590889605
0.0994590889605
0.0994590889605
0.0994590889605
0.14825477485
0.148254774851
0.14825477485
0.148254774851
0.0573347229253
0.0573347229253
0.0573347229253
0.0573347229253
0.0609995016935
0.0609995016935
0.0609995016935
0.0609995016935
0.0499193867956
0.0499193867956
0.0499193867956
0.0499193867956
0.0520752847356
0.0520752847357
0.0520752847356
0.0520752847357
0.127429827595
0.127429827595
0.127429827595
0.127429827595
0.0929606005422
0.0929606005422
0.0929606005422
0.0929606005422
0.0907030571473
0.0907030571473
0.0907030571473
0.0907030571473
0.0572342299696
0.0572342299707
0.0572342299694
0.0572342299708
0.0250853249888
0.0250853249888
0.0250853249888
0.0250853249888
0.0253431021279
0.0253431021279
0.0253431021279
0.0253431021279
0.104990999551
0.104990999551
0.104990999551
0.104990999551
0.06523283842
0.06523283842
0.06523283842
0.06523283842
0.0793007302694
0.0793007302694
0.0793007302694
0.0793007302694
0.0734846247117
0.0734846247117
0.0734846247117
0.0734846247117
0.0763039376349
0.0763039376349
0.0763039376349
0.0763039376349
0.103075395645
0.103075395645
0.103075395645
0.103075395645
0.0731927087299
0.0731927087299
0.0731927087284
0.0731927087299
0.119056866405
0.119056866404
0.119056866404
0.119056866404
0.0717790569804
0.0717790569804
0.0717790569804
0.0717790569804
0.0637145752393
0.0637145752393
0.0637145752393
0.0637145752393
0.0683313599035
0.0683313599035
0.0683313599035
0.0683313599035
0.0825502479532
0.0825502479532
0.0825502479532
0.0825502479532
0.0534596920143
0.0534596920143
0.0534596920143
0.0534596920143
0.036125584374
0.0361255843736
0.0361255843732
0.0361255843735
0.0715615062727
0.0715615062727
0.0715615062727
0.0715615062727
0.0819503605746
0.0819503605758
0.0819503605734
0.0819503605758
0.0463353648771
0.0463353648766
0.0463353648778
0.0463353648773
0.0785714430961
0.0785714430961
0.0785714430961
0.0785714430961
0.0790740238784
0.0790740238784
0.0790740238784
0.0790740238784
0.0567278069437
0.0567278069437
0.0567278069437
0.0567278069437
0.0575038801161
0.0575038801161
0.0575038801161
0.0575038801161
0.055872320599
0.055872320599
0.055872320599
0.055872320599
0.0587334520574
0.0587334520574
0.0587334520574
0.0587334520574
0.0734252010669
0.073425201066
0.073425201066
0.0734252010651
0.0803082298455
0.0803082298455
0.0803082298455
0.0803082298455
0.0826450938633
0.0826450938633
0.0826450938633
0.0826450938633
0.0740294701313
0.0740294701317
0.0740294701321
0.0740294701325
0.0586328208289
0.0586328208289
0.0586328208289
0.0586328208289
0.0491523153042
0.0491523153042
0.0491523153056
0.0491523153042
0.0611965276958
0.0611965276958
0.0611965276958
0.0611965276956
0.097217735759
0.097217735759
0.0972177357591
0.0972177357591
0.11955236684
0.11955236684
0.11955236684
0.119552366842
0.095911795516
0.0959117955176
0.095911795515
0.0959117955176
0.0633501713105
0.0633501713105
0.0633501713105
0.0633501713105
0.0450322413001
0.0450322412988
0.0450322412988
0.0450322412988
0.106937855574
0.106937855573
0.106937855573
0.106937855574
0.090220752161
0.090220752161
0.090220752161
0.090220752161
0.0700364957688
0.0700364957679
0.0700364957679
0.0700364957687
0.0765043625276
0.0765043625276
0.0765043625276
0.0765043625276
0.051621503382
0.0516215033829
0.0516215033829
0.051621503382
0.0810149393927
0.0810149393927
0.0810149393927
0.0810149393927
0.0650435893637
0.0650435893637
0.0650435893637
0.0650435893637
0.0728914426298
0.0728914426298
0.0728914426298
0.0728914426298
0.0711445332653
0.0711445332653
0.0711445332653
0.0711445332653
0.0978827420327
0.0978827420327
0.0978827420327
0.097882742031
0.152362076417
0.152362076414
0.152362076416
0.152362076413
0.0958863398641
0.095886339864
0.0958863398631
0.0958863398632
0.0797081704738
0.0797081704738
0.0797081704738
0.0797081704738
0.110835385659
0.110835385659
0.110835385659
0.110835385659
0.134022409191
0.13402240919
0.134022409191
0.13402240919
0.114627487496
0.114627487496
0.114627487496
0.114627487496
0.0500807440171
0.0500807440171
0.0500807440171
0.0500807440171
0.0962179584012
0.0962179584012
0.0962179584012
0.0962179584012
0.102576595814
0.102576595814
0.102576595814
0.102576595814
0.0700285333717
0.0700285333717
0.0700285333717
0.0700285333717
0.0803787588849
0.0803787588849
0.0803787588849
0.0803787588849
0.0986663843521
0.0986663843521
0.0986663843522
0.0986663843521
0.0539311355546
0.0539311355546
0.0539311355546
0.0539311355546
0.0544019288625
0.0544019288623
0.0544019288618
0.0544019288616
0.0451733608935
0.0451733608926
0.0451733608926
0.0451733608926
0.031741569152
0.0317415691521
0.0317415691521
0.0317415691521
0.0598617427129
0.0598617427129
0.0598617427129
0.0598617427129
0.102609028145
0.102609028145
0.102609028146
0.102609028144
0.0847009147813
0.0847009147813
0.0847009147813
0.0847009147813
0.0567002779916
0.0567002779916
0.0567002779916
0.0567002779916
0.0753476309078
0.0753476309078
0.0753476309078
0.0753476309078
0.0294590290804
0.0294590290804
0.0294590290804
0.0294590290804
0.101740273284
0.101740273284
0.101740273284
0.101740273284
0.108218669889
0.108218669889
0.108218669889
0.108218669889
0.10289308717
0.10289308717
0.10289308717
0.10289308717
0.00601150018884
0.00601150018884
0.00601150018884
0.00601150018884
0.0154996355111
0.0154996355111
0.0154996355111
0.0154996355111
0.0650214344993
0.0650214344993
0.0650214344993
0.0650214344993
0.0923888268968
0.0923888268968
0.0923888268968
0.0923888268967
0.0814652061991
0.0814652061991
0.0814652061991
0.0814652061991
0.045024884617
0.045024884617
0.045024884617
0.045024884617
0.0354976434093
0.0354976434093
0.0354976434093
0.0354976434093
0.0380524026809
0.038052402681
0.038052402681
0.038052402681
0.060837655157
0.060837655157
0.060837655157
0.060837655157
0.0358455553966
0.0358455553966
0.0358455553966
0.0358455553966
0.0496750663626
0.0496750663626
0.0496750663626
0.0496750663626
0.0871388680992
0.0871388680992
0.0871388680992
0.0871388680992
0.0903931418251
0.0903931418251
0.0903931418251
0.0903931418251
0.0789516758904
0.0789516758904
0.0789516758904
0.0789516758904
0.0986350352363
0.0986350352358
0.098635035237
0.0986350352365
0.0970261337183
0.0970261337183
0.097026133718
0.0970261337161
0.121823992875
0.121823992875
0.121823992875
0.121823992875
0.0916385448215
0.0916385448223
0.0916385448226
0.0916385448234
0.0755691524747
0.0755691524747
0.0755691524747
0.0755691524747
0.108009268407
0.108009268407
0.108009268407
0.108009268407
0.165592476492
0.165592476491
0.165592476492
0.165592476492
0.0918937671453
0.0918937671453
0.0918937671453
0.0918937671453
0.114833433344
0.114833433344
0.114833433344
0.114833433344
0.113498267816
0.113498267816
0.113498267816
0.113498267816
0.0770925979503
0.0770925979503
0.0770925979503
0.0770925979503
0.0668998530691
0.0668998530691
0.0668998530691
0.0668998530691
0.0703380172333
0.0703380172333
0.0703380172333
0.0703380172333
0.0726055033444
0.0726055033444
0.0726055033444
0.0726055033444
0.0614791088967
0.0614791088967
0.0614791088967
0.0614791088967
0.0501575945185
0.0501575945185
0.0501575945185
0.0501575945185
0.0429132759622
0.0429132759622
0.0429132759622
0.0429132759622
0.0430843177623
0.0430843177623
0.0430843177623
0.0430843177623
0.0708880903382
0.0708880903382
0.0708880903382
0.0708880903382
0.0723425648241
0.0723425648241
0.0723425648241
0.0723425648241
0.0998600202685
0.0998600202685
0.0998600202685
0.0998600202685
0.0854663875514
0.0854663875514
0.0854663875514
0.0854663875514
0.0779651666882
0.0779651666882
0.0779651666882
0.0779651666882
0.0632688253668
0.0632688253668
0.0632688253668
0.0632688253668
0.0618707506785
0.0618707506785
0.0618707506785
0.0618707506785
0.0815781461316
0.0815781461316
0.0815781461316
0.0815781461316
0.0870208738186
0.0870208738186
0.0870208738186
0.0870208738186
0.107264615979
0.107264615979
0.107264615979
0.107264615979
0.0880997904783
0.0880997904783
0.0880997904783
0.0880997904783
0.0650772255215
0.0650772255215
0.0650772255215
0.0650772255215
0.0348938740711
0.0348938740711
0.0348938740711
0.0348938740711
0.0778636709815
0.0778636709804
0.0778636709809
0.0778636709798
0.0471850619123
0.0471850619121
0.0471850619121
0.047185061911
0.0475125665308
0.0475125665308
0.0475125665308
0.0475125665308
0.0287902326571
0.0287902326571
0.0287902326571
0.0287902326571
0.0310398033132
0.0310398033132
0.0310398033132
0.0310398033132
0.0388441173663
0.0388441173663
0.0388441173663
0.0388441173663
0.0385650606347
0.0385650606347
0.0385650606347
0.0385650606347
0.0507384414446
0.0507384414446
0.0507384414446
0.0507384414446
0.0641008897523
0.0641008897523
0.0641008897523
0.0641008897523
0.0682080746841
0.0682080746841
0.0682080746841
0.0682080746841
0.0744491176689
0.0744491176698
0.0744491176699
0.0744491176708
0.0757051596316
0.0757051596316
0.0757051596316
0.0757051596316
0.089179432921
0.089179432921
0.089179432921
0.089179432921
0.0798923827557
0.0798923827557
0.0798923827557
0.0798923827557
0.0480260381004
0.0480260381004
0.0480260381004
0.0480260381004
0.0394927813839
0.0394927813839
0.0394927813839
0.0394927813839
0.051012514836
0.051012514836
0.051012514836
0.051012514836
0.0730316683039
0.0730316683039
0.0730316683039
0.0730316683039
0.06301028295
0.06301028295
0.06301028295
0.06301028295
0.0735053865313
0.0735053865313
0.0735053865313
0.0735053865313
0.0656230788046
0.0656230788046
0.0656230788046
0.0656230788046
0.0744521682136
0.0744521682136
0.0744521682136
0.0744521682136
0.0956136798341
0.0956136798341
0.0956136798341
0.0956136798316
0.12777858532
0.12777858532
0.127778585321
0.127778585321
0.0499130996073
0.0499130996073
0.0499130996073
0.0499130996073
0.082450203224
0.082450203224
0.082450203224
0.0824502032241
0.11691774652
0.11691774652
0.11691774652
0.11691774652
0.0194163054929
0.0194163054928
0.0194163054928
0.0194163054928
0.0614070697576
0.0614070697576
0.0614070697576
0.0614070697576
0.0641066306706
0.0641066306706
0.0641066306706
0.0641066306706
0.0617365816987
0.0617365816987
0.0617365816987
0.0617365816987
0.0596480682806
0.0596480682806
0.0596480682806
0.0596480682806
0.0670073308752
0.0670073308752
0.0670073308752
0.0670073308752
0.0649999498052
0.0649999498052
0.0649999498052
0.0649999498052
0.0611187721022
0.0611187721022
0.0611187721022
0.0611187721022
0.0687116073584
0.0687116073584
0.0687116073584
0.0687116073584
0.0649074305912
0.0649074305912
0.0649074305912
0.0649074305912
0.0683523520349
0.0683523520349
0.0683523520349
0.0683523520349
0.0620039014524
0.0620039014524
0.0620039014524
0.0620039014524
0.0600624136279
0.0600624136279
0.0600624136279
0.0600624136279
0.065737420247
0.065737420247
0.065737420247
0.065737420247
0.0692773153423
0.0692773153423
0.0692773153438
0.0692773153422
0.0687110049744
0.0687110049751
0.0687110049752
0.0687110049743
0.0650700496805
0.0650700496805
0.0650700496805
0.0650700496805
0.0679839696272
0.0679839696272
0.0679839696272
0.0679839696272
0.0671571794708
0.0671571794705
0.06715717947
0.0671571794697
0.0639291687815
0.0639291687815
0.0639291687808
0.0639291687822
0.0590591988575
0.059059198857
0.0590591988567
0.0590591988578
0.0604764916386
0.0604764916386
0.0604764916386
0.0604764916386
0.0643580622006
0.0643580622006
0.0643580622006
0.0643580622006
0.116114557046
0.116114557046
0.116114557046
0.116114557046
0.0535815507249
0.0535815507249
0.0535815507249
0.0535815507249
0.0751029667805
0.0751029667805
0.0751029667805
0.0751029667805
0.061605931217
0.061605931217
0.061605931217
0.061605931217
0.0931142500757
0.0931142500757
0.0931142500757
0.0931142500757
0.0643677369878
0.0643677369878
0.0643677369878
0.0643677369878
0.0549166913817
0.0549166913817
0.0549166913817
0.0549166913817
0.0864080617428
0.0864080617428
0.0864080617428
0.0864080617428
0.0697193461686
0.0697193461686
0.0697193461686
0.0697193461686
0.0644713548484
0.0644713548484
0.0644713548484
0.0644713548484
0.0714489555379
0.0714489555379
0.0714489555379
0.0714489555379
0.0625682839971
0.0625682839971
0.0625682839971
0.0625682839971
0.0581400516923
0.0581400516923
0.0581400516923
0.0581400516923
0.0697535902015
0.0697535902015
0.0697535902015
0.0697535902015
0.0892666783227
0.0892666783227
0.0892666783227
0.0892666783227
0.0648470123921
0.0648470123921
0.0648470123921
0.0648470123921
0.0624609992166
0.0624609992166
0.0624609992166
0.0624609992166
0.0709351880906
0.0709351880906
0.0709351880906
0.0709351880906
0.0780105094765
0.0780105094765
0.0780105094765
0.0780105094765
0.0740820372822
0.0740820372822
0.0740820372822
0.0740820372822
0.0941245330442
0.094124533046
0.0941245330466
0.094124533046
0.0879421424478
0.0879421424473
0.0879421424473
0.0879421424491
0.0688294949296
0.0688294949296
0.0688294949296
0.0688294949296
0.089716850546
0.089716850546
0.089716850546
0.089716850546
0.104215152941
0.104215152941
0.104215152941
0.104215152941
0.067613649676
0.067613649676
0.067613649676
0.067613649676
0.0720381614195
0.0720381614185
0.0720381614194
0.0720381614185
0.0662958376693
0.0662958376696
0.0662958376696
0.0662958376677
0.0675463323035
0.0675463323035
0.0675463323035
0.0675463323035
0.0600405492492
0.0600405492492
0.0600405492492
0.0600405492492
0.0615726442532
0.0615726442531
0.0615726442514
0.0615726442531
0.0685551728008
0.0685551728008
0.0685551728025
0.0685551728008
0.0611845076351
0.0611845076351
0.0611845076351
0.0611845076351
0.0647126597388
0.0647126597388
0.0647126597388
0.0647126597388
0.0599769289603
0.0599769289603
0.0599769289603
0.0599769289603
0.0614300678438
0.0614300678438
0.0614300678421
0.0614300678439
0.0687802661264
0.0687802661265
0.0687802661265
0.0687802661282
0.0617051229449
0.0617051229449
0.0617051229449
0.0617051229449
0.069639137286
0.069639137286
0.069639137286
0.069639137286
0.0586893735417
0.0586893735414
0.0586893735409
0.0586893735422
0.0636202233952
0.0636202233951
0.0636202233961
0.063620223396
0.0691733877116
0.0691733877112
0.0691733877092
0.0691733877104
0.0682451214574
0.0682451214574
0.0682451214564
0.0682451214578
0.0695409905011
0.0695409904999
0.0695409904994
0.0695409904999
0.0726322795404
0.0726322795388
0.0726322795388
0.0726322795388
0.0575732452878
0.0575732452878
0.0575732452878
0.0575732452878
0.0889536024797
0.0889536024797
0.0889536024797
0.0889536024797
0.0628803513043
0.0628803513043
0.0628803513043
0.0628803513043
0.0700131933727
0.0700131933727
0.0700131933727
0.0700131933727
0.0902124045114
0.0902124045114
0.0902124045114
0.0902124045114
0.0796407155173
0.0796407155173
0.0796407155173
0.0796407155173
0.0751780090857
0.0751780090857
0.0751780090857
0.0751780090857
0.0753582125858
0.0753582125858
0.0753582125858
0.0753582125858
0.0998149831018
0.0998149831018
0.0998149831018
0.0998149831018
0.149723336983
0.149723336983
0.149723336983
0.149723336983
0.104711378839
0.104711378839
0.104711378839
0.104711378839
0.0839339407085
0.0839339407085
0.0839339407085
0.0839339407085
0.0845625847956
0.0845625847956
0.0845625847956
0.0845625847956
0.0528512474529
0.0528512474529
0.0528512474529
0.0528512474529
0.0593003077839
0.0593003077839
0.0593003077839
0.0593003077839
0.0895177232254
0.0895177232254
0.0895177232254
0.0895177232254
0.0615440693241
0.061544069325
0.0615440693248
0.0615440693257
0.0732489873271
0.0732489873271
0.0732489873271
0.0732489873271
0.0535129746244
0.0535129746244
0.0535129746244
0.0535129746244
0.121965904245
0.121965904245
0.121965904245
0.121965904245
0.0904470737706
0.0904470737706
0.0904470737706
0.0904470737706
0.0591778315075
0.0591778315075
0.0591778315075
0.0591778315075
0.0742262089471
0.0742262089475
0.074226208946
0.0742262089475
0.0532325994577
0.0532325994577
0.0532325994577
0.0532325994577
0.0866014032388
0.0866014032388
0.0866014032388
0.0866014032388
0.121472851388
0.121472851388
0.121472851388
0.121472851388
0.0726864154883
0.0726864154883
0.0726864154883
0.0726864154871
0.127540572478
0.127540572477
0.127540572478
0.127540572477
0.0999356468178
0.0999356468167
0.0999356468167
0.0999356468166
0.0567478311042
0.0567478311047
0.0567478311045
0.056747831104
0.0621617315746
0.0621617315746
0.0621617315746
0.0621617315746
0.0874847963321
0.0874847963321
0.0874847963321
0.0874847963321
0.0440284766
0.0440284766
0.0440284766
0.0440284766
0.0878087599618
0.0878087599618
0.0878087599618
0.087808759962
0.0918491022062
0.0918491022061
0.0918491022061
0.0918491022061
0.128373991882
0.128373991882
0.128373991882
0.128373991882
0.124933040871
0.124933040871
0.124933040871
0.124933040871
0.0331893116286
0.0331893116286
0.0331893116286
0.0331893116286
0.0954496947939
0.0954496947939
0.0954496947939
0.0954496947939
0.0889326246122
0.0889326246122
0.0889326246121
0.0889326246123
0.110949575926
0.110949575926
0.110949575926
0.110949575926
0.135450255111
0.135450255111
0.135450255111
0.135450255111
0.0686900936363
0.068690093636
0.0686900936353
0.0686900936349
0.0773938350851
0.0773938350851
0.0773938350851
0.0773938350851
0.0889449806113
0.0889449806113
0.0889449806113
0.0889449806111
0.0821789524947
0.0821789524947
0.082178952495
0.0821789524947
0.0892395609194
0.08923956092
0.089239560919
0.0892395609207
0.0720262744
0.0720262744001
0.0720262744002
0.0720262744001
0.0748274727285
0.0748274727285
0.0748274727285
0.0748274727285
0.0740475651865
0.0740475651849
0.0740475651849
0.0740475651849
0.0838953441795
0.0838953441795
0.0838953441795
0.0838953441795
0.0858786889321
0.0858786889321
0.0858786889321
0.0858786889321
0.108438147954
0.108438147955
0.108438147954
0.108438147955
0.0759274382673
0.0759274382664
0.075927438266
0.075927438267
0.111949021008
0.111949021008
0.111949021008
0.111949021008
0.0891617635741
0.0891617635741
0.0891617635741
0.0891617635741
0.0773192259477
0.0773192259477
0.0773192259477
0.0773192259477
0.084360146933
0.084360146933
0.084360146933
0.084360146933
0.0699177342996
0.0699177342996
0.0699177342996
0.0699177342996
0.0671962430559
0.0671962430559
0.0671962430559
0.0671962430559
0.0653495575465
0.0653495575476
0.0653495575471
0.0653495575482
0.0683660840209
0.0683660840209
0.0683660840209
0.0683660840209
0.0775677469625
0.0775677469625
0.0775677469625
0.0775677469625
0.0621749006117
0.0621749006117
0.0621749006117
0.0621749006117
0.0850441434842
0.0850441434842
0.0850441434842
0.0850441434842
0.0838501252353
0.0838501252353
0.0838501252353
0.0838501252353
0.0730087841433
0.0730087841433
0.0730087841433
0.0730087841433
0.0551585060504
0.0551585060504
0.0551585060504
0.0551585060504
0.0786468040804
0.0786468040804
0.0786468040804
0.0786468040804
0.0456368306547
0.0456368306547
0.0456368306547
0.0456368306547
0.0877537546458
0.0877537546458
0.0877537546458
0.0877537546458
0.0560885882727
0.0560885882727
0.0560885882727
0.0560885882727
0.0557644377717
0.0557644377717
0.0557644377717
0.0557644377717
0.0545150248054
0.0545150248054
0.0545150248054
0.0545150248054
0.0545028645379
0.0545028645379
0.0545028645379
0.0545028645379
0.0558584149936
0.0558584149936
0.0558584149936
0.0558584149936
0.0560176225705
0.0560176225705
0.0560176225705
0.0560176225705
0.0681742935704
0.0681742935704
0.0681742935704
0.0681742935704
0.0600292388623
0.0600292388623
0.0600292388623
0.0600292388623
0.0636550973019
0.0636550973019
0.0636550973019
0.0636550973019
0.0678469941336
0.0678469941336
0.0678469941336
0.0678469941336
0.0613892532347
0.0613892532347
0.0613892532347
0.0613892532347
0.067193582678
0.067193582678
0.067193582678
0.067193582678
0.0650833393094
0.0650833393094
0.0650833393094
0.0650833393094
0.0593168951772
0.0593168951772
0.0593168951772
0.0593168951772
0.0648754345903
0.0648754345903
0.0648754345903
0.0648754345903
0.0649678991739
0.0649678991739
0.0649678991739
0.0649678991739
0.062057342185
0.062057342185
0.062057342185
0.062057342185
0.0700487418185
0.0700487418185
0.0700487418185
0.0700487418185
0.0645260640146
0.0645260640146
0.0645260640146
0.0645260640146
0.0587559163282
0.0587559163282
0.0587559163282
0.0587559163282
0.067756181503
0.067756181503
0.067756181503
0.067756181503
0.0645381935562
0.0645381935562
0.0645381935562
0.0645381935562
0.0650992484793
0.0650992484793
0.0650992484793
0.0650992484793
0.0633009799051
0.0633009799051
0.0633009799051
0.0633009799051
0.0609258735291
0.0609258735291
0.0609258735291
0.0609258735291
0.0648863260485
0.0648863260485
0.0648863260485
0.0648863260485
0.0630576038526
0.0630576038526
0.0630576038526
0.0630576038526
0.065443789918
0.065443789918
0.065443789918
0.065443789918
0.0661619544816
0.0661619544816
0.0661619544816
0.0661619544816
0.0678033724083
0.0678033724083
0.0678033724083
0.0678033724083
0.0666603010658
0.066660301066
0.0666603010668
0.066660301065
0.0673160254489
0.0673160254489
0.0673160254489
0.0673160254489
0.0696922635805
0.0696922635805
0.0696922635805
0.0696922635805
0.0663340801188
0.0663340801188
0.0663340801188
0.0663340801188
0.0648825984584
0.0648825984584
0.0648825984584
0.0648825984584
0.0629551671835
0.0629551671835
0.0629551671835
0.0629551671835
0.0632096988844
0.0632096988844
0.0632096988844
0.0632096988844
0.0611770212834
0.0611770212834
0.0611770212834
0.0611770212834
0.0673385659654
0.0673385659654
0.0673385659654
0.0673385659654
0.0642465600075
0.0642465600075
0.0642465600075
0.0642465600075
0.0676777095264
0.0676777095264
0.0676777095264
0.0676777095264
0.0639049112881
0.0639049112881
0.0639049112881
0.0639049112881
0.0658489362315
0.0658489362323
0.0658489362332
0.0658489362324
0.056037643653
0.056037643653
0.056037643653
0.056037643653
0.0609023306224
0.0609023306224
0.0609023306224
0.0609023306224
0.071713374298
0.071713374298
0.071713374298
0.071713374298
0.0832549503853
0.0832549503853
0.0832549503853
0.0832549503853
0.0662615471529
0.0662615471529
0.0662615471529
0.0662615471529
0.0697835836037
0.0697835836037
0.0697835836037
0.0697835836037
0.0658487786844
0.0658487786844
0.0658487786844
0.0658487786844
0.0711968566761
0.0711968566761
0.0711968566761
0.0711968566761
0.0627040308237
0.0627040308237
0.0627040308237
0.0627040308237
0.0634048108582
0.0634048108582
0.0634048108582
0.0634048108582
0.083241950736
0.083241950736
0.083241950736
0.083241950736
0.0634507613742
0.0634507613742
0.0634507613742
0.0634507613742
0.085374302016
0.085374302016
0.085374302016
0.085374302016
0.0536571441
0.0536571441
0.0536571441
0.0536571441
0.0681238032573
0.0681238032573
0.0681238032573
0.0681238032573
0.0696081859669
0.0696081859669
0.0696081859669
0.0696081859669
0.0715950954616
0.0715950954611
0.071595095461
0.0715950954617
0.0638711751667
0.0638711751667
0.0638711751667
0.0638711751667
0.0741970410396
0.0741970410396
0.0741970410396
0.0741970410396
0.0746010328858
0.0746010328858
0.0746010328858
0.0746010328858
0.0567528401644
0.0567528401644
0.0567528401644
0.0567528401644
0.0609458639176
0.0609458639176
0.0609458639176
0.0609458639176
0.086861918493
0.086861918493
0.086861918493
0.086861918493
0.0742328410326
0.0742328410332
0.0742328410327
0.0742328410331
0.0691512615373
0.0691512615373
0.0691512615373
0.0691512615373
0.061607508148
0.061607508148
0.061607508148
0.061607508148
0.0768675955678
0.0768675955678
0.0768675955677
0.0768675955678
0.0736807004923
0.0736807004923
0.0736807004923
0.0736807004923
0.0721964978453
0.0721964978451
0.0721964978444
0.072196497846
0.0518149006836
0.0518149006836
0.0518149006836
0.0518149006836
0.0523647756259
0.0523647756259
0.0523647756259
0.0523647756259
0.0604245343553
0.0604245343553
0.0604245343553
0.0604245343553
0.0612134646765
0.0612134646765
0.0612134646765
0.0612134646765
0.0574331002492
0.0574331002492
0.0574331002492
0.0574331002492
0.0623080877748
0.0623080877748
0.0623080877748
0.0623080877748
0.0723034199
0.0723034199
0.0723034199
0.0723034199
0.0749810416227
0.0749810416227
0.0749810416227
0.0749810416227
0.0702845469943
0.0702845469943
0.0702845469943
0.0702845469943
0.0744483375091
0.0744483375091
0.0744483375091
0.0744483375091
0.0756020206346
0.0756020206346
0.0756020206346
0.0756020206346
0.0769970616178
0.0769970616178
0.0769970616178
0.0769970616178
0.0693053160138
0.0693053160138
0.0693053160138
0.0693053160138
0.0727258698969
0.0727258698969
0.0727258698969
0.0727258698969
0.0774302774028
0.0774302774028
0.0774302774028
0.0774302774028
0.0766529256947
0.0766529256957
0.0766529256967
0.0766529256957
0.0702792594813
0.0702792594813
0.0702792594813
0.0702792594813
0.0744539219562
0.0744539219562
0.0744539219562
0.0744539219562
0.108616381853
0.108616381853
0.108616381853
0.108616381853
0.115441211818
0.115441211818
0.115441211818
0.115441211818
0.0889572140101
0.0889572140101
0.0889572140101
0.0889572140101
0.0871799845913
0.0871799845913
0.0871799845913
0.0871799845913
0.184253872998
0.184253872998
0.184253872998
0.184253872998
0.105439880742
0.105439880742
0.105439880742
0.105439880742
0.0683555390494
0.0683555390494
0.0683555390494
0.0683555390494
0.0677803955497
0.0677803955497
0.0677803955497
0.0677803955497
0.0675157035657
0.0675157035657
0.0675157035657
0.0675157035657
0.0874989148866
0.0874989148866
0.0874989148866
0.0874989148866
0.0835569354277
0.0835569354277
0.0835569354277
0.0835569354277
0.0871941510831
0.0871941510831
0.0871941510831
0.0871941510831
0.0898752149143
0.0898752149143
0.0898752149143
0.0898752149143
0.0690148948926
0.0690148948924
0.0690148948918
0.0690148948932
0.0684578215752
0.0684578215752
0.0684578215752
0.0684578215752
0.0974710151355
0.0974710151355
0.0974710151355
0.0974710151355
0.100667789303
0.100667789303
0.100667789303
0.100667789303
0.0976624926124
0.0976624926124
0.0976624926124
0.0976624926149
0.080506260249
0.0805062602502
0.0805062602499
0.0805062602492
0.0716959800595
0.0716959800595
0.0716959800595
0.0716959800595
0.0808227209803
0.0808227209803
0.0808227209803
0.0808227209803
0.0755951364396
0.0755951364396
0.0755951364396
0.0755951364396
0.0724598259774
0.0724598259774
0.0724598259774
0.0724598259774
0.079715662344
0.079715662344
0.079715662344
0.079715662344
0.0614621624822
0.0614621624815
0.0614621624811
0.0614621624826
0.0799371974673
0.0799371974673
0.0799371974673
0.0799371974673
0.0551027481847
0.0551027481847
0.0551027481847
0.0551027481847
