0.113733088347
0.113733088347
0.113733088347
0.113733088347
0.142886067205
0.142886067204
0.142886067205
0.142886067204
0.0494989625946
0.0494989625946
0.0494989625946
0.0494989625946
0.0215447821671
0.0215447821675
0.021544782167
0.0215447821673
0.218065118803
0.218065118803
0.218065118803
0.218065118803
0.259895045713
0.259895045713
0.259895045713
0.259895045713
0.091526234772
0.0915262347727
0.0915262347725
0.0915262347722
0.0537631386896
0.0537631386901
0.0537631386904
0.0537631386899
0.1389870379
0.1389870379
0.1389870379
0.1389870379
0.159708362468
0.159708362468
0.159708362468
0.159708362468
0.194496643727
0.194496643727
0.194496643727
0.194496643727
0.167093130495
0.167093130495
0.167093130495
0.167093130495
0.0746667976597
0.0746667976597
0.0746667976597
0.0746667976597
0.0996561499778
0.0996561499778
0.0996561499778
0.0996561499778
0.163233882957
0.163233882957
0.163233882957
0.163233882957
0.152950750043
0.152950750044
0.152950750044
0.152950750046
0.0361289427829
0.0361289427829
0.0361289427829
0.0361289427829
0.0393183124661
0.0393183124661
0.0393183124661
0.0393183124661
0.0413979546515
0.0413979546515
0.0413979546515
0.0413979546515
0.0365239926037
0.0365239926037
0.0365239926037
0.0365239926037
0.01997221122
0.01997221122
0.01997221122
0.01997221122
0.0233848224767
0.0233848224767
0.0233848224767
0.0233848224767
0.0528808335912
0.0528808335912
0.0528808335912
0.0528808335912
0.103961865551
0.103961865551
0.103961865551
0.103961865551
0.258872645684
0.258872645684
0.258872645684
0.258872645684
0.314456570498
0.314456570498
0.314456570498
0.314456570498
0.251100092361
0.251100092361
0.251100092361
0.251100092361
0.167623461971
0.167623461973
0.167623461973
0.167623461973
0.068867419411
0.0688674194104
0.0688674194113
0.0688674194108
0.0776676420377
0.0776676420377
0.0776676420377
0.0776676420377
0.048656954001
0.0486569540016
0.0486569540016
0.048656954003
0.0658556855675
0.0658556855675
0.0658556855675
0.0658556855675
0.00635542764318
0.00635542764312
0.00635542764312
0.00635542764248
0.00663930919325
0.00663930919325
0.00663930919403
0.00663930919325
0.0295494999174
0.0295494999174
0.0295494999174
0.0295494999174
0.0707109505541
0.0707109505541
0.0707109505541
0.0707109505541
0.0808138610968
0.0808138610968
0.0808138610968
0.0808138610968
0.0582365441317
0.0582365441317
0.0582365441317
0.0582365441317
0.0555107290259
0.0555107290259
0.0555107290259
0.0555107290259
0.113725948062
0.113725948062
0.113725948062
0.113725948063
0.0406846328521
0.0406846328521
0.0406846328521
0.0406846328521
0.0504600237568
0.0504600237568
0.0504600237567
0.0504600237549
0.0774489703242
0.0774489703242
0.0774489703242
0.0774489703242
0.0555521169648
0.0555521169648
0.0555521169648
0.0555521169648
0.0544081814019
0.0544081814019
0.0544081814019
0.0544081814019
0.06981500458
0.06981500458
0.06981500458
0.06981500458
0.126334096066
0.126334096066
0.126334096066
0.126334096066
0.093737941338
0.093737941338
0.093737941338
0.093737941338
0.212040486736
0.212040486736
0.212040486736
0.212040486736
0.121895721472
0.121895721472
0.121895721472
0.121895721472
0.142980417681
0.142980417681
0.142980417682
0.142980417683
0.143244636905
0.143244636905
0.143244636905
0.143244636905
0.0998189897769
0.0998189897768
0.0998189897763
0.0998189897774
0.115066245243
0.115066245242
0.115066245242
0.115066245242
0.0982864114481
0.0982864114486
0.0982864114478
0.0982864114482
0.211537885619
0.211537885618
0.211537885616
0.211537885617
0.311283755818
0.311283755818
0.311283755818
0.311283755822
0.313054204357
0.313054204356
0.313054204354
0.313054204355
0.18666683844
0.18666683844
0.18666683844
0.18666683844
0.247577515901
0.247577515901
0.247577515901
0.247577515901
0.109955535017
0.109955535015
0.109955535015
0.109955535015
0.105959219345
0.105959219346
0.105959219346
0.105959219346
0.0339100736365
0.0339100736365
0.0339100736365
0.0339100736365
0.0872688390669
0.0872688390669
0.0872688390669
0.0872688390669
0.105008192086
0.105008192086
0.105008192086
0.105008192086
0.0782433072229
0.0782433072229
0.0782433072229
0.0782433072229
0.0883967570099
0.0883967570099
0.0883967570099
0.0883967570099
0.0320505289056
0.0320505289056
0.0320505289056
0.0320505289056
0.0997321914597
0.0997321914597
0.0997321914597
0.0997321914597
0.0899838594717
0.0899838594717
0.0899838594717
0.0899838594717
0.0909990492948
0.0909990492948
0.0909990492948
0.0909990492948
0.0779772447759
0.0779772447759
0.0779772447759
0.0779772447759
0.11340048051
0.11340048051
0.11340048051
0.11340048051
0.0886120881615
0.0886120881615
0.0886120881615
0.0886120881615
0.248614765673
0.248614765673
0.248614765671
0.248614765673
0.303483042261
0.303483042259
0.303483042259
0.303483042259
0.128752952862
0.128752952862
0.128752952862
0.128752952862
0.101744831287
0.101744831287
0.101744831287
0.101744831287
0.277276307518
0.277276307518
0.277276307518
0.277276307518
0.279473539157
0.279473539157
0.279473539157
0.279473539157
0.275306393748
0.275306393748
0.275306393748
0.275306393748
0.237053877694
0.237053877694
0.237053877694
0.237053877694
0.468831982664
0.468831982662
0.468831982662
0.468831982659
0.392479223485
0.392479223485
0.392479223485
0.392479223485
0.228180415931
0.228180415934
0.228180415933
0.228180415935
0.247068744199
0.247068744195
0.247068744195
0.247068744193
0.143697469491
0.143697469491
0.143697469491
0.143697469491
0.154175784449
0.154175784449
0.154175784449
0.154175784449
0.269066817379
0.269066817379
0.269066817379
0.269066817379
0.247411337699
0.247411337699
0.247411337697
0.247411337702
0.279950609343
0.279950609343
0.279950609343
0.279950609343
0.296957483356
0.296957483357
0.296957483359
0.296957483357
0.0612679746294
0.0612679746294
0.0612679746294
0.0612679746294
0.0460446736385
0.0460446736385
0.0460446736385
0.0460446736385
0.0767434671086
0.0767434671086
0.0767434671086
0.0767434671086
0.106725102392
0.106725102392
0.106725102392
0.106725102392
0.0888281885642
0.0888281885642
0.0888281885642
0.0888281885642
0.104058025086
0.104058025086
0.104058025086
0.104058025086
0.166178446436
0.166178446436
0.166178446436
0.166178446436
0.133030679664
0.133030679664
0.133030679664
0.133030679664
0.142009226954
0.142009226953
0.142009226952
0.142009226954
0.080855882819
0.080855882819
0.080855882819
0.080855882819
0.1819340159
0.1819340159
0.1819340159
0.1819340159
0.111023999085
0.111023999085
0.111023999085
0.111023999085
0.123562350417
0.123562350417
0.123562350417
0.123562350417
0.0978230401066
0.0978230401066
0.0978230401066
0.0978230401066
0.0897251971519
0.0897251971519
0.0897251971519
0.0897251971519
0.0842069236994
0.0842069236994
0.0842069236994
0.0842069236994
0.0519450042029
0.0519450042029
0.0519450042029
0.0519450042029
0.0832223135131
0.0832223135131
0.0832223135131
0.0832223135131
0.0917982019203
0.0917982019203
0.0917982019203
0.0917982019203
0.0643379467974
0.0643379467974
0.0643379467974
0.0643379467974
0.0784769163187
0.0784769163187
0.0784769163187
0.0784769163187
0.0766304352242
0.0766304352244
0.0766304352235
0.0766304352238
0.174505165662
0.174505165662
0.174505165659
0.174505165662
0.166758038181
0.166758038178
0.166758038178
0.166758038178
0.11613895743
0.11613895743
0.11613895743
0.11613895743
0.190843678626
0.190843678626
0.190843678626
0.190843678626
0.104090887067
0.104090887067
0.104090887067
0.104090887067
0.163363132298
0.163363132298
0.163363132298
0.163363132298
0.158209613819
0.158209613819
0.158209613819
0.158209613819
0.113361009228
0.113361009228
0.113361009228
0.113361009228
0.0749098229926
0.0749098229926
0.0749098229911
0.0749098229926
0.0773231377533
0.0773231377517
0.0773231377517
0.0773231377523
0.340215126631
0.340215126631
0.340215126631
0.340215126631
0.265845643525
0.265845643525
0.265845643524
0.265845643528
0.13820644211
0.13820644211
0.13820644211
0.13820644211
0.155676944991
0.155676944991
0.155676944991
0.155676944991
0.361149185298
0.361149185296
0.361149185298
0.361149185296
0.372071468505
0.372071468509
0.372071468505
0.372071468511
0.095983593765
0.0959835937638
0.0959835937639
0.0959835937627
0.0734316888291
0.0734316888291
0.0734316888291
0.0734316888291
0.139941761666
0.139941761666
0.139941761666
0.139941761666
0.172601006451
0.172601006451
0.172601006451
0.172601006451
0.0479584591054
0.0479584591054
0.0479584591054
0.0479584591054
0.0681490301668
0.0681490301668
0.0681490301668
0.0681490301668
0.0868275446506
0.0868275446506
0.0868275446506
0.0868275446506
0.0628338412455
0.0628338412455
0.0628338412455
0.0628338412464
0.0707533760542
0.0707533760542
0.0707533760542
0.0707533760542
0.192082447399
0.192082447399
0.192082447399
0.192082447399
0.080131991902
0.080131991902
0.080131991902
0.080131991902
0.0700416959168
0.0700416959168
0.0700416959168
0.0700416959168
0.0523869666077
0.0523869666077
0.0523869666077
0.0523869666077
0.0741921050695
0.0741921050695
0.0741921050695
0.0741921050695
0.175936569412
0.175936569412
0.175936569412
0.175936569412
0.232996318353
0.232996318351
0.23299631835
0.232996318351
0.0516267796773
0.0516267796774
0.051626779677
0.0516267796768
0.0234242444582
0.0234242444583
0.0234242444586
0.0234242444587
0.0459411188304
0.0459411188304
0.0459411188304
0.0459411188304
0.124080675328
0.124080675328
0.124080675328
0.124080675328
0.044050256192
0.0440502561935
0.0440502561936
0.0440502561935
0.0667889777383
0.0667889777383
0.0667889777383
0.0667889777383
0.172549838298
0.172549838298
0.172549838298
0.172549838298
0.197831082521
0.197831082524
0.197831082524
0.197831082524
0.118924607555
0.118924607555
0.118924607555
0.118924607555
0.101140878254
0.101140878254
0.101140878254
0.101140878254
0.161116232866
0.161116232865
0.161116232863
0.161116232865
0.0659346443963
0.0659346443963
0.0659346443963
0.0659346443963
0.058494515379
0.058494515379
0.058494515379
0.058494515379
0.051238376548
0.051238376548
0.051238376548
0.051238376548
0.110529220152
0.110529220151
0.110529220153
0.110529220152
0.0852555065441
0.0852555065441
0.0852555065441
0.0852555065441
0.211475823907
0.211475823907
0.211475823909
0.211475823909
0.203087976955
0.203087976956
0.203087976956
0.203087976957
0.162988440366
0.162988440365
0.162988440366
0.162988440364
0.0865537257353
0.0865537257341
0.0865537257345
0.0865537257349
0.0612243702037
0.0612243702037
0.0612243702037
0.0612243702037
0.079362341137
0.079362341137
0.079362341137
0.0793623411367
0.107334141589
0.107334141589
0.107334141589
0.107334141589
0.108488242822
0.108488242822
0.108488242823
0.108488242822
0.0731877921379
0.0731877921379
0.0731877921379
0.0731877921379
0.0628177080088
0.0628177080088
0.0628177080088
0.0628177080088
0.0633238747187
0.0633238747187
0.0633238747187
0.0633238747187
0.103038066741
0.103038066741
0.103038066741
0.103038066741
0.167355400382
0.167355400382
0.167355400382
0.167355400382
0.0691243847014
0.0691243847044
0.0691243847033
0.0691243847042
0.100552184288
0.100552184288
0.100552184288
0.100552184288
0.152883242862
0.152883242862
0.152883242862
0.152883242862
0.10491309547
0.10491309547
0.10491309547
0.10491309547
0.28763362785
0.28763362785
0.28763362785
0.28763362785
0.286361774147
0.286361774147
0.286361774147
0.286361774147
0.108258182484
0.108258182484
0.108258182484
0.108258182484
0.230552079969
0.230552079969
0.230552079969
0.230552079969
0.124659612168
0.124659612168
0.124659612168
0.124659612168
0.163254768209
0.163254768207
0.163254768208
0.163254768206
0.0524340900935
0.0524340900935
0.0524340900935
0.0524340900935
0.201879334634
0.201879334632
0.20187933463
0.201879334633
0.206380525549
0.20638052555
0.206380525551
0.20638052555
0.0420656863856
0.0420656863856
0.0420656863856
0.0420656863856
0.0137411334805
0.0137411334806
0.0137411334811
0.013741133481
0.0205425283744
0.0205425283744
0.0205425283744
0.0205425283744
0.187119139948
0.187119139948
0.187119139948
0.187119139948
0.0837197534603
0.0837197534603
0.0837197534603
0.0837197534603
0.025435844317
0.025435844317
0.025435844317
0.025435844317
0.0853709675146
0.0853709675135
0.0853709675146
0.0853709675135
0.037064450507
0.037064450507
0.037064450507
0.037064450507
0.04447449093
0.04447449093
0.04447449093
0.04447449093
0.343497079557
0.343497079557
0.343497079557
0.343497079557
0.262518460942
0.26251846094
0.26251846094
0.262518460942
0.172767263107
0.172767263107
0.172767263107
0.172767263107
0.0696597119631
0.0696597119631
0.0696597119631
0.0696597119631
0.126073983845
0.126073983845
0.126073983845
0.126073983845
0.105642479859
0.105642479859
0.105642479859
0.105642479859
0.164121172591
0.164121172593
0.164121172593
0.164121172593
0.125593236455
0.125593236455
0.125593236455
0.125593236455
0.128253645147
0.128253645147
0.128253645147
0.128253645147
0.249292977808
0.249292977808
0.249292977808
0.249292977808
0.27342160244
0.273421602438
0.27342160244
0.273421602438
0.110315783521
0.110315783521
0.110315783521
0.110315783521
0.1116316605
0.1116316605
0.1116316605
0.1116316605
0.0915621199086
0.0915621199086
0.0915621199086
0.0915621199086
0.11671109299
0.116711092991
0.116711092991
0.116711092992
0.214919015009
0.214919015009
0.214919015009
0.21491901501
0.184767083484
0.184767083484
0.184767083484
0.184767083484
0.138269433446
0.138269433446
0.138269433446
0.138269433446
0.11131309676
0.11131309676
0.11131309676
0.11131309676
0.037390290971
0.037390290971
0.037390290971
0.037390290971
0.141023638005
0.141023638005
0.141023638005
0.141023638005
0.24072733439
0.24072733439
0.24072733439
0.24072733439
0.0352709226634
0.0352709226634
0.0352709226634
0.0352709226634
0.0269737965778
0.0269737965778
0.0269737965778
0.0269737965778
0.427891810922
0.427891810922
0.427891810922
0.427891810922
0.547972838709
0.547972838709
0.547972838709
0.547972838709
0.386316940005
0.386316940005
0.386316940005
0.386316940005
0.301399146331
0.301399146331
0.301399146331
0.301399146332
0.233140657251
0.233140657252
0.233140657251
0.23314065725
0.325150563064
0.325150563064
0.325150563064
0.325150563064
0.146025927613
0.146025927613
0.146025927613
0.146025927613
0.163351948189
0.163351948189
0.163351948189
0.163351948189
0.544860000564
0.544860000561
0.544860000563
0.544860000562
0.3771920751
0.3771920751
0.3771920751
0.3771920751
0.181646398473
0.181646398473
0.181646398473
0.181646398475
0.2699714532
0.2699714532
0.269971453199
0.2699714532
0.254299752041
0.254299752041
0.254299752043
0.254299752037
0.266041573916
0.266041573916
0.266041573913
0.266041573916
0.410718710097
0.410718710097
0.410718710095
0.410718710097
0.0663784293108
0.0663784293108
0.0663784293108
0.0663784293108
0.10785696221
0.10785696221
0.10785696221
0.10785696221
0.190630527783
0.190630527783
0.190630527783
0.190630527783
0.164938565534
0.164938565533
0.164938565532
0.164938565535
0.196164407414
0.196164407414
0.196164407411
0.196164407414
0.135265042864
0.135265042864
0.135265042864
0.135265042864
0.0445528581719
0.0445528581719
0.0445528581719
0.0445528581719
0.087115069389
0.087115069389
0.087115069389
0.087115069389
0.040907269069
0.040907269069
0.040907269069
0.040907269069
0.0889443363667
0.0889443363667
0.0889443363667
0.0889443363667
0.112096029109
0.112096029109
0.112096029109
0.112096029109
0.124436334114
0.124436334114
0.124436334116
0.124436334114
0.136217527798
0.136217527798
0.136217527798
0.136217527798
0.0812644373329
0.0812644373329
0.0812644373329
0.0812644373329
0.146912960457
0.146912960457
0.146912960457
0.146912960457
0.162440674497
0.162440674497
0.162440674497
0.1624406745
0.0939916705708
0.0939916705709
0.0939916705707
0.0939916705709
0.21246984776
0.212469847762
0.21246984776
0.21246984776
0.15816711189
0.15816711189
0.15816711189
0.15816711189
0.248482707751
0.248482707751
0.248482707751
0.248482707751
0.409451422391
0.40945142239
0.409451422392
0.409451422391
0.169230554635
0.169230554635
0.169230554635
0.169230554635
0.106338972957
0.106338972957
0.106338972957
0.106338972957
0.0773728540586
0.0773728540586
0.0773728540586
0.0773728540586
0.110785200135
0.110785200135
0.110785200135
0.110785200135
0.320559041811
0.320559041811
0.320559041811
0.320559041811
0.370446602524
0.370446602524
0.370446602523
0.370446602522
0.512103140146
0.512103140144
0.512103140143
0.512103140144
0.277059957883
0.277059957883
0.277059957885
0.277059957881
0.37816054685
0.37816054685
0.37816054685
0.37816054685
0.429608890175
0.429608890175
0.429608890175
0.429608890175
0.408231609838
0.408231609838
0.408231609838
0.408231609838
0.278318928099
0.278318928099
0.278318928099
0.278318928099
0.299617860309
0.299617860309
0.299617860309
0.299617860309
0.303609795407
0.303609795407
0.303609795407
0.303609795407
0.311572756609
0.31157275661
0.311572756611
0.311572756612
0.324785712315
0.324785712317
0.324785712317
0.324785712315
0.344547642221
0.344547642221
0.344547642221
0.344547642221
0.270192275914
0.270192275914
0.270192275914
0.270192275914
0.269740183052
0.269740183052
0.269740183052
0.269740183052
0.328378657211
0.328378657211
0.328378657211
0.328378657211
0.301441242308
0.301441242308
0.301441242308
0.301441242308
0.0813422667584
0.0813422667584
0.0813422667584
0.0813422667584
0.062305507548
0.0623055075474
0.0623055075469
0.0623055075485
0.0715579388141
0.0715579388141
0.0715579388141
0.0715579388141
0.0648565644077
0.0648565644077
0.0648565644077
0.0648565644077
