0.353118909612
0.32772626357
0.315018985201
0.256671835165
0.177260402971
0.0842578555229
0.257794449879
0.340836947393
0.290081302114
0.239866619686
0.258079685664
0.348186736858
0.295133357377
0.245583881875
0.179349685782
0.291840830523
0.572314044782
0.557446218732
0.700727592406
0.618360580716
0.292195243595
0.275524382935
0.747129918595
0.697252185163
0.0885081183924
0.0883185983704
0.238579654969
0.11660289573
0.0762663005252
0.0843764515766
0.184940488727
0.372807008815
0.462420737674
0.489307787353
0.519460996414
0.545548001693
0.467028708664
0.397720565145
0.309870370442
0.306993764419
0.259947503734
0.215907837183
0.158777111651
0.228702176679
0.0889764660499
0.117013977793
0.219295020732
0.180614690998
0.184061646796
0.307718488846
0.246086204925
0.425072730213
0.152870708873
0.188532542628
0.245021139172
0.255013659585
0.28328367385
0.4063682849
0.381299908819
0.234315817599
0.496351002028
0.407265342227
0.382410199619
0.403142334111
0.495210242173
0.224834699929
0.202287474953
0.23204383011
0.214885842118
0.390614178315
0.372005992115
0.449573175369
0.488339764737
0.425145614222
0.448359584714
0.446076428894
0.43119017924
0.407023272855
0.524548032078
0.191560167697
0.190964112534
0.116521102871
0.15228725649
0.100210832811
0.107278203409
0.154855546495
0.164696807472
0.434415555665
0.249075381536
0.200562074505
0.162038041861
0.154058633869
0.242545022821
0.183987968714
0.19510111524
0.231174123318
0.161153247266
0.244656616134
0.266299060128
0.326806729438
0.254952109795
0.552199635842
0.455690669223
0.443504077073
0.478554757612
0.323598364631
0.18205788936
0.213883411376
0.213038556372
0.396995929528
0.326776065156
0.266798459106
0.333491155257
0.325141594283
0.386591201867
0.371437462074
0.547168161608
0.381272456365
0.539941277502
0.437492989877
0.484131975413
0.435398304573
0.477061293183
0.34757454447
0.242700381854
0.237201069944
0.231436397853
0.233056604331
0.350876736895
0.428881001086
0.382847730227
0.435489517584
0.455055532208
0.461298108808
0.310928602225
0.259045367881
0.337596168685
0.411339281542
0.336884242883
0.331168537135
0.393758505326
0.375019896452
0.198967715634
0.344258609971
0.318574484034
0.362925992011
0.298405503437
0.238537941202
0.235654365942
0.220942800263
0.236216652669
0.122629079292
0.206986026349
0.257128098079
0.319629570974
0.33895057046
0.738243307752
0.283815813146
0.286872853926
0.305820205454
0.301148688477
0.533378572969
0.372256992306
0.3109667553
0.319834328733
0.388518143977
0.369783264988
0.314252107597
0.300539455471
0.383202169627
0.541126576262
0.578230357134
0.414899673988
0.301079615875
0.266390286932
0.279530986925
0.298731668103
0.367080309952
0.285608206663
0.248106380768
0.270940081862
0.288683854793
0.215320519527
0.240698162829
0.0990347956396
0.179791456063
0.138820766822
0.139160317361
0.156834927518
0.226390564055
0.404976920632
0.631127464948
0.227588939186
0.1987837642
0.215506623373
0.263594841018
0.425650899672
0.387445106793
0.359618029709
0.148943789433
0.127160357913
0.121144664306
0.370889765366
0.251778583808
0.257787760786
0.164406127202
0.228038442107
0.469103413131
0.316491102391
0.250750298991
0.235228306817
0.347420786057
0.232675043454
0.187230021588
0.290411177067
0.279385588152
0.218700776157
0.321640955572
0.329799648936
0.210969062268
0.209290975826
0.215955625852
0.225516941986
0.315964320872
0.332563331266
0.370984917363
0.28613049701
0.242461757869
0.282305647668
0.215449819329
0.228769786886
0.424239099321
0.21881293432
0.283115573483
0.299434096127
0.269296881834
0.288311199795
0.267901345766
0.279186509112
0.281357568893
0.410980653669
0.625940896714
0.383715619935
0.298656618044
0.394531333175
0.548977563985
0.512966218974
0.219158524237
0.355285423896
0.419777461228
0.277943249924
0.29222532914
0.307338751195
0.19517211854
0.208990289707
0.149025532827
0.148194345716
0.286704302995
0.352076698204
0.334325254261
0.274671146427
0.341907170665
0.141411685882
0.400343367506
0.409791647847
0.404123214009
0.077927019615
0.0804586969916
0.295536596244
0.332428257764
0.261889211573
0.20265925859
0.131472637627
0.146510464512
0.247175972754
0.13789990492
0.171167219129
0.346042162745
0.45517517821
0.411614371756
0.447865948968
0.351054890076
0.407925311287
0.391874687694
0.347288034471
0.470394490512
0.579831195426
0.367232183783
0.422440873993
0.404731813155
0.293739292716
0.257750468184
0.321154318292
0.316761179224
0.245178824812
0.191902687671
0.141933232235
0.144446695477
0.295336814622
0.242980216152
0.366193895644
0.328025143215
0.333290652979
0.224851800489
0.211095464641
0.362915799643
0.423974165285
0.398353846466
0.339929674197
0.279467201843
0.109889999367
0.22039390201
0.218394171253
0.214254709967
0.185977720036
0.224179953378
0.197067980479
0.169496261524
0.231156781986
0.255753783958
0.258309327182
0.297030627176
0.300442893666
0.333477195925
0.329812405777
0.269474369152
0.208256453654
0.209537075506
0.240622002228
0.195409703616
0.223228704459
0.282085955314
0.277345225078
0.378802397608
0.512497456725
0.163342635695
0.480187270428
0.399753321492
0.137125860632
0.249835359082
0.255921380161
0.216382242918
0.206598191236
0.248404720059
0.255088762095
0.206722410764
0.261141807171
0.303464591795
0.255109842848
0.245710988656
0.206586801769
0.290295225484
0.279062501107
0.306231405584
0.277088385274
0.263489760823
0.206594555774
0.213126130086
0.258992945292
0.214273120279
0.267590847368
0.470174792068
0.183077459485
0.289384915546
0.292207968651
0.352643509695
0.234969723159
0.242472630241
0.388319910266
0.274342255428
0.225335990725
0.316796891342
0.277687636673
0.247238653622
0.295243820356
0.292851595167
0.221416745088
0.258516441733
0.309604178542
0.318404384779
0.27256953673
0.434717560983
0.445450867406
0.319934988314
0.436939025322
0.450030129178
0.248820751614
0.234029412491
0.212804261224
0.301805595766
0.249232740752
0.252447378655
0.262616018231
0.294244692911
0.206731828219
0.293429522094
0.247139262139
0.259441758927
0.296002407397
0.265059425201
0.277129263791
0.227320419223
0.206124881373
0.255837724162
0.287094960005
0.25510109806
0.273304894837
0.366230624695
0.218997996975
0.270063908252
0.413642174405
0.314455993902
0.260332356306
0.326009760989
0.351079244193
0.60789195784
0.438709891933
0.319828118368
0.373805016209
0.229046316355
0.214959223595
0.372817268352
0.320183002073
0.345100427339
0.347454276622
0.425692812238
0.378165542651
0.250416105478
0.239138807252
0.293793343876
0.329802765035
0.459235764573
0.246485602941
0.411391375721
0.341748606819
0.340228531886
0.366087528999
0.212186767772
0.29557017859
0.233675634144
0.359859379255
0.398227128146
0.301896941059
0.344876366516
0.334292006865
0.367040726873
0.278774490095
0.285817263989
0.287563754396
0.342567574858
0.267913954878
0.332522176946
0.296056812843
0.43481543135
0.252175810087
0.274051176023
0.329435850267
0.282284759326
0.322590326351
0.295117325545
0.376607584459
0.324090095857
0.281486498346
0.19689490604
0.242894983688
0.296146611399
0.215594003102
0.262947387042
0.26189910522
0.259174560372
0.25845831708
0.261584612407
0.262585508778
0.272920032629
0.199263391296
0.249314730759
0.271480423638
0.204900828106
0.264905451638
0.260643461492
0.198662042912
0.259014417369
0.254051438896
0.204227459717
0.278446515356
0.254614061931
0.236041867829
0.277236607225
0.198402823705
0.234425093086
0.192641620855
0.214753078763
0.238636907824
0.260556126239
0.269712725738
0.26185205125
0.303651645275
0.294412791753
0.310505037038
0.206989925128
0.193234954003
0.260930297814
0.241513619314
0.306242376911
0.30312448445
0.260787484443
0.251147429442
0.256162582177
0.200787067026
0.243385845312
0.328708862871
0.281007093718
0.26179350046
0.310373833311
0.213265644393
0.34567909869
0.218637149056
0.259394160768
0.29462576782
0.276870388773
0.213761583315
0.363191870038
0.30000610527
0.272047615349
0.268453291228
0.29973106034
0.306010350415
0.309007096087
0.207834302126
0.220016474955
0.260175253746
0.273449278308
0.266434696668
0.278197175113
0.286422396981
0.276572982047
0.288398681094
0.308148697221
0.275169030358
0.335259527393
0.250643066151
0.250852290805
0.307464115053
0.322995535632
0.300496758313
0.307654586964
0.434863436131
0.323003554505
0.381933941945
0.319196994566
0.56645980833
0.483687529667
0.274258190492
0.255241813642
0.254933054624
0.395627598821
0.341576022036
0.342027626967
0.341151202325
0.258283456612
0.225642082312
0.358122063395
0.404448276902
0.394961879624
0.400537527501
0.336590594028
0.33464748479
0.298775343846
0.261098407284
0.0701065448593
0.183111309318
0.169660923759
0.102441718611
0.123547515317
0.0818955071914
0.0978195240427
0.199134140619
0.282992197112
0.167978798979
0.0706837905142
0.0265692622639
0.150719112317
0.123609228506
0.112064822772
0.107177842909
0.306835237196
0.221767648516
0.129411022659
0.136195830041
0.132747214985
0.114706185861
0.202061589959
0.1999238769
0.0659131350964
0.0975419729104
0.0854511833348
0.0802787681953
0.0911626177443
0.0120257367909
0.0811075625734
0.0463202716661
0.111068445898
0.0850379782608
0.0593898518347
0.0876842944966
0.0914006784548
0.0713990802814
0.0866229552608
0.0845371613354
0.0651182311594
0.0524637620816
0.0580729330425
0.0350256053076
0.100587289937
0.0869325429436
0.0659511849505
0.0787939346932
0.0885211626816
0.0794417334555
0.0603345043602
0.0626530853022
0.0404396020403
0.0200026249163
0.0517459640565
0.0682930808663
0.102599454596
0.0645095972506
0.112610043075
0.0842500793242
0.0238844192669
0.0773765600062
0.104063912392
0.116727793623
0.0627491032745
0.0640577137243
0.107019888008
0.0584244003456
0.0512939161574
0.0523960866032
0.0482505500449
0.0403172503411
0.0484133421642
0.0473518380688
0.0437056566511
0.0282682293063
0.0652313868802
0.0598633480321
0.178886830384
0.307350453384
0.0822887529093
0.0700461022374
0.0399357815042
0.0450167652051
0.0856335628945
0.0170016381011
0.172874834759
0.183200612969
0.086015041551
0.0768388002797
0.0911906400673
0.0588087124338
0.0585752826396
0.0631016157026
0.0943522573057
0.0979383557234
0.187042966778
0.164738758256
0.110355875664
0.233347283977
0.106545313495
0.135747948089
0.114865049388
0.132591428982
0.153239477681
0.12223018152
0.348835397612
0.143591637886
0.144726700637
0.109286121895
0.162582052107
0.118687179614
0.126054241175
0.173266582892
0.0715209013084
0.0593488476668
0.0628167647511
0.0656481990323
0.097567802207
0.104359912558
0.0950499426378
0.0653382397747
0.0764223241307
0.0857591375871
0.0768832345375
0.0969697975476
0.149862234639
0.131400886022
0.134274950517
0.112306402507
0.067437669202
0.103410844623
0.0793726873137
0.111254751476
0.100561138629
0.0828522945608
0.081226993536
0.0802979227499
0.138987074687
0.164035426094
0.236721668005
0.297910597597
0.10197769846
0.0393839521867
0.0456998830134
0.0581335428242
0.0431054872704
0.12814441253
0.0763256978737
0.0773977546509
0.0933018008291
0.0795276856539
0.0632347067771
0.0505909255384
0.10802201512
0.0390380536046
0.0351609539558
0.20564746661
0.199965331124
0.0636387247305
0.0477400903411
0.06953044684
0.0609513709865
0.0941041389976
0.10130021265
0.219588248911
0.118451519628
0.0449183744095
0.0471494970096
0.0434179481593
0.0325860228098
0.0685315941235
0.0656492152268
0.0767067223109
0.0669005924649
0.143638583755
0.1695246313
0.0771440300062
0.0844036017541
0.067978975102
0.106177490152
0.246398296739
0.224873134394
0.145565348711
0.157111713941
0.146433601373
0.0921993806539
0.0713041555618
0.0502419361635
0.0624104285486
0.0436122731252
0.0407501449342
0.0405963434175
0.071079268196
0.0591986214656
0.0790448747288
0.229500588945
0.0371855777446
0.0507759243866
0.0364888456703
0.0365115541752
0.0723542208703
0.0639072177012
0.138007955468
0.112103725466
0.111596357718
0.0916635093636
0.0695965613739
0.0359649176184
0.0633775614893
0.132650270443
0.0567741297096
0.109505147945
0.106328944801
0.124345195119
0.0521660263913
0.0634347093427
0.0337593651669
0.0551637337246
0.0793807304882
0.06203756805
0.0565822487098
0.0304293075627
0.0369393801966
0.0344168646475
0.0710522537111
0.0770092381769
0.0657045849829
0.0554336910287
0.0584371736154
0.0660676592073
0.0618633329481
0.0664595965804
0.0706907010416
0.0908452472339
0.0414839677201
0.0730398032244
0.0671361768221
0.0669286016515
0.105995573706
0.0561610048807
0.0800177378723
0.0666207113606
