0.0785539928583
0.107623249534
0.108892122615
0.107656822112
0.103685169454
0.0436637532646
0.0423332138386
0.0354965142371
0.0466033825846
0.0258322703505
0.0613246474502
0.0315667484362
0.0456202438072
0.0722134658572
0.0379863596531
0.0460703712086
0.0405336571979
0.0407487212432
0.037877213983
0.0376984995042
0.0721996500124
0.0492822191052
0.0457808399457
0.0450208602621
0.0496864763946
0.0711616559703
0.0357899647065
0.0378940224957
0.0358047530145
0.0452428414865
0.0388190714797
0.0721415899144
0.036031804057
0.0384805695992
0.03830745274
0.0387050424259
0.0375916399011
0.0362847462667
0.0340219387543
0.0361479713316
0.0303198989661
0.0417776824333
0.0365627400355
0.0409640490123
0.0313836147155
0.0349945112616
0.0336469139105
0.038879716424
0.0329085996013
0.0381701218519
0.0388386513498
0.0356776209592
0.0360566955898
0.0341643456862
0.0376819933218
0.079481725678
0.0790814767058
0.0397289067416
0.0346060435605
0.0393565219819
0.0440907713876
0.0348243063046
0.0351859241533
0.0318023489577
0.0373453138823
0.0342584642505
0.0358287711241
0.0375560399316
0.0347816702415
0.031336157267
0.0346381090139
0.0404078486624
0.0354878761425
0.035288451362
0.0375466612992
0.0342716815779
0.0442336526986
0.0421337010081
0.047395215345
0.0413996824197
0.0522127498296
0.0387490398319
0.0404418474446
0.0409598539117
0.0361132344472
0.039906612415
0.0400728247381
0.0405158174843
0.0474377266383
0.0522703325687
0.0491673147285
0.0423252852604
0.0397055824866
0.0516089998925
0.038558312894
0.0378552756188
0.0387668386976
0.0390567366254
0.051341819809
0.038900127401
0.0358650130584
0.0395184441249
0.0400644387954
0.0404506392082
0.0312345572189
0.0237207747472
0.0325302345147
0.0284643261868
0.0279228481813
0.0318233701552
0.0369753852828
0.0333200049111
0.0325608111256
0.0372413416904
0.0320361769501
0.0329702391415
0.0367585897442
0.0366687510969
0.0327574719847
0.0349772097966
0.0360202961627
0.034644313249
0.0350289624226
0.0329857607638
0.0348617439236
0.0341099683715
0.0330508250546
0.0337502801481
0.036950271333
0.0371437539923
0.0332136725965
0.0300440402589
0.0332011252737
0.0394691175676
0.0465450985139
0.0421193947221
0.0280304376056
0.0326159312603
0.0331256022283
0.0276401179384
0.0440643037586
0.0326084317538
0.0453618892023
0.0414849135537
0.0410467938755
0.0415015849302
0.0374244626495
0.0305893404518
0.030275635553
0.0370326745793
0.0355101213785
0.030436101116
0.037029400049
0.0291097500603
0.0318558784915
0.038961456865
0.0406785358056
0.0376502012948
0.0375355157671
0.0370457455986
0.0368775509718
0.0380535491605
0.0375811971354
0.0372092081689
0.0367192243936
0.0369483359711
0.0381794964349
0.0374054614527
0.0362334060734
0.0323653010956
0.0334257562116
0.0353486303013
0.0337638220623
0.0361000848521
0.0327001870952
0.0359419731284
0.0315905473136
0.0388631887761
0.031715215596
0.0380002602943
0.0416781770674
0.0411665337066
0.0280761973042
0.0280134980155
0.0198511313401
0.0186623560139
0.0198408164375
0.0128112450621
0.012698204401
0.0410918524772
0.0454539587862
0.039939490754
0.0127358102336
0.0413986621053
0.0126159023006
0.0183993753947
0.0197272686611
0.0197519897561
0.0299595670591
0.0295790023653
0.041693408677
0.041028694867
0.0269399964456
0.027248343446
0.0158367918639
0.0157835551883
0.0592231008395
0.0180531292014
0.0167366214732
0.018865938167
0.0188916320598
0.0273957767935
0.0274841188996
0.0353487751328
0.0389327577449
0.0373027561842
0.0374390530572
0.0372759104144
0.0365246102303
0.0228712373666
0.0590516615617
0.01709987849
0.017573642551
0.0173775922263
0.0154405493432
0.0156525276908
0.0136878604077
0.0157094368313
0.0135348838901
0.0251330756383
0.0248813662176
0.0167157928114
0.0193865971405
0.017563495913
0.0174655802949
0.0275893178803
0.028940939033
0.0179928492703
0.0176415256383
0.0123486053427
0.019125235642
0.0120978050319
0.0408326622164
0.0427333209618
0.0429202807953
0.0472863628082
0.046033188246
0.0282092509205
0.028191613208
0.0192736856651
0.0173499270926
0.0194024495729
0.0121027821105
0.0123837151752
0.0419541382271
0.0215676090797
0.0165406464897
0.0191531350822
0.0177500172907
0.0193265828399
0.0152354113395
0.0263706925558
0.0249562940995
0.0241990165429
0.0265881961052
0.0156159022249
0.0196213319069
0.028004554592
0.0224291484783
0.0221987392957
0.0281146043198
0.0213955888783
0.0163945572052
0.017754340461
0.0193934049121
0.0322353540908
0.0366733545466
0.0608057369181
0.055313731001
0.0304317122108
0.0240702433254
0.0280779349791
0.0211358342794
0.0182101663849
0.014551799121
0.0387853301185
0.0269430276082
0.0293317372288
0.0166666299926
0.0160688295292
0.0192407092988
0.0173302864099
0.025605462027
0.0215838322546
0.0212575290661
0.0253549517369
0.0237568074919
0.0183057996994
0.0167967613408
0.017812780118
0.0491421680214
0.0472265719841
0.0258487933933
0.0263926700781
0.0206272195644
0.0185116668249
0.0212617776437
0.0250559430811
0.0370206750177
0.030715094891
0.0301860041715
0.0256193667302
0.0245225141968
0.0259781400055
0.0112495228323
0.00967719078166
0.00815558640417
0.0080151266322
0.0108845210394
0.00880138831975
0.037021404893
0.0356368040855
0.0187793944391
0.0278626700483
0.0164531388131
0.0184614920416
0.024327655197
0.0222752051772
0.019915128433
0.0261015251598
0.0210225712042
0.0165635662586
0.0178651278106
0.0192182638945
0.0140392889645
0.0147623634511
0.0307010383513
0.0215762792599
0.05337854744
0.050543642643
0.0194100337982
0.0169022491509
0.0176363569839
0.0167326731698
0.0264626171581
0.0286579732756
0.0204985343034
0.0217127591823
0.0208715696829
0.022736487811
0.0564968238166
0.0363848094822
0.0215279284651
0.0223072237839
0.0212998135151
0.0202787367671
0.0222219184007
0.0204456150923
0.0215078130659
0.0218780834213
0.0169758364284
0.0157903678862
0.017087404399
0.01784812254
0.0132534707476
0.0148619193145
0.0338076631912
0.0182165054205
0.0197440093595
0.0193577992775
0.0190755433739
0.0206924892196
0.0369470711069
0.0323780544422
0.0178896412535
0.0186323949629
0.0117689795014
0.0118086597912
0.011264093696
0.0129852642249
0.0243420003351
0.0253429020125
0.0244058242547
0.0267752654941
0.0210417445175
0.019591800677
