0.00511411076017
0.00579313360278
0.00439006880396
0.00454375538766
0.00334456128654
0.00383264446418
0.00446514342534
0.00469539092266
0.00614031981466
0.00389689528039
0.00552517039803
0.00549039451721
0.00396985688697
0.00484176042396
0.004527733131
0.00339040852336
0.00500044190386
0.00517560394798
0.00423951111094
0.00444244343183
0.00412448104911
0.0034361552205
0.00392946497911
0.00540420624066
0.0047534108202
0.00417323684136
0.00381599959789
0.00438518235159
0.00534414149935
0.00429148928381
0.00420863551124
0.00485595689147
0.00399579389206
0.00402583938343
0.00473215795606
0.00489272226185
0.00413432627261
0.00439541530882
0.00509350347387
0.00409942755398
0.00361556988726
0.00504738367409
0.0033990166754
0.00373027385184
0.00350219939584
0.00533357804633
0.0055853974563
0.00335532256359
0.00282636830866
0.00288881147898
0.00335652581538
0.00631465085651
0.0034628265634
0.00221300818608
0.00403681424384
0.00377197450469
0.00379977986808
0.00459327365372
0.00510053343482
0.00502219214966
0.00555576358199
0.00419006159183
0.00213839324207
0.00365587688116
0.00358743401342
0.00383999938519
0.00430613088031
0.00348050430829
0.00277465287931
0.00357365891807
0.00226219406211
0.00238078989733
0.00590514063248
0.00529639812395
0.00424192054246
0.00265824237382
0.00260610305931
0.00407756303198
0.00528171265571
0.00468619255081
0.00549433550592
0.0037074082453
0.00325458792787
0.00305922346715
0.00214287829937
0.00253889249796
0.00208894098637
0.00255012289157
0.00228064770539
0.00348548853797
0.0042141289366
0.00416581459396
0.00352339429018
0.00584559950431
0.00567751432323
0.0062649104559
0.0051644027972
0.00367817105092
0.00487968667123
0.00497665555994
0.0046155383081
0.00481660139878
0.00408421154187
0.00345734116609
0.00366707079028
0.00366552219581
0.004716065213
0.00375215800286
0.004522262456
0.00363504821246
0.00386836475547
0.00251813860126
0.00238059048994
0.00435120083776
0.00280090169713
0.00388660188602
0.00292882305542
0.00318087954587
0.00235638924344
0.00342806638505
0.00410163858695
0.00304380234374
0.00356778060671
0.0043300534162
0.00392586775609
0.00358079645686
0.00385492028277
0.00477356436999
0.00427019701978
0.00418640371212
0.00433784917957
0.00463591872251
0.00360619502699
0.00570567771976
0.00427322993179
0.00460929451666
0.00443157163788
0.00334469979878
0.00291825571983
0.00358958073101
0.00390785827149
0.00517659283046
0.00488601170673
0.00480702047441
0.00351097232224
0.00418207190219
0.00447178199261
0.00420369593615
0.00468700537004
0.00382174529791
0.00447014830853
0.00342514248489
0.00360501437214
0.00410011261188
0.0039357918535
0.00501058801489
0.00410190850668
0.00368068136554
0.00403229172671
0.00425247706289
0.00473134255956
0.00438323767969
0.00358071810284
0.00276807491853
0.00363648534644
0.00260055754685
0.0036531389426
0.00278938138127
0.00347822920657
0.00378376650939
0.00335025657064
0.00357203408793
0.00257148084573
0.0035283195446
0.00336542363407
0.00395125331694
0.00274462313003
0.00377537079209
0.00417445416832
0.00537877473948
0.00411752419982
0.00357467147025
0.00652132239297
0.00455473362426
0.00342650030289
0.00365775510229
0.00528380736284
0.00467371453856
0.00387117333774
0.00396990034345
0.00407298591539
0.00428807087496
0.00542582169129
0.00410506636005
0.00371106163546
0.00410249766881
0.00553664706734
0.00237715108861
0.00680534631219
0.00429131137479
0.00369847148745
0.00347342562225
0.0041907777248
0.00603184775956
0.00550489612614
0.00353193081089
0.00428825575654
0.00305981016245
0.00311118159866
0.00493621381085
0.00388783039006
0.00512576078791
0.00611290521046
0.00434350617237
0.00606549474355
0.00548274723291
0.00458239179284
0.00364580815864
0.00409682227194
0.00387637023667
0.00376526940207
0.00313041173134
0.00496780913402
0.00333493525792
0.00337800292676
0.00451848958367
0.00353832702248
0.00471727345548
0.00435255765787
0.00408805386179
0.00326364728655
0.00275415393949
0.00306336101722
0.00333547886748
0.00350057463024
0.00428318437303
0.00326034173587
0.00232968587285
0.00247823726567
0.00254408975074
0.00373103285409
0.00238812367904
0.00261847416544
0.00531272012796
0.004023979794
0.00350614186194
0.00300477815657
0.00303429985886
0.00316273863604
0.00303534528884
0.00256948868224
0.00281186018084
0.00332997238894
0.00423639137373
0.00245259884376
0.00410189604548
0.00318343378397
0.00462211169115
0.00316553296755
0.00283147702615
0.00324188373907
0.0050819450082
0.0045407817005
0.00440462634552
0.00301646166911
0.0029348060687
0.00422363361248
0.00335828582421
0.00270016751685
0.0033666171932
0.00331172301125
0.00311981067669
0.00438873993732
0.00434423656878
0.0045414541587
0.00401344499582
0.00308147716714
0.00419781049883
0.00546780525044
0.00588069715545
0.00361226313253
0.00545866401807
0.0060560968282
0.00355753643934
0.00296201084172
0.00266433853584
0.00444880148502
0.00414284723126
0.00335776721204
0.00363707541453
0.00333483422559
0.00347027929664
0.00287760814858
0.00363260521841
0.00300147349129
0.00345381014468
0.00335661899246
0.0034781303516
0.00313116258433
0.00413479053948
0.00322732883082
0.00318771946388
0.00401303349154
0.00379368885261
0.00239167036656
0.00374752279147
0.00331376490838
0.00500748425304
0.00273681151485
0.00261528914193
0.00290960364613
0.00354929579751
0.00328463915967
0.0056857829974
0.0029606815137
0.00274458102855
0.00338534395929
0.0030746908906
0.00434615924738
0.00263796390103
0.00255657474034
0.00376064679082
0.00585650651632
0.00462551502147
0.00333613358513
0.00291735731947
0.00233775546309
0.00259501528483
0.00231573157306
0.00222711274686
0.00202602590945
0.00195886607548
0.00250215702512
0.00326314631941
0.00247450647345
0.00219307425699
0.00236541505419
0.00357587296398
0.00289195134823
0.00335937138365
0.0038445774669
0.00320828310086
0.00258638842594
0.0033523827196
0.00413814612626
0.00221158860968
0.00196521668893
0.00240972966507
0.00390385832789
0.00415124164586
0.00276254264273
0.00356014311664
0.0031637394278
0.00390818344225
0.00378001761976
0.00299252891782
0.00472705050607
0.00436013611073
0.00348196099232
0.0045770991607
0.00477440855891
0.00424032010693
0.00298754926161
0.00328049499832
0.00285346177689
0.00390049313402
0.00300788395599
0.00324890732266
0.0037428659839
0.00258913145912
0.00349443701713
0.00293134691484
0.00268975229848
0.00321993696154
0.00392611273289
0.00417238766019
0.00459502183691
0.00368570291994
0.00312817715763
0.0039463596002
0.00421635280885
0.00337735398148
0.00392140241227
0.00316874404256
0.00477894047261
0.00360614118192
0.00340699594015
0.00372908014206
0.00329038631361
0.00286969029416
0.00433769977147
0.00308667898359
0.00309029084283
0.00438626682961
0.0038329161287
0.00501175940113
0.00474363021927
0.00477471507727
0.00388010520439
0.00426076751162
0.00439463663118
0.00305960623885
0.0027119492921
0.00326870185231
0.00395818776146
0.0033549772613
0.00300750132053
0.00348623874729
0.00313550042977
0.00451347818138
0.00399220632045
0.00579322650805
0.00553840612295
0.00459623602192
0.00508587424974
0.00451096531562
0.00390292513802
0.00385417813063
0.00345869978308
0.00292834065325
0.00345646808319
0.00317969165994
0.00304409333731
0.00309829585968
0.00323730747797
0.00476763765439
0.00343165864018
0.00363142597397
0.00393862776843
0.00506552206115
0.00474832570625
0.00428560003527
0.00391744417901
0.00522432957643
0.00515978746875
0.00469506775457
0.00386959000236
0.00424264473563
0.00421833660968
0.00407361570844
0.00341032707535
0.00342793987074
0.00331565960892
0.00203502929413
0.00198454306321
0.00386138779928
0.00318417191552
0.00357328575548
0.0042435269312
0.0040181350535
0.0038150399303
0.00436624667054
0.00383922536531
0.00276490143685
0.00322773043156
0.00235595199954
0.00292928287467
0.00302984456221
0.00306798929166
0.0030005225811
0.00281297355664
0.00324441694102
0.00342798265964
0.00379854879666
0.00443632135034
0.00438825658921
0.00339881622633
0.00323452770615
0.00329198199837
0.00405587051724
0.00340699799795
0.00240982074938
0.0015914981651
0.00354755170429
0.00238967892375
0.00182986960979
0.00246321140831
0.00265099034047
0.00339711865775
0.00340608014033
0.00269413897757
0.00255219066566
0.00327661300414
0.00358544581573
0.00383471636727
0.00376622307794
0.0037077069269
0.00406529278899
0.00491899577949
0.0032573402958
0.00347835343258
0.0027321889155
0.00323417842594
0.0038821174279
0.00255527322135
0.00256492671463
0.00353977244445
0.00254999085485
0.00293939655459
0.00259298153736
0.00294111832731
0.00258242191213
0.00290390901362
0.00369858056965
0.00346012563977
0.00259646712826
0.00246767295185
0.00244063704649
0.00271331532395
0.00347819688756
0.00374864804012
0.00415144121792
0.0024539326059
0.00257085734774
0.00228805844438
0.00299462522733
0.00273447422484
0.00244413056972
0.00362973570273
0.00411179933254
0.00356110233685
0.00294564521038
0.00248137368534
0.00279984338275
0.00222688747029
0.00367367770801
0.00347324226389
0.00478320302014
0.00462448294427
0.00465769418644
0.00439875735058
0.00448976117042
0.00404367715671
0.00300888358769
0.00330286806614
0.00386820830942
0.00185088442977
0.00343623288993
0.00339458071088
0.00369611608129
0.00347627255364
0.00389768720403
0.0037341919684
0.00439246587979
0.00315593384429
0.002884258746
0.00367229320579
0.00420575871269
0.00432844726822
0.00428574257701
0.00337947800776
0.00333109903691
0.00305011446007
0.00409769537008
0.00413105178383
0.00484945232574
0.00326139513594
0.00301503246195
0.00301589648159
0.00271894362128
0.00275290323255
0.00469032898659
0.00458747730858
0.00229533970056
0.00268853178801
0.00316562264321
0.00357154869956
0.00470962457143
0.00372667597212
0.00435365259535
0.00417309877347
0.00323248314345
0.00327807959672
0.00388883467224
0.00368025410091
0.00467433979511
0.00301839350675
0.00384156288663
0.00322630099579
0.00343962079488
0.0034737483176
0.00342395475105
0.00354226113894
0.00322077285169
0.00318396314744
0.00426760469138
0.00358738645205
0.00243989193479
0.00222749985282
0.00272308566905
0.00335893446467
0.00365671972889
0.0023047365489
0.00318108791928
0.00278000576292
0.00283051712956
0.00356472126664
0.00365827179151
0.00198943338028
0.00314421123995
0.00220509526388
0.0033986313501
0.00424166829357
0.00422088420853
0.00230200821057
0.00266586729209
0.00371161228997
0.0035539918001
0.00334887652536
0.00311537875012
0.00293215989653
0.00300108516921
0.00347540046614
0.00352103604274
0.00420553661061
0.00293782475084
0.00362191662533
0.00364001028578
0.00382249310409
0.00263901784267
0.00381652839807
0.00318369595541
0.00259375166973
0.00250439703236
0.00273996346476
0.00407788743912
0.0034603656146
0.00219558497915
0.00351195002375
0.00368733597958
0.00492894069213
0.00404161573715
0.00245742088741
0.00230196621276
0.00454255150595
0.00344619770647
0.00385658698831
0.00443908656933
0.00417187005144
0.00453529345161
0.00381564363565
0.00431630191618
0.00311721604427
0.00191098915788
0.00560656558759
0.00372697327925
0.00378039739118
0.00386269049061
0.00286619941061
0.00259892980202
0.00206896761173
0.003301998564
0.00227855619558
0.00287556277739
0.00150241452854
0.00204271743242
0.00281805966266
0.00374016455164
0.00313668872917
0.00319748931354
0.00347395898839
0.00420792015063
0.00350161419816
0.00191250903437
0.00307496580761
0.00342419218553
0.00294777655341
0.00262778812845
0.00311829538825
0.00311115827698
0.00293249724224
0.0020680220914
0.00357344062042
0.00298994439077
0.00272891532573
0.003187560713
0.00338204206412
0.00374055481765
0.00243829089982
0.0039331328803
0.00219610809626
0.00249770229273
0.00236450692171
0.0032936334677
0.00348672565596
0.00361361538206
0.00386872912917
0.00447218718764
0.00487183118712
0.00398058435567
0.00295547468766
0.00257300137214
0.00278630778746
0.00257653439129
0.00313332731972
0.00338775818851
0.00308369096639
0.0026183211602
0.00337687476296
0.00342318415639
0.0030247795461
0.00249076149711
0.00311229307341
0.00280998141657
0.00354657592557
0.00363479634104
0.00494560815819
0.00492811453957
0.00342659200303
0.00343923590165
0.00386665987636
0.00327702419503
0.00361391564257
0.00287442482916
0.0033708919678
0.00246216712594
0.00321108616792
0.00230138795153
0.0022341283439
0.00209937166675
0.00243249814696
0.00253249490082
0.0023879099816
0.00314595642726
0.00433332126211
0.00481770692068
0.00251682511171
0.00291410998742
0.00342369406321
0.00251303495397
0.00270129438968
0.00316590718827
0.00376178735638
0.00333071317911
0.00319038389684
0.00365317393229
0.00406014000365
0.00395670172252
0.00376159932552
0.00359309701969
0.00422102904982
0.00334561076493
0.00342540953187
0.00359515521032
0.00252735409688
0.00264081910369
0.00266858954315
0.00356315286846
0.00310459490465
0.00358792278178
0.00262281574195
0.00308148189221
0.00307534280091
0.00464118913431
0.00264281194464
0.0036278291524
0.00258704160091
0.0031593204403
0.00306010986386
0.00344668922316
0.00297486232976
0.00180002618373
0.00344527509642
0.00265033405887
0.00299835759873
0.00350794665351
0.00383316425625
0.00173266101956
0.00324061666147
0.00363376898586
0.00352249738747
0.00320059673867
0.00376443102403
0.00399249219596
0.00324144453369
0.00328827376986
0.00347046031272
0.00339869986398
0.00276815469006
0.00315840955402
0.00339760044753
0.00340350538064
0.00295607368745
0.00321974742
0.0028179903385
0.00449866324167
0.00364651139904
0.00362381744969
0.00312439019642
0.00410965073521
0.00395836716179
0.00407985228158
0.00445002918987
0.00448339438158
0.00291284858192
0.0023693282223
0.0052200652332
0.00484574815029
0.00526409823496
0.00513405228827
0.00405155668611
0.00324919307795
0.00405717644182
0.00416193376706
0.00408218212402
0.00447950077054
0.00397246364612
0.00308384101324
0.00291047804569
0.00433412505197
0.00305510530333
0.00541060026348
0.00528756276985
0.00454956689476
0.00427506378291
0.00380042240367
0.00327665311873
0.00468402063866
0.00458082934405
0.00499719199904
0.0043254416854
0.00477800844211
0.00235924084927
0.00242848540245
0.00247080238862
0.00276581259137
0.00226155141647
0.0024687431783
0.00255886599343
0.00489630502281
0.00304104060979
0.00231741382838
0.00227842284358
0.00307825714432
0.00274224647082
0.00308719408208
0.00395677577259
0.00464162498022
0.00373311009617
0.00338951744706
0.0035149827987
0.00356392427685
0.00326044510454
0.00323418829653
0.00364068973548
0.00396337134935
0.00272120108154
0.0032328249537
0.00321416750024
0.00393430857667
0.00368601992777
0.0024008048987
0.00225572724186
0.00196670603132
0.00236277924216
0.00234242211169
0.00378657878752
0.00311500170276
0.00293035135979
0.00310798225719
0.00350023779146
0.00382089976907
0.00396941406324
0.00353592159342
0.00340404595068
0.00506255674008
0.00442620296612
0.00316969760368
0.00393474001975
0.0037934019507
0.00432098371518
0.00342014158824
0.00275722392737
0.00264578076164
0.00272676603851
0.00227437444579
0.00317077534685
0.0027860325295
0.00270092996921
0.00197972336673
0.00251344979251
0.00340281688065
0.00282599515107
0.00375001164679
0.00257288835955
0.00389755799644
0.00295131884502
0.00380598642784
0.00474928547879
0.00341409127389
0.00398555538562
0.00328845370789
0.0034321500971
0.00325488627222
0.00364456151846
0.00271921767302
0.00368524277125
0.00367939175464
0.00390670866805
0.00429499114726
0.00488859164025
0.0046155159421
0.00202908573048
0.00239351627183
0.00229172849131
0.002911638402
0.00232082687869
0.00227704960205
0.00328912221094
0.00245676199368
0.00175843619659
0.00285149282862
0.00270457129852
0.00203782818394
0.00172566845437
0.00344167045819
0.00416470069234
0.00264058401126
0.00283425977991
0.00163388492474
0.00168761498468
0.00153506742484
0.00196937280449
0.0013755560067
0.00232957217491
0.00309127184434
0.00451596608183
0.00357167770886
0.00279241949972
0.00394368303906
0.00242058588512
0.00422849281269
0.00267204475455
0.00231450316763
0.0020167162738
0.00179441808694
0.00282541516175
0.00176417712496
0.00267938240653
0.00212097153172
0.00262639572032
0.00237102763588
0.00246231922955
0.00400216155189
0.00401109347431
0.00371130777811
0.00454862460417
0.00238710665562
0.00270496402288
0.00254339374098
0.00378623463895
0.00220676938125
0.00246043405992
0.00190163668474
0.00303387995026
0.00202924915962
0.00267254909047
0.00273135017423
0.00328147823382
0.00286782249724
0.00295732472329
0.00243284262435
0.00358821489183
0.00351525855873
0.0028240581872
0.00248616973036
0.00242078512748
0.00274537471627
0.0032321637541
0.00269384837668
0.00264354563454
0.00268014637431
0.00307479648654
0.00223292328342
0.00270273867771
0.00268382125674
0.00238450335022
0.00257078753685
0.00255009066069
0.0029652491921
0.00342828895525
0.0027979444243
0.00333980396677
0.00301274551559
0.00296899572909
0.00374136038228
0.00362730498123
0.00331047983509
0.00255660878302
0.0029889543071
0.00358005316422
0.00202570380803
0.00187665553911
0.00154637569826
0.00159128865562
0.00206820267921
0.00159724473835
0.00366267830485
0.00385579833827
0.00323994111513
0.00283245522844
0.00332759666411
0.00205947759046
0.00321428785432
0.00319559146573
0.00244050635288
0.00239099152671
0.00189759554889
0.00225016341748
0.00277282329192
0.00248214148187
0.00176455602588
0.00267088290378
0.00273012070373
0.00337552440989
0.00320783045051
0.00232881552224
0.00213009209494
0.00268226290204
0.002634016271
0.00314325376061
0.00322785039047
0.00303855222697
0.00216134392159
0.00243516736186
0.00227100318535
0.00241712374788
0.00264215358626
0.00177659805506
0.00225537388059
0.00196259964861
0.00211347343482
0.00188039079037
0.00273356256425
0.00281362805866
0.00183340306468
0.00235942127482
0.00236324877968
0.00267518542694
0.00267231771085
0.00295113654419
0.003301951394
0.00372099373811
0.00251374806998
0.00380101085023
0.00325172599815
0.00226405851498
0.00259548207651
0.00309923457473
0.0033988002535
0.00287270385666
0.00296912649706
0.00503861969088
0.00472923459834
0.00329776773646
0.00401247503885
0.00424107786884
0.00385912624097
0.00283726794664
0.00402268065302
0.00293551852191
0.00241057935796
0.00406556515583
0.00197573205148
0.00250903082566
0.00209190671668
0.00250474909498
0.00172202220084
0.00198242120608
0.00165416762401
0.00168391352517
0.00168352318594
0.00274006388467
0.00284442794729
0.00352799147735
0.00270201941082
0.00298794376576
0.00194115469162
0.00184796336485
0.00219497508236
0.00250022736639
0.00459559166842
0.00351197717031
0.00413923327923
0.00246565732438
0.00313903339125
0.00290634090335
0.00269341004265
0.00249170666
0.00226956228858
0.00279116345683
0.00397058358457
0.00303011377694
0.00379379275263
0.00267728339949
0.00284003075157
0.00335172471899
0.00344213548941
0.00247627334073
0.00268874060586
0.00362961392987
0.00350606536849
0.00434587196264
0.00293719674174
0.00209135022667
0.00477907421673
0.0028114764721
0.00337097876635
0.00308116693707
0.00274309204009
0.00344062143588
0.00241944425354
0.00334576615202
0.00319091797722
0.00453274988834
0.00403651772488
0.00402525050375
0.00339579782947
0.00308052990429
0.00355467650813
0.0035339700942
0.00260110783986
0.00230723511071
0.00334821706217
0.00238619690978
0.00234446735817
0.00267042648498
0.00353578859963
0.0018905599613
0.00271461904737
0.00324659943141
0.00295881301989
0.00319594517149
0.00356566591297
0.00211241435656
0.00215539920075
0.00231965203266
0.00264748096848
0.00336698044424
0.00313848895058
0.00192629674763
0.00466394670663
0.00488324081612
0.00420357780027
0.00383610697546
0.00394525132687
0.00334285725042
0.0031338268568
0.00386746163043
0.00447539776117
0.00374363199728
0.00395661768582
0.00438938908761
0.00302079860266
0.00374218824363
0.00289963929557
0.00228120544115
0.00236658772324
0.00248459519398
0.00384957140599
0.00401310462859
0.00347523183627
0.00323625120131
0.0034946840198
0.00389379586424
0.0036746961431
0.00341715494248
0.00444061273927
0.00366678019811
0.00324344309434
0.00349665934452
0.00321290503316
0.00320622975131
0.00340982750781
0.00321843641096
0.00234735025928
0.00211765682354
0.00271174928607
0.00327685305463
0.0027225158686
0.00336313443932
0.00370085747405
0.00304267165122
0.00325409061688
0.00294165378508
0.00310961987183
0.00331740164524
0.00347845496721
0.00343119884388
0.00211884259097
0.00304879450024
0.00379334701843
0.00304392836126
0.00364217953332
0.00389382516939
0.00316762444714
0.00272074807383
0.00326778043276
0.00248310802972
0.00296289836394
0.00286605385659
0.00357033321292
0.0033012429651
0.00356171738201
0.0035864055855
0.00345891755024
0.00280041994952
0.00237247707144
0.00287274876699
0.00252919505737
0.00224240388252
0.00204030326282
0.00244034296057
0.0030013676853
0.00317857514537
0.00201474891688
0.0021309585294
0.00191027930074
0.00257976157119
0.00228439433316
0.0028072139725
0.00314058973773
0.00250702201074
0.00238891154751
0.00284988121795
0.00343003514894
0.00344540023309
0.00266108173024
0.00372886420197
0.00334943589667
0.00437141307029
0.00332854460992
0.00398513274318
0.00350294582049
0.00338840174955
0.00260861068252
0.00419091306795
0.00304726239441
0.00236794812366
0.00190406483508
0.00237978112757
0.00281451349574
0.00419896690818
0.00407738051431
0.0040743643206
0.00246962426315
0.00279849264634
0.0024828766989
0.00540163992119
0.00455099850415
0.00248407394975
0.00235462568897
0.00221718319637
0.00192300651535
0.00251736268486
0.00319769885948
0.00255572148632
0.00334852202168
0.00273686362099
0.00282161798502
0.00399513423288
0.00288054682059
0.00201886824704
0.00261528845007
0.00252972232398
0.00223523539205
0.002839920862
0.00230671860268
0.00436370470125
0.00383451754116
0.00383876333303
0.00396607647824
0.00250149876289
0.00219993786116
0.00235738221827
0.00253586694272
0.00326873213936
0.00392873426917
0.00476027089094
0.0032346238207
0.0031707094592
0.00199338921771
0.00253380192646
0.00280811088411
0.00378186536399
0.0028925811991
0.00270924939673
0.00296526356601
0.00425557854751
0.00368041952057
0.00328477105133
0.00330302024646
0.00425998015562
0.00300549260357
0.00304096480817
0.00397052201936
0.00345285350918
0.00303560040649
0.00398140235363
0.00325681527806
0.00243900611499
0.0021022159361
0.00350025582185
0.00173030586844
0.00190698597538
0.00171576678088
0.00229620723789
0.00129722961254
0.00152862035209
0.00272315091601
0.00215180483999
0.0023383737136
0.00199123998256
0.0018703800348
0.00199797394515
0.0026509615358
0.0025508992234
0.00407011662189
0.00264415932571
0.00210263282423
0.00225818039415
0.00198596929725
0.00173527154072
0.00203451672473
0.0020541592191
0.003498287693
0.00334002931834
0.00241836578941
0.0039125243998
0.00358063608064
0.00128005301187
0.00265608577845
0.00200902800332
0.00254654913498
0.00136921454463
0.00294585190379
0.00346800826315
0.0020450379626
0.0019933292595
0.00133493164543
0.00130893377781
0.00279217024016
0.00247453668761
0.0015647316311
0.00238306026125
0.00318615178356
0.00255895757438
0.00282875754052
0.00194232165154
0.00155037496221
0.00397627638864
0.00255130472249
0.0025628947129
0.00209288870915
0.00269863770181
0.00316137334675
0.00399401546507
0.0033772666045
0.00335636200659
0.00340640764864
0.00342027122312
0.00246610498605
0.00202306283807
0.00333586971962
0.00256598602226
0.0034736222741
0.00288940150635
0.00235536946614
0.00193703608727
0.0022357485889
0.00277912093194
0.00292651317578
0.00216687931954
0.00315947052781
0.00284677968097
0.00160719597111
0.00249876422444
0.00119063953277
0.00252748205307
0.00195388396333
0.00235623915688
0.00263365136886
0.00286286648609
0.00263535074372
0.00238492569951
0.00290987926944
0.00326692802644
0.00349064182732
0.00345841400325
0.00413586760326
0.0049155320903
0.00454795586227
0.00415725299004
0.00294553162211
0.00292053216075
0.00417131767805
0.00224484626112
0.00283428712447
0.00426344850917
0.00283607259889
0.0027269894844
0.00240106798625
0.00323848247793
0.00234712482496
0.0032643989414
0.00306419674826
0.0034381992661
0.00305992949199
0.00321573692036
0.00362504313734
0.00394171386655
0.00306597537171
0.0027786209434
0.00284145078885
0.00284272807611
0.00351707500389
0.00263091669488
0.00246795743781
0.00297030274693
0.00343726147742
0.00199294308823
0.00296346798941
0.00208876020217
0.00189643766267
0.00167188033627
0.0025548272356
0.00342978400877
0.00277782068575
0.00229145061367
0.00283109094863
0.00395632403299
0.00344031898018
0.00254564153172
0.00254452884116
0.00246091063989
0.00274891382992
0.00241903950899
0.0023483548628
0.00198883432747
0.00166222365988
0.00291225219812
0.00328009060439
0.00382656189928
0.00304198484396
0.00208730299739
0.00253104727804
0.00271561168022
0.00209612068518
0.00158292757088
0.00174829434187
0.00207956615159
0.00260163164632
0.00195130437159
0.00258894432823
0.00287002811234
0.00360901078953
0.002309249759
0.00230386644441
0.00235602999156
0.00372526796405
0.00393072382683
0.00213691999588
0.00182713081298
0.00250579578867
0.00194335515329
0.00325669680036
0.00340567365954
0.00306885416025
0.00285275981702
0.00232536880489
0.00228732118391
0.00287929671797
0.00224717156135
0.00268820364642
0.00220274846557
0.00214002024954
0.0020114973673
0.00301977012487
0.00315854214155
0.00193367861231
0.00221345029848
0.00360547572614
0.0033278399554
0.00341163268596
0.00302517275898
0.00386667261948
0.00381898703712
0.00311400052824
0.00174467762376
0.00211627319211
0.00291198348481
0.00286875525437
0.00293763451467
0.00263148999735
0.00340609258515
0.00279584504671
0.00240940671413
0.00263368036542
0.00210421976886
0.00233691254557
0.00297038542368
0.00224222654512
0.00218698544413
0.00322967157628
0.00304545651913
0.00234033747916
0.00336250270746
0.00202491634496
0.00229647628385
0.0032769944958
0.00400102734019
0.00227878778756
0.00286978746675
0.0025822322475
0.00266135008161
0.00372641595031
0.00347801222667
0.00268598662832
0.00276300441858
0.00256281323931
0.00265821096562
0.00213329784207
0.00313802393015
0.00275765464506
0.00250252222451
0.00230560018879
0.00274930303503
0.0032754791614
0.0024082058172
0.00321319569967
0.00272817520948
0.00254215419346
0.00268904598387
0.002726885463
0.00319621679471
0.00303249876619
0.00276088626884
0.00207923470234
0.00198112402059
0.00253188484155
0.0031517714628
0.00196695443419
0.00160631589311
0.00179740451127
0.00254284593453
0.00307600947547
0.00226679033947
0.00240127346416
0.0020358447086
0.0017841799493
0.00132618318782
0.00285186537422
0.00242410638655
0.00451773333914
0.00475869221885
0.00270797669839
0.00346037776408
0.00281190573793
0.00322548036926
0.00191106551903
0.00298181543718
0.0028471615076
0.00339946695655
0.00293044930571
0.00271155097884
0.0031418721342
0.00330581741156
0.00381502467759
0.00228800743766
0.00237367898077
0.0021520629864
0.00243314981195
0.00171725232028
0.00297310505488
0.00332237899896
0.00379360943405
0.00229594660993
0.00190438445309
0.00242088108521
0.00266935606762
0.00287479749
0.0022344573048
0.00247262016066
0.00301876199548
0.00287876192623
0.00194061634724
0.00206792482906
0.00232812728618
0.00263013767642
0.00215068848229
0.00199229954884
0.00273468162442
0.00215601957915
0.00202354668132
0.00219517224487
0.00226596531397
0.00296402926814
0.00293646206657
0.00296211638743
0.00318717620973
0.00249512957113
0.0021869958791
0.00260857689915
0.00322847030124
0.00300668036876
0.0027019742795
0.00337958604211
0.00364695309619
0.00377764669418
0.00460482428944
0.00445772315486
0.00485436033826
0.00209609039515
0.00186466476268
0.00209283768993
0.00284538556429
0.00310481333476
0.00224804218734
0.00323483092955
0.00229888050868
0.00246597505317
0.00261799876277
0.00262842609207
0.00305406843138
0.00216402523908
0.00241145466972
0.00285240042875
0.0030648628994
0.00280842681819
0.00299243553806
0.00287261959438
0.00356687737572
0.00289130035856
0.0028352359944
0.00307012794711
0.00300969824783
0.0023159967451
0.00221324182915
0.0021491728219
0.00231801586979
0.00238565614625
0.00267101323121
0.00244477245455
0.00239105107853
0.00306303355762
0.0025042918063
0.00293768002339
0.00244773778015
0.0032539478934
0.00235560110384
0.00289628490675
0.00305949342893
0.00312092598435
0.00351771352666
0.00188465239863
0.00165769118705
0.00225967687933
0.00161654456037
0.00309211713672
0.00284663817862
0.00310599359356
0.00298832922287
0.00249305584067
0.00280740586123
0.00259046695996
0.00318753315854
0.00257173476872
0.0021303688958
0.00123521079078
0.0023817236808
0.00196364393044
0.00249120999842
0.00218077216501
0.00218680827213
0.00233969686602
0.00211239409748
0.00172841071935
0.00184525275905
0.00307084495988
0.00289367739652
0.00243658502503
0.00295389630419
0.00250318701982
0.00226746743686
0.00280052584555
0.00263996350439
0.00311183509399
0.0033005895135
0.00188276768908
0.0018651368982
0.00170739932044
0.0022316456902
0.00288768987595
0.00153011836624
0.00138254492796
0.00169577761596
0.0019334584056
0.00156516750339
0.00137518189758
0.00185399166016
0.00293981056599
0.00335009043665
0.00233951318912
0.00215451462067
0.00265141091194
0.00264686275081
0.00217619244699
0.00179806523603
0.0025298988124
0.00344347674012
0.0034201884742
0.0026822416082
0.00305272768939
0.00315019668754
0.00230407053715
0.00223363515021
0.00172000098774
0.00293601513963
0.00302628376429
0.0022287189344
0.0015723058785
0.00192014595313
0.00208967920608
0.00220030997103
0.00135159121147
0.00204587271374
0.00134273392885
0.00196480403289
0.00179177489737
0.00155156797367
0.00182828902261
0.00220499784094
0.00274722543057
0.00211281654086
0.00233613861787
0.00183163485754
0.00222173440215
0.00233941395363
0.00215639175382
0.00322845021465
0.00215708953382
0.00246444746628
0.00174609366119
0.0029948066497
0.00222970693582
0.00370228173565
0.00422026062954
0.00349440514662
0.00292986193453
0.00187668619618
0.00228920876292
0.00182323142362
0.00169019307852
0.00259411964883
0.00255601497404
0.00298331119212
0.001683217598
0.00206852739369
0.0017778469776
0.00317119449123
0.00304141435537
0.00291251329624
0.00203863603264
0.00230895820282
0.00279664621583
0.00216332824876
0.00256108622547
0.00340721427736
0.00234601878434
0.00307500761804
0.00279206246317
0.00232994279555
0.00330822006414
0.00377338009513
0.00256645375832
0.00282781438872
0.00318463131191
0.00334098258279
0.00266521950997
0.00416136551156
0.00218032232639
0.00205272148073
0.00183058644417
0.00266326679474
0.00201298254701
0.00183047471213
0.00153830896652
0.00151010571407
0.00273115720066
0.00173008171404
0.00195745680497
0.00183546045026
0.00347098940572
0.00285212626164
0.00237399624427
0.00259101560853
0.00367636801234
0.00333707654924
0.00413789149793
0.0036387796529
0.00285894026067
0.00261533400214
0.00207028176015
0.00186801999366
0.00215359511407
0.00182759720394
0.00262371786136
0.00282195903761
0.00265216136676
0.00314206263538
0.0032264461403
0.00272112297427
0.00166729222301
0.00214015538022
0.00300509670417
0.00286026361259
0.00249236606748
0.00255419252482
0.00357859060827
0.00363150429487
0.00303758646913
0.00291185269341
0.00191448196285
0.00228061083789
0.00203737140967
0.00339066341165
0.00213705249757
0.00316810839609
0.00280559735441
0.00418165380049
0.00319740001321
0.00246341069303
0.00260443920429
0.00215228184122
0.00242980262676
0.00274942654488
0.00270990508061
0.00243942337473
0.00251544810404
0.0025391773698
0.00280664075947
0.00240624520234
0.00279361579313
0.00285965934709
0.0023361475198
0.00327935972731
0.0026360908319
0.00180990112015
0.00265228052719
0.00208048233438
0.00246986600875
0.00218829817778
0.00242032938765
0.0027116225254
0.00222290260351
0.00163673407614
0.00158939288089
0.00165907647404
0.00136933450852
0.00182485534183
0.00191218602474
0.00373756411651
0.00259942063263
0.00281266007845
0.00288737118778
0.00288874891749
0.00261153511841
0.00292950721597
0.00296061859407
0.00273406663621
0.00176865616015
0.00195396196318
0.00155469800483
0.00174729147711
0.00176091733284
0.00171299975787
0.00239456005578
0.00167963040832
0.00418014725812
0.00308055718105
0.00242246078253
0.00255163948161
0.00256064605849
0.00297194970483
0.00209099665054
0.00206480165988
0.00171070614835
0.00150328246592
0.00159500179341
0.00179719131418
0.00180978955126
0.00229009750633
0.00375941762113
0.00376864887109
0.00207820273415
0.0025043506121
0.00221912365723
0.00240154263488
0.00285638280728
0.00185356665596
0.0019563599413
0.00281133313742
0.0035230827881
0.00231675932755
0.00261795310276
0.0021894366148
0.00288457164286
0.00321591376826
0.00251528785756
0.00229261791891
0.00172777024138
0.00188198816269
0.00296991614889
0.00136832765732
0.00170040424023
0.00148831121237
0.00216858196912
0.00292718200685
0.00182344833725
0.00140366988194
0.00194195891484
0.00113896919023
0.00140843553526
0.00102210258994
0.00121723278876
0.00117114804269
0.00173708800528
0.00137459286524
0.00107007438439
0.00130170529368
0.00128616399114
0.00144935028378
0.00276055649673
0.00188547173456
0.00124475255347
0.00130069685668
0.00164856917334
0.00154952864733
0.00152100080325
0.00235227620836
0.0018302418317
0.00155496360355
0.00146309638243
0.00241506230251
0.002062144935
0.00245179454309
0.00248773051732
0.001926894614
0.00176784483649
0.00213615935265
0.00207846943549
0.00212588078419
0.00207280162837
0.00238675069119
0.00235044384777
0.00287997884801
0.00242436276926
0.00439373328955
0.00161987156745
0.00215020575607
0.00189283949246
0.00204995799471
0.00182776677637
0.00180221545825
0.00210552701764
0.00230840073233
0.00184956884502
0.00253858078571
0.00258394858124
0.00243900269264
0.00184033162491
0.00178765060964
0.0030042112994
0.00173483363156
0.00457498852537
0.00409746031751
0.00230259923439
0.00307521638564
0.0019741200263
0.00233793667847
0.00439060724798
0.00355075186576
0.00183732623366
0.00155331415808
0.00148904892731
0.0021727312137
0.00241827537509
0.00179550006331
0.00182662299511
0.003677846597
0.00357642812747
0.00356503575779
0.00241851056126
0.00198760729598
0.00349055319554
0.00280029121599
0.00313007742221
0.00242803411009
0.00223759905464
0.00244564977189
0.00387334527734
0.0023051321969
0.00255093002075
0.00170186520262
0.00200260586395
0.00226585703334
0.00233060931675
0.00249027313646
0.00299386918927
0.00226299077348
0.0025112337973
0.0020593645954
0.00201551365603
0.00214116247877
0.00229954905204
0.00196551030586
0.00143450506591
0.00316442420453
0.00327310276211
0.00260530972569
0.00293205079151
0.00295948891104
0.0028468277487
0.00269809421905
0.0023706678028
0.00375115351644
0.00341263499487
0.00239277869687
0.0028281933157
0.00287574109889
0.00300565020094
0.00250779483284
0.00240572848088
0.0023094853152
0.00345242295215
0.00338892798718
0.00305222725269
0.00176282073942
0.00204499356128
0.00221606482358
0.00229631974656
0.00259041545496
0.00264114986317
0.00191888951675
0.00185918220125
0.00191578456101
0.00282661829
0.00198691474232
0.00206601938752
0.00226656113118
0.00216282779276
0.0015938353978
0.00195058340056
0.0017448479989
0.00322339433552
0.00383903405433
0.00337362862116
0.00276553463392
0.00319449638294
0.00265807355528
0.00301888632786
0.00381210031536
0.00244936190786
0.00280781670165
0.00171921270797
0.00235982888503
0.00206575465748
0.00265766856532
0.00163974088843
0.00169144801334
0.00208511475349
0.00365366811573
0.00299350959919
0.0024042407881
0.00180734703012
0.00229622139023
0.00285894989782
0.00330881936139
0.00414015079168
0.00344295331806
0.00277331468187
0.00324932452855
0.00283565622492
0.00220070793151
0.00189268117511
0.00269994588115
0.00242905978385
0.00233981416699
0.00221229634556
0.00191646518076
0.0019638435275
0.00262028966697
0.00183491181442
0.00260080590802
0.0028111311295
0.00155790015265
0.00144989309749
0.00180262228943
0.00164282924029
0.00197993706591
0.00117026199541
0.00269713185765
0.00157225209283
0.00179516860205
0.00141014796309
0.00147534407541
0.00234113898163
0.00212630740904
0.00171630948939
0.0025401457123
0.00307715378062
0.00272558157456
0.00359094797268
0.00275523988564
0.00209245159986
0.00190956534282
0.00222792975923
0.00205509927597
0.00203357135745
0.00196211414882
0.00189602859221
0.00302715940246
0.00272101640609
0.00275808646342
0.00181558948442
0.00170856444562
0.00235988895942
0.00244901571361
0.00157884619144
0.00152677694663
0.00170846498848
0.00233877307647
0.00222799821602
0.0032650315889
0.00330224318746
0.00269168299069
0.00204875014096
0.00235698574635
0.00244677728584
0.00302413836151
0.00251148717738
0.00225143726881
0.00251377153488
0.00229278422701
0.00305784533633
0.00269552630763
0.00159607634665
0.00274469173346
0.00240613898078
0.00209360367011
0.00209503022283
0.00204289937824
0.00199400716727
0.0016877599153
0.00154636679037
0.0036873291086
0.00324303069658
0.00192735043652
0.00170366288963
0.00192850523923
0.00270176568102
0.00245234805652
0.00278328380421
0.00332808047028
0.0032885983228
0.00248425635282
0.00207545917521
0.00221523397741
0.00300990747548
0.00191480860009
0.00134048686868
0.00164356881239
0.00139444968332
0.00173342998853
0.00260194429888
0.00288096616225
0.003300350514
0.00266128502131
0.00281479630345
0.0032301944072
0.00232023702142
0.00295567249087
0.00303879143217
0.00291656160298
0.00239981520008
0.00352054488372
0.00355305919209
0.00249909864678
0.00272571979294
0.00248828705099
0.00331817596179
0.00342494897607
0.00195708455653
0.00227909641441
0.00237489905482
0.00199442418768
0.00312653098824
0.00323097149568
0.00188275274589
0.00185574293925
0.00146366603734
0.00163782001825
0.00152547490397
0.00180496728734
0.00185670295771
0.00267970928057
0.00201563786882
0.00171771530043
0.00171290213794
0.00152571049857
0.0028154168995
0.00290304086804
0.00140882713757
0.00132426915766
0.00156462264725
0.00153687687706
0.00273925479578
0.00191364903644
0.00168828944979
0.00335593705459
0.0036882596957
0.00342993221647
0.00363813084261
0.00178032666445
0.00130820039618
0.0016829585105
0.00174698430096
0.00273233527609
0.00290578033076
0.00238634011246
0.00311524366036
0.00214480541693
0.00241735878965
0.00173793979188
0.00278964051701
0.00321707567522
0.00307945052793
0.00378591472874
0.00294364241129
0.00189006577739
0.00204213191724
0.00234413440055
0.00189088246861
0.00138068138634
0.00139922232849
0.00204373721771
0.00166326952575
0.00230598387103
0.0016150826417
0.00282345143694
0.0023271607091
0.0023165321098
0.00298398455251
0.00195294401792
0.00269331454631
0.00210681516044
0.00238921616741
0.00208821361473
0.0024313840424
0.00308000308941
0.00156499395103
0.0016782839243
0.00187042658317
0.00265265229216
0.00346321236353
0.00195689524836
0.00202502017182
0.00290635922273
0.00215526516318
0.00201827540202
0.00184062719893
0.00174956705443
0.00303684238096
0.0026928038401
0.00224175285952
0.00272131335568
0.00169654144708
0.00281972548965
0.00271215350971
0.00208409778541
0.00158600422045
0.00208253941739
0.00208920899534
0.00142655410911
0.00209903684273
0.0023680394681
0.00272234174968
0.00152121847573
0.00295683031198
0.00427621735306
0.00443032118005
0.00198943703789
0.00184226496426
0.00145101305536
0.00165390548727
0.00172805050534
0.00225135062527
0.00268117959454
0.00259336641398
0.0025798570051
0.00188774917962
0.0021834776635
0.00291459350323
0.00199244713818
0.00287048580781
0.00323893507646
0.00250082185002
0.00212779567993
0.00175107591865
0.00203633705506
0.00194265866934
0.00188973699659
0.00259803386449
0.0022611874721
0.00222899558272
0.00248469823573
0.00214057891564
0.00221692833327
0.00233766842532
0.0016215416801
0.00206772707322
0.00317549236034
0.0039169243212
0.00347070776944
0.00243444960632
0.00259956868173
0.00237763247287
0.00334422718048
0.00289685907867
0.00234096082323
0.00204986156123
0.00263662204063
0.00227407687665
0.00291385651668
0.00289602927712
0.00195874832744
0.00232774708332
0.00248172229381
0.0022505835447
0.00242136085058
0.00246187972052
0.00211978177864
0.00215255708157
0.00270589607219
0.0026973610728
0.00202666911811
0.00229740634132
0.00275195034961
0.00272533232404
0.00310378188104
0.00162456938232
0.0027576613897
0.00239418311594
0.00203402309306
0.00197811442841
0.00218956340442
0.00157067683435
0.00199719307494
0.00215366838706
0.00251484748411
0.00177253514352
0.00229564667544
0.00168242854026
0.00166370977551
0.00268093290501
0.001149351377
0.00120005156674
0.0011260981683
0.00118781709783
0.00145279434311
0.00141701200303
0.00164964784652
0.001540457553
0.00191547364722
0.00160138747018
0.00281621364064
0.00271396878514
0.00181798531549
0.00180117621193
0.00237945196748
0.00143109382812
0.00169886987281
0.00178359656239
0.00292622087077
0.00181658193439
0.00244421665795
0.00184686329806
0.00140409221517
0.00163783653748
0.0015284972728
0.00189139744725
0.00160272032441
0.0017325918547
0.00243476344586
0.00188134818375
0.0017113702745
0.00150258275809
0.00141963690191
0.00155918963413
0.00138127659901
0.0018351732503
0.00209223756829
0.00214639131751
0.00328630396675
0.00292227017738
0.00218794266926
0.00218611785566
0.00238478573661
0.00283813708056
0.00243129211615
0.00197011463308
0.00168399053985
0.00170390838642
0.00151759196429
0.00154438363967
0.00158290127959
0.0012809363015
0.00170233993072
0.00253581004282
0.00168036233249
0.00136600670459
0.00202892576618
0.00168112550402
0.00226529061297
0.00212473299054
0.00196872216316
0.00271317655166
0.00153431172913
0.00145407672243
0.00244966564128
0.00210713232059
0.00257192023759
0.00212588149752
0.00182979922943
0.00204869613266
0.0014794308965
0.00187181699444
0.00150710820511
0.0020463910085
0.00207971933293
0.00164651301125
0.00235671584232
0.00164710199945
0.00151339113633
0.00150574515568
0.00144578975278
0.00137190456544
0.000989846438376
0.0010269285104
0.00122481429186
0.00107660301117
0.00288354518662
0.00252049742646
0.0030364078114
0.00234622378738
0.00363991735802
0.00323445698509
0.00202524896804
0.00172980369612
0.00232029603776
0.00237110553801
0.00222557874261
0.002660770272
0.00179958949066
0.00239573005513
0.00248331488134
0.00277246541345
0.00179202731257
0.00160613259757
0.00191835039938
0.00220759234121
0.00275178530358
0.00257322720461
0.00157647934692
0.00188584446814
0.00193904440702
0.00180842735837
0.00169231401123
0.00176720639523
0.00144326179332
0.00137840933722
0.00132338509946
0.00163517203591
0.00204334694364
0.00224529540115
0.00201163727777
0.00338123006125
0.0036517095239
0.00229248356303
0.00225652773471
0.00225579463465
0.00230532006016
0.00225484476318
0.00275314046739
0.00191289439503
0.00210389653107
0.00158683776261
0.00157518913142
0.00159854842551
0.00190333396449
0.00184406473705
0.00237824438153
0.00307783535663
0.00254359292567
0.00227730936357
0.00197437501428
0.00145681956764
0.00128897338609
0.00143706270711
0.00139867714137
0.00171970992282
0.00186827392984
0.00206319728033
0.00317193231909
0.00311413626424
0.00198888188427
0.00176957277877
0.00200800320658
0.00213572041522
0.00159112548787
0.00168579871991
0.00247448582591
0.00221672973676
0.00152491362172
0.00165984503511
0.00339751632476
0.00251649508699
0.00240811249608
0.00220719798816
0.00191794450331
0.00237358529562
0.00240370046431
0.00271338855425
0.00238121093276
0.00204720917056
0.00199620090662
0.00155890695876
0.00139519002702
0.00215396025563
0.00202345772611
0.00211270661295
0.00179237193588
0.00163988830412
0.00182128665097
0.00220943214958
0.00291747872129
0.00182919279795
0.00208154572529
0.00141478329086
0.00123265663334
0.00130050770714
0.00138264796388
0.00100016569058
0.000960310843686
0.00117051694955
0.000938807427373
0.00240655972633
0.00233171830649
0.00252983401236
0.00178862704954
0.00165845182075
0.0019970304842
0.0019175653251
0.00206512884593
0.00223117548389
0.00262490564505
0.00186722599222
0.00147482692389
0.00286822913419
0.00262247744314
0.00365427119238
0.00334758637707
0.00362236359998
0.00187137689882
0.00187961203395
0.00195939845699
0.00146452991533
0.00202846053163
0.00153710120121
0.00178804187489
0.00194320948719
0.00248784977942
0.00242922474842
0.00181713265267
0.00137436412178
0.00168216427767
0.00148585642174
0.00232268132115
0.00182405634993
0.00226868138267
0.00199336241472
0.00221127266121
0.00225139185858
0.00256133932783
0.00231350699557
0.00425299892506
0.00202434002601
0.00192824412228
0.0019678632826
0.00196799550545
0.00295689739604
0.00222528341245
0.00229319056606
0.00267530130699
0.0027380839718
0.00291442467682
0.0030039556877
0.00319512487229
0.00330377923183
0.00293159310906
0.00355102122687
0.0041546646302
0.00255702343288
0.00220229353995
0.00289238836035
0.0021416885349
0.00249597713576
0.00234557854276
0.0027962794695
0.00430847190818
0.00318290678937
0.00284514300173
0.00287908862379
0.00230809047912
0.00253323934005
0.00243618885244
0.00182148037844
0.00192377758055
0.00223281145962
0.00352920695998
0.00296360485153
0.00141891747906
0.00170216192272
0.001589880193
0.002254415081
0.00346702407279
0.00256024783767
0.00219702273673
0.00237709929307
0.00252552724504
0.00265163279731
0.00263103556451
0.00345398424431
0.00241753208608
0.00242506143126
0.00198667498995
0.00257935836589
0.00331039123979
0.00277246947621
0.00202898484828
0.0021291471583
0.00163205187374
0.00168614422195
0.00172776778861
0.00214609483942
0.00172742128945
0.00197485968036
0.00163113147388
0.00231282282071
0.00159428118725
0.00216941511081
0.00255221674575
0.0032108178822
0.00304262377877
0.00222256639132
0.00255772447312
0.00181530163071
0.0024386996297
0.00221686780121
0.00180177593321
0.00186235325403
0.00230675217757
0.00274532683981
0.00321432551902
0.00160449619394
0.00147856341097
0.00167455240078
0.0016786422243
0.00334577485648
0.00210269198686
0.00177349078643
0.00133736397761
0.00215848896776
0.00138331883744
0.00112498371627
0.00223536293785
0.00101406670556
0.00294771573672
0.00300498568769
0.00292226832751
0.00273049119639
0.00232295559932
0.0025592864481
0.00264178887269
0.00226812176602
0.00233686393443
0.00433708531979
0.00331560777366
0.00254168767906
0.00204347649655
0.0023195699222
0.00230078630494
0.00223963879595
0.00288391474849
0.0034600665635
0.00175096963012
0.00173942197048
0.00242533685947
0.00223844882517
0.00239781027194
0.00201386867245
0.00209459542405
0.00252977413975
0.00226059088828
0.00270789462273
0.00289268973921
0.00292650982352
0.00273792430448
0.00284686480773
0.00337201321962
0.00164807793179
0.00223272871767
0.00227640570178
0.00220092356829
0.00236279264058
0.00242965986662
0.00253737179133
0.00246133654998
0.00218809918972
0.00210727071849
0.00162201800217
0.00262383852673
0.00328820732949
0.00285667066254
0.00196513795202
0.00221831076344
0.00166972936841
0.00263125533015
0.00220182040795
0.00216573536587
0.00160939515173
0.00244017643709
0.00346600456255
0.00264203220216
0.00322263154048
0.00273351683357
0.00289316640925
0.00319185212957
0.00244691362289
0.00235225629453
0.00234772323606
0.00250871346374
0.00326103761577
0.00383786005777
0.00287366001988
0.00368642453682
0.00302092426492
0.00232929100905
0.00243677474124
0.00194571898726
0.00163766383982
0.00139778047656
0.00178044603087
0.00126320814579
0.00196155980455
0.00266798315047
0.00312387955919
0.00187479710094
0.0013742795668
0.00138055172249
0.00217733141282
0.0021495247112
0.00215459137198
0.00150983351767
0.00231877590068
0.00289288645675
0.00284156039312
0.00380688260327
0.00306978960943
0.00252721573546
0.00196458886979
0.00245093687423
0.00251558685695
0.00292146928819
0.00186208602135
0.00147051625683
0.00210541774509
0.00144972956116
0.00167950842641
0.0014984913057
0.00199748184575
0.00238763112733
0.00176482103342
0.00289553594403
0.00252071899378
0.00153671642147
0.00158294781872
0.00136462547046
0.00156052542509
0.0016431437508
0.00159894439701
0.00127279519995
0.00236528920582
0.00183615943268
0.00157822284001
0.00190687244489
0.00215376631352
0.00222981885401
0.00201052836474
0.00186216569732
0.00166867439364
0.00200745817839
0.00213385695315
0.00243761156591
0.00215198508919
0.00201428010372
0.00213309077146
0.00204419756953
0.00251293840487
0.00334922536079
0.00273181472753
0.00167148385781
0.00156269468575
0.00246646152061
0.00168034897653
0.00261627716318
0.00362014828476
0.00202071486152
0.00144653396264
0.00124829319011
0.00193290777547
0.00246775437313
0.00234168138947
0.00272151223673
0.00136023359013
0.00173936645849
0.00147110706591
0.0022148140686
0.00246236381822
0.00272975258343
0.00249010808628
0.00252122061633
0.00251785529496
0.00190388349861
0.0015965767563
0.00183841090627
0.00197885353694
0.00301472007057
0.00240347600116
0.0019294973934
0.00222821620321
0.00248496090934
0.0027196303132
0.00168072316326
0.00111017463377
0.00250565516917
0.000553234346249
0.00273853493995
0.00284105224695
0.00245634066883
0.00187464498531
0.00204118214735
0.0023222552922
0.0022259728032
0.00260355171749
0.00268074184149
0.00178252171414
0.00189500874336
0.00189560348975
0.00196607543513
0.00253180389732
0.00252514646863
0.00303313624798
0.00274440332806
0.00204516043102
0.00223267332716
0.0028497720566
0.00126638398646
0.00122146986375
0.00152003148076
0.00130859655146
0.00311816624319
0.00294630524966
0.00211220393025
0.00166361121709
0.00199642666241
0.0018806492629
0.0036211447313
0.00357407244761
0.00327078999976
0.00330878435968
0.00253398016167
0.00282605704517
0.00196361924664
0.00159860711771
0.00210258708117
0.00146968355385
0.00156173156833
0.00160149367452
0.00230238983231
0.001492645041
0.00176466725079
0.00207025870006
0.00255148683031
0.00222140090487
0.0028651936033
0.00234139329343
0.0026963892338
0.00161416659594
0.00175691635891
0.00158904415295
0.00187895190688
0.0023173258929
0.00255717366103
0.00184806631149
0.00144182181218
0.0018354999814
0.00182473071758
0.0016769305138
0.00172610043599
0.00149285462994
0.00204499004912
0.00242787775075
0.00263388275053
0.00259927190529
0.00289840388178
0.00142531593808
0.00209910635159
0.00159524033641
0.00319940202379
0.00263189710095
0.00217756466885
0.0020390755815
0.00199478148301
0.00203217413037
0.00185279786081
0.00159812215445
0.00153432037073
0.00185969396005
0.00266836119686
0.00225128408638
0.00232400578066
0.00278001222492
0.00249023926407
0.0022526136326
0.00211135706145
0.00248643442591
0.00178288159231
0.00172571327075
0.00204718860926
0.0023902952046
0.00152528617077
0.00175506507074
0.00199036628172
0.00173961082429
0.00197725151714
0.00331325324659
0.00259912386867
0.00286822512834
0.0024311734986
0.00197837180062
0.00219432043904
0.00186775358964
0.00169237878788
0.00178004000514
0.00194673323817
0.00217194336731
0.00155042943751
0.00185249980415
0.00163112320391
0.0016720768329
0.00156880482079
0.00164273679592
0.00164220539481
0.0017889490589
0.00162852473498
0.0017194224201
0.00234956493735
0.00305785325123
0.00149592426039
0.00162438575802
0.00144815563693
0.0024267078124
0.00267774324913
0.00204239228247
0.00183440496781
0.00156503534336
0.00198115106693
0.00232346907593
0.00187688560573
0.00205957202145
0.00184403329132
0.00268784171881
0.00196099411096
0.00199735301882
0.00187476102589
0.00206679465396
0.00326947733232
0.00280571927273
0.00269908014909
0.00311461132658
0.00347051207419
0.00363388547351
0.00210251674322
0.00161158275319
0.00167981012395
0.00148948481092
0.00207123045733
0.00236440904576
0.00161414438168
0.00153962055673
0.00175544901578
0.00170017823361
0.00173659264125
0.00206547634919
0.0018941504695
0.00120015012431
0.00162692201001
0.00141624685845
0.00186837842607
0.00204255082691
0.00188497396807
0.00145011240835
0.00150372722789
0.00202701609144
0.00165648155592
0.00163357015511
0.00213742975759
0.00226541557599
0.00217290713788
0.00134758854963
0.00160738851568
0.00135089163448
0.00247742617879
0.00228833633507
0.00165424683816
0.00208333735194
0.00214174680414
0.00226812501083
0.0016833086122
0.00160259485293
0.00241374329184
0.00207188918067
0.00149358465552
0.00159413005816
0.00223419506099
0.00230548877906
0.00271246654477
0.00201894753593
0.00219748458497
0.00177919219649
0.00188274777943
0.00216593069734
0.00240030307473
0.00232460404579
0.00134769649598
0.00224149921927
0.00264537421489
0.00243287690405
0.00174454055285
0.00138638170066
0.0020106003722
0.00188100224001
0.00170080584262
0.00173195883343
0.00119615678505
0.00110365079766
0.0012026175262
0.00117774130033
0.00211539618237
0.00182780768621
0.00186887239852
0.00245631236046
0.00167438800687
0.0018566374623
0.00217181020322
0.0020852259653
0.00328193503535
0.0046134726878
0.00289557003063
0.00298550662248
0.0024306965951
0.00276197789904
0.00192774284162
0.00266566242891
0.00210544736687
0.00236116245328
0.00262942315054
0.00272638379385
0.00192466990321
0.00207323236693
0.00113899248219
0.0011027291036
0.00123923463574
0.00149955598365
0.00257762099981
0.00112974608773
0.0014174953483
0.00172957929729
0.00209636635572
0.0022957158003
0.001696811483
0.00221057491853
0.00239770076357
0.00178285772671
0.00187562643536
0.00162945285598
0.00173473432204
0.00147792290927
0.00204315283045
0.00190468210889
0.00187443778682
0.00220209499852
0.00219312579118
0.00142728512246
0.00100211881314
0.00114814432526
0.00114259084221
0.00246615652433
0.00336835790374
0.00169430780696
0.0018354198045
0.0022979551849
0.00151422747336
0.00169957434987
0.00145232421165
0.00146933270989
0.00110468276911
0.00218825795983
0.00250539134754
0.0022861422564
0.00168997357157
0.00138338219828
0.00159643219469
0.00182243482372
0.00190201446065
0.00237706502264
0.00184141947274
0.00173182525013
0.0017629473381
0.00119679088007
0.00137907044119
0.00156685889599
0.00206279903303
0.00240736215686
0.00222281138737
0.00156131116214
0.00179122384972
0.00184233838153
0.00126703600287
0.00156787319329
0.00146214258019
0.0021786531881
0.00206212415035
0.00178226999972
0.00278513322566
0.00200474392401
0.00153973139022
0.00136976722305
0.00142788440658
0.00144797751369
0.00185356363531
0.00146087159023
0.00190154101409
0.00260043207948
0.00190326680657
0.00156187677037
0.002576358681
0.0023364337353
0.00198609630228
0.00137535230974
0.00176163539128
0.00149200199158
0.00301312078235
0.00251775729378
0.00151436396812
0.00253996215774
0.00151843941491
0.00124553723966
0.00191560603183
0.00144917423686
0.00303944846848
0.00392061918696
0.00214913112615
0.00166776425681
0.0012030300222
0.00129415477488
0.00135805372536
0.00143180305151
0.00137372226357
0.00302679806975
0.00181867869983
0.00142448841568
0.00149942088883
0.00150505231853
0.00135050034573
0.0019147235283
0.00202488812509
0.00245017829381
0.00285461062294
0.00154685248583
0.00180610896181
0.00272313270246
0.0025816134006
0.00240515720547
0.00222326350547
0.00156638424984
0.00213011366873
0.00159364751269
0.00103588562532
0.00106551497384
0.00130455650924
0.00160127545605
0.00223387814527
0.00309848905891
0.00184947632805
0.00124926188164
0.00109481063099
0.00136141732141
0.00140576359319
0.00146125759524
0.00292658184965
0.00168220459066
0.00185849312896
0.00224752538561
0.0012951310223
0.00123139279995
0.00139425349445
0.00207697201728
0.00169652781001
0.0014921601375
0.00146783608361
0.00158812255028
0.00205395843102
0.00138991498366
0.00152281131966
0.00150051703349
0.00179348769046
0.000871380184662
0.00102970492852
0.000923467666764
0.0011282955597
0.00154547696207
0.00170787383954
0.00111207003647
0.00166612219162
0.00185650926034
0.00176388587415
0.0013762880726
0.00140936172197
0.00131091739875
0.00207137310781
0.00211354487054
0.00132732245196
0.00115535954015
0.00228368530476
0.00189156068713
0.00315235051379
0.00270356166197
0.00205490465902
0.00251471243324
0.00183739524088
0.0018540657607
0.00233657766539
0.00289247362636
0.002645785904
0.00135369071124
0.00148149197223
0.000901575081302
0.000881824665426
0.00265194432861
0.00145041580743
0.00110383308496
0.00212165256175
0.00142181275102
0.0019244224961
0.00131222134604
0.00123442114118
0.00136177249053
0.00179972128811
0.00180495878541
0.00162808864186
0.00198353392956
0.00156685466042
0.0011788373869
0.000835301500461
0.00093362606623
0.000767673796978
0.00112471256371
0.00118063120734
0.002625841569
0.00214046676256
0.00163772876525
0.00266191036939
0.00204916462668
0.00198364004121
0.00261899912178
0.00244108001882
0.00158497138645
0.00149050019072
0.00158284921405
0.00217760037703
0.0027591123092
0.00265278856148
0.00133142494626
0.0014549143898
0.00160724829411
0.00152830573972
0.00142330160098
0.00133681847175
0.0013665111524
0.00166484612688
0.00268023896193
0.00195794494461
0.00155702042688
0.00228086094091
0.00314293918591
0.00139215561207
0.00148218661937
0.00134054587039
0.00141077850697
0.00154780992125
0.00113892918347
0.00153564799481
0.00210942487175
0.00168429405931
0.00122128072096
0.00129623655111
0.00229789839198
0.00191556291729
0.00213439382019
0.00133075177194
0.00135015545003
0.00174933558475
0.0016461172486
0.00216842455344
0.00175680254043
0.00178141183392
0.00204706142299
0.00257373223125
0.00209781349262
0.00283911650267
0.00307759368977
0.00244548821432
0.00350869557953
0.00154936800405
0.00188246005978
0.0021936625185
0.00221002537563
0.00149966124899
0.00153470829196
0.00153672689846
0.00193276326435
0.00171387379601
0.00226657095936
0.00229843320915
0.00213988688369
0.0025220420786
0.00322348214149
0.00347420044259
0.00284230245017
0.00226885721838
0.00274933167999
0.00231106435191
0.00255603418528
0.00208142420784
0.00358007575271
0.00358731754204
0.0027607722959
0.00227605031384
0.00265466658134
0.0025658477024
0.00257810328882
0.00295238985369
0.00201366047675
0.00223898933293
0.00259387766784
0.00223297847126
0.00434412497372
0.00247599456996
0.00195189298565
0.00246081114579
0.0019039181019
0.00199312971234
0.00224889527983
0.00253886640908
0.00205972251229
0.00199660461695
0.00155021490261
0.0022416173084
0.0016333766379
0.00112662028832
0.00106560713044
0.00144791165491
0.00107076759835
0.00221078045315
0.00343406998236
0.00395009937625
0.00196708706759
0.0023650271495
0.00392485027339
0.00267985349646
0.00455075276396
0.00434708745815
0.00287625052178
0.00231500533895
0.00230451233364
0.0023926024876
0.00250146195489
0.00321087415039
0.00244123510761
0.00248791843113
0.00254587102945
0.00328617424377
0.004107229506
0.00319606548971
0.00234852653929
0.00339789506257
0.00236088975875
0.0017734102658
0.00178196618173
0.00159948517841
0.00329716479817
0.00185862755519
0.00158434380456
0.00167204781375
0.00193282537118
0.00221360774952
0.00166506749077
0.00252041679759
0.00176875210227
0.00121941334211
0.00109907031012
0.00149576157986
0.00188783821158
0.002104866338
0.00183954623087
0.00195326091211
0.00186128375045
0.00195733749028
0.00184016603292
0.00198484145278
0.00185876014953
0.00136498831063
0.00128043784776
0.00142737064193
0.00123124646428
0.00284381788809
0.00230220922368
0.00200227255618
0.0018935293549
0.00209798711712
0.0021751312667
0.00130217761807
0.00124086871236
0.00339184700187
0.00108190870131
0.00111448535044
0.001549605266
0.00121890228569
0.00177926039632
0.00202839150794
0.00218365731022
0.00204339358808
0.00293700744526
0.00216777786122
0.00422494233818
0.00463758738665
0.00160215360901
0.00122267006666
0.00142431295599
0.00136450290077
0.00237215315777
0.00185552097228
0.00259951681901
0.00338173847376
0.00301209746961
0.00158115987541
0.0017646728728
0.00190708194694
0.00235937435275
0.00165071004069
0.00138975957433
0.00183178904177
0.00193113871072
0.00233293876561
0.00185902802767
0.00227708747382
0.00220584852012
0.00298501567537
0.00336761391896
0.00323899883562
0.00310794309858
0.00200822500897
0.00158527494737
0.00164791763063
0.00187785377089
0.00237913629834
0.00293370070873
0.0022349007033
0.00200520255274
0.00216150714682
0.00237286382424
0.00106015610263
0.00314660697931
0.0019575954067
0.00159362481517
0.0017626031216
0.0024356655735
0.00114836076506
0.000839799558686
0.00113444547978
0.000886630336869
0.0028706826526
0.00326360120116
0.00240465704774
0.00260624002561
0.00181912519554
0.00173402872302
0.00217370270391
0.00267790839716
0.0023554635903
0.00327315928493
0.0029115429573
0.00252313245752
0.00232419437561
0.00192321028761
0.00166670279764
0.00200956027917
0.000930549344248
0.00103860363212
0.00116910893099
0.00134643336507
0.000951491147261
0.000995436525543
0.00143659226055
0.00113906638406
0.00313247024195
0.00280781562355
0.0016901343751
0.00174200390577
0.00234615548459
0.00192473201376
0.00271244538164
0.00358375722963
0.00323286662424
0.00134353215489
0.00125039966311
0.00145494675484
0.00162235103273
0.00211394516617
0.00162922240915
0.00161578356297
0.00190365500158
0.00220497574814
0.00200650552609
0.00213960194437
0.00121784036873
0.00290069424648
0.00155123984192
0.00213496512428
0.00271102995276
0.00199475424435
0.00147533356201
0.00137342740536
0.00195917803784
0.00180523281833
0.00171762861524
0.00179479494079
0.00191830147788
0.00155257576854
0.00161182399034
0.00144962739619
0.00178739226317
0.00181138384509
0.00241231702759
0.00231477065113
0.0015836620021
0.00148174634413
0.00190314620281
0.00174051441209
0.00143392210107
0.00126965227657
0.00162074789376
0.0019618363096
0.00319695508475
0.00356487097078
0.00215301396548
0.0019350338594
0.00243251504487
0.00231543398627
0.00155040920968
0.00117473465757
0.00120788801596
0.00159075163067
0.00201818223794
0.00141646118041
0.00161352248865
0.00144403310124
0.00165851487996
0.00134803012921
0.00172445611238
0.00182068474486
0.00241028992323
0.00244468952914
0.00235050604984
0.00260458765108
0.00143892301571
0.00132065729508
0.00155708639329
0.00185607821256
0.00222544522787
0.00192802764067
0.00225676206247
0.00240926414761
0.00149467655443
0.00130461388434
0.00167050342377
0.00179297165892
0.00211518733485
0.00246699698606
0.00207075794744
0.00216291480511
0.00151623314457
0.00122690771873
0.00172707810534
0.00168291448192
0.00216344105807
0.0018679681972
0.00199424684182
0.00216393859738
0.00132734534284
0.00104414438266
0.00127179137747
0.00150558789242
0.00252909424232
0.0015519645498
0.00208287341765
0.00203817873195
0.00165489024683
0.00126873833518
0.00163398440357
0.00168293306912
0.00182489346341
0.00145576908369
0.00184377528897
0.00157525239125
0.00183543345996
0.00176357716204
0.00198729761441
0.00166547900642
0.00162122379085
0.00189117374384
0.00151592642958
0.00251050385434
0.00264096917071
0.0019690759358
0.0010094984296
0.000937894005159
0.00238583925915
0.00266387370822
0.00196147430023
0.00155872720996
0.00195536861863
0.00206021833279
0.00281437997773
0.00249316928764
0.00162950388806
0.0022772222655
0.00339328848885
0.00309932784007
0.00176702385595
0.00183839193941
0.00152442382465
0.00146576249066
0.00183855471572
0.0027540481358
0.00231742832534
0.00179079533213
0.0027844545373
0.00231399846601
0.00135427842784
0.00141363851395
0.00248577726293
0.0025474323716
0.00176959813143
0.0023611296673
0.00238422623074
0.00206738549737
0.00252606642099
0.00286145543153
0.00161100536031
0.00147875568411
0.0018883814407
0.0017296387699
0.00255412160544
0.00206908865249
0.00245779027816
0.00290992982167
0.0032815392135
0.00220957472608
0.00176878648488
0.00149701295276
0.0015786370281
0.00172052174212
0.00306695098583
0.00287603317302
0.00268765998946
0.00127013730274
0.0011175064834
0.00155657179717
0.00147456169535
0.00207755068814
0.00133390649313
0.00125687618782
0.00115985830211
0.00161145422913
0.00204704201646
0.00197736466549
0.00254802974883
0.0024246871732
0.00192986814023
0.00184968389618
0.0017441699571
0.00179950077681
0.0017880787401
0.00166188110965
0.00157370018183
0.00313657527905
0.00135980769684
0.00150067616133
0.00146895455726
0.00185491989458
0.00154349575029
0.00148587182585
0.00226653208178
0.00101668775748
0.00103434426756
0.00125969006462
0.00117128622267
0.00178867724661
0.00207962059832
0.00277157778943
0.00167632515575
0.00169075450627
0.001331781621
0.00162895765132
0.00198749134906
0.00145472990699
0.00166664447367
0.00120641729124
0.00128387228458
0.00124705925684
0.00178355343159
0.00276130681989
0.00189565081607
0.00225833427546
0.00279565319745
0.00279041944066
0.00206637862302
0.0015954419907
0.00189110344264
0.00210825236261
0.00182917842505
0.0016813229175
0.00134356859529
0.00097625721407
0.000913685174265
0.00103212444797
0.000842935256482
0.000966547355304
0.00118107982127
0.00128574332617
0.00164720022323
0.00273447527052
0.00320514618129
0.0026827661202
0.0019437355491
0.00212290730963
0.00207669876336
0.00127452313599
0.00101959366241
0.00142738327934
0.00122462343439
0.00263675889394
0.00291057969891
0.00157038218161
0.00206252447542
0.00215179527274
0.00206391197542
0.00170182281504
0.0019268871541
0.0017376062954
0.00245914760672
0.00137627985466
0.00136425319207
0.00117951564752
0.0015552296062
0.00189705035992
0.0020992711094
0.00211600413813
0.00241318554925
0.0024234017978
0.00215756130041
0.00192909195662
0.00243901707092
0.00214915808862
0.00149852865745
0.00204090325408
0.00149467435544
0.00183786202334
0.00148710125218
0.00180414532232
0.00114352099136
0.00127856156242
0.00120926090582
0.00123093337126
0.000928623986289
0.00126543353674
0.00111302744863
0.00238380912498
0.00253655829317
0.0014400485187
0.00124478848052
0.00094998761928
0.000667689322711
0.000576175207223
0.000851591883586
0.000532721109272
0.000656408931435
0.000918974470893
0.000695888929029
0.00142750529485
0.0013748138296
0.0016222125852
0.00123909635448
0.0014838988103
0.00139483894349
0.00141758902528
0.00109754254152
0.00118416924178
0.00143728077494
0.00184983569883
0.00173326775949
0.00142935047375
0.00132206974526
0.00133766343559
0.00172142423284
0.00163818083412
0.00141997749088
0.0014898145568
0.00107609456533
0.000937694387818
0.00123977659208
0.001003593335
0.00226428940434
0.00228205263826
0.00215966645157
0.00186811552144
0.00132906207518
0.00109439713931
0.00157313724043
0.00124833616426
0.00212252738959
0.00210483998473
0.00247702424387
0.00250713508391
0.0012389428239
0.00129230946209
0.00111164409749
0.00102987836227
0.000604913581439
0.000518423947178
0.000607310985641
0.000605324193238
0.00116209245478
0.00150777041786
0.000815490759099
0.000616539335756
0.000536147440052
0.000613410232651
0.00069461434968
0.000552822899914
0.000581053997036
0.000506930142027
0.000572788473399
0.000822545664744
0.000893597985955
0.000964147240236
0.000917647559778
0.000776229821614
0.000652736682587
0.000923596328112
0.00190503394466
0.00157467803871
0.00178730793668
0.00196226196534
0.00125623179336
0.00129309208922
0.00213311846042
0.00214403866921
0.00157098788894
0.00171026375434
0.00163180696399
0.00181903187883
0.00148048533402
0.00142803622614
0.0018666361573
0.00243817619546
0.00199516180549
0.00166631969693
0.00164117890832
0.00180599715636
0.00214813350217
0.00186397250459
0.00200962149995
0.00244392630885
0.00162731604214
0.00189650161292
0.00143272877415
0.00124475519606
0.00105048037181
0.00146984696638
0.0017689461164
0.00145278749827
0.00226043052261
0.00204252398454
0.00136573013803
0.00113407172605
0.00122741716715
0.00145546008426
0.00195425986813
0.00172243030455
0.00204900876109
0.0025113820841
0.00218466355207
0.00168242764663
0.00164674025972
0.00145998113128
0.00157475968858
0.00141219666305
0.00135878846153
0.00162627257168
0.00161125726769
0.00329290901214
0.001630441427
0.00254820533836
0.00276176472148
0.0026160723752
0.00123394187794
0.000906877405868
0.000895620592727
0.00143321839733
0.00240541583519
0.00258250631
0.00132821111782
0.00120742261858
0.00125849735081
0.00151154333772
0.00191631780732
0.00122669840892
0.0013503574949
0.00182725325681
0.00183584480032
0.00112539814701
0.00100581578654
0.0014742863216
0.00196203617962
0.00181269801984
0.00167234878473
0.00197731737107
0.00177957208054
0.00204963332561
0.00154853072644
0.0013560716706
0.00135856047748
0.00132525112096
0.00107591264896
0.0011408751034
0.00115258402385
0.00104504162734
0.000874676994701
0.00142679214416
0.0027873473321
0.00234085014024
0.0013780901263
0.00157709691169
0.00182388398329
0.00201870453912
0.00156358532036
0.00125009906478
0.0015463396613
0.00108396775125
0.00108591308891
0.00145587035364
0.00134260035214
0.00131454845367
0.00108546960513
0.00129994344221
0.00127007674944
0.00200047974251
0.00173619353149
0.00117778770646
0.00107500813055
0.00139478964281
0.00132069823588
0.00167468319193
0.00220170421383
0.00212735000202
0.00284194782469
0.00187482751431
0.00170867372392
0.00177666929584
0.00130458635315
0.00211407581264
0.00150185338644
0.00150883607904
0.0020776785688
0.00184977550929
0.00184689003234
0.00231070510676
0.00184390132501
0.00127147997755
0.00107096036787
0.0017373647823
0.00162717343165
0.00131138845246
0.000925058016483
0.0011129453599
0.00115192520994
0.00191652754115
0.00158343276928
0.00133496625761
0.00104975999604
0.00123848476306
0.00135889370714
0.00260152223791
0.00397593725883
0.00104364450554
0.0011668248843
0.00118372922032
0.00118138555347
0.000847238502179
0.0015078908679
0.00143389475799
0.00120175019382
0.00119847854809
0.00167180701615
0.00102111082032
0.00255692118974
0.00132521634643
0.00204593906939
0.00136844015487
0.00108994150115
0.000880755276058
0.00122722133413
0.00147038042681
0.00145634948888
0.00155941664126
0.00138982168975
0.00101796850541
0.000698500837434
0.000824680727509
0.000858140191347
0.00127989288796
0.00122346857724
0.001624548061
0.00137083539132
0.00204738063314
0.00193141183435
0.00172658928923
0.00179322057306
0.00209919612467
0.00177652567345
0.00105835570415
0.00124080230274
0.00100241294439
0.00105755358514
0.000726511096367
0.000662392011762
0.000700073241403
0.00116347869275
0.00176587443109
0.001974672092
0.00165221047381
0.00161170798709
0.00223514901507
0.00185652100167
0.00199310494695
0.00246046084178
0.00222373639166
0.00242521619897
0.0027702781868
0.00245686699012
0.00190578522718
0.00208713073957
0.00213479754103
0.00202918484191
0.00204323357143
0.00137728818625
0.00156605347168
0.00145608594107
0.00212461494234
0.00184584729172
0.00153854512082
0.00168870824733
0.00148033498396
0.00137280896604
0.00136478815844
0.00145887232418
0.00185332236776
0.0014605565737
0.0015213004955
0.00165110933055
0.00255315759397
0.00183518357028
0.0022334941097
0.00126774240941
0.00161154470227
0.00157368891432
0.00210154391401
0.00295855000399
0.00213449860067
0.00292201250916
0.00219554917099
0.00108231583828
0.00114368401501
0.00164779925986
0.00162704602658
0.00146838473594
0.00121298967872
0.00110837722871
0.00112058816566
0.00158777440351
0.00114646778413
0.00222885944108
0.00185446341255
0.00149094887656
0.00144492069765
0.00124499989655
0.00101718918229
0.00105407468011
0.000975376116451
0.00111049777353
0.00131506351649
0.00207001595502
0.00232486137344
0.00195976222169
0.00109339797469
0.000809565936303
0.00089596157178
0.00114885270169
0.00147294635291
0.00121228671513
0.00111915780121
0.00109126165141
0.00179148328798
0.00194782571094
0.00173585552839
0.00147100795613
0.00179432296629
0.002074136262
0.00193342793175
0.00114071493951
0.00118225437318
0.00104606472748
0.00150481138099
0.00105555825598
0.00113940793342
0.00159831945137
0.00228230478012
0.0026775764692
0.00386972994622
0.00175162059395
0.00193862652174
0.00133400225091
0.000977086063391
0.0018338522998
0.00202318222946
0.00170375860996
0.0015293301674
0.00153083579721
0.00268169233119
0.00191751612727
0.0026516844053
0.00130600314652
0.0012438673305
0.00188802046247
0.001289152145
0.00138818197236
0.000996000864992
0.000873571194001
0.000853720257391
0.00139264335031
0.00209596226355
0.00142581369794
0.00160459854647
0.00188561619869
0.00153680898424
0.00266880878207
0.00144469944642
0.00146748082186
0.0017651943554
0.00155725239369
0.00200747634048
0.00312720737347
0.00108858452451
0.00114105047037
0.00110616573869
0.0012238237622
0.00178786479298
0.00116889776727
0.00148852474834
0.00162996907767
0.00190747970803
0.00203814830897
0.00115706755834
0.00115297626769
0.00161839566624
0.00132991383236
0.00173746358097
0.00240929103289
0.00085012064561
0.000666061374315
0.000909244883503
0.000938234824904
0.000837051917287
0.000742946019931
0.0011110427098
0.00284717948641
0.00194544120735
0.00250695806799
0.00142233632873
0.00147459017073
0.0015098552274
0.00142534351652
0.0033900950032
0.00302421827548
0.00144385359783
0.00135958707156
0.00184426792124
0.00170718302261
0.0035167367866
0.00355042692843
0.00238262599956
0.00244524664015
0.00156545585427
0.00135304325052
0.00163888181568
0.00139303935521
0.00134664049806
0.00129456633131
0.00168967653349
0.00144790220243
0.0025102907614
0.0024406575758
0.00161731416538
0.00142949779059
0.00175996879609
0.00162545217334
0.00235853014161
0.00286339888852
0.00329519305716
0.00328790123246
0.00235515923016
0.00185379216069
0.00231140446213
0.00215579878386
0.00338608425885
0.003407112831
0.00341701353599
0.0031229365286
0.00174483392767
0.001586719544
0.00213487350786
0.0020255186806
0.00160436311405
0.00133839230084
0.00158425782303
0.00146821398824
0.00233475895556
0.00247016865654
0.00237732364242
0.00222111343509
0.00152548841478
0.00152366709419
0.00167626417583
0.00172348178169
0.00177265016433
0.00323857436547
0.00215189580334
0.00164643000397
0.00169733151292
0.00206867536181
0.00168142898049
0.00151506623927
0.00151204110733
0.00165333167488
0.00120458959253
0.00111177129223
0.00154101699825
0.00120935226865
0.00202811564146
0.00217944334858
0.00211166843169
0.00313504605688
0.00131387327578
0.00113606806117
0.00128626623589
0.00144750702015
0.00205238037091
0.00177965303322
0.00151493325222
0.00107201999147
0.00119246071279
0.00119391336082
0.00305879267948
0.0029194300473
0.00231689108865
0.0020284253106
0.00343139306879
0.00310161861388
0.00133071682888
0.00119959844487
0.00155009249085
0.00158260864371
0.00153289246348
0.00151417305774
0.00193791497072
0.00176615086119
0.00298550531395
0.00237595669703
0.00169040411097
0.00184838934882
0.00221240919542
0.00190737117306
0.00191688184925
0.00148128632619
0.00183756116801
0.00167745602261
0.00154654424961
0.00127797513624
0.00148130207665
0.00136160795942
0.00287941439481
0.00259591527202
0.00159867823866
0.00184795218808
0.00192437985505
0.00176755626764
0.00140310041696
0.00121697659733
0.00146838043088
0.00127565528395
0.00197360084209
0.00233915904485
0.00130524900078
0.0012634098571
0.00142264849645
0.00124489090111
0.00144424009435
0.00115537858002
0.00145996443945
0.00140733208937
0.00213388486025
0.0021230184137
0.00249135459713
0.00261571197942
0.00163590054677
0.00135716200713
0.00164673115882
0.00173335545884
0.00270478855018
0.00242988707648
0.00172099779077
0.00156915613503
0.00168212790783
0.00185796849797
0.00260318024139
0.00317537294032
0.00138820334868
0.00139091421047
0.00141972343998
0.00144676893308
0.00217068682763
0.0018886744763
0.00207959597157
0.00176002315025
0.00119783384167
0.00101396222182
0.00107674420358
0.00126892809124
0.00162830059059
0.00190782380091
0.0011338787097
0.00152875768047
0.00154628744686
0.00180531177052
0.002252123843
0.00217891764241
0.00229872087207
0.00191673361184
0.00150257881892
0.00119974527494
0.00143846575047
0.00130215201148
0.00266654717527
0.00294813154507
0.00170860503264
0.00138094780168
0.00154347985628
0.00167817865956
0.00297620691598
0.00276405180522
0.00217464161427
0.002404344166
0.00100607094627
0.000956543886093
0.00108125437107
0.00112232430619
0.00252246195126
0.00230586857179
0.00206285050744
0.0021646424694
0.00152813314184
0.00138165941627
0.00165694426912
0.00150586018918
0.00257300097439
0.00431100227426
0.00360764683995
0.00359943290161
0.00153433038206
0.00110428125766
0.00134924943476
0.0010969840363
0.00110589745931
0.000923974708005
0.00102554544248
0.000975324232167
0.00163255489825
0.00175259833605
0.000949462674179
0.000890462545549
0.000998569798315
0.00100573525793
0.00317092240673
0.00293278446718
0.00184676079391
0.00127432539639
0.00105623432751
0.0011405034667
0.0015665929753
0.00138824047326
0.00122729960747
0.00131790601938
0.00274496150634
0.00243960124311
0.00140375292873
0.00123838475814
0.0012703572168
0.00133142517948
0.00324579384614
0.00283782396726
0.00229751887276
0.00284595831563
0.0013255259878
0.00101356625774
0.00104648327218
0.00115544622773
0.00171060509732
0.00176029121929
0.00176728653452
0.00163131419608
0.00116302937155
0.00104033053169
0.00119770053972
0.00137266435458
0.00163290369688
0.0014767649387
0.00158043646277
0.00175473932929
0.00241627102315
0.00228135818552
0.00188107005319
0.00215792245533
0.00133480524134
0.00151246771513
0.00225271607859
0.00130903545248
0.00319184151722
0.00336570035958
0.00353032608843
0.00265932010131
0.00221134380046
0.00202560932915
0.00269184549486
0.00303738358646
0.00199909659845
0.00176529754508
0.00137054073566
0.00129421911745
0.00222686277665
0.00244305830018
0.00128618314621
0.00103620159062
0.00120041672073
0.00112687414929
0.00197497162586
0.00202949611806
0.00125650692681
0.00107476334249
0.00127733425618
0.00131108093197
0.00228927707378
0.00219688583106
0.00215669939258
0.00249230085071
0.00111017848487
0.00102373893538
0.00124504531452
0.00129282033383
0.00271887415577
0.00222826202194
0.00158553925619
0.0012466169678
0.00126267869857
0.00126458863591
0.00281386896701
0.00289706740435
0.00191626263557
0.00197465118495
0.00201726860797
0.00208311057377
0.00150918247726
0.00130094633927
0.00150106919121
0.00162798191303
0.00211393761311
0.00219207483598
0.00151942327778
0.00117633039806
0.00126024538873
0.00151563629609
0.00148143467451
0.00120274192606
0.00114561112726
0.00117219149225
0.00250856751728
0.00283126699276
0.00153019008012
0.00137002944237
0.00115674724624
0.00113322662614
0.00118887147207
0.00107714691795
0.00231315963784
0.00243272237655
0.00233794529553
0.00174047237895
0.00174022554243
0.00141736654648
0.00171050897808
0.00153987304514
0.00332833524809
0.00304633168906
0.00163943341258
0.00186618179283
0.00152421344184
0.00206709699454
0.00277508841873
0.00279336219605
0.00144579047334
0.00174036206629
0.00121231442608
0.00103426464396
0.000978651246327
0.000707384262037
0.000634661784661
0.00164996492388
0.00221650050141
0.00210330419014
0.00125032116676
0.0010726881015
0.00103475170263
0.000806014157687
0.000935416817392
0.000869368593374
0.000937963436678
0.000869823266507
0.00116348329099
0.000925382941964
0.00150202485451
0.00160014779397
0.000931373440851
0.000800512344183
0.000988729750119
0.000883838142453
0.00263830038488
0.00248110703667
0.00205110587813
0.00173960369275
0.00208735978596
0.00159199899263
0.00166131902751
0.00151692791899
0.00196195850847
0.00204690585615
0.00184319911132
0.00189258228957
0.00168416644204
0.00181408335491
0.00273364670916
0.0024208288973
0.00263087152839
0.00313192011888
0.00214372521927
0.00230784511279
0.00262608518284
0.00185586718494
0.00164216656467
0.00173833548938
0.00133248081783
0.0011145935703
0.00147028804207
0.00117541658223
0.0012164857824
0.00108054782631
0.00121824006229
0.00104027675562
0.00262346629146
0.0023271878953
0.00211094569987
0.00251448796969
0.00208684584469
0.00172476968562
0.00189094813036
0.00204035351411
0.00189876640695
0.00148264838653
0.00171893754731
0.00170578906135
0.00150571551955
0.00129937574192
0.00125069350255
0.00176110017396
0.00162343307775
0.0012496145418
0.00108693415752
0.000889344296043
0.00122440559491
0.00103829190586
0.00130320685183
0.000969840134134
0.00179479989931
0.00245542707422
0.000576412241099
0.00175501208523
0.0026024930904
0.002232453226
0.00219644763033
0.00189589819717
0.00115383627648
0.00118039251171
0.00104533159033
0.00116465161303
0.00150500153863
0.00197512742971
0.00251356656819
0.00340610989316
0.00222471720722
0.00310444575955
0.00169861427934
0.00192722910307
0.00153422958482
0.00156649083531
0.00187097154972
0.00191019389975
0.00316429703514
0.0034271867025
0.0023291578905
0.00185050704384
0.00256678299989
0.00248069683829
0.00124531610521
0.00118523822518
0.00121922396217
0.00127837341253
0.00179610035523
0.00230147703205
0.00193879138301
0.00173558343098
0.00200434782496
0.00229431990426
0.00126591522035
0.00143314580421
0.00147618721497
0.00131634968241
0.0015122916371
0.00145853583796
0.00232390630152
0.00230860771976
0.00161326479919
0.00147812385845
0.0020678312361
0.00183109292473
0.00250637123203
0.00279158032248
0.00107529000829
0.000941601471514
0.00100255853731
0.00107581055001
0.00115041995895
0.00106458175591
0.00117511649892
0.0013014029406
0.00197754450783
0.00221233654273
0.00261421426439
0.00256031893434
0.00284341130658
0.00309510405107
0.00332145311423
0.00343961150417
0.0021009514196
0.00213261482226
0.00240127307363
0.0024838715232
0.00206174012573
0.0017851748172
0.00154628626291
0.0016502175887
0.00170596106255
0.0020160429294
0.00104142338184
0.00115131183995
0.00107489244571
0.00124563685141
0.00121874355299
0.00119910130535
0.00135956235115
0.00120185465217
0.00233528127347
0.00238982606396
0.00108578523674
0.00124611664151
0.00133334727199
0.00167006483274
0.00176981217595
0.00192340675476
0.00152651122059
0.00147216158747
0.00136811335739
0.00127613913181
0.00145288801724
0.00144815863531
0.00142830778492
0.00107434936525
0.0012683493276
0.00132070945362
0.0015972168345
0.00136193287302
0.00161275945617
0.00170221963299
0.00123603558249
0.00120088959755
0.00102363486132
0.00121266574501
0.00159113440342
0.00164256522035
0.00311756109304
0.0032612311306
0.00177765966712
0.0016291247923
0.00175591076063
0.00134702772863
0.00329710040229
0.00403060919106
0.00236850227805
0.00281662728958
0.00262730489144
0.00218846433574
0.00141442159503
0.00111686435808
0.00106785407591
0.00118650602171
0.00185537341445
0.00132058209209
0.00138221256821
0.00136525019661
0.00194068850906
0.00206887697909
0.00157160235871
0.00212658723864
0.00235236522201
0.00181066241589
0.00155059659757
0.00142720433082
0.00122469834787
0.00162846040786
0.00197929828066
0.00250431671016
0.00137812256571
0.00148399780895
0.00282662649736
0.00286546008782
0.00167245441348
0.00229196669442
0.00131757325267
0.00119692770865
0.00123902537112
0.0011677180275
0.00160719187138
0.00234339704169
0.0014765948135
0.00137282516428
0.00131169378487
0.0015090849594
0.001794836722
0.00182511735171
0.00166169630218
0.00208298287864
0.00243153299354
0.00182919833901
0.00204001247092
0.00206697441183
0.00138566107651
0.00180931573798
0.00111432379177
0.00115816497147
0.0012759612169
0.000951874408016
0.00136751511648
0.00256328264544
0.00125617487487
0.00119894285054
0.00115959171467
0.000913063772533
0.00100628479732
0.00195442491946
0.00182104466408
0.00169858721189
0.00100345022897
0.000770615566888
0.000924055751605
0.00111043119314
0.00135924119086
0.00154378375938
0.00141448386403
0.00154358468039
0.00150178648164
0.00153705235357
0.00155275730888
0.00181305313558
0.00143646367897
0.00166103174683
0.00166018878083
0.00133682564351
0.00229474471203
0.00219982923505
0.0011082414932
0.0011654964584
0.00139880702375
0.00139832900258
0.00247004171353
0.00218107042232
0.00138903772054
0.00128197983169
0.00143357605673
0.00155581365172
0.00106037953666
0.00142514062012
0.000779769866451
0.000753837490394
0.000926444693314
0.000839466858484
0.00146839179915
0.000982986821527
0.00165582543347
0.00177851219833
0.00208559617871
0.00225868643148
0.00168853723009
0.00219379828369
0.00202558960905
0.00236478657792
0.00100715557133
0.00101661569644
0.00111264408006
0.00113070166926
0.00202953400027
0.00229518456463
0.00115944612265
0.0015033170409
0.00128668096375
0.00117482500263
0.00127862241106
0.00124430902686
0.00176933749666
0.00219517990619
0.00154760310189
0.00162049872316
0.00284591456399
0.00178566524181
0.00205604862618
0.00208966714428
0.00123811831016
0.000911885951517
0.00106308220728
0.00104964924887
0.00202597820063
0.00161760089171
0.000863771599358
0.000668740909102
0.00075867529345
0.000698980845621
0.000978032653441
0.00105532365587
0.00106057498598
0.00110406711412
0.00102163321109
0.00120344133997
0.0023976289109
0.00236876526702
0.00131493489583
0.00111000538752
0.00161023838373
0.00140110072345
0.00240911030041
0.00306615571029
0.00199865650307
0.00180692486755
0.00122525947255
0.00118395470134
0.000956397432881
0.000720995177968
0.000804994944305
0.000832451323665
0.00116187771739
0.00125827052476
0.0011841721325
0.00153118588506
0.00248060396421
0.00236003859156
0.00207226174499
0.00224045570805
0.00193448034877
0.00180550170102
0.00168928143228
0.00143190986238
0.00101965540751
0.00111382031672
0.00181953913869
0.00157017435883
0.00137748158763
0.00143908489532
0.00180666085391
0.0017759725819
0.0010879862465
0.0013159187005
0.000710884192705
0.00056082550474
0.000587319368693
0.000780791071415
0.000623189721729
0.000487550042841
0.000588850880599
0.000512291088823
0.00116321681626
0.000810548074868
0.00114058856274
0.00132283523276
0.00153917502044
0.00149262938652
0.00111432909281
0.000950445623302
0.00101924146765
0.00122308959277
0.00186532043237
0.00195005752862
0.0015679064575
0.0024282795335
0.000927811021983
0.000936959237001
0.000987912829098
0.00091132381073
0.00174758754807
0.00205353827956
0.00126645448098
0.00125758623203
0.000858883470128
0.000830609039181
0.000863431631458
0.000955471958703
0.00107860586016
0.00104131614886
0.00210395983291
0.00157507902768
0.00132852327947
0.00161096713011
0.000849737065565
0.00068993637663
0.000705193577324
0.000845513814515
0.00104539861875
0.000866993414246
0.00119513908512
0.00101645901018
0.00160815653022
0.00138450160001
0.00165569866751
0.00156404351528
0.000890808331654
0.000912117696772
0.00102487954294
0.00101493775359
0.00141276626916
0.00109490637164
0.0011204763441
0.00113285354438
0.000979726584128
0.00109849387711
0.0012390943319
0.00105814578123
0.00138847369814
0.00162669354192
0.00156340400709
0.00118277126279
0.00136537235081
0.00127708762449
0.0016529262586
0.00131916827847
0.00130184039699
0.00108478692874
0.0012185318613
0.00118984108328
0.00170035991407
0.00285274592328
0.00156636761974
0.00184234215211
0.000987896223591
0.000884448483493
0.00117411455487
0.00100165020601
0.00163802657642
0.0019923709731
0.00124637984997
0.00102061008073
0.000981824727859
0.00102967937366
0.00166656259793
0.00211027298664
0.00187479016429
0.00158681079691
0.00163862642142
0.00139833906265
0.00144669422553
0.00126975136792
0.00148838660777
0.00157719628178
0.0023656267806
0.00138872605378
0.00150394288966
0.00138900736175
0.000991372100311
0.00096330578848
0.00106598685764
0.00113037256394
0.0018106823833
0.00173736945022
0.00138184772672
0.00118817026517
0.00239987032472
0.0025238964347
0.00184681939078
0.00171976125714
0.00182243573177
0.00357875872841
0.00174479543097
0.00145866472384
0.00111711089281
0.00128747316693
0.00114625958767
0.000980388011058
0.00093200776168
0.00126808571352
0.000987780635764
0.000745259623941
0.000709203198235
0.000742996515999
0.00189366768448
0.00194915495726
0.00147898343664
0.00135133070835
0.00107560318471
0.00103998473772
0.00127129714434
0.00127882839109
0.00157318475533
0.00202894961178
0.00280541026834
0.00188658574708
0.00074078097864
0.000693773559499
0.000780183186984
0.00103895610639
0.00153134602394
0.00170905396658
0.0011946108527
0.00133104177991
0.00246218409489
0.00198487892524
0.0024000188908
0.00200500041444
0.0013909574253
0.00134582474273
0.00212003954776
0.0022192978155
0.00174753194533
0.00206219735032
0.00191648781618
0.00157982796626
0.000828301111551
0.000755232143908
0.000757352490113
0.000963906403275
0.00145813118729
0.00160177532178
0.00142641772239
0.00133381278755
0.00160816754808
0.00137769922062
0.000899105496933
0.000745438745808
0.000943601346589
0.000812876323629
0.00175020752307
0.00181062781691
0.00151762764338
0.00201502038565
0.00202455955026
0.00103275426826
0.00119517283171
0.00123007392003
0.00143252265673
0.00145782917218
0.00336377113195
0.00176532073351
0.00120547042634
0.00101136157864
0.00116300739449
0.00137512620178
0.00150101695151
0.00159620172254
0.000862318055527
0.000839961959193
0.0015833662675
0.00157624341605
0.00149254496923
0.00179859086121
0.00142399587749
0.00207542098372
0.00148536053598
0.00165374045498
0.00071591762385
0.000519097514009
0.000488505014936
0.000455515326938
0.000386599106162
0.000385188524888
0.00044283540864
0.000405263652097
0.000447535406011
0.00051436093977
0.000523037033948
0.000631932910154
0.00108380582334
0.00108347016914
0.00131796828835
0.00119910699195
0.00132198016617
0.00174794281465
0.00125461552939
0.00173153150198
0.000803469304726
0.000900080400817
0.000911845908922
0.00112776599847
0.00159160742017
0.00128097543834
0.00112676928533
0.00107239654593
0.00167324535323
0.00180160934542
0.00156146924144
0.00133627656991
0.00105272438322
0.000766238688986
0.000613358697752
0.000804948699434
0.001668336017
0.00130662469644
0.000940774467787
0.000875554423732
0.00129983093381
0.00151194831908
0.00110269280725
0.00123833676671
0.00111644448396
0.00120124891102
0.0014669071575
0.00159784419962
0.00111297084541
0.00096516393604
0.00095308492634
0.00108504848195
0.00213619279333
0.00242627078458
0.00259349322733
0.00159996376811
0.00249356728577
0.0021598472887
0.00170675662759
0.00222059526033
0.0022055444607
0.00425115507207
0.00155145783327
0.0017524803694
0.00217168193618
0.00266304243841
0.0020156971263
0.00179415852594
0.00196162020272
0.00239847378201
0.00186092580784
0.00189369095021
0.00156099875882
0.00152817919125
0.00205291538132
0.00157621697419
0.00113204605687
0.00105141996564
0.000869370757577
0.00115766952449
0.00123501598261
0.00106014617125
0.000962209164448
0.00133448023316
0.00115722295319
0.00121507497512
0.00110431586519
0.00135016834928
0.00210835485483
0.00146500358837
0.00144246189791
0.00131331534109
0.000763278277943
0.000752720331122
0.000709880905921
0.000752442992544
0.00108763870823
0.000544720605275
0.00231212647294
0.00209760794828
0.00140400393148
0.00118381555238
0.00197555174288
0.00194037714608
0.00109246301397
0.00159854720437
0.00127208780305
0.00108451892148
0.000777759872564
0.00107561631534
0.00112464834514
0.00121241713369
0.000868788762083
0.000682739832623
0.000631714079863
0.0007517361449
0.00112672080819
0.000988168154
0.00227262763665
0.00282907793369
0.00179972989045
0.00178378290003
0.0017329087335
0.00172126409789
0.00126449392349
0.00136692835322
0.00151054881248
0.00202558862751
0.00128376548618
0.00108810867778
0.00112600824942
0.00108683013464
0.00219480455423
0.00158228879977
0.000836279828797
0.00169993930349
0.000583541246101
0.000589391954443
0.000535365338049
0.000592604493868
0.000418078151681
0.00057050462158
0.000555665019567
0.000740261509523
0.000728123486159
0.000812950895671
0.00113847708392
0.000997815560155
0.00221826769473
0.00233700221481
0.00136410389849
0.00109655590592
0.00105347477322
0.00139010380568
0.00086937359056
0.00216459886998
0.00143995851936
0.00151261723073
0.000927334045214
0.00105928695246
0.000928661949475
0.00149299370345
0.00211321828662
0.00116460040048
0.00183866251503
0.00200479348456
0.00101970205152
0.000945564720195
0.00108820300171
0.00110786614599
0.000987123058155
0.00174759270353
0.00143974727195
0.000909053196953
0.000905663667882
0.000885228031431
0.0012121605173
0.00145054054013
0.000576777741483
0.000473081972916
0.00051650361221
0.000520027713721
0.000944984850098
0.00096988850667
0.00101370600048
0.00111561323314
0.00164732203329
0.00150867256169
0.00107039122546
0.000785180520759
0.000752225543195
0.00063263275768
0.000777104512562
0.000649889845559
0.00149273412899
0.00259930691308
0.00212155502503
0.00108004875968
0.00131974715082
0.00137730066098
0.00129717175125
0.00115103078597
0.0016910728795
0.00140287901573
0.00197549220206
0.00207582949989
0.00157850748307
0.00108847497197
0.00138636171317
0.00137993736645
0.00104175111401
0.000974430002406
0.00103864994431
0.00116394224068
0.00124884926169
0.000977951693011
0.00164233662931
0.00167426725194
0.00115446114859
0.0013337242347
0.00121401401719
0.00105939971033
0.00130091710267
0.00127498297868
0.00132723978828
0.001282885954
0.00103902714037
0.00103382245443
0.00158601796285
0.00185427661592
0.00112575176262
0.00107249398134
