0.0143637872673
0.0156009031545
0.00917110487662
0.00785360653702
0.0111672634084
0.0122679466553
0.0161338416487
0.014539381023
0.0141165602137
0.00995584366735
0.00820354548614
0.00946516551828
0.00967940334804
0.0110719924604
0.0115034983981
0.013050678435
0.0126767081043
0.00964996595158
0.0121808969986
0.00753719099792
0.0125950439691
0.00985329066552
0.0122600332841
0.0128214994139
0.0111487117101
0.00886857651359
0.00770875271824
0.00907463374724
0.0127920290448
0.00750802788203
0.00922402104692
0.0108793578882
0.0108129520006
0.0113551848001
0.00713481720589
0.0089567619862
0.00836223371853
0.00714138191318
0.00836514382494
0.00863946266173
0.00969062185041
0.00959787510075
0.00626206508576
0.00689948050022
0.00973544385712
0.0124779793075
0.013308958568
0.0114418146661
0.00732429213301
0.00775401555326
0.00814115108402
0.00995949104461
0.012390931398
0.010275017202
0.00931300524599
0.00939757015958
0.00994543501046
0.00701561151959
0.00980701373167
0.00820158916429
0.0105873554419
0.0127623432649
0.00711961490968
0.00920179850313
0.00871975020383
0.00937988174829
0.00842030277249
0.00881419831373
0.010445171937
0.00941150360442
0.0121414306479
0.00894114454004
0.01157692867
0.00935439339436
0.00846140810569
0.00875371470522
0.0101805451693
0.00958830641434
0.00988195118619
0.00972812714219
0.00743593312125
0.00820139727165
0.00887342355161
0.00896274551269
0.00904512875478
0.00782351404239
0.0108046020249
0.0100508585782
0.0119662507435
0.0105159800176
0.00917387051847
0.0107979342919
0.0116662516655
0.0103015934051
0.00935852314436
0.00942369466653
0.00895427252728
0.00744709548626
0.00834539918742
0.00908653341545
0.00852288361204
0.0092950530447
0.0103194000414
0.0103771920491
0.0100578882911
0.0118916523084
0.00981082730868
0.0110606046733
0.0102106664558
0.00899180824879
0.00815851331448
0.00649362601362
0.00954526127215
0.012702280775
0.00941456972497
0.00939523943457
0.00744192552803
0.00605332364432
0.00788266328543
0.00846947256576
0.00938843708132
0.00723463047846
0.0102464593162
0.00755960003071
0.00849536758016
0.00808160039961
0.00767659615662
0.006137190413
0.00618548267122
0.00681762105332
0.00755812197188
0.00886508039895
0.00884546048824
0.00503631070109
0.00527829991428
0.00618486869074
0.00766241812173
0.00800502619745
0.010067413804
0.00958043033153
0.0101917257761
0.00606305724676
0.0113230633436
0.0104368509201
0.00722004932441
0.00711777174299
0.00757960964627
0.00613010035094
0.00631274795596
0.00606552438624
0.00686496264353
0.00762633840481
0.00706394272114
0.014483409939
0.0152994673776
0.00654998318429
0.00696888234846
0.00739280814663
0.00785126438839
0.00767873884226
0.00839406690522
0.00705094812386
0.0109077116538
0.0114572356771
0.00927177764035
0.00720486882339
0.00899786300292
0.00912134459793
0.00680762436866
0.00553906383643
0.00668442737711
0.0089001750183
0.00530595113196
0.00571399107855
0.00718206137572
0.00774775683576
0.00897863346326
0.00702116657593
0.00897306404235
0.00881962766356
0.00752040786479
0.00785624333705
0.00817056159991
0.00870999445429
0.00970700214465
0.0107934871918
0.013618490793
0.0134119984995
0.0058463706243
0.00941729495978
0.0113089362392
0.0111255406408
0.00479191299951
0.00896793750775
0.00794970433056
0.00976440996148
0.00920248092476
0.00822403677653
0.00781738486701
0.00933127580554
0.00729342920537
0.00887478008393
0.00796529718451
0.00831233920962
0.00995390027193
0.0114086401459
0.0108648006588
0.0104952432657
0.0104050348752
0.00813147549862
0.00621201366675
0.00529765876327
0.00655969686448
0.00841927847655
0.0101389267119
0.00902874352256
0.00888713023596
0.00820925361524
0.009057718965
0.00965162591866
0.00486856869258
0.00624176376304
0.00589430300248
0.00506745031821
0.00603299148772
0.00495494643211
0.00963325917495
0.00738478622465
0.00813097424025
0.00821359170498
0.0103712915782
0.00690770085022
0.00772770060198
0.0117606148168
0.00862673301484
0.00832479610732
0.0100019045817
0.0109167282416
0.00996158503246
0.00839147719303
0.00577658276845
0.00507573703819
0.00534021244073
0.00881783442479
0.00922903838109
0.0070428391705
0.0105729166041
0.00974012424942
0.00611261125673
0.00600218911846
0.00710913052051
0.00692821907053
0.00565107468331
0.00601327421637
0.00872519731451
0.00618617682772
0.00936864486695
0.00830784885712
0.00819196411501
0.00985117166006
0.00958259810304
0.00630295231
0.00557096031395
0.00571280382021
0.0073629948966
0.00500498417919
0.00568794944064
0.0055930998502
0.00629111925971
0.00624333446703
0.00821822599672
0.00832211904465
0.00852211445075
0.00727715199073
0.00634665953806
0.00641704747229
0.00518332728309
0.00429427603472
0.00520889360883
0.00621572784824
0.0101029529856
0.010005302089
0.00901097201683
0.0102223026886
0.0117289405768
0.0126771691288
0.014904894477
0.007389245231
0.00788927787958
0.0106152566463
0.00628112361265
0.00730854795772
0.00840509132279
0.00887348822518
0.00868594061695
0.00811500979449
0.0108835580194
0.00942003519229
0.00937985151186
0.00891035871225
0.00836332347678
0.00872492593623
0.00676356791143
0.00655660955726
0.00808990465052
0.00404305204043
0.00987079309796
0.00915465244621
0.00724808341434
0.0115947523322
0.0104260749213
0.00986395395054
0.0126036354344
0.00832276609126
0.0105976442015
0.00252043766442
0.00746928843708
0.00872887550193
0.0128057057562
0.00983711481824
0.0104099516712
0.00873788699203
0.00699653624462
0.00720673825749
0.00705696359523
0.0105833185164
0.0086970015346
0.00863407087345
0.00660874585667
0.00492620064681
0.00567054028368
0.00585420080085
0.00753681281673
0.00819302467588
0.00615459070297
0.00716676579404
0.0092623157976
0.00890490695068
0.006722198951
0.00711879810633
0.00776701043438
0.00891668761657
0.00702025142663
0.00471970376728
0.00889103077773
0.00879861110483
0.00825377120654
0.00937559353823
0.00554333863927
0.00641121152888
0.011387060691
0.0092420339933
0.00951477862222
0.00905309377316
0.00948236963144
0.00584330224577
0.00390075230271
0.00376342303626
0.0059650882264
0.00515633772758
0.00524835642578
0.00605590753372
0.0057916797894
0.0054943800499
0.00740745912442
0.00779203699253
0.00632568030345
0.0038703136904
0.00310094039405
0.00665163203641
0.00243588017203
0.00340536472854
0.00660220406156
0.00664718899569
0.00682636476546
0.00840400794076
0.0077501165446
0.00699176026676
0.00709786198296
0.00780622192383
0.00382604014305
0.00476982349951
0.00443357438684
0.00700738417942
0.00494982834572
0.00734325348736
0.00704224127918
0.00535224542631
0.00531663509443
0.00357909767967
0.00277845935665
0.00415870725019
0.00291115346377
0.00181410454987
0.00243304955186
0.00361004319293
0.00337159852183
0.00581491143487
0.00570721559143
0.00742769305027
0.00880019087417
0.00946725894682
0.0105814536815
0.0100862993943
0.00915655611064
0.00604577778936
0.0066776096854
0.00782267101134
0.0081757526792
0.0063386152444
0.00702117213625
0.00746718379473
0.00558660185785
0.00570784553091
0.00804866419503
0.00781952051762
0.00782772872675
0.00829945722085
0.0101819196156
0.00679236887209
0.00836024106754
0.00568548771693
0.00860896646489
0.00809957597981
0.00706771009455
0.00746009489126
0.0075198716307
0.00639580783779
0.00698737932799
0.00808343302159
0.00915333538882
0.00687189665679
0.00631546577449
0.00705608863354
0.00739619284272
0.00842827981484
0.00595633456165
0.00577474004033
0.00766960622714
0.0111834536534
0.0112232868023
0.0128529720062
0.00777550400583
0.00618273211334
0.00571496422073
0.0086350694211
0.00960147223913
0.0057838786971
0.00592431691128
0.00987432724717
0.00661510010454
0.00664175028484
0.00749399571586
0.00729959184103
0.0072552894482
0.00773841666433
0.00668347914522
0.00841268060868
0.00934116387147
0.00593912657766
0.00904536408889
0.00988103402371
0.00414812931229
0.00926741917438
0.00736944459762
0.00531623726141
0.00697240226558
0.00531157571006
0.00800654847472
0.00844908223702
0.0085581323591
0.00758261255463
0.00512790370594
0.00598454373596
0.00509733959987
0.00448038953755
0.00549124103314
0.00797114924267
0.00813941995597
0.00588348462785
0.00569991486992
0.00534946506719
0.00672808341028
0.00647634406683
0.00538793981449
0.00522309895728
0.00709640147571
0.0106923328476
0.00980583630461
0.00266668592958
0.00287471750056
0.00344651726407
0.00302625745619
0.00368324448683
0.00435731244735
0.00461981268434
0.00484408172256
0.00566952526806
0.00369987706799
0.00434690220084
0.00348003540809
0.00470093773449
0.00373819616961
0.00637626887528
0.00579982527654
0.00568702498603
0.00455230600634
0.00722226528728
0.0065311217083
0.00611849808816
0.00968307209267
0.00603379616383
0.00599790348187
0.0066368900277
0.00397339948261
0.00443598781063
0.00414301465912
0.0046844768961
0.00447721184362
0.00503354390176
0.00394294022311
0.00429742315262
0.00441084684569
0.00543836187334
0.00651563109563
0.00464118001334
0.00442956588847
0.00435262572487
0.00577289316639
0.00558145512139
0.00544940716096
0.00504597596389
0.00768341597734
0.00762545714874
0.00658554135
0.00708087177345
0.00640397469327
0.00689537044734
0.00538114151983
0.00688803826347
0.00788093684198
0.00635621440321
0.00849230882204
0.00689135864341
0.0059108283575
0.00509420281768
0.0069107861515
0.00450110635784
0.00742506672796
0.00929435633809
0.0102447011438
0.00629869037078
0.00511080196302
0.00705265418459
0.0067982501383
0.0058871999011
0.00901273438859
0.00658944663916
0.00616679304921
0.00559055157646
0.00454828410488
0.00524640561356
0.00635724367489
0.00512456890918
0.00649710462188
0.00649495728724
0.00581326094174
0.00829995580335
0.0100869161462
0.00811860878764
0.00870362463603
0.00910683494776
0.00861644959651
0.00984027971948
0.00790572285597
0.00733771929077
0.00904240527566
0.0068010937388
0.00940402802644
0.0114320084584
0.00952850163423
0.00793918085026
0.00850289008414
0.00650215562206
0.00817336550906
0.00645056505977
0.00636982696348
0.00655690648684
0.00899677476509
0.00679416433314
0.00913151475473
0.00721252145651
0.00766607576732
0.00591818210397
0.0061042845053
0.00659392080764
0.00849003368763
0.0085071483295
0.00934205787227
0.00811234707293
0.00538772498933
0.00557116945561
0.00543995124304
0.00570178086403
0.00782291223974
0.00761643996897
0.00900715987945
0.00732810359446
0.00848115910926
0.00952737417752
0.00670244103009
0.00888463412313
0.00943667784568
0.00836948251083
0.0118237082912
0.00974868745668
0.00691561334127
0.00517869347697
0.00667797927269
0.00554185678349
0.00626852270549
0.00549248874826
0.00751745346486
0.00693572300085
0.0088961773789
0.00805888687221
0.0040089998344
0.005981903761
0.00640182318295
0.00528832435734
0.00669239729895
0.00792298527715
0.00746233229316
0.006281201179
0.00546752241762
0.00508083386525
0.00913079274569
0.00824046365913
0.00449001015402
0.00499567897345
0.00461709349353
0.0076294165388
0.00593392645069
0.00542071521652
0.00664448697581
0.00530151478491
0.00441354802423
0.00425092020578
0.00759401728175
0.00925018132333
0.00750813601445
0.00554670309913
0.00577335256891
0.00765651494098
0.00383429540829
0.00412174293865
0.00822303702493
0.00618634779094
0.0046772071115
0.00906335607588
0.0065485694969
0.00465758941603
0.00594116581073
0.00406099959482
0.00317694724931
0.00657977024302
0.00724243797841
0.00795066891025
0.00647039431485
0.00751657171702
0.00714363366641
0.007927262916
0.00756759733744
0.00828355949066
0.00675349679434
0.00499064432174
0.00562164557162
0.00616152678397
0.00711567906351
0.006922615574
0.00466614477714
0.00603380627997
0.00573814865093
0.00686700252155
0.00722453990889
0.0097620215857
0.00756531675092
0.0071897217786
0.00778376735693
0.0091727320326
0.00918622147137
0.00958364499819
0.00669938093817
0.00718230212047
0.00583727603498
0.00825258924527
0.00765629637272
0.00784637143821
0.00795572751152
0.0046712085515
0.00521994338944
0.00833291063444
0.00861443630143
0.00360493243432
0.00485891873141
0.00329200955515
0.00502868033965
0.00496503204785
0.00541330413775
0.00416631589306
0.00481404785026
0.00384329799245
0.00531550277792
0.00534234962076
0.00464782411908
0.00347941922581
0.0046612668586
0.00443817106615
0.00422491706075
0.00421362609227
0.0048555783006
0.00656733018417
0.00506414820693
0.0048906930765
0.0055193091534
0.00597481724946
0.00587814223938
0.00621581861772
0.00680899216303
0.00662886472216
0.0044601489883
0.00615148563644
0.0061509830313
0.0091595619389
0.0067457042538
0.00710839118783
0.00829142999995
0.00640404015453
0.00459336753992
0.00466092112615
0.00308887454769
0.00620207306396
0.00589158090354
0.00720635746609
0.00615969069038
0.0057668833379
0.00539768287554
0.00786360905464
0.00689505417598
0.0062930472533
0.0059222950168
0.00670795968034
0.00563644745012
0.00479083571365
0.00687433460996
0.00533676752883
0.00797024529248
0.005390903638
0.00466152304285
0.00660289101507
0.00610013997557
0.00604453830144
0.00592742260919
0.0070961080811
0.00683803823572
0.00603843315567
0.00726896334829
0.00865538123162
0.00928758325045
0.00708048257005
0.00817097221641
0.00809739347356
0.00642108425828
0.00650863389458
0.00866919294518
0.00595592599228
0.0103014375884
0.0103129761406
0.00648639927083
0.00614415138298
0.00489355075124
0.00379416639345
0.00483841196761
0.00586610356602
0.00550585845479
0.0052919580533
0.00571324879278
0.00653113894069
0.00810247856565
0.00903184172399
0.007283032737
0.00683065774428
0.00321346600692
0.00677161576247
0.00762384508059
0.00937064920385
0.00745222314787
0.00661417491947
0.00649580093274
0.00546805075285
0.00342254232661
0.00328308255309
0.00421307398541
0.00574223551686
0.00373497730392
0.0044098105159
0.00366913085254
0.00696555304491
0.00511475693185
0.00728545954371
0.00587811734646
0.00529188164527
0.00457920445486
0.00417172469017
0.00491583631288
0.0054875527077
0.00624233411277
0.00573630034968
0.00660794400292
0.00606821263054
0.00683159113907
0.00418538447168
0.00408503517272
0.00750177824102
0.00544460539683
0.00496729178732
0.00378237717406
0.0055897999308
0.00567811316385
0.00680326742254
0.00574496541725
0.00736048467978
0.00698956014766
0.00822946000331
0.00626541957657
0.0051632572413
0.0073422908254
0.00684377821852
0.00529116453278
0.0041972057686
0.00548120341047
0.00609175547861
0.0045388334723
0.00478503040555
0.00551023145853
0.00508450744552
0.00501474499289
0.00434118161883
0.00307978016008
0.00424289150005
0.00371064203754
0.00473764879566
0.00509465697894
0.00463095662105
0.00444742484472
0.00725247801345
0.00799169801296
0.00583340768335
0.00774432673408
0.00675977751985
0.00579378519118
0.00672826866456
0.00966610328076
0.00485693998652
0.00497266585583
0.00458240121614
0.00668606007151
0.00780667666991
0.00699253336157
0.00610805026668
0.00757165508221
0.00306510402766
0.00353034993807
0.00460782044288
0.00605686875645
0.00610439731433
0.008754870732
0.00514400144749
0.00596427119557
0.00309108608541
0.00270443538489
0.00223985765343
0.00232528527551
0.00331103890457
0.0024245455534
0.00355239781279
0.00440546375818
0.00303783448849
0.00553227467916
0.00696114455206
0.0039225368516
0.00444678445279
0.00779877296069
0.00605565999261
0.00466874424445
0.00386905433757
0.00458786572191
0.00393398865929
0.00645306861233
0.00619672789008
0.00570491566525
0.00463163390918
0.00515749676662
0.00463002611782
0.004597483188
0.00344742720496
0.0043851413659
0.00445870139491
0.00510872708109
0.00335451915654
0.00712328218593
0.00774487160131
0.00544414031841
0.00694718002638
0.00589957996804
0.00557666268494
0.00606658941668
0.00664855225636
0.00741217759221
0.00609343061973
0.00640485225274
0.00671230862435
0.0064403139969
0.00519548302217
0.00604350370485
0.00548984805961
0.00379307281461
0.00334670593916
0.00517729948171
0.00372396652992
0.00548078588842
0.00447656964701
0.00533298645409
0.00373096481957
0.00331147863964
0.00372282076872
0.0045865171166
0.00784802647085
0.00554696285262
0.00500716200378
0.00612123118908
0.00411629139906
0.00783368044804
0.00547599045945
0.00471395304844
0.00624000390351
0.00591578516962
0.00430615565759
0.00424939746351
0.00465187380938
0.00632238243271
0.00468892193104
0.00549030472882
0.00474192393513
0.00589391915638
0.00369616893775
0.00323700947027
0.00453720746626
0.00411513140875
0.00615516804855
0.00421700215875
0.00491235534382
0.00280732756649
0.00775105349302
0.00451416813712
0.00860875106552
0.00837214069807
0.00764556909388
0.00754075580802
0.00555625790874
0.00565609265298
0.00685667163206
0.00838172581211
0.00729105634663
0.00683718136166
0.0084697969658
0.00892027935678
0.0072942451251
0.00742331690342
0.00708728698657
0.00597822671012
0.00535691996361
0.00449011665011
0.00588628566049
0.00646916004376
0.0055351989724
0.00516657494474
0.00827291997068
0.00408726158613
0.00549931729659
0.0064624929336
0.00783237482564
0.00742829845558
0.00714479324477
0.00481285223997
0.00569275407191
0.00687238735994
0.00676123225311
0.00523354900606
0.00413787560457
0.00437319221987
0.00458401818302
0.00569154781435
0.00473877528196
0.00711036948312
0.00444487373656
0.00366365724786
0.00259526688359
0.0034983086267
0.00227896204771
0.00382786885614
0.00335124476932
0.00352559492316
0.00378322279955
0.00551716001571
0.00467400722001
0.00440261082841
0.00363182056584
0.00436460034995
0.00379013039392
0.00684792568368
0.00574564701956
0.00701773044811
0.00671620018554
0.00427255335111
0.00468609318461
0.00313823038092
0.00561677795614
0.00316412299864
0.0025603931051
0.00276012514536
0.00254861045412
0.00342614322461
0.00368451052254
0.0063861076157
0.00710067860902
0.00539306970136
0.00441396933911
0.00547917121913
0.00329464510012
0.00368491822965
0.00317378620166
0.00474665874518
0.00306885974051
0.00385644175108
0.00462293731217
0.00484902172785
0.00587057814432
0.00568283993959
0.00312600793774
0.00288010462147
0.00244053230542
0.00276776751265
0.00251876410711
0.00225853706113
0.00243920714967
0.00237775356713
0.00266824177496
0.00343044248197
0.00443331813648
0.00323328637236
0.00227419472984
0.00224899829628
0.00479042019012
0.00385619432807
0.00321084499268
0.0041661253321
0.0041737773719
0.00353076618272
0.00294996053742
0.00333364324627
0.00651815149976
0.00546541723795
0.00503042067038
0.0056499908382
0.00852388571626
0.00749608234875
0.00309646611484
0.00346746430791
0.00350554109952
0.00241702987933
0.00323941765639
0.00398627342697
0.00569219546442
0.00366267239691
0.00566837067631
0.00561425458185
0.00789620596286
0.00512071745871
0.00248223267416
0.0033267835229
0.00279297907392
0.00366962949624
0.00461093199235
0.00419122144437
0.00370436211233
0.0057235300602
0.00468299765893
0.0043825189774
0.00300757510052
0.00393792579701
0.00422231397545
0.00395256866882
0.00251336492488
0.00286310455785
0.00224819050547
0.0036702938246
0.00447170934993
0.00676528710493
0.00539201017916
0.00460997858081
0.00445869637234
0.00533205169803
0.00400768755289
0.00358632615413
0.00333923387841
0.00279397247248
0.00375744782916
0.00277969252725
0.00322479549508
0.00324266402037
0.00301300428466
0.00536710842088
0.00289445536668
0.00315600810408
0.00361188626174
0.00432896078766
0.00419713585914
0.00527043638467
0.0080583542936
0.00799621562706
0.00372804957837
0.00712068457726
0.00558257455503
0.00396516992462
0.00483345529902
0.00475467595742
0.00568279660803
0.00481850418396
0.00635903321203
0.00579654503415
0.00788778627979
0.00650660504659
0.00482438060876
0.00465919772009
0.00573296623829
0.00481844569757
0.00463327789581
0.00495535905345
0.00528738134862
0.00668334750657
0.00512851467663
0.00546686229428
0.00623453809821
0.00426976803866
0.00361555462707
0.00473598750166
0.00345759458531
0.00448498799022
0.00453454048406
0.00427790338722
0.00335018047708
0.00489458229879
0.0040390788497
0.00456932461406
0.00427457658939
0.00453934229866
0.00609563651547
0.00973279344045
0.00622976095724
0.00312670094361
0.00624158962828
0.00303813421397
0.00705460574774
0.00798726373255
0.00674001066327
0.00523624955952
0.00583969706411
0.00456730548165
0.00711366888713
0.00537086755254
0.00476752226776
0.00521726122151
0.00606832408541
0.00589478269973
0.00560375588486
0.00484120495714
0.00632112026217
0.00600891452982
0.00716125457958
0.00429811777704
0.00385910822118
0.00530796491107
0.00534480640643
0.00915810192479
0.00650689760885
0.00450410090296
0.00585799146953
0.00520936462397
0.00699655317759
0.0073686680086
0.00558143845929
0.00703338263738
0.00646919679936
0.00743561929014
0.00579007399088
0.00413993895257
0.00448932516759
0.00531265675277
0.00637807693263
0.0070726115794
0.0064362858817
0.00620335461701
0.00548759562394
0.0044254266322
0.00390018114147
0.00490077692122
0.00480734956772
0.00402821216435
0.00332793260696
0.00463467545916
0.00491333272799
0.00738669200088
0.00611472708825
0.00631372056422
0.00593815571368
0.00640605216725
0.00436539164776
0.00459965492435
0.00668404078689
0.00559589776562
0.00651915230034
0.00499171804917
0.00357101373406
0.00410080501865
0.00408211411809
0.00439545517227
0.004004706724
0.00487987393582
0.00702583970131
0.0068606439821
0.005429836272
0.0049321695627
0.00574397537213
0.00496025007592
0.00570669056791
0.00531633802021
0.00680113831854
0.00514575615002
0.00589505388351
0.00584877585676
0.00360298897276
0.00529831113484
0.00425135170373
0.00390092320215
0.00576672283494
0.00829197318965
0.00826785067105
0.00481304580951
0.00563637301035
0.00690774320288
0.00504325182811
0.0058571374063
0.00655476496765
0.00618752124905
0.0059237710889
0.00434146734264
0.00368303854584
0.00462845501855
0.00390264212624
0.00559516167847
0.00501791506693
0.00305739353869
0.00285581741054
0.003537186492
0.0043361240487
0.00310667929687
0.00561033275208
0.00647509059316
0.00488322607418
0.00542139168441
0.0070741527324
0.00919221045038
0.00710377432596
0.00663815833435
0.00467351898901
0.00653492028036
0.00464393132923
0.00412070367969
0.00463266345208
0.00492376891146
0.00532866449236
0.00532539298518
0.00722238153439
0.0055383218087
0.00558764731315
0.0050070880946
0.00663360803987
0.00673903719718
0.00709687242854
0.00524769741776
0.0044878492462
0.00532254835847
0.00535267334552
0.00421509544703
0.00434593096132
0.00379139698318
0.00496573049365
0.00340411950619
0.00484338743459
0.00333803819774
0.00329143543294
0.00378655243482
0.00395729498119
0.00328815059306
0.00364111855327
0.00443244927102
0.00515059380522
0.00519352479905
0.00614183469241
0.004927320873
0.00485380085469
0.00305688894306
0.00268139700993
0.00305170933648
0.00245421230631
0.00252125084188
0.00271623534923
0.00270173006455
0.00258205081454
0.00304431169462
0.00355748410245
0.00321242668557
0.00435734082033
0.00435536697544
0.00403355345988
0.00377574257904
0.003226934125
0.00445221035432
0.00327824204287
0.00402431084119
0.00561233344661
0.00474771337477
0.00629373005575
0.00519627735322
0.00253744148176
0.00264285339543
0.00245597258675
0.00354566062961
0.00368648611896
0.00302526268973
0.00257054063752
0.00348996855519
0.00607991034378
0.00519645342998
0.00327980125486
0.00292029950129
0.00410740065113
0.0060814637107
0.00324006944624
0.00462168242523
0.0057769972138
0.00610722165637
0.00620491390805
0.00274099880524
0.00297786061328
0.00277772423545
0.00384557773404
0.0027458487463
0.00402624071449
0.00599456903918
0.00523017744736
0.00386482762816
0.00337339174311
0.00312341933153
0.00323317942349
0.00595767851717
0.00495321302945
0.00585574740035
0.00535263205974
0.0044474284319
0.00815694347578
0.00326221249708
0.00357136307933
0.00357738359641
0.00248006563603
0.00476046835957
0.00551161728527
0.00237524670852
0.00294645035849
0.00208936343623
0.00295709705916
0.00231396639071
0.00241235759715
0.00292315114028
0.00252480543879
0.00319705260324
0.00330172842829
0.00723490612346
0.00377568554672
0.00511471036299
0.00319281405731
0.00313297670377
0.00287825235769
0.0028507018718
0.00285446334833
0.00496468661024
0.00381103654687
0.00349115561873
0.00366498187053
0.00398889224155
0.00545490131461
0.00398292760811
0.00367382324295
0.00267780948637
0.0054352676962
0.00261570212125
0.00341691056167
0.002749748891
0.00560392886733
0.00506527961202
0.00456766457742
0.00359724040885
0.00266477727456
0.00228711759149
0.00240437328884
0.00282039527119
0.00233407982863
0.00834609141795
0.004961037531
0.00400319955293
0.00500522022362
0.00499006081621
0.00545190411975
0.00471677374148
0.00500935876406
0.00427625193449
0.00436515234342
0.0047561121988
0.00477309254037
0.00554091683914
0.00431853307148
0.00404462805682
0.00380735661153
0.00405484401016
0.00354483766467
0.00353186450918
0.00493931167382
0.00412094004297
0.00240313521972
0.00884547326509
0.00328781421343
0.00318581394697
0.00404693548732
0.00349651192343
0.00768423285942
0.00393781759799
0.00374992591737
0.00462772196024
0.00437109735428
0.00630467421444
0.00332673939816
0.00323783992858
0.00341882725419
0.00425762128624
0.00394723259852
0.00387602417318
0.00453687738147
0.0039013104201
0.00457554902193
0.00347617845916
0.00373660767692
0.00365084272269
0.00393455444494
0.00452962346249
0.00534724063596
0.00747388906131
0.00575991414577
0.00641776058438
0.00360956589764
0.00308761176194
0.00354275777977
0.00250494749605
0.00525696935588
0.00484147495052
0.00587961526101
0.00582373556545
0.0059721981891
0.00484721210374
0.00444715968439
0.00409647208074
0.00488792210092
0.00545547966636
0.00831424981834
0.00674623727468
0.00752937980473
0.00269514575316
0.00339691319697
0.00327196665322
0.00420707551275
0.00432859103878
0.00425702526431
0.00575723352492
0.00556427812305
0.00337211655142
0.00367089620878
0.00433298656526
0.0038370849712
0.00384861367912
0.00398732852239
0.003282657575
0.00374966983282
0.00385161583262
0.00367752672728
0.00496644984252
0.00481091762843
0.00255194956341
0.00755189724178
0.00475322088517
0.00325052379742
0.00324288082035
0.00385676966772
0.00699624971355
0.00660107694711
0.00421975957807
0.00398585774001
0.00441487663365
0.00306950666757
0.00535592981384
0.00482431442904
0.00564703159284
0.00494812811888
0.00461885426479
0.004998029856
0.00590676109451
0.00394895112798
0.00224820699743
0.00219694231769
0.00268592380413
0.00346429827951
0.00418033794675
0.00418665584686
0.00330752044875
0.00391638924286
0.00398457431155
0.00455806222663
0.00436600658651
0.00461591440716
0.0046757100982
0.00614493568653
0.00619600629867
0.0056417146657
0.00401560962136
0.00337099934632
0.0044283815124
0.00390307774777
0.00771274172431
0.00764280393717
0.00478632362625
0.00395328097153
0.00660589812445
0.00636946405032
0.00387974043515
0.00257684079597
0.00472138519242
0.00387852109607
0.00452810610375
0.00406581879019
0.00393310856981
0.00492830281023
0.006787802345
0.00810401307321
0.00676937413213
0.00649531305985
0.00402236727396
0.00705014352562
0.00538873586837
0.00537369203809
0.00382827930748
0.00291842364484
0.0027916522278
0.00287708472372
0.00479074035321
0.00432760526163
0.00610245354488
0.00485082430812
0.00755309012402
0.00780693008012
0.00528796634074
0.00469841022581
0.00484242542543
0.00380594490336
0.00422589601907
0.00522841876367
0.00404189517753
0.00733359655903
0.00735204018042
0.00706119438683
0.0066510224402
0.0069692855496
0.00616624594025
0.00355380850213
0.00364315138716
0.00460049085114
0.00636584755206
0.00444856730812
0.00398412913742
0.00466292491467
0.00413185259585
0.00641511480306
0.00283079897462
0.00381086860445
0.00286133911784
0.00305497998437
0.00258736595605
0.00318531294528
0.00489052076311
0.00573907622587
0.00391436292217
0.00316553229783
0.00262725224591
0.00308929045381
0.00330906999116
0.00330949263042
0.00251783976539
0.00502724092169
0.00542571141596
0.00656831487799
0.00345221886783
0.00317419909691
0.00405888795825
0.00277820236057
0.00395178629719
0.00434859354222
0.00280074046879
0.00334098883555
0.00598458023727
0.00610161056559
0.00600337300699
0.00795598663157
0.0070024134527
0.00533965373265
0.00495911308916
0.0039719000646
0.00427323240701
0.0024469900036
0.00252824860226
0.00287658189079
0.00243702298285
0.00295780684679
0.00509694889643
0.00444929375291
0.00442692549647
0.00340831704038
0.0034235719578
0.00397450839341
0.00310346375091
0.00553233007067
0.00690450625517
0.00382191418785
0.00434394629959
0.00349118959708
0.00525707188156
0.00629382400003
0.00718958312726
0.00501107645879
0.00655083585245
0.00468480137432
0.00390330679098
0.00340082840113
0.00467834747915
0.00561659856924
0.0051057983963
0.00442875022138
0.0037958723659
0.00413278011044
0.00314862451227
0.00224858090604
0.00222947409863
0.00307327601557
0.0033803454807
0.00329440007494
0.00394485323225
0.00220539332461
0.00312230178543
0.00222420296902
0.00296762514359
0.00262190380459
0.00388431313979
0.00415809694509
0.00473392265486
0.00440181147632
0.00401589296923
0.00601571745465
0.0053908754466
0.00455812349159
0.00409422098595
0.00484381213361
0.00295214886521
0.0028542608575
0.00324555160218
0.00405818936964
0.00363383541272
0.00354817592155
0.0042297568189
0.00495568862554
0.00256830013971
0.00224258508919
0.00240321046122
0.00278568152952
0.00238137154191
0.00183802141299
0.00351648410984
0.00549594748495
0.00302180017701
0.00280867841733
0.00288526349264
0.00367647292921
0.00591098329177
0.00441369503102
0.00481780378136
0.0057169896552
0.00577648733282
0.00505003208191
0.00571857228298
0.00741959129808
0.00183997355949
0.00213835499235
0.00191775515742
0.00184491387178
0.00253760726338
0.00477389520869
0.00375554943482
0.00376196464973
0.00439468227589
0.00355255160205
0.00376786409241
0.00392521793472
0.00401250951979
0.0047258328241
0.00383871965614
0.00495417806733
0.00553403205178
0.00224945784823
0.00269032608209
0.00281671073737
0.00348961719749
0.00350657198377
0.0028485572393
0.00255903672217
0.00331019521701
0.00513226515711
0.00537353770542
0.00673622517595
0.00234326317291
0.00303665015885
0.00275996774143
0.00340648397838
0.00396949022876
0.00324478844648
0.00550299478768
0.00454284172673
0.00589593067705
0.00591022614795
0.00424983579975
0.00363529531142
0.00495668334203
0.00537815792128
0.0036362958743
0.00546669609172
0.00368598268981
0.00309177940316
0.00265755238237
0.00327471816912
0.00256387031844
0.00190376741843
0.001836100763
0.00177938913321
0.00234211503801
0.00244819040123
0.00361945165971
0.00427310974178
0.00652941403955
0.00446584473009
0.00371951115277
0.0048233524618
0.00188433082547
0.00234184045735
0.00260723820079
0.00199384270499
0.00232054295877
0.00320939919155
0.0073287290684
0.00707499003278
0.00510576490756
0.0056457813089
0.00451715113587
0.00365050542793
0.00366043386272
0.00409179026487
0.00711060171036
0.00455944845239
0.0048529208685
0.00497496752203
0.00373265945779
0.00354061252915
0.00378462448235
0.00446585668263
0.00591118235554
0.00504605388228
0.00322499684418
0.0027682837408
0.00310979532449
0.0031042443867
0.0045783412821
0.00450793963298
0.00416827744612
0.00420111400034
0.00287682006941
0.00245043569369
0.0029610462238
0.00291556829998
0.00536980032071
0.0050761514343
0.00627292307531
0.00698061894796
0.00348511821916
0.00301116862193
0.00344791512881
0.00388527903231
0.002616193601
0.00289976704557
0.00239954244259
0.00299443669054
0.00345625238388
0.00355049773832
0.00637827594564
0.00651692038847
0.00322220883187
0.00353049400659
0.0038457912041
0.00327907510478
0.00466215094226
0.00479181014498
0.00283387308032
0.00269445111097
0.0035015961319
0.0036585972429
0.00500955907544
0.0113051261396
0.00762144540926
0.0073027139864
0.00438354330731
0.003242221187
0.00226042243586
0.00360076476554
0.00634241255396
0.00585878968019
0.00411894832408
0.00360033970639
0.00422513054946
0.00422920881759
0.00636559101033
0.00640734136569
0.00280666105828
0.00305951867115
0.00293577203692
0.00329908867611
0.005088559852
0.00429231303231
0.00378032163271
0.0031242970103
0.00359672066114
0.00314489352842
0.00385424740692
0.00347331449771
0.00391584697088
0.0036934237853
0.0033837677969
0.00323470845441
0.00341913752653
0.00339441413276
0.00461469598993
0.00380571980127
0.00389450289559
0.00358161744002
0.00629900099111
0.00625450157916
0.00563244409393
0.00569722609798
0.00388492547371
0.00367532570067
0.00420308174647
0.00407745975391
0.00627507824987
0.00606906006525
0.00287941732339
0.00227455960129
0.00446596047425
0.00443830564972
0.00530203740073
0.00511171946634
0.00912486205837
0.00905853210354
0.00365128815346
0.00316856544609
0.0054698659742
0.00536370744863
0.00512611946961
0.00547873899349
0.0049963410064
0.00466187063981
0.00350603627649
0.0030917283265
0.00369351416053
0.00318311038112
0.00642227333002
0.00656811557311
0.00722365732797
0.00555177507915
0.00464030182992
0.00449823941496
0.00354431509463
0.0032694279617
0.00336774067509
0.00351800908396
0.00564554120062
0.00578438936946
0.0057068728039
0.00759611123802
0.00521566185328
0.00495714347316
0.00234498429084
0.00217150289572
0.00236293685151
0.0024722246912
0.00511383770023
0.00524577798315
0.00294485718324
0.00232229369266
0.00242439288305
0.00253164333171
0.00494332579579
0.00588404093205
0.00463819468526
0.00505833831757
0.00290016022314
0.00239909297744
0.00248050570044
0.00314591243885
0.00703162126464
0.00650704647963
0.00324150858531
0.00255303925083
0.00295873436122
0.00294205036422
0.00544809645662
0.00592149272185
0.00640200853965
0.00659811531894
0.00614654629642
0.00679629310153
0.00311795168722
0.00323723143865
0.00366663403752
0.00400796915726
0.00284592852727
0.00269253031635
0.00309204287093
0.00264129456771
0.00390472904203
0.0046897033505
0.00416458137909
0.00357592483391
0.00557200010017
0.00552834150427
0.00591111417411
0.0065518864579
0.00522940858142
0.00506115571827
0.0070089417813
0.0064539542368
0.0045256619439
0.0046114867665
0.0025173867527
0.00211095096931
0.0024121285989
0.00231356314403
0.00509673843612
0.00539878497614
0.00663993703017
0.00551121280431
0.00379328314523
0.00342779902896
0.00393826690173
0.00425987929078
0.00399871664731
0.00360582902203
0.00406997842505
0.00434848174119
0.00694149432589
0.00508242248062
0.00364125822395
0.00311553561293
0.00336649171003
0.00373533120408
0.00528889905679
0.00722222547944
0.00369572124923
0.00386872840101
0.00375260698459
0.00369765190099
0.00502181316817
0.00547495886822
0.002844975393
0.00272329635018
0.00286235021456
0.00305863220154
0.0050296915991
0.00501680342014
0.00363633012457
0.00277518059211
0.00331100760249
0.00284931262079
0.00297332454762
0.00268792658742
0.00315158813682
0.00312956350791
0.00430524851324
0.00302099250303
0.00387975295976
0.00280728254587
0.00623302992737
0.00528765423098
0.0047838351574
0.00474743544007
0.00462054395982
0.00597484242836
0.00436938414826
0.00518734199001
0.00556563315716
0.0053861476666
0.00476678172941
0.0046443323073
0.00537215458913
0.00464796305063
0.00472197099485
0.0047762485005
0.00314493564225
0.00290853507
0.00358090330516
0.00322833738411
0.00545691110177
0.00577306285065
0.00527948132951
0.00540427975666
0.00376272127495
0.00694265099429
0.005156521383
0.00573511338036
0.00933658129744
0.00483692429676
0.00562351752994
0.00680290913445
0.00367813410355
0.00346664437127
0.0035836573608
0.00441434578678
0.00429049656493
0.00454333076841
0.00244982587316
0.00257748582977
0.00286747864678
0.00310047238283
0.00317191902458
0.0028743307431
0.00255086943204
0.00274331953855
0.00417675368194
0.00373666509918
0.00585432185193
0.00602252805135
0.00305775026719
0.003327776764
0.00201224348648
0.00178685098642
0.00191378553056
0.00130366158166
0.00120656951088
0.00546635294429
0.00411556422615
0.00415805786131
0.00426927596299
0.00426334240609
0.00581466116314
0.00379846001355
0.00108626215317
0.00473996090626
0.00130672391278
0.001333838152
0.00100386620144
0.0015322981133
0.00549848273464
0.00611229550163
0.00554221101124
0.00522105056276
0.00363119841265
0.00343519637648
0.00474689116156
0.00472109220162
0.00271972938882
0.00255141116062
0.00421408069561
0.00487658323039
0.00412882329969
0.00427176857439
0.0043691238239
0.00485532818453
0.00336049617981
0.00391863596273
0.00362002038191
0.00353062173299
0.00223121524681
0.0020563927844
0.00147854692074
0.0013571361062
0.00172470410012
0.00132428072545
0.00235525317583
0.00216990995456
0.0024634710247
0.00267649105628
0.00486557343541
0.00378361646234
0.00393738281261
0.00502135575563
0.00346666723412
0.0042262469207
0.00284416984919
0.00211555567511
0.00239764423045
0.0025202714696
0.00442283715278
0.00442360220973
0.00326619454264
0.00623926604458
0.00298817946939
0.00236020311075
0.00221673302718
0.00294847574106
0.00222951695
0.00269151030765
0.00254480620887
0.00333715473307
0.00246065201525
0.00264124444143
0.00231447377485
0.00329432255981
0.00336958513694
0.00264958212248
0.00250158666337
0.00233752184327
0.00258812487209
0.00319006027934
0.00179235155185
0.00249444904177
0.00216279143985
0.00355335774732
0.00173521128532
0.00194126002605
0.00162806173139
0.00172035375815
0.00249835780319
0.00295258217176
0.00206663726033
0.0032673886163
0.00234925182416
0.00311538227685
0.00258219988811
0.00365709500491
0.00551813717503
0.00393278147684
0.00343340648339
0.003342793799
0.00203437714062
0.0025231919041
0.00467499308648
0.00515057797386
0.00230241326788
0.00193323877063
0.00162159153204
0.0014577251655
0.00183586248341
0.00145166832393
0.00448159379852
0.0049788824312
0.00337347382497
0.0028242324563
0.00277470228296
0.00313701805574
0.0024497791376
0.00342788142051
0.00293956683126
0.00260327116208
0.00229087183966
0.00263532425202
0.00338555435272
0.00417447049599
0.00287612125016
0.00227126876031
0.00197648913259
0.00224552143113
0.00274546328959
0.00304568527588
0.00233006974978
0.00199000182257
0.00192234419483
0.00215454411965
0.00324813778038
0.00316796808983
0.004127671583
0.00341762663409
0.00290903517548
0.00320271447413
0.00191669712587
0.00145049657555
0.00172703983949
0.00133943400113
0.00155625467279
0.00125544964212
0.00137282576179
0.00119457518005
0.00210365027736
0.0021662689899
0.00128595310738
0.00154407668676
0.00154677426515
0.00161580248334
0.00186015529429
0.00253749306176
0.00307946008591
0.00291292594763
0.00219770060171
0.00309052431431
0.00357087306909
0.00188303991587
0.00152906137239
0.00172182298001
0.00182310360495
0.00223906079185
0.0033813033847
0.00303143439203
0.00311469522959
0.00346549738763
0.00583208133148
0.00414685589769
0.00384091254559
0.00410963822921
0.00376543838681
0.00383098769294
0.00334219812175
0.0031381813239
0.00343229311471
0.00345824934725
0.0020833102124
0.00328261967956
0.00155126406213
0.00162899059285
0.00114177634959
0.00109165214757
0.00112315335273
0.0014955962572
0.00345893168815
0.00191835626021
0.00165717970075
0.00231101876349
0.00275348710945
0.00190223746078
0.00248822157546
0.00294705695425
0.00319364046254
0.00256453688556
0.00272738140464
0.00219021539505
0.00129922555795
0.00170898223742
0.00376603139958
0.0034128831176
