0.139300144695
0.165396132703
0.139300142994
0.139300144695
0.139300144677
0.165396134115
0.139300144677
0.139300144677
0.139300142994
0.165396132703
0.139300144695
0.165396132703
0.139300144695
0.139300142994
0.139300144677
0.139300144677
0.139300144695
0.165396132703
0.139300142994
0.139300144695
0.139300144695
0.139300144695
0.139300142994
0.165396132703
0.139300144695
0.139300144695
0.139300144677
0.165396134115
0.139300144677
0.139300144677
0.139300142994
0.165396132703
0.139300144695
0.139300144677
0.165396132703
0.139300144695
0.139300144695
0.139300144677
0.165396134115
0.139300144677
0.139300144677
0.139300144695
0.165396132703
0.139300142994
0.139300144677
0.165396134115
0.139300144677
0.139300144677
0.139300144695
0.165396132703
0.139300144695
0.139300142994
0.0360323037334
0.0711160387916
0.071876994709
0.0711160383478
0.0360323042025
0.0364407122195
0.0854184524774
0.0359430360157
0.0191143270712
0.00919280125593
0.0092183475916
0.04287063139
0.0718769962309
0.071116039556
0.0854184504542
0.0854184504542
0.0364407117862
0.037906594747
0.0364407117862
0.0360323033548
0.04287063139
0.0092183475916
0.00919280125593
0.0359430360157
0.0373605007486
0.0364407122195
0.0379065958828
0.0364407121465
0.0360323042025
0.0711160383478
0.071876994709
0.0854184524774
0.085418451732
0.0364407122195
0.0379065958828
0.0364407121465
0.0711160379607
0.0718769939625
0.037360498747
0.0360323037334
0.0449071381671
0.0711160383478
0.071876994709
0.0718361065322
0.0718361071975
0.043439031251
0.0457143686124
0.043439031251
0.043439031251
0.0364407122195
0.0379065958828
0.0360323042025
0.0364407121465
0.00919280061152
0.00930770698244
0.00921204213136
0.00921834815252
0.0428706331
0.0433457254242
0.0364957005981
0.0359430351969
0.0377745077512
0.0373604981414
0.0360323033548
0.0096560340223
0.00956460796909
0.0428706331
0.0433457254242
0.00921204213136
0.00930770698244
0.00921834815252
0.00919280061152
0.0181886244877
0.0183844808795
0.0046605645917
0.00466383938617
0.00230828619168
0.00231542900064
0.00230988212354
0.00230939028861
0.0218229198223
0.0216318693388
0.0218229198223
0.0216318693388
0.0096560340223
0.00956460796909
0.0046605645917
0.00466383938617
0.00230988212354
0.00231542900064
0.00230939028861
0.00230828619168
0.0181886244877
0.0183844808795
0.0183598696344
0.0183218160694
0.085418451732
0.0854184524774
0.0364407121465
0.0379065958828
0.0360323042025
0.0364407122195
0.071876994709
0.0711160383478
0.009114261127
0.00920260665374
0.00911426137087
0.00908284072121
0.0358589319454
0.0357505683862
0.0190614930796
0.0191143277855
0.00919280138405
0.00930770744881
0.00921834761469
0.00921204263043
0.0359430352656
0.036495697593
0.00959114172985
0.00968266175395
0.0181696831821
0.0181061567112
0.0361614760782
0.0390892541911
0.0180485248595
0.0187645996849
0.018106156118
0.0185820529585
0.0181061567017
0.0181696831549
0.0218890185717
0.021910100793
