0.13173748036
0.13145894931
0.0766014747328
0.142337840519
0.123472660635
0.0422917698659
0.0360704498916
0.0422749543888
0.0472580574694
0.0401277580124
0.0416264231211
0.0690154722339
0.028866710459
0.0337845694063
0.0402870073314
0.0396441492531
0.042582364507
0.0333254978146
0.0382283110201
0.0324747527199
0.0319781093335
0.0373451968882
0.0395513424674
0.0330301700778
0.0309303807612
0.0401016962334
0.0378659381881
0.042240545849
0.0459430329499
0.0428893625856
0.0333719498488
0.0362413552743
0.0342782100462
0.0426512534821
0.0709884644331
0.0748337203451
0.0380076107072
0.0362367438121
0.038107985327
0.0832705107391
0.041089279943
0.0383829403966
0.0347377431598
0.0311598669641
0.0252917009341
0.0380742646858
0.0436049397705
0.0864984533442
0.083560299061
0.0717091285558
0.0737761448809
0.0432911741812
0.0392529263745
0.0358599025751
0.0424929882154
0.0328862616333
0.0310579730449
0.0307408779585
0.0415349106167
0.0774580398325
0.0773277380863
0.0603457985607
0.0381126594073
0.0377566647581
0.0382697717738
0.035377213092
0.0447423942705
0.0438226826009
0.047062704521
0.0402959405721
0.0746071485882
0.0727602516377
0.0364601190758
0.0415983190931
0.033752129628
0.035989985998
0.0343335119598
0.0344866419362
0.0400630080476
0.0418955401709
0.0386853497252
0.0375532997855
0.0200276361893
0.0264105892353
0.0105940023137
0.0106062244537
0.0103668366096
0.012850491861
0.0138731007436
0.0105711608438
0.0123907452594
0.00860995290173
0.00884855076797
0.0154011664013
0.00941611288309
0.0098633703207
0.0101909079243
0.00987868480491
0.0109941688997
0.0123190388825
0.0134942507872
0.0105794355487
0.00903521344523
0.00895523492031
0.0143896264398
0.0130720853531
0.0120213661433
0.0117044238288
0.0112718200543
0.0115978707669
0.0101893219003
0.0112192007971
0.0122104649626
0.0131511647064
0.0138816632964
0.0096890346455
0.0212940486549
0.0210316210312
0.017680656167
0.0235055716303
0.0229934078362
0.0203118798685
0.0171441207504
0.019765475488
0.0247486013625
0.0216726746377
0.0143887908634
0.0215681419207
0.0208367055254
0.0128516962195
0.0263681083859
0.035194948415
0.0701407404304
0.0731791822065
0.0400117613081
0.041890395188
0.0402591744005
0.0423630333577
0.0611491863747
0.103926889491
0.0686368341997
0.0685081371125
0.0410733593061
0.0412312502657
0.0434439718358
0.0408775786549
0.0348499804331
0.0334802101802
0.0299036851878
0.0364301650661
0.0398034153149
0.0414857195319
0.0424636148075
0.0403888933855
0.0713990480725
0.0740750605145
0.0710746448082
0.0416786671804
0.0197571597555
0.0199108930073
0.00954101436343
0.0196232538147
0.0229459084645
0.0277846009085
0.00951708717149
0.0104890338759
0.0118505543375
0.00961599047244
0.0111601328905
0.0095999525606
0.00995728426583
0.00968828001563
0.018374579712
0.0211207425625
0.00930215711475
0.00918393535046
0.0105542865428
0.00956264033257
0.0115869488742
0.0113848915924
0.0109268018177
0.0113712256756
0.0118279193543
0.0107027854914
0.0108306007602
0.0110991025395
0.0112254074407
0.0107904105727
0.00974246968105
0.010003035497
0.0099397814403
0.0103878466195
0.00990422810782
0.00984615870726
0.0107164460934
0.0106963862743
0.0107525420945
0.0108455233703
0.0107950873678
0.0109836258606
0.0107525199533
0.0108116950807
0.0106828122672
0.0105872803298
0.0105435081407
0.0106557702453
0.0105302400972
0.0103624569137
0.0104111584483
0.0102251380573
0.00963341254607
0.00983510206225
0.00951325666128
0.00972553243058
0.0097164122999
0.00974906983714
0.00972347036681
0.00991090335731
0.00926689665497
0.00918867410657
0.00971216770487
0.00919959743362
0.0097128668506
0.00978745477931
0.00946383077778
0.0096366309408
0.00924975686247
0.00947523157352
0.00949599185086
0.0101577023577
0.00990625882812
0.00979360198362
0.00973886813223
0.00983744290129
0.0096928258898
0.00977877978414
0.00964983177468
0.00962362745329
0.0165198338804
0.0170989251321
0.0172515163405
0.0179439575348
0.00987021198539
0.00990570026046
0.0100237251694
0.0109689586346
0.00964246199727
0.00983707935138
0.00965776147095
0.00975088102986
0.0109178015108
0.00983773255227
0.00986772056725
0.0103275773218
0.0105748609063
0.010646973428
0.0107018191216
0.010723745073
0.010795919956
0.0110913153107
0.0109158159816
0.0108121270403
0.0110420522991
0.00999700421502
0.0101950961051
0.0109788157848
0.0108216805638
0.010666654513
0.0108552740811
0.0117445550021
0.00965677177566
0.00976950102321
0.00948621355396
0.0096765234353
0.00947843077298
0.00942579083851
0.00891026375745
0.00959501720787
0.00911510201242
0.00899415792373
0.00850213290355
0.00871682088719
0.00928746893893
0.00947366224334
0.00840812960635
0.0086005197384
0.00973767593921
0.00864104235755
0.0092844418308
0.00906210526849
0.020125259889
0.0195131562401
0.0096509067693
0.0209956337596
0.0229550884433
0.0275640809233
0.0184134632441
0.0163487972072
0.00945382370469
0.0103911854382
0.0117743213828
0.00961456677543
0.0116086245498
0.0100410983289
0.0108553787178
0.0100134110314
0.0209150269879
0.0223252553156
0.00885190802172
0.009103024127
0.0100290130029
0.0085029712356
0.0207591751139
0.0185752968751
0.0112685462091
0.0091440194191
0.00920002489301
0.00893564025712
0.00892606255157
0.00848838697034
0.00907875342253
0.00868938753332
0.00866404762765
0.00868274473882
0.00791993290111
0.0087228998507
0.0193569628651
0.0198412797394
0.0172102710699
0.0211303839019
0.012681185311
0.0125275128466
0.0126108997146
0.0133692403943
0.00898834710102
0.00881254588341
0.00958300200923
0.00879615809488
0.0190395846556
0.0195747662965
0.0100257095664
0.0104375048179
0.00982628821502
0.0104148993112
0.0122924842998
0.0108360865865
0.0119845765249
0.0121118220891
0.0353552069082
0.0270305848082
0.0658306077543
0.0377736980889
0.0322235711622
0.0374543812988
0.0648989922745
0.0363940119485
0.0173373782953
0.0185050520978
0.019670575131
0.0191221620147
0.0188634005101
0.0183947395402
0.0119309193743
0.0108741750441
0.0109211738958
0.0114907806821
0.0110799368672
0.0112719000134
0.0110485779419
0.0120808804302
0.0108153508475
0.0106682447174
0.0099330184352
0.0107524911826
0.0113392281228
0.0107791120544
0.0108260414206
0.0110686995329
0.0107504061924
0.00980300938324
0.0100928027585
0.00980761452493
0.0112908825581
0.0101819245848
0.0108696260302
0.0103679697351
0.0105185076199
0.0109726239591
0.0111855400905
0.0112378702592
0.00974336566536
0.00953662562809
0.00965685854961
0.00929326435785
0.0105354595273
0.00973593437476
0.00968246985846
0.00944145843146
0.00984814161639
0.009638156138
0.0097007499105
0.00964647565679
0.00956946499654
0.00967369334669
0.00889186675247
0.00925776698607
0.00909020302145
0.00989371745714
0.00912569673285
0.00929516622109
0.0201955438532
0.0176406183711
0.0166094412709
0.0182541964656
0.0102056949124
0.00839912559556
0.00941345930808
0.00862803541292
0.018523876783
0.017138171594
0.018243076836
0.0182346271048
0.036145265742
0.0201502549985
0.0348977230774
0.0326770094113
0.011659332648
0.011442043878
0.0106700600543
0.0109114849476
0.0103425818884
0.0105354862144
0.00957775869912
0.0102411741619
0.01035817035
0.00954834468084
0.00986467115743
0.00954854684051
0.0100117791508
0.00907499856903
0.00943855455214
0.00929653302669
0.0110599601992
0.0101847528912
0.00991891305385
0.0100721344994
0.0097494339493
0.0097879885004
0.010853317011
0.00991192975194
0.00918927341075
0.00909707934261
0.00853580306956
0.00957727165635
0.00961689075757
0.00958586368487
0.00987344048722
0.00913991956318
0.0328049358512
0.0431914379867
0.0251148874804
0.023227732881
0.0209575814327
0.0207303998077
0.0218878511624
0.0213007185099
0.0177928657654
0.0255235329673
0.00882252983288
0.021425728865
0.00895581983521
0.00938643155057
0.00883283096642
0.0107675297087
0.0420840721932
0.10231711464
0.0312141498068
0.0283751537298
0.0287640257503
0.0258541066593
0.0113004710105
0.0109290233653
0.0108534155329
0.0124780213891
0.0179410893842
0.0212165205427
0.0187968198474
0.0228290225262
0.0413119820691
0.0325611276147
0.0186963870607
0.0206325703342
0.019566902519
0.0194178001635
0.0206817976617
0.0206987035445
0.0212399420601
0.0211030202052
0.0101810804029
0.00971900804175
0.00951276305434
0.0101307354334
0.00971861850655
0.00977309647278
0.00980031700512
0.0109396669222
0.00910725057687
0.00911360412526
0.00867048654549
0.00916499376685
0.0107200748002
0.010208922881
0.00997194210477
0.0107236683535
0.00381446830588
0.00428989575501
0.00447222000425
0.0055570274862
0.00620787616273
0.00535531542458
0.00481046411851
0.00656364517757
0.00634901510217
0.00654233636568
0.00562720314366
0.00710768560525
0.00610024864938
0.00523397812177
0.00471911440857
0.00473989854575
0.00375683176765
0.0031995294201
0.00285164522192
0.00276247473635
0.00273617168086
0.0028002278479
0.00313427229647
0.00276264015324
0.0027379233471
0.00320563086068
0.00257353506684
0.00284619270526
0.00275250353815
0.00309850651848
0.00323154705143
0.00354409139558
0.0124892784848
0.0103845251432
0.00968734575716
0.0100848505584
0.00592927393999
0.00577636510108
0.00539609517188
0.00678373029822
0.0070353954172
0.00607139725545
0.00548681658023
0.00621263400461
0.00629334815484
0.00712159477526
0.00726884815915
0.0062719893828
0.00638541712464
0.0077154693086
0.00370410377322
0.00332526610686
0.00291554368296
0.00312330389173
0.00352702157815
0.00664779944378
0.00915563785749
0.00982063236873
0.0091324085626
0.0100825387246
0.00557364263566
0.00542529894583
0.00313499221037
0.00268139614873
0.00316418550666
0.00269754051918
0.00464611051051
0.011290213426
0.00834370539419
0.0119655634869
0.00709184073717
0.00574223177138
0.00478343689566
0.00595319818012
0.00535087024511
0.00488882518868
0.00433108695453
0.00476237126346
0.00422010024981
0.00448663278723
0.00424354975148
0.00454483042294
0.00434059675942
0.00371990751103
0.0037577459065
0.00472996638195
0.00481814568114
0.00508426247203
0.00487014718928
0.00586088345043
0.00770254607826
0.00834039257831
0.00878558897024
0.00905148249078
0.00546357091707
0.00554062452107
0.00320083829405
0.00266950739298
0.00315322841962
0.00267053679731
0.00693777458069
0.00601654374714
0.00343882568194
0.00636186197617
0.0060690877561
0.00766522072856
0.00377712757758
0.00337842991283
0.00312169544828
0.00288843224821
0.00386493944918
0.00443103101481
0.00387239610684
0.0035106695349
0.00435739250801
0.00456435157786
0.00477917177941
0.00416473911367
0.00424170819266
0.00468523191235
0.0048022562799
0.00477798971322
0.00486652022247
0.00516453683511
0.00512416734097
0.00586564653517
0.00451815433908
0.00436237101318
0.00504966675644
0.00463285134045
0.00564920773201
0.00525223260418
0.00675078160673
0.00511347544138
0.012749881659
0.0108563868526
0.00532541617465
0.00560831353108
0.00684211062718
0.00599273136816
0.0101959775741
0.0110223504362
0.0109856586642
0.0103351133131
0.0145775302462
0.0155115290389
0.0142260959412
0.0153856625465
0.0134530687471
0.0114609671485
0.0194695242323
0.0137929925741
0.0173742160651
0.0189549454232
0.0165172665595
0.0182340176359
0.00843431436442
0.00874400518199
0.00909982649333
0.00852076189125
0.00608789020301
0.00506506911898
0.00483456942635
0.00545431351142
0.00446136056483
0.00491614298243
0.00465148389661
0.00528679834183
0.0039170629159
0.00364287809993
0.00346144795785
0.00406304035117
0.00648189839069
0.0066810459183
0.00503039706921
0.00701452511889
0.00733605192761
0.00692330591779
0.00607164641977
0.00654626909915
0.00558696940785
0.00538878895397
0.00529561164686
0.0058007857353
0.00504270019438
0.00504063120032
0.00430139595378
0.00457691733651
0.00589568078725
0.00548723832554
0.00604685803473
0.00596249789178
0.00992143076656
0.020252069667
0.0295435671019
0.0394074962426
0.00875081510885
0.00835318802582
0.00824477018184
0.00794616300648
0.0170257122684
0.0201536926849
