0.0949986822999
0.0938742264771
0.0436320775916
0.0991158862258
0.113589434033
0.073083266211
0.061646978447
0.113474081434
0.128887096359
0.0583882019899
0.0494059323359
0.0461984512814
0.0452398796624
0.0438525274798
0.0331762705998
0.0509032437107
0.0347047490323
0.0487411852745
0.0420345449437
0.0387790938456
0.0508974808771
0.0588879816292
0.0182803852767
0.0257145008877
0.00568622850488
0.0128555871725
0.0309412551172
0.0437919376746
0.0360691045153
0.0269908772662
0.0162368362385
0.0192368175052
0.0225486900013
0.0228618918082
0.0227675758939
0.0577024094205
0.0393084031201
0.0394120640369
0.0191637202688
0.0186962409919
0.0132424708232
0.0175760300261
0.0224348242647
0.0232532295898
0.0212431035786
0.0204618186536
0.0314843023664
0.0191170155641
0.019297434034
0.0156842929477
0.0250627542936
0.0405349969787
0.0142508643144
0.0101693619509
0.00862928250748
0.00991189214395
0.00992465860037
0.0101848298586
0.00907649240048
0.014117938318
0.0143172803469
0.00900962135516
0.00772053598863
0.01108331
0.00874016455392
0.0109422408008
0.0172742190486
0.0725176502441
0.0477796250418
0.00923276943276
0.00821084490848
0.00706912088374
0.00677371986293
0.0152246257641
0.0203594967309
0.033404010706
0.00526661608577
0.00465948737901
0.00607690609145
0.00871389754657
0.0122399469001
0.0128581204407
0.0123887159414
0.00867538226531
0.00639475137498
0.0299055553451
0.024467830132
0.0407050104765
0.0433895659713
0.0816553082537
0.0673847871616
0.0444958318537
0.0535774202882
0.0286938079801
0.0198789453608
0.0319071443047
0.0171901121041
0.0175135647788
0.0288079508505
0.024056395968
0.00851948437064
0.0251737970022
0.027195623755
0.0133286564986
0.0215371405236
0.0132386964721
0.00544519892391
0.00564483328369
0.00757616707949
0.00568390841309
0.00582177762926
0.00561571083294
0.0052490713763
0.00821156735307
0.00714839459914
0.00484992911901
0.00693691164485
0.00707586741554
0.0166913778369
0.0179765708464
0.0254850226643
0.0108005079645
0.00759788749002
0.00701936164344
0.00682369216025
0.00482726909944
0.00546438924361
0.00457486018919
0.00582288934833
0.00464138638001
0.00679192173218
0.0076730624248
0.00649098165956
0.01061323945
0.00629716663009
0.00747502658274
0.00752896168189
0.00748983717032
0.00634519460112
0.011621445138
0.0121288334646
0.0114068328818
0.00822480910062
0.0126266095572
0.014005486456
0.0121323900747
0.00815079080043
0.0121330674736
0.0169797203271
0.0118293844619
0.00970129708977
0.00947155275825
0.00897245436985
0.00901150220196
0.00944247137736
0.0102727159608
0.0122831338768
0.00727876921259
0.00843339888879
0.00764520391445
0.0376358312345
0.00786647463033
0.0119859118123
0.0122137270156
0.0125576382837
0.00916959227768
0.0183882896098
0.0184617899113
0.0241199315004
0.0620939103483
0.0690138139682
0.0276225887064
0.0284115348743
0.0347805603415
0.0323644466479
0.0265727465174
0.0348012997285
0.00925944927584
0.00843716527412
0.0106608491926
0.0205710585078
0.0128653495845
0.0118014471576
0.00913818587693
0.0093691469704
0.0097538825492
0.0113756980653
0.00837146991338
0.00701715229173
0.00961496747026
0.0213448599439
0.0127961409697
0.0158747304831
0.0152120690722
0.012327468262
0.0249900021139
0.0106615627597
0.00790239968785
0.0130916237685
0.0135589844588
0.0147202256659
0.011002392184
0.00796189261033
0.00685035550396
0.0080381625163
0.00723562829396
0.00732371293424
0.00893913712542
0.0083927501669
0.0081266748391
0.00835649643376
0.00831950276155
0.00714768118329
0.0118385384726
0.0075901046368
0.00866760961738
0.0139368794311
0.00756813916813
0.0134114604493
0.00601079880654
0.00788218078916
0.0111309925369
0.00567821647722
0.00541277740534
0.00534467438064
0.00715466335753
0.0109467216911
0.0103122195538
0.00666631254386
0.00621439733838
0.0128007700347
0.0105400723988
0.0109221288762
0.00715209783131
0.00883772136696
0.00550890953724
0.00967803821802
0.00750940972214
0.00721628741478
0.00690602348998
0.00739650203888
0.00967575256726
0.00958904267882
0.00720246477675
0.0103221509433
0.00852094271236
0.00684769536117
0.00848287704874
0.00891348526325
0.0101176798422
0.0071131159698
0.00842702105531
0.00992636974189
0.0144921871998
0.00901554869225
0.00972010120887
0.00768722390971
0.0427090340575
0.0469474895989
0.0749802725081
0.0555641768581
0.0447850044991
0.0406001388214
0.0339324207459
0.0485030698178
0.0562839483533
0.0712383689523
0.0218522428336
0.0544831844238
0.0310150521533
0.0134536810847
0.00785819354753
0.00810565331792
0.00765123954226
0.0078960033619
0.00896911945787
0.00985611513984
0.0163786641351
0.00908823790856
0.008061263356
0.0109830635473
0.0122223704354
0.0198733983418
0.0199290830683
0.0138131432458
0.0127963909533
0.0197708411151
0.0120190695918
0.0126491805452
0.012094676991
0.0140414293712
0.0100496764775
0.0148804699917
0.0086514074217
0.0132716415618
0.00957249123922
0.00980657057184
0.00711764159947
0.00987783065584
0.011271985957
0.0109473853133
0.00822357638035
0.0125868269216
0.010410408175
0.0100403364558
0.0115023619201
0.00985730958379
0.00792017788941
0.00702428640193
0.00808164631775
0.00674566176771
0.00753717664894
0.00964879065808
0.00921027532536
0.0104907687881
0.0183066314384
0.0153614072771
0.0207511954003
0.0226827843005
0.0102046035107
0.0128971804085
0.0217629813518
0.0238102210801
0.013052248542
0.00935261095453
0.011187945135
0.00893887762006
0.00896073880155
0.00759592450716
0.00719566680151
0.00772472327445
0.00972268180853
0.00783175702199
0.00606902259492
0.00616216108451
0.0111920275414
0.0102430558532
0.0105503257944
0.00863298841052
0.0146833682763
0.00380209246775
0.00375702118438
0.00814933270382
0.00704856967281
0.00796923163401
0.00755438952796
0.00896911052019
0.00680610351516
0.00816852136817
0.00807484635007
0.00449310503849
0.00372541366352
0.0047865548146
0.00413702093696
0.00391017030591
0.00331615996863
0.00404068610866
0.0039735351367
0.00472447564961
0.00599865084394
0.00715039009991
0.0130092873704
0.0195463411095
0.00910068835347
0.00727749262402
0.00694051196955
0.00486256168725
0.0031909951767
0.00264265334766
0.0032526468788
0.00281534533773
0.00381303432608
0.00342204638653
0.0218014606371
0.0249801559513
0.00757151971745
0.00804982939652
0.00996274585801
0.0108496691146
0.0034533488201
0.00318749602007
0.0037596700806
0.00340297642653
0.0308944950842
0.0298413273697
0.0159499979877
0.0135863011117
0.0141265271589
0.0155869340986
0.0254666194952
0.0277229922122
0.0234730985329
0.0191602487127
0.0183805012767
0.0161053762983
0.0350581417011
0.0371582961009
0.0198234041652
0.0216679454474
0.0168315614238
0.0182448589087
0.00524453978193
0.00382498216282
0.00609943437122
0.00612425166294
0.00774579577432
0.00607891484033
0.00475069208031
0.00334725964732
0.00535977184406
0.00356969388825
0.0062605857354
0.00718584364572
0.00655185447644
0.00420884290343
0.00307403058137
0.00229745673873
0.00259758407979
0.00221779398999
0.0028002854357
0.00329551460627
0.00252663283957
0.00224999373217
0.00240818033648
0.00227245174794
0.00354624836968
0.00325293727407
0.00368232168559
0.00370991739715
0.00476382916929
0.00417317310699
0.00418009973862
0.00478560951562
0.00686613098148
0.0305925449518
0.0360916446665
0.0531406550948
0.0333733385701
0.0396878264549
0.0464044750771
0.0463214533035
0.0524982269167
0.0382622416411
0.0393303111755
0.0392692571404
0.0360976119559
0.0146713720888
0.00556674261469
0.00587626556119
0.00748787252684
0.00711596615164
0.00727908751755
0.00775439236324
0.0106926782691
0.00858676039134
0.00896396761935
0.00948309072335
0.0233794927352
0.0195256775045
0.0213755634358
0.0315696280797
0.0351620873451
0.0265429004725
0.0221590275274
0.028958502524
0.0194796214353
0.0127275622781
0.010496246706
0.013892355841
0.015480856287
0.0221899897809
0.0438505494415
0.0154103775112
0.0139167083505
0.0219941326322
0.021060860392
0.013387588119
0.00761933185597
0.00573075355236
0.00580210615457
0.00759596661174
0.00762760409591
0.00783757405488
0.0087857514995
0.00579688627407
0.005725814068
0.00715637356791
0.0068718962013
0.00904018606188
0.00503567408925
0.010840290065
0.0111251335591
0.00692400397321
0.00893486625499
0.00847908881276
0.0105452279983
0.0119182489692
0.00923890659647
0.00791300044821
0.00840680705494
0.00777942019231
0.00909039086749
0.00906521477956
0.00668839908177
0.004957812086
0.00302933580561
0.00506845045655
0.0030087003545
0.00243157693943
0.00316526044968
0.00281212339441
0.00387090006878
0.00366599479234
0.00274243785941
0.00695270650846
0.00675870888672
0.00455002905953
0.00360561152657
0.00494768024687
0.00848533697098
0.00372364138898
0.00456809657369
0.00389318457846
0.00409576117626
0.010030930947
0.00931541408579
0.00844862095526
0.00938731799826
0.00997901626624
0.00948896745735
0.0109303625848
0.00854890498462
0.0113795528822
0.0160560342995
0.0182977291911
0.0147079886401
0.0106366569767
0.0118734329802
0.0117234936763
0.0182078990288
0.00959709199007
0.00814907304522
0.00698418511949
0.00796058346781
0.0264033979554
0.0299102441483
0.00673229596116
0.00498090447428
0.00521901709121
0.00542075401793
0.00522398102803
0.00452418192072
0.00475101075564
0.0043756435513
0.00579223110273
0.00607869935487
0.00720558955338
0.00666120767562
0.00908255668128
0.00574019597572
0.00556956461704
0.00580801334504
0.00614037277661
0.00791731193047
0.00654684344987
0.00537210373974
0.00578914430437
0.00719733967887
0.00912929673443
0.00589255291555
0.0102750288591
0.0113000168665
0.0090446316256
0.00650398491319
0.00836559374579
0.00594773547738
0.0064282934105
0.00662510305149
0.00436932477399
0.0195144359348
0.0245670381151
0.0109464364953
0.0157696417901
0.0114015547995
0.00887535248455
0.0123165560676
0.0146648140927
0.00314495362466
0.00646756065829
0.00419657927648
0.00345780274162
0.00269667176037
0.00292177523991
0.00300583998804
0.00465198460773
0.0104865315971
0.00517287277371
0.0103794980904
0.0115501551134
0.00628063552864
0.00522574586121
0.0110802457059
0.0123127141535
0.0110581573064
0.00819099098467
0.00934914781828
0.00657552614751
0.0273344121401
0.0239965032994
0.0211537194754
0.0175346198461
0.0157049027479
0.0150825500026
0.0130362732191
0.0124388404284
0.0157503304066
0.0137168397064
0.0150062193593
0.0155821031961
0.0163565221124
0.0157478145493
0.0151918651887
0.0190634369331
0.0217259840265
0.0288729651662
0.0260133788377
0.0388342795811
0.0236243395961
0.02160889703
0.00884754546855
0.0093621267567
0.0106334104752
0.00856900409539
0.0106890178777
0.00868468633878
0.0115561405947
0.0241490494152
0.00821029882276
0.00618872573738
0.00587434543048
0.00468474275763
0.00668412912305
0.0132639528955
0.00990431049523
0.00907320697799
0.00607735686446
0.00895399104971
0.00603176866637
0.00813216762589
0.0085418376972
0.00723557000948
0.0108370117443
0.011008283108
0.0106841039426
0.0127829089943
0.0100466608909
0.0190952908197
0.0314963611661
0.0212599491169
0.0134369879559
0.0150881092246
0.0183801799211
0.0116730125322
0.0126742271056
0.00617138777499
0.0089000266016
0.00514325565072
0.00646849970489
0.0100821418401
0.0067490448017
0.017823296425
0.0209142036877
0.0220068046354
0.0121391801361
0.0102729728326
0.0122235874582
0.013465936716
0.0190611280214
0.0170197918417
0.0133403689088
0.0141511536071
0.0130066237384
0.0116632485999
0.0135714392939
0.0155404140785
0.00852588776064
0.00953479884192
0.0105484513111
0.00877707140155
0.00857555516819
0.0100276245943
0.00904388208164
0.00997609139111
0.011826840346
0.0110844175146
0.0107625898362
0.0104417841936
0.0127918042656
0.0290261892334
0.0249237432917
0.0462947205792
0.0299845187857
0.0121295820231
0.0118356317015
0.0137210636836
0.012975424754
0.0158962602901
0.01404617946
0.0173569709919
0.0139133239025
0.0186340773623
0.0204542113395
0.025715582163
0.0205141899523
0.0175171215077
0.0203947272564
0.0380274876701
0.0430765897468
0.0118845007124
0.0114180824173
0.0112349169135
0.013793142003
0.0110021595292
0.0115073249779
0.0264427872412
0.0139508246431
0.0127559855
0.0102680410467
0.0371350982706
0.0452741584162
0.0133425171431
0.0110258929728
0.00956192709942
0.0108844484556
0.00934057076629
0.0103557595144
0.0111386057587
0.00993403443264
0.0130480763442
0.0140099425473
0.0155479893682
0.0178817241366
0.0172945097022
0.0191838059102
0.013326228751
0.0121698788678
0.0127455433749
0.0158471445567
0.0276074117673
0.0229446195964
0.0307416090833
0.0305718422827
0.00478420078197
0.00423245796722
0.00463287040835
0.00462570539938
0.00539825007596
0.00560939751795
0.00536736284011
0.00707298457099
0.0222138899516
0.0213914699501
0.0123067773406
0.0107970596981
0.00992301964255
0.0118433110168
0.0149994561446
0.0148058483392
0.00579969116128
0.00486290802059
0.0052068225947
0.00566148852466
0.0325466255434
0.0352059474736
0.00879611808857
0.00752855803779
0.00717997221328
0.00950542478099
0.0126108148744
0.0100060354057
0.0107538335564
0.0112453938685
0.0056079683633
0.00602612959969
0.0056272754654
0.00718027516129
0.00607521518773
0.0066693529879
0.00784258297895
0.00843935896205
0.015579191365
0.0180367490205
0.014545580877
0.0136058922741
0.00485557944345
0.00395490598804
0.00441273718544
0.00450859196515
0.00656647240081
0.00626587522497
0.033288745552
0.0236886102917
0.00991552851768
0.00816506677233
0.00864076709441
0.00984601826901
0.00766327955516
0.00735989755394
0.0134466051861
0.00863064401457
0.00677049186651
0.00812920469304
0.00556793924032
0.00574181734788
0.00487436276593
0.0056192222694
0.00971245944772
0.0120578319607
0.0059411949894
0.00525135718494
0.0103109956891
0.0189845034509
0.00706005136359
0.0064189823269
0.00585171621704
0.00585480340381
0.00722668857498
0.00673767124757
0.0139583443878
0.0116851426606
