0.0850802282765
0.0873542660126
0.107729408917
0.109042330716
0.0770563543382
0.0755939364802
0.0864765633295
0.0957662935487
0.109909276511
0.148937416449
0.135764478871
0.125858886291
0.129170242678
0.108564748427
0.115573708796
0.106667686699
0.101695522802
0.139101671472
0.13517282683
0.0751832164417
0.0744841082257
0.0496643625793
0.0482493235532
0.0504171163192
0.0536179395195
0.0581736000256
0.0340063479384
0.0484995861531
0.0530989757737
0.0504601610244
0.0852145686462
0.0740986480262
0.0272141921544
0.0284100072005
0.0457507797184
0.061734065263
0.0406931734718
0.0315399653112
0.0376972049836
0.0306351881097
0.0354717841888
0.0351108477371
0.035835644158
0.0357200407045
0.034940767328
0.0369110411321
0.0338887203313
0.038074948471
0.0429701604339
0.0182584981649
0.0194470752574
0.0182346391144
0.0221302814875
0.0124241732192
0.0184821729059
0.0130380340612
0.0270887183609
0.0310141716869
0.0224002449095
0.0746192799193
0.0776269383111
0.045076006789
0.0373461780338
0.0300370201811
0.0326282226026
0.0459053023266
0.0820017886206
0.0575849271502
0.0716561189573
0.0384056706137
0.0345371360722
0.0521878567559
0.0720753790788
0.0847514465183
0.0728028420975
0.0470090527989
0.055965597004
0.0653124903996
0.0413527449761
0.0384551805793
0.0421049340042
0.0396611931188
0.0789235538443
0.0479135166352
0.0481834668419
0.0544607616888
0.03149006962
0.0325005973657
0.0625732355205
0.100170549697
0.068988766712
0.0247366180966
0.0200995218462
0.0200622017205
0.0253869918515
0.0225313388449
0.0211381855949
0.0208768488966
0.0310302821086
0.0237286565728
0.0311063111941
0.0401340759655
0.0257593582273
0.0329429217116
0.032971977399
0.0474907869973
0.0588463212623
0.0563501358742
0.0509150088624
0.0437488219398
0.0343963396467
0.0524007654211
0.0417299933364
0.0524631387417
0.0141036901853
0.0123746915563
0.0198844324291
0.0214860086853
0.0150744842124
0.0301753889411
0.01933309229
0.0311145851164
0.0331460770635
0.0789835570668
0.0573643915204
0.0541958333799
0.037890795343
0.0243884525073
0.0200761051092
0.0546975375454
0.0275755440254
0.0238323199727
0.0192005402851
0.0174359894834
0.0171786372473
0.0147054976175
0.0271391987843
0.0371780607015
0.0284690943175
0.0285540169526
0.0247525913661
0.0202749073095
0.0238615636754
0.018987476195
0.0283038770995
0.023365669026
0.0179041273627
0.0295357432166
0.0166448383838
0.0188360704987
0.0171633444305
0.0258976081699
0.0219343204076
0.0190511941174
0.0237319438474
0.0196309605763
0.0286639665544
0.0515892326182
0.0705097373122
0.0359009000061
0.011635266157
0.0187825777258
0.0118873762207
0.0101836641039
0.00870389367694
0.00917080000453
0.00851366178455
0.00875847028912
0.0146267390505
0.0151544180188
0.00991112469138
0.0105290970793
0.00932068213324
0.0148376432232
0.0221641939566
0.0149178508349
0.0211494896363
0.0195517070143
0.0198967425057
0.0141114771659
0.0333771989549
0.0395443014542
0.0225980089984
0.0147322949401
0.0281287730268
0.0799325028686
0.0536358962547
0.00806916979773
0.00740977686943
0.0105756085198
0.00866452062571
0.0261524708833
0.0424892801781
0.0190103743436
0.0250301236562
0.0202531067173
0.0420682932979
0.0148419622164
0.0090049537411
0.0060636011754
0.00526604772399
0.00876551773901
0.0102906042692
0.00898283632348
0.0123859534196
0.0138152545326
0.0110803091362
0.0170859040679
0.0155150797679
0.0216408803658
0.0166373549469
0.0221402002559
0.0196184751896
0.0310664471532
0.0307917591769
0.0322083018785
0.0175037902521
0.0157061563432
0.0172989803971
0.0218578497735
0.0140604486814
0.013353228066
0.0101514143701
0.019229901004
0.0100101418439
0.0315395112932
0.0297995159438
0.0382054275507
0.0444686400447
0.0856288991512
0.0753240105983
0.0422015081966
0.0296245835197
0.0331144590734
0.0310138304842
0.0529318093737
0.0655051535499
0.0244828528897
0.0258261663584
0.0270512815039
0.0301437293648
0.0499012649514
0.0421123439856
0.0283651549714
0.0250522790417
0.0495000810304
0.0533511164126
0.0189896054239
0.0205646016854
0.0298890473653
0.0224191802789
0.038103764025
0.0302972823984
0.0115528184935
0.0293122194386
0.0341296728139
0.018710910992
0.0215251180908
0.0166430773928
0.0044576391864
0.00454340386574
0.0066151928766
0.00494936883206
0.00498302660926
0.00462205597209
0.00487081095949
0.00708187664428
0.00776503506461
0.00482870042793
0.00492738618179
0.00793923467454
0.0167839485213
0.0200345999681
0.0243481075541
0.0269401544804
0.0303736869054
0.0298112957603
0.0154289689464
0.0105363124768
0.0110105354916
0.00611518685637
0.00508463931125
0.0054121145275
0.00417895404826
0.00496620244762
0.00580674157414
0.00483227777286
0.00931709384043
0.00720537775205
0.00602785545532
0.00663272395222
0.00747757155854
0.0114885047906
0.00675235235716
0.00840609455435
0.00661071454651
0.00629367076967
0.0048198499946
0.0100097744198
0.0129693824277
0.00943616667303
0.00717763797273
0.0129140583366
0.0125714588862
0.00924284718322
0.00699375952517
0.0129126666369
0.0275062263482
0.0146774613973
0.0111640167941
0.00978828199853
0.00998088781674
0.00832255942627
0.00945723016687
0.00959042420558
0.0201522987877
0.00741636998929
0.00689355149128
0.00807316230282
0.0453695525094
0.00851682829522
0.00911174871962
0.0100027950404
0.00974532746508
0.0112410229121
0.0139174550401
0.0149750332455
0.0209725967439
0.037709587756
0.0644773298546
0.0677062031436
0.0292496601834
0.0283209818836
0.0311827907841
0.0322510075958
0.0235028161938
0.0343155683324
0.0400508021518
0.0358761929258
0.0155677868366
0.017494721426
0.0135850816642
0.00987144837879
0.0117978749416
0.0101604021162
0.020237468202
0.0183097358951
0.0151088633904
0.0104393298324
0.00983515868144
0.0118642492229
0.0140668902294
0.0107998453489
0.0118150878844
0.0119798956461
0.0437082117656
0.0420661020008
0.0136660315496
0.0116527332976
0.0219569489391
0.0189243379486
0.0114544235257
0.0117966735969
0.00954225448224
0.0171653278395
0.00992614773212
0.00890038694062
0.00971996769561
0.00969141718495
0.018165483255
0.0127709737375
0.00930034876393
0.00732368727465
0.0068044325924
0.00782988803426
0.00625102917088
0.00538209054461
0.00621557705712
0.00709145692028
0.00686994766906
0.00624022267199
0.00585987091533
0.00600962849363
0.00791864455166
0.00775961728501
0.00688711847517
0.0106311061072
0.0380470520166
0.0162888962555
0.00978622735311
0.0133301688804
0.00812858996118
0.00942504788052
0.0128172805703
0.00425554953532
0.00411188989571
0.00397725521524
0.00474248693374
0.00935099764068
0.00815104181086
0.00574190705776
0.00570116818616
0.0238799252995
0.037026646317
0.0136926839135
0.0128264473306
0.0115652459094
0.0140166143457
0.00717269410263
0.00774902570202
0.00786763406492
0.00757273536288
0.00733834053865
0.00702773938661
0.00660073139106
0.00744354561183
0.00861883384611
0.00914116590113
0.00820065142292
0.0103954467731
0.00931831623394
0.0121995486931
0.0124019631286
0.0130823347469
0.0112909957901
0.011582036883
0.00674639542075
0.00757444306767
0.009087183138
0.0112010415249
0.00861035866215
0.00975434922025
0.0090982249386
0.00748268626806
