0.090210803798
0.090210803798
0.090210803798
0.090210803798
0.090210803798
0.090210803798
0.090210803798
0.090210803798
0.0900943532443
0.0900943532443
0.0900943532443
0.0900943532443
0.0900943532443
0.0900943532443
0.0900943532443
0.0900943532443
0.0057332327827
0.0057332327827
0.0057332327827
0.0057332327827
0.00655982756181
0.00655982756181
0.00655982756181
0.00655982756181
0.0859098829421
0.0859098829421
0.0859098829421
0.0859098829421
0.0669011244422
0.0669011244422
0.0669011244422
0.0669011244422
0.0676646788073
0.0676646788073
0.0676646788073
0.0676646788073
0.0741640377281
0.0741640377281
0.0741640377281
0.0741640377281
0.0858268512308
0.0858268512308
0.0858268512308
0.0858268512308
0.0668427001831
0.0668427001831
0.0668427001831
0.0668427001831
0.0675449002451
0.0675449002451
0.0675449002451
0.0675449002451
0.074173016154
0.074173016154
0.074173016154
0.074173016154
0.0417503741884
0.0417503741884
0.0417503741884
0.0417503741884
0.0466957471499
0.0466957471499
0.0466957471499
0.0466957471499
0.200638372372
0.200638372372
0.200638372372
0.200638372372
0.200638372372
0.200638372372
0.200638372372
0.200638372372
0.180582924923
0.180582924923
0.180582924923
0.180582924923
0.174192346589
0.174192346589
0.174192346589
0.174192346589
0.0738531151964
0.0738531151964
0.0738531151964
0.0738531151964
0.0827256357002
0.0827256357002
0.0827256357002
0.0827256357002
0.196846505339
0.196846505339
0.196846505339
0.196846505339
0.190293975436
0.190293975436
0.190293975436
0.190293975436
0.0176690599522
0.0176690599522
0.0176690599522
0.0176690599522
0.0197934359029
0.0197934359029
0.0197934359029
0.0197934359029
0.0347862329238
0.0347862329238
0.0347862329238
0.0347862329238
0.0300873767283
0.0300873767283
0.0300873767283
0.0300873767283
0.0182113763526
0.0182113763526
0.0182113763526
0.0182113763526
0.0162813870349
0.0162813870349
0.0162813870349
0.0162813870349
0.0891564910636
0.0891564910636
0.0891564910636
0.0891564910636
0.086188595082
0.086188595082
0.086188595082
0.086188595082
0.138771221882
0.138771221882
0.138771221882
0.138771221882
0.152310621604
0.152310621604
0.152310621604
0.152310621604
0.138762758791
0.138762758791
0.138762758791
0.138762758791
0.15236313234
0.15236313234
0.15236313234
0.15236313234
0.132643419022
0.132643419022
0.132643419022
0.132643419022
0.14567025939
0.14567025939
0.14567025939
0.14567025939
0.132425196645
0.132425196645
0.132425196645
0.132425196645
0.14562481143
0.14562481143
0.14562481143
0.14562481143
0.0211708694042
0.0211708694042
0.0211708694042
0.0211708694042
0.0236068868348
0.0236068868348
0.0236068868348
0.0236068868348
0.0255587421813
0.0255587421813
0.0255587421813
0.0255587421813
0.0250261411965
0.0250261411965
0.0250261411965
0.0250261411965
0.0174270506505
0.0174270506505
0.0174270506505
0.0174270506505
0.0133604709971
0.0133604709971
0.0133604709971
0.0133604709971
0.0692508367819
0.0692508367819
0.0692508367819
0.0692508367819
0.0890041569988
0.0890041569988
0.0890041569988
0.0890041569988
0.0401358478952
0.0401358478952
0.0401358478952
0.0401358478952
0.05277259002
0.05277259002
0.05277259002
0.05277259002
0.109158057322
0.109158057322
0.109158057322
0.109158057322
0.142958643642
0.142958643642
0.142958643642
0.142958643642
0.0273698251356
0.0273698251356
0.0273698251356
0.0273698251356
0.0359513371668
0.0359513371668
0.0359513371668
0.0359513371668
0.0622034739417
0.0622034739417
0.0622034739417
0.0622034739417
0.0622973677446
0.0622973677446
0.0622973677446
0.0622973677446
0.0603272146026
0.0603272146026
0.0603272146026
0.0603272146026
0.0539829576708
0.0539829576708
0.0539829576708
0.0539829576708
0.0982381502716
0.0982381502716
0.0982381502716
0.0982381502716
0.11021103735
0.11021103735
0.11021103735
0.11021103735
0.158094304271
0.158094304271
0.158094304271
0.158094304271
0.0565744891799
0.0565744891799
0.0565744891799
0.0565744891799
0.0615697949759
0.0615697949759
0.0615697949759
0.0615697949759
0.150343592532
0.150343592532
0.150343592532
0.150343592532
0.16839345938
0.16839345938
0.16839345938
0.16839345938
0.117063991085
0.117063991085
0.117063991085
0.117063991085
0.117105981608
0.117105981608
0.117105981608
0.117105981608
0.0440914119846
0.0440914119846
0.0440914119846
0.0440914119846
0.0386488544898
0.0386488544898
0.0386488544898
0.0386488544898
0.03867186518
0.03867186518
0.03867186518
0.03867186518
0.0484893027185
0.0484893027185
0.0484893027185
0.0484893027185
0.126768750834
0.126768750834
0.126768750834
0.126768750834
0.122167548496
0.122167548496
0.122167548496
0.122167548496
0.126603053333
0.126603053333
0.126603053333
0.126603053333
0.122347365019
0.122347365019
0.122347365019
0.122347365019
0.12659112741
0.12659112741
0.12659112741
0.12659112741
0.122289901277
0.122289901277
0.122289901277
0.122289901277
0.109400845209
0.109400845209
0.109400845209
0.109400845209
0.124238150907
0.124238150907
0.124238150907
0.124238150907
0.10928909396
0.10928909396
0.10928909396
0.10928909396
0.12441869474
0.12441869474
0.12441869474
0.12441869474
0.0384357464848
0.0384357464848
0.0384357464848
0.0384357464848
0.0445686451916
0.0445686451916
0.0445686451916
0.0445686451916
0.0384818942296
0.0384818942296
0.0384818942296
0.0384818942296
0.0446049300896
0.0446049300896
0.0446049300896
0.0446049300896
0.0384318181315
0.0384318181315
0.0384318181315
0.0384318181315
0.0445684820981
0.0445684820981
0.0445684820981
0.0445684820981
0.0384413053163
0.0384413053163
0.0384413053163
0.0384413053163
0.0445618599183
0.0445618599183
0.0445618599183
0.0445618599183
0.101493539681
0.101493539681
0.101493539681
0.101493539681
0.0994152663143
0.0994152663143
0.0994152663143
0.0994152663143
0.0450355611264
0.0450355611264
0.0450355611264
0.0450355611264
0.0388756243913
0.0388756243913
0.0388756243913
0.0388756243913
0.0450748605577
0.0450748605577
0.0450748605577
0.0450748605577
0.0389156113424
0.0389156113424
0.0389156113424
0.0389156113424
0.0451096477808
0.0451096477808
0.0451096477808
0.0451096477808
0.0388131039228
0.0388131039228
0.0388131039228
0.0388131039228
0.0450332416888
0.0450332416888
0.0450332416888
0.0450332416888
0.0388804337625
0.0388804337625
0.0388804337625
0.0388804337625
0.064067849582
0.064067849582
0.064067849582
0.064067849582
0.0728682168881
0.0728682168881
0.0728682168881
0.0728682168881
0.0662749739283
0.0662749739283
0.0662749739283
0.0662749739283
0.0766860123883
0.0766860123883
0.0766860123883
0.0766860123883
0.156306460009
0.156306460009
0.156306460009
0.156306460009
0.17759043026
0.17759043026
0.17759043026
0.17759043026
0.156095213668
0.156095213668
0.156095213668
0.156095213668
0.17769434864
0.17769434864
0.17769434864
0.17769434864
0.0481961405167
0.0481961405167
0.0481961405167
0.0481961405167
0.0491796761581
0.0491796761581
0.0491796761581
0.0491796761581
0.0482309217053
0.0482309217053
0.0482309217053
0.0482309217053
0.0491112695516
0.0491112695516
0.0491112695516
0.0491112695516
0.0962800405564
0.0962800405564
0.0962800405564
0.0962800405564
0.0963457704028
0.0963457704028
0.0963457704028
0.0963457704028
0.096326730587
0.096326730587
0.096326730587
0.096326730587
0.0962251190362
0.0962251190362
0.0962251190362
0.0962251190362
0.096260146627
0.096260146627
0.096260146627
0.096260146627
0.0963552803127
0.0963552803127
0.0963552803127
0.0963552803127
0.0963621837505
0.0963621837505
0.0963621837505
0.0963621837505
0.0963621837505
0.0963621837505
0.0963621837505
0.0963621837505
0.0962668145186
0.0962668145186
0.0962668145186
0.0962668145186
0.0962668145186
0.0962668145186
0.0962668145186
0.0962668145186
0.133225487966
0.133225487966
0.133225487966
0.133225487966
0.102396912615
0.102396912615
0.102396912615
0.102396912615
0.102357605773
0.102357605773
0.102357605773
0.102357605773
0.13326321941
0.13326321941
0.13326321941
0.13326321941
0.133285184857
0.133285184857
0.133285184857
0.133285184857
0.102267923781
0.102267923781
0.102267923781
0.102267923781
0.102238441906
0.102238441906
0.102238441906
0.102238441906
0.133122689333
0.133122689333
0.133122689333
0.133122689333
0.0896893826302
0.0896893826302
0.0896893826302
0.0896893826302
0.0540961745352
0.0540961745352
0.0540961745352
0.0540961745352
0.0554220468106
0.0554220468106
0.0554220468106
0.0554220468106
0.0553478380046
0.0553478380046
0.0553478380046
0.0553478380046
0.0539825150703
0.0539825150703
0.0539825150703
0.0539825150703
0.0896736420079
0.0896736420079
0.0896736420079
0.0896736420079
0.102511836613
0.102511836613
0.102511836613
0.102511836613
0.0934373062554
0.0934373062554
0.0934373062554
0.0934373062554
0.121289986495
0.121289986495
0.121289986495
0.121289986495
0.116397790739
0.116397790739
0.116397790739
0.116397790739
0.12134518657
0.12134518657
0.12134518657
0.12134518657
0.116332049771
0.116332049771
0.116332049771
0.116332049771
0.121317564548
0.121317564548
0.121317564548
0.121317564548
0.116317631771
0.116317631771
0.116317631771
0.116317631771
0.121257514307
0.121257514307
0.121257514307
0.121257514307
0.11647855403
0.11647855403
0.11647855403
0.11647855403
0.121389938946
0.121389938946
0.121389938946
0.121389938946
0.116290399156
0.116290399156
0.116290399156
0.116290399156
0.0403723472612
0.0403723472612
0.0403723472612
0.0403723472612
0.0412866965962
0.0412866965962
0.0412866965962
0.0412866965962
0.0898469194693
0.0898469194693
0.0898469194693
0.0898469194693
0.0914367405512
0.0914367405512
0.0914367405512
0.0914367405512
0.082414081325
0.082414081325
0.082414081325
0.082414081325
0.082414081325
0.082414081325
0.082414081325
0.082414081325
0.0559479314288
0.0559479314288
0.0559479314288
0.0559479314288
0.0528244687186
0.0528244687186
0.0528244687186
0.0528244687186
0.0561319639822
0.0561319639822
0.0561319639822
0.0561319639822
0.052747219903
0.052747219903
0.052747219903
0.052747219903
0.119169959416
0.119169959416
0.119169959416
0.119169959416
0.197171138891
0.197171138891
0.197171138891
0.197171138891
0.12541875253
0.12541875253
0.12541875253
0.12541875253
0.12540630925
0.12540630925
0.12540630925
0.12540630925
0.125572031063
0.125572031063
0.125572031063
0.125572031063
0.0202840104331
0.0202840104331
0.0202840104331
0.0202840104331
0.0388626694753
0.0388626694753
0.0388626694753
0.0388626694753
0.119254932111
0.119254932111
0.119254932111
0.119254932111
0.0620422585249
0.0620422585249
0.0620422585249
0.0620422585249
0.0678886179233
0.0678886179233
0.0678886179233
0.0678886179233
0.0637717182652
0.0637717182652
0.0637717182652
0.0637717182652
0.194838722344
0.194838722344
0.194838722344
0.194838722344
0.174115485868
0.174115485868
0.174115485868
0.174115485868
0.0786719745561
0.0786719745561
0.0786719745561
0.0786719745561
0.0634767649302
0.0634767649302
0.0634767649302
0.0634767649302
0.0633371000382
0.0633371000382
0.0633371000382
0.0633371000382
0.0827869492009
0.0827869492009
0.0827869492009
0.0827869492009
0.183264008046
0.183264008046
0.183264008046
0.183264008046
0.101428421342
0.101428421342
0.101428421342
0.101428421342
0.183157541318
0.183157541318
0.183157541318
0.183157541318
0.101234865475
0.101234865475
0.101234865475
0.101234865475
0.0325974682452
0.0325974682452
0.0325974682452
0.0325974682452
0.0325614478498
0.0325614478498
0.0325614478498
0.0325614478498
0.0929478321345
0.0929478321345
0.0929478321345
0.0929478321345
0.0787798029712
0.0787798029712
0.0787798029712
0.0787798029712
0.0783859918531
0.0783859918531
0.0783859918531
0.0783859918531
0.101377061699
0.101377061699
0.101377061699
0.101377061699
0.0926871947721
0.0926871947721
0.0926871947721
0.0926871947721
0.0789286298029
0.0789286298029
0.0789286298029
0.0789286298029
0.0784868562652
0.0784868562652
0.0784868562652
0.0784868562652
0.101384155257
0.101384155257
0.101384155257
0.101384155257
0.143355400792
0.143355400792
0.143355400792
0.143355400792
0.157418643189
0.157418643189
0.157418643189
0.157418643189
0.0973104745193
0.0973104745193
0.0973104745193
0.0973104745193
0.0973104745193
0.0973104745193
0.0973104745193
0.0973104745193
0.0973385338999
0.0973385338999
0.0973385338999
0.0973385338999
0.0971574526378
0.0971574526378
0.0971574526378
0.0971574526378
0.0972036209334
0.0972036209334
0.0972036209334
0.0972036209334
0.0972036209334
0.0972036209334
0.0972036209334
0.0972036209334
0.0972449307323
0.0972449307323
0.0972449307323
0.0972449307323
0.0973203143666
0.0973203143666
0.0973203143666
0.0973203143666
0.0846794616019
0.0846794616019
0.0846794616019
0.0846794616019
0.0862840687823
0.0862840687823
0.0862840687823
0.0862840687823
0.059353834044
0.059353834044
0.059353834044
0.059353834044
0.0581526325627
0.0581526325627
0.0581526325627
0.0581526325627
0.0592929522294
0.0592929522294
0.0592929522294
0.0592929522294
0.0582515003039
0.0582515003039
0.0582515003039
0.0582515003039
0.0206132013434
0.0206132013434
0.0206132013434
0.0206132013434
0.127102704602
0.127102704602
0.127102704602
0.127102704602
0.0311724577254
0.0311724577254
0.0311724577254
0.0311724577254
0.0415552115572
0.0415552115572
0.0415552115572
0.0415552115572
0.0311822038284
0.0311822038284
0.0311822038284
0.0311822038284
0.0416460897621
0.0416460897621
0.0416460897621
0.0416460897621
0.140439088258
0.140439088258
0.140439088258
0.140439088258
0.173681184482
0.173681184482
0.173681184482
0.173681184482
0.050969609717
0.050969609717
0.050969609717
0.050969609717
0.0490674692439
0.0490674692439
0.0490674692439
0.0490674692439
0.0496973471516
0.0496973471516
0.0496973471516
0.0496973471516
0.0527734205433
0.0527734205433
0.0527734205433
0.0527734205433
0.165240035313
0.165240035313
0.165240035313
0.165240035313
0.100230855861
0.100230855861
0.100230855861
0.100230855861
0.101723069225
0.101723069225
0.101723069225
0.101723069225
0.0949163827753
0.0949163827753
0.0949163827753
0.0949163827753
0.0135974062847
0.0135974062847
0.0135974062847
0.0135974062847
0.0135222138281
0.0135222138281
0.0135222138281
0.0135222138281
0.0179629362556
0.0179629362556
0.0179629362556
0.0179629362556
0.0179798165048
0.0179798165048
0.0179798165048
0.0179798165048
0.0774626258068
0.0774626258068
0.0774626258068
0.0774626258068
0.083288458068
0.083288458068
0.083288458068
0.083288458068
0.0835132693167
0.0835132693167
0.0835132693167
0.0835132693167
0.083267213336
0.083267213336
0.083267213336
0.083267213336
0.0834624537397
0.0834624537397
0.0834624537397
0.0834624537397
0.124296533328
0.124296533328
0.124296533328
0.124296533328
0.0645317982548
0.0645317982548
0.0645317982548
0.0645317982548
0.0624084248845
0.0624084248845
0.0624084248845
0.0624084248845
0.0879212578018
0.0879212578018
0.0879212578018
0.0879212578018
0.0932172221615
0.0932172221615
0.0932172221615
0.0932172221615
0.0290490626425
0.0290490626425
0.0290490626425
0.0290490626425
0.0284189780544
0.0284189780544
0.0284189780544
0.0284189780544
0.0663908633978
0.0663908633978
0.0663908633978
0.0663908633978
0.0891784587557
0.0891784587557
0.0891784587557
0.0891784587557
0.0332009941102
0.0332009941102
0.0332009941102
0.0332009941102
0.0809943247248
0.0809943247248
0.0809943247248
0.0809943247248
0.0880035517917
0.0880035517917
0.0880035517917
0.0880035517917
0.0520517610096
0.0520517610096
0.0520517610096
0.0520517610096
0.0522006808926
0.0522006808926
0.0522006808926
0.0522006808926
0.0517163936694
0.0517163936694
0.0517163936694
0.0517163936694
0.0529723047518
0.0529723047518
0.0529723047518
0.0529723047518
0.0882769950016
0.0882769950016
0.0882769950016
0.0882769950016
0.0883645895578
0.0883645895578
0.0883645895578
0.0883645895578
0.0968478514306
0.0968478514306
0.0968478514306
0.0968478514306
0.0973148794961
0.0973148794961
0.0973148794961
0.0973148794961
0.0691457010834
0.0691457010834
0.0691457010834
0.0691457010834
0.0462808158298
0.0462808158298
0.0462808158298
0.0462808158298
0.0496444611974
0.0496444611974
0.0496444611974
0.0496444611974
0.102702619036
0.102702619036
0.102702619036
0.102702619036
0.142206503374
0.142206503374
0.142206503374
0.142206503374
0.102854257163
0.102854257163
0.102854257163
0.102854257163
0.0495864293623
0.0495864293623
0.0495864293623
0.0495864293623
0.0291175989051
0.0291175989051
0.0291175989051
0.0291175989051
0.0366997498365
0.0366997498365
0.0366997498365
0.0366997498365
0.109066392406
0.109066392406
0.109066392406
0.109066392406
0.0708755048345
0.0708755048345
0.0708755048345
0.0708755048345
0.0722083417814
0.0722083417814
0.0722083417814
0.0722083417814
0.0336869275506
0.0336869275506
0.0336869275506
0.0336869275506
0.0781789988232
0.0781789988232
0.0781789988232
0.0781789988232
0.0626841551471
0.0626841551471
0.0626841551471
0.0626841551471
0.0626862083157
0.0626862083157
0.0626862083157
0.0626862083157
0.0626035736351
0.0626035736351
0.0626035736351
0.0626035736351
0.0980239203368
0.0980239203368
0.0980239203368
0.0980239203368
0.168622874427
0.168622874427
0.168622874427
0.168622874427
0.0966556437484
0.0966556437484
0.0966556437484
0.0966556437484
0.0692695509791
0.0692695509791
0.0692695509791
0.0692695509791
0.111920945771
0.111920945771
0.111920945771
0.111920945771
0.13691784835
0.13691784835
0.13691784835
0.13691784835
0.10537366868
0.10537366868
0.10537366868
0.10537366868
0.0279988764998
0.0279988764998
0.0279988764998
0.0279988764998
0.10343602222
0.10343602222
0.10343602222
0.10343602222
0.118408714209
0.118408714209
0.118408714209
0.118408714209
0.0699463875264
0.0699463875264
0.0699463875264
0.0699463875264
0.0901876167698
0.0901876167698
0.0901876167698
0.0901876167698
0.105040345755
0.105040345755
0.105040345755
0.105040345755
0.0468334750446
0.0468334750446
0.0468334750446
0.0468334750446
0.0533041963044
0.0533041963044
0.0533041963044
0.0533041963044
0.0279613365172
0.0279613365172
0.0279613365172
0.0279613365172
0.00342268410069
0.00342268410069
0.00342268410069
0.00342268410069
0.014079719357
0.014079719357
0.014079719357
0.014079719357
0.093085565497
0.093085565497
0.093085565497
0.093085565497
0.058555209279
0.058555209279
0.058555209279
0.058555209279
0.045521773117
0.045521773117
0.045521773117
0.045521773117
0.0803740844487
0.0803740844487
0.0803740844487
0.0803740844487
0.0147027987929
0.0147027987929
0.0147027987929
0.0147027987929
0.106921026351
0.106921026351
0.106921026351
0.106921026351
0.111029355376
0.111029355376
0.111029355376
0.111029355376
0.0983425858684
0.0983425858684
0.0983425858684
0.0983425858684
0.00748071629258
0.00748071629258
0.00748071629258
0.00748071629258
0.000510897402861
0.000510897402861
0.000510897402861
0.000510897402861
0.0643843598959
0.0643843598959
0.0643843598959
0.0643843598959
0.114151925539
0.114151925539
0.114151925539
0.114151925539
0.0897668284932
0.0897668284932
0.0897668284932
0.0897668284932
0.0295941283571
0.0295941283571
0.0295941283571
0.0295941283571
0.037894663426
0.037894663426
0.037894663426
0.037894663426
0.0373467960768
0.0373467960768
0.0373467960768
0.0373467960768
0.0689470304533
0.0689470304533
0.0689470304533
0.0689470304533
0.0156987433121
0.0156987433121
0.0156987433121
0.0156987433121
0.060917247726
0.060917247726
0.060917247726
0.060917247726
0.0780770171748
0.0780770171748
0.0780770171748
0.0780770171748
0.0657555385376
0.0657555385376
0.0657555385376
0.0657555385376
0.0558281037141
0.0558281037141
0.0558281037141
0.0558281037141
0.0916502506843
0.0916502506843
0.0916502506843
0.0916502506843
0.0992194700289
0.0992194700289
0.0992194700289
0.0992194700289
0.132709323051
0.132709323051
0.132709323051
0.132709323051
0.0468556700568
0.0468556700568
0.0468556700568
0.0468556700568
0.0529385130313
0.0529385130313
0.0529385130313
0.0529385130313
0.083329393105
0.083329393105
0.083329393105
0.083329393105
0.198718249927
0.198718249927
0.198718249927
0.198718249927
0.0835052445257
0.0835052445257
0.0835052445257
0.0835052445257
0.110696651165
0.110696651165
0.110696651165
0.110696651165
0.134233119569
0.134233119569
0.134233119569
0.134233119569
0.0556379517205
0.0556379517205
0.0556379517205
0.0556379517205
0.0642969892404
0.0642969892404
0.0642969892404
0.0642969892404
0.0642969892404
0.0642969892404
0.0642969892404
0.0642969892404
0.067293155513
0.067293155513
0.067293155513
0.067293155513
0.0649860558952
0.0649860558952
0.0649860558952
0.0649860558952
0.0566796872637
0.0566796872637
0.0566796872637
0.0566796872637
0.0491002132283
0.0491002132283
0.0491002132283
0.0491002132283
0.0503555188733
0.0503555188733
0.0503555188733
0.0503555188733
0.0736331369464
0.0736331369464
0.0736331369464
0.0736331369464
0.071810355494
0.071810355494
0.071810355494
0.071810355494
0.101000226516
0.101000226516
0.101000226516
0.101000226516
0.0839434824642
0.0839434824642
0.0839434824642
0.0839434824642
0.0680937706785
0.0680937706785
0.0680937706785
0.0680937706785
0.056875647153
0.056875647153
0.056875647153
0.056875647153
0.0585345945175
0.0585345945175
0.0585345945175
0.0585345945175
0.0774513688442
0.0774513688442
0.0774513688442
0.0774513688442
0.0807413214861
0.0807413214861
0.0807413214861
0.0807413214861
0.0927799979983
0.0927799979983
0.0927799979983
0.0927799979983
0.0947774186004
0.0947774186004
0.0947774186004
0.0947774186004
0.0561914760629
0.0561914760629
0.0561914760629
0.0561914760629
0.0292016041303
0.0292016041303
0.0292016041303
0.0292016041303
0.109850925374
0.109850925374
0.109850925374
0.109850925374
0.0422082998073
0.0422082998073
0.0422082998073
0.0422082998073
0.0466503504991
0.0466503504991
0.0466503504991
0.0466503504991
0.0073149217304
0.0073149217304
0.0073149217304
0.0073149217304
0.00738930615611
0.00738930615611
0.00738930615611
0.00738930615611
0.0141255825151
0.0141255825151
0.0141255825151
0.0141255825151
0.0136943821534
0.0136943821534
0.0136943821534
0.0136943821534
0.0624672403251
0.0624672403251
0.0624672403251
0.0624672403251
0.0682617946315
0.0682617946315
0.0682617946315
0.0682617946315
0.0643197284908
0.0643197284908
0.0643197284908
0.0643197284908
0.0687683552452
0.0687683552452
0.0687683552452
0.0687683552452
0.0641791059095
0.0641791059095
0.0641791059095
0.0641791059095
0.0756085703382
0.0756085703382
0.0756085703382
0.0756085703382
0.0558146388711
0.0558146388711
0.0558146388711
0.0558146388711
0.0227443363678
0.0227443363678
0.0227443363678
0.0227443363678
0.0287128889667
0.0287128889667
0.0287128889667
0.0287128889667
0.052672955884
0.052672955884
0.052672955884
0.052672955884
0.0870198409242
0.0870198409242
0.0870198409242
0.0870198409242
0.0743231350912
0.0743231350912
0.0743231350912
0.0743231350912
0.0860194721498
0.0860194721498
0.0860194721498
0.0860194721498
0.0747592919522
0.0747592919522
0.0747592919522
0.0747592919522
0.0726695858447
0.0726695858447
0.0726695858447
0.0726695858447
0.081290351061
0.081290351061
0.081290351061
0.081290351061
0.139390923242
0.139390923242
0.139390923242
0.139390923242
0.029818273148
0.029818273148
0.029818273148
0.029818273148
0.0700864948762
0.0700864948762
0.0700864948762
0.0700864948762
0.109656705956
0.109656705956
0.109656705956
0.109656705956
0.0104503765527
0.0104503765527
0.0104503765527
0.0104503765527
0.0630141457329
0.0630141457329
0.0630141457329
0.0630141457329
0.0670258906781
0.0670258906781
0.0670258906781
0.0670258906781
0.0632695467059
0.0632695467059
0.0632695467059
0.0632695467059
0.0632695467059
0.0632695467059
0.0632695467059
0.0632695467059
0.0670258906781
0.0670258906781
0.0670258906781
0.0670258906781
0.0675333498971
0.0675333498971
0.0675333498971
0.0675333498971
0.0628516134435
0.0628516134435
0.0628516134435
0.0628516134435
0.0673509225671
0.0673509225671
0.0673509225671
0.0673509225671
0.0630141457329
0.0630141457329
0.0630141457329
0.0630141457329
0.0670258906781
0.0670258906781
0.0670258906781
0.0670258906781
0.0632695467059
0.0632695467059
0.0632695467059
0.0632695467059
0.0632695467059
0.0632695467059
0.0632695467059
0.0632695467059
0.0670258906781
0.0670258906781
0.0670258906781
0.0670258906781
0.0655331206414
0.0655331206414
0.0655331206414
0.0655331206414
0.0669028673232
0.0669028673232
0.0669028673232
0.0669028673232
0.0656946380424
0.0656946380424
0.0656946380424
0.0656946380424
0.066759700958
0.066759700958
0.066759700958
0.066759700958
0.0646960144754
0.0646960144754
0.0646960144754
0.0646960144754
0.0673187023312
0.0673187023312
0.0673187023312
0.0673187023312
0.0646960144754
0.0646960144754
0.0646960144754
0.0646960144754
0.0610383938668
0.0610383938668
0.0610383938668
0.0610383938668
0.0666680265441
0.0666680265441
0.0666680265441
0.0666680265441
0.122373666573
0.122373666573
0.122373666573
0.122373666573
0.0447922731757
0.0447922731757
0.0447922731757
0.0447922731757
0.0627384118892
0.0627384118892
0.0627384118892
0.0627384118892
0.0589692404648
0.0589692404648
0.0589692404648
0.0589692404648
0.0842971773476
0.0842971773476
0.0842971773476
0.0842971773476
0.0573349272012
0.0573349272012
0.0573349272012
0.0573349272012
0.0484331904359
0.0484331904359
0.0484331904359
0.0484331904359
0.0823362221244
0.0823362221244
0.0823362221244
0.0823362221244
0.0707294241927
0.0707294241927
0.0707294241927
0.0707294241927
0.0657683379458
0.0657683379458
0.0657683379458
0.0657683379458
0.0643325537386
0.0643325537386
0.0643325537386
0.0643325537386
0.0541571036944
0.0541571036944
0.0541571036944
0.0541571036944
0.0454721279646
0.0454721279646
0.0454721279646
0.0454721279646
0.0589983844642
0.0589983844642
0.0589983844642
0.0589983844642
0.0888311013902
0.0888311013902
0.0888311013902
0.0888311013902
0.0610354309378
0.0610354309378
0.0610354309378
0.0610354309378
0.0604228446125
0.0604228446125
0.0604228446125
0.0604228446125
0.0736662543694
0.0736662543694
0.0736662543694
0.0736662543694
0.0799104493861
0.0799104493861
0.0799104493861
0.0799104493861
0.0800721918265
0.0800721918265
0.0800721918265
0.0800721918265
0.100291195509
0.100291195509
0.100291195509
0.100291195509
0.0680480556006
0.0680480556006
0.0680480556006
0.0680480556006
0.0471975424529
0.0471975424529
0.0471975424529
0.0471975424529
0.0619291699989
0.0619291699989
0.0619291699989
0.0619291699989
0.086122968787
0.086122968787
0.086122968787
0.086122968787
0.0646960144754
0.0646960144754
0.0646960144754
0.0646960144754
0.0673187023312
0.0673187023312
0.0673187023312
0.0673187023312
0.0646960144754
0.0646960144754
0.0646960144754
0.0646960144754
0.0670258906781
0.0670258906781
0.0670258906781
0.0670258906781
0.0632695467059
0.0632695467059
0.0632695467059
0.0632695467059
0.0632695467059
0.0632695467059
0.0632695467059
0.0632695467059
0.0670258906781
0.0670258906781
0.0670258906781
0.0670258906781
0.0630141457329
0.0630141457329
0.0630141457329
0.0630141457329
0.0670258906781
0.0670258906781
0.0670258906781
0.0670258906781
0.0632695467059
0.0632695467059
0.0632695467059
0.0632695467059
0.0632695467059
0.0632695467059
0.0632695467059
0.0632695467059
0.0670258906781
0.0670258906781
0.0670258906781
0.0670258906781
0.0630141457329
0.0630141457329
0.0630141457329
0.0630141457329
0.0673509225671
0.0673509225671
0.0673509225671
0.0673509225671
0.0646960144754
0.0646960144754
0.0646960144754
0.0646960144754
0.0673187023312
0.0673187023312
0.0673187023312
0.0673187023312
0.0646960144754
0.0646960144754
0.0646960144754
0.0646960144754
0.066759700958
0.066759700958
0.066759700958
0.066759700958
0.0656946380424
0.0656946380424
0.0656946380424
0.0656946380424
0.08092967329
0.08092967329
0.08092967329
0.08092967329
0.0336451474826
0.0336451474826
0.0336451474826
0.0336451474826
0.0836284276162
0.0836284276162
0.0836284276162
0.0836284276162
0.055628412979
0.055628412979
0.055628412979
0.055628412979
0.0604053514211
0.0604053514211
0.0604053514211
0.0604053514211
0.0801756282374
0.0801756282374
0.0801756282374
0.0801756282374
0.0697269414287
0.0697269414287
0.0697269414287
0.0697269414287
0.057592451285
0.057592451285
0.057592451285
0.057592451285
0.0566864154433
0.0566864154433
0.0566864154433
0.0566864154433
0.0948640964604
0.0948640964604
0.0948640964604
0.0948640964604
0.15092961566
0.15092961566
0.15092961566
0.15092961566
0.106949929557
0.106949929557
0.106949929557
0.106949929557
0.0853693335396
0.0853693335396
0.0853693335396
0.0853693335396
0.077346233092
0.077346233092
0.077346233092
0.077346233092
0.0437188977612
0.0437188977612
0.0437188977612
0.0437188977612
0.0515237739588
0.0515237739588
0.0515237739588
0.0515237739588
0.0734248493929
0.0734248493929
0.0734248493929
0.0734248493929
0.0524337102635
0.0524337102635
0.0524337102635
0.0524337102635
0.0538944981755
0.0538944981755
0.0538944981755
0.0538944981755
0.040017560247
0.040017560247
0.040017560247
0.040017560247
0.129107600442
0.129107600442
0.129107600442
0.129107600442
0.0988199790144
0.0988199790144
0.0988199790144
0.0988199790144
0.0551565345093
0.0551565345093
0.0551565345093
0.0551565345093
0.0856384075019
0.0856384075019
0.0856384075019
0.0856384075019
0.034773959456
0.034773959456
0.034773959456
0.034773959456
0.070836224356
0.070836224356
0.070836224356
0.070836224356
0.141083291577
0.141083291577
0.141083291577
0.141083291577
0.134238334079
0.134238334079
0.134238334079
0.134238334079
0.0727068078793
0.0727068078793
0.0727068078793
0.0727068078793
0.114159637024
0.114159637024
0.114159637024
0.114159637024
0.0476768054561
0.0476768054561
0.0476768054561
0.0476768054561
0.0694976501755
0.0694976501755
0.0694976501755
0.0694976501755
0.112499268411
0.112499268411
0.112499268411
0.112499268411
0.0333655356218
0.0333655356218
0.0333655356218
0.0333655356218
0.104861792781
0.104861792781
0.104861792781
0.104861792781
0.112927281306
0.112927281306
0.112927281306
0.112927281306
0.132346935708
0.132346935708
0.132346935708
0.132346935708
0.131767633627
0.131767633627
0.131767633627
0.131767633627
0.126910236755
0.126910236755
0.126910236755
0.126910236755
0.138188964765
0.138188964765
0.138188964765
0.138188964765
0.0353531405248
0.0353531405248
0.0353531405248
0.0353531405248
0.0728777730454
0.0728777730454
0.0728777730454
0.0728777730454
0.0873523448655
0.0873523448655
0.0873523448655
0.0873523448655
0.0867630449414
0.0867630449414
0.0867630449414
0.0867630449414
0.0944020619503
0.0944020619503
0.0944020619503
0.0944020619503
0.0696465974016
0.0696465974016
0.0696465974016
0.0696465974016
0.0642423299442
0.0642423299442
0.0642423299442
0.0642423299442
0.0672267629155
0.0672267629155
0.0672267629155
0.0672267629155
0.0771250066639
0.0771250066639
0.0771250066639
0.0771250066639
0.0789182590253
0.0789182590253
0.0789182590253
0.0789182590253
0.123794038264
0.123794038264
0.123794038264
0.123794038264
0.0612043146745
0.0612043146745
0.0612043146745
0.0612043146745
0.129270740733
0.129270740733
0.129270740733
0.129270740733
0.0533222070497
0.0533222070497
0.0533222070497
0.0533222070497
0.0550504280399
0.0550504280399
0.0550504280399
0.0550504280399
0.0882465338257
0.0882465338257
0.0882465338257
0.0882465338257
0.0790979637468
0.0790979637468
0.0790979637468
0.0790979637468
0.0420243360375
0.0420243360375
0.0420243360375
0.0420243360375
0.0420486499174
0.0420486499174
0.0420486499174
0.0420486499174
0.0615775493088
0.0615775493088
0.0615775493088
0.0615775493088
0.0774176447357
0.0774176447357
0.0774176447357
0.0774176447357
0.052049627881
0.052049627881
0.052049627881
0.052049627881
0.0972248098771
0.0972248098771
0.0972248098771
0.0972248098771
0.105790137956
0.105790137956
0.105790137956
0.105790137956
0.0882222198685
0.0882222198685
0.0882222198685
0.0882222198685
0.0652472958761
0.0652472958761
0.0652472958761
0.0652472958761
0.087902662198
0.087902662198
0.087902662198
0.087902662198
0.0416826980864
0.0416826980864
0.0416826980864
0.0416826980864
0.113424226752
0.113424226752
0.113424226752
0.113424226752
0.0540748528548
0.0540748528548
0.0540748528548
0.0540748528548
0.0540764913901
0.0540764913901
0.0540764913901
0.0540764913901
0.0540748528548
0.0540748528548
0.0540748528548
0.0540748528548
0.0540748528548
0.0540748528548
0.0540748528548
0.0540748528548
0.0540764913901
0.0540764913901
0.0540764913901
0.0540764913901
0.0540748528548
0.0540748528548
0.0540748528548
0.0540748528548
0.0688583658936
0.0688583658936
0.0688583658936
0.0688583658936
0.0616813829128
0.0616813829128
0.0616813829128
0.0616813829128
0.0645563908997
0.0645563908997
0.0645563908997
0.0645563908997
0.0680859778855
0.0680859778855
0.0680859778855
0.0680859778855
0.0610383938668
0.0610383938668
0.0610383938668
0.0610383938668
0.0666680265441
0.0666680265441
0.0666680265441
0.0666680265441
0.0662611809945
0.0662611809945
0.0662611809945
0.0662611809945
0.060716090652
0.060716090652
0.060716090652
0.060716090652
0.0662611809945
0.0662611809945
0.0662611809945
0.0662611809945
0.0666680265441
0.0666680265441
0.0666680265441
0.0666680265441
0.0610383938668
0.0610383938668
0.0610383938668
0.0610383938668
0.0680859778855
0.0680859778855
0.0680859778855
0.0680859778855
0.0645563908997
0.0645563908997
0.0645563908997
0.0645563908997
0.0616813829128
0.0616813829128
0.0616813829128
0.0616813829128
0.0688583658936
0.0688583658936
0.0688583658936
0.0688583658936
0.0628258835525
0.0628258835525
0.0628258835525
0.0628258835525
0.0628258835525
0.0628258835525
0.0628258835525
0.0628258835525
0.0661823174809
0.0661823174809
0.0661823174809
0.0661823174809
0.0649660771712
0.0649660771712
0.0649660771712
0.0649660771712
0.067372129618
0.067372129618
0.067372129618
0.067372129618
0.0646632989619
0.0646632989619
0.0646632989619
0.0646632989619
0.0671906962682
0.0671906962682
0.0671906962682
0.0671906962682
0.065250269396
0.065250269396
0.065250269396
0.065250269396
0.0655331206414
0.0655331206414
0.0655331206414
0.0655331206414
0.0669028673232
0.0669028673232
0.0669028673232
0.0669028673232
0.0656946380424
0.0656946380424
0.0656946380424
0.0656946380424
0.066759700958
0.066759700958
0.066759700958
0.066759700958
0.0646960144754
0.0646960144754
0.0646960144754
0.0646960144754
0.0673187023312
0.0673187023312
0.0673187023312
0.0673187023312
0.0646960144754
0.0646960144754
0.0646960144754
0.0646960144754
0.066759700958
0.066759700958
0.066759700958
0.066759700958
0.0656946380424
0.0656946380424
0.0656946380424
0.0656946380424
0.0675333498971
0.0675333498971
0.0675333498971
0.0675333498971
0.062785420216
0.062785420216
0.062785420216
0.062785420216
0.0676018112391
0.0676018112391
0.0676018112391
0.0676018112391
0.062785420216
0.062785420216
0.062785420216
0.062785420216
0.0675333498971
0.0675333498971
0.0675333498971
0.0675333498971
0.0628516134435
0.0628516134435
0.0628516134435
0.0628516134435
0.0673509225671
0.0673509225671
0.0673509225671
0.0673509225671
0.0690125414536
0.0690125414536
0.0690125414536
0.0690125414536
0.0833643183582
0.0833643183582
0.0833643183582
0.0833643183582
0.061061635026
0.061061635026
0.061061635026
0.061061635026
0.0640463954653
0.0640463954653
0.0640463954653
0.0640463954653
0.0534684680748
0.0534684680748
0.0534684680748
0.0534684680748
0.0567369154194
0.0567369154194
0.0567369154194
0.0567369154194
0.0602129442086
0.0602129442086
0.0602129442086
0.0602129442086
0.0594900108067
0.0594900108067
0.0594900108067
0.0594900108067
0.0857004024818
0.0857004024818
0.0857004024818
0.0857004024818
0.0647799441167
0.0647799441167
0.0647799441167
0.0647799441167
0.0829343423044
0.0829343423044
0.0829343423044
0.0829343423044
0.0464624933468
0.0464624933468
0.0464624933468
0.0464624933468
0.0615231548932
0.0615231548932
0.0615231548932
0.0615231548932
0.0666738998912
0.0666738998912
0.0666738998912
0.0666738998912
0.0677465777432
0.0677465777432
0.0677465777432
0.0677465777432
0.0652847346
0.0652847346
0.0652847346
0.0652847346
0.075038500063
0.075038500063
0.075038500063
0.075038500063
0.0564719866639
0.0564719866639
0.0564719866639
0.0564719866639
0.0414195958305
0.0414195958305
0.0414195958305
0.0414195958305
0.0627617546682
0.0627617546682
0.0627617546682
0.0627617546682
0.0918611794896
0.0918611794896
0.0918611794896
0.0918611794896
0.0703402568383
0.0703402568383
0.0703402568383
0.0703402568383
0.0647743128602
0.0647743128602
0.0647743128602
0.0647743128602
0.0627797985228
0.0627797985228
0.0627797985228
0.0627797985228
0.0797974072895
0.0797974072895
0.0797974072895
0.0797974072895
0.0726824359377
0.0726824359377
0.0726824359377
0.0726824359377
0.0689639692559
0.0689639692559
0.0689639692559
0.0689639692559
0.0419089568011
0.0419089568011
0.0419089568011
0.0419089568011
0.0401086851791
0.0401086851791
0.0401086851791
0.0401086851791
0.0580672300011
0.0580672300011
0.0580672300011
0.0580672300011
0.0581473585664
0.0581473585664
0.0581473585664
0.0581473585664
0.0581473585664
0.0581473585664
0.0581473585664
0.0581473585664
0.0580672300011
0.0580672300011
0.0580672300011
0.0580672300011
0.071946961566
0.071946961566
0.071946961566
0.071946961566
0.0731177201404
0.0731177201404
0.0731177201404
0.0731177201404
0.0696655309506
0.0696655309506
0.0696655309506
0.0696655309506
0.0767316669643
0.0767316669643
0.0767316669643
0.0767316669643
0.0688862845565
0.0688862845565
0.0688862845565
0.0688862845565
0.0753722597002
0.0753722597002
0.0753722597002
0.0753722597002
0.0719154495906
0.0719154495906
0.0719154495906
0.0719154495906
0.0706549296649
0.0706549296649
0.0706549296649
0.0706549296649
0.0765246409192
0.0765246409192
0.0765246409192
0.0765246409192
0.071688633862
0.071688633862
0.071688633862
0.071688633862
0.071688633862
0.071688633862
0.071688633862
0.071688633862
0.0716619535127
0.0716619535127
0.0716619535127
0.0716619535127
0.109689819471
0.109689819471
0.109689819471
0.109689819471
0.158163109898
0.158163109898
0.158163109898
0.158163109898
0.0891474289457
0.0891474289457
0.0891474289457
0.0891474289457
0.0854642166986
0.0854642166986
0.0854642166986
0.0854642166986
0.217820391714
0.217820391714
0.217820391714
0.217820391714
0.121780958117
0.121780958117
0.121780958117
0.121780958117
0.0617129375091
0.0617129375091
0.0617129375091
0.0617129375091
0.069040404214
0.069040404214
0.069040404214
0.069040404214
0.0639262340514
0.0639262340514
0.0639262340514
0.0639262340514
0.0832567044956
0.0832567044956
0.0832567044956
0.0832567044956
0.0774384030216
0.0774384030216
0.0774384030216
0.0774384030216
0.0791797891189
0.0791797891189
0.0791797891189
0.0791797891189
0.087113236315
0.087113236315
0.087113236315
0.087113236315
0.0544294783743
0.0544294783743
0.0544294783743
0.0544294783743
0.0541382777597
0.0541382777597
0.0541382777597
0.0541382777597
0.100352976393
0.100352976393
0.100352976393
0.100352976393
0.100564105625
0.100564105625
0.100564105625
0.100564105625
0.0991854759845
0.0991854759845
0.0991854759845
0.0991854759845
0.0589614039542
0.0589614039542
0.0589614039542
0.0589614039542
0.063244409762
0.063244409762
0.063244409762
0.063244409762
0.0890439572286
0.0890439572286
0.0890439572286
0.0890439572286
0.0760952309683
0.0760952309683
0.0760952309683
0.0760952309683
0.072362520666
0.072362520666
0.072362520666
0.072362520666
0.0780010780214
0.0780010780214
0.0780010780214
0.0780010780214
0.0261211834515
0.0261211834515
0.0261211834515
0.0261211834515
0.0500753134234
0.0500753134234
0.0500753134234
0.0500753134234
0.00620582971701
0.00620582971701
0.00620582971701
0.00620582971701
0.00620582971701
0.00620582971701
0.00620582971701
0.00620582971701
0.0513296546081
0.0513296546081
0.0513296546081
0.0513296546081
0.0513296546081
0.0513296546081
0.0513296546081
0.0513296546081
0.0250376567117
0.0250376567117
0.0250376567117
0.0250376567117
0.0250376567117
0.0250376567117
0.0250376567117
0.0250376567117
0.0117153534416
0.0117153534416
0.0117153534416
0.0117153534416
0.0117153534416
0.0117153534416
0.0117153534416
0.0117153534416
0.00585767672079
0.00585767672079
0.00585767672079
0.00585767672079
0.00585767672079
0.00585767672079
0.00585767672079
0.00585767672079
0.00585767672079
0.00585767672079
0.00585767672079
0.00585767672079
0.00585767672079
0.00585767672079
0.00585767672079
0.00585767672079
0.00585767672079
0.00585767672079
0.00585767672079
0.00585767672079
0.0100394680179
0.0100394680179
0.0100394680179
0.0100394680179
0.0100394680179
0.0100394680179
0.0100394680179
0.0100394680179
0.0100394680179
0.0100394680179
0.0100394680179
0.0100394680179
0.0029288383604
0.0029288383604
0.0029288383604
0.0029288383604
0.0029288383604
0.0029288383604
0.0029288383604
0.0029288383604
0.0014644191802
0.0014644191802
0.0014644191802
0.0014644191802
0.0014644191802
0.0014644191802
0.0014644191802
0.0014644191802
0.0029288383604
0.0029288383604
0.0029288383604
0.0029288383604
0.0029288383604
0.0029288383604
0.0029288383604
0.0029288383604
0.0029288383604
0.0029288383604
0.0029288383604
0.0029288383604
0.00585767672079
0.00585767672079
0.00585767672079
0.00585767672079
0.00585767672079
0.00585767672079
0.00585767672079
0.00585767672079
0.0029288383604
0.0029288383604
0.0029288383604
0.0029288383604
0.00501973400894
0.00501973400894
0.00501973400894
0.00501973400894
0.00501973400894
0.00501973400894
0.00501973400894
0.00501973400894
0.0100394680179
0.0100394680179
0.0100394680179
0.0100394680179
0.0100394680179
0.0100394680179
0.0100394680179
0.0100394680179
0.00501973400894
0.00501973400894
0.00501973400894
0.00501973400894
0.00501973400894
0.00501973400894
0.00501973400894
0.00501973400894
0.00501973400894
0.00501973400894
0.00501973400894
0.00501973400894
0.00501973400894
0.00501973400894
0.00501973400894
0.00501973400894
0.0309769829001
0.0309769829001
0.0309769829001
0.0309769829001
0.0309769829001
0.0309769829001
0.0309769829001
0.0309769829001
0.0627093762648
0.0627093762648
0.0627093762648
0.0627093762648
0.0627093762648
0.0627093762648
0.0627093762648
0.0627093762648
0.0194622943588
0.0194622943588
0.0194622943588
0.0194622943588
0.0194622943588
0.0194622943588
0.0194622943588
0.0194622943588
0.0194622943588
0.0194622943588
0.0194622943588
0.0194622943588
0.0194622943588
0.0194622943588
0.0194622943588
0.0194622943588
0.0130422593274
0.0130422593274
0.0130422593274
0.0130422593274
0.0130422593274
0.0130422593274
0.0130422593274
0.0130422593274
0.000732209590099
0.000732209590099
0.000732209590099
0.000732209590099
0.000732209590099
0.000732209590099
0.000732209590099
0.000732209590099
0.000366104795049
0.000366104795049
0.000366104795049
0.000366104795049
0.000366104795049
0.00036610479505
0.00036610479505
0.000366104795049
0.000366104795049
0.000366104795049
0.000366104795049
0.000366104795049
0.000366104795049
0.000366104795049
0.000366104795049
0.000366104795049
0.0014644191802
0.0014644191802
0.0014644191802
0.0014644191802
0.0014644191802
0.0014644191802
0.0014644191802
0.0014644191802
0.0014644191802
0.0014644191802
0.0014644191802
0.0014644191802
0.0014644191802
0.0014644191802
0.0014644191802
0.0014644191802
