0.171976918029
0.171976918029
0.171976918029
0.171976918029
0.171976918029
0.171976918029
0.171976918029
0.171976918029
0.0057332327827
0.0057332327827
0.0057332327827
0.0057332327827
0.00655982756181
0.00655982756181
0.00655982756181
0.00655982756181
0.30536681262
0.30536681262
0.30536681262
0.30536681262
0.260797389673
0.260797389673
0.260797389673
0.260797389673
0.0417503741884
0.0417503741884
0.0417503741884
0.0417503741884
0.0466957471499
0.0466957471499
0.0466957471499
0.0466957471499
0.200638372372
0.200638372372
0.200638372372
0.200638372372
0.200638372372
0.200638372372
0.200638372372
0.200638372372
0.180582924923
0.180582924923
0.180582924923
0.180582924923
0.174192346589
0.174192346589
0.174192346589
0.174192346589
0.0738531151964
0.0738531151964
0.0738531151964
0.0738531151964
0.0827256357002
0.0827256357002
0.0827256357002
0.0827256357002
0.196846505339
0.196846505339
0.196846505339
0.196846505339
0.190293975436
0.190293975436
0.190293975436
0.190293975436
0.0176690599522
0.0176690599522
0.0176690599522
0.0176690599522
0.0197934359029
0.0197934359029
0.0197934359029
0.0197934359029
0.0347862329238
0.0347862329238
0.0347862329238
0.0347862329238
0.0300873767283
0.0300873767283
0.0300873767283
0.0300873767283
0.0182113763526
0.0182113763526
0.0182113763526
0.0182113763526
0.0162813870349
0.0162813870349
0.0162813870349
0.0162813870349
0.0891564910636
0.0891564910636
0.0891564910636
0.0891564910636
0.086188595082
0.086188595082
0.086188595082
0.086188595082
0.260764984701
0.260764984701
0.260764984701
0.260764984701
0.286353698521
0.286353698521
0.286353698521
0.286353698521
0.252345750881
0.252345750881
0.252345750881
0.252345750881
0.277389555236
0.277389555236
0.277389555236
0.277389555236
0.0211708694042
0.0211708694042
0.0211708694042
0.0211708694042
0.0236068868348
0.0236068868348
0.0236068868348
0.0236068868348
0.0255587421813
0.0255587421813
0.0255587421813
0.0255587421813
0.0250261411965
0.0250261411965
0.0250261411965
0.0250261411965
0.0174270506505
0.0174270506505
0.0174270506505
0.0174270506505
0.0133604709971
0.0133604709971
0.0133604709971
0.0133604709971
0.0692508367819
0.0692508367819
0.0692508367819
0.0692508367819
0.0890041569988
0.0890041569988
0.0890041569988
0.0890041569988
0.0401358478952
0.0401358478952
0.0401358478952
0.0401358478952
0.05277259002
0.05277259002
0.05277259002
0.05277259002
0.109158057322
0.109158057322
0.109158057322
0.109158057322
0.142958643642
0.142958643642
0.142958643642
0.142958643642
0.0273698251356
0.0273698251356
0.0273698251356
0.0273698251356
0.0359513371668
0.0359513371668
0.0359513371668
0.0359513371668
0.0622034739417
0.0622034739417
0.0622034739417
0.0622034739417
0.0622973677446
0.0622973677446
0.0622973677446
0.0622973677446
0.0603272146026
0.0603272146026
0.0603272146026
0.0603272146026
0.0539829576708
0.0539829576708
0.0539829576708
0.0539829576708
0.0982381502716
0.0982381502716
0.0982381502716
0.0982381502716
0.11021103735
0.11021103735
0.11021103735
0.11021103735
0.319490375155
0.319490375155
0.319490375155
0.319490375155
0.150343592532
0.150343592532
0.150343592532
0.150343592532
0.16839345938
0.16839345938
0.16839345938
0.16839345938
0.117063991085
0.117063991085
0.117063991085
0.117063991085
0.117105981608
0.117105981608
0.117105981608
0.117105981608
0.084591570721
0.084591570721
0.084591570721
0.084591570721
0.0930200039747
0.0930200039747
0.0930200039747
0.0930200039747
0.336380257233
0.336380257233
0.336380257233
0.336380257233
0.32480724628
0.32480724628
0.32480724628
0.32480724628
0.205781369905
0.205781369905
0.205781369905
0.205781369905
0.234042723088
0.234042723088
0.234042723088
0.234042723088
0.072817945512
0.072817945512
0.072817945512
0.072817945512
0.0844340232298
0.0844340232298
0.0844340232298
0.0844340232298
0.0727878225059
0.0727878225059
0.0727878225059
0.0727878225059
0.0844193123456
0.0844193123456
0.0844193123456
0.0844193123456
0.101493539681
0.101493539681
0.101493539681
0.101493539681
0.0994152663143
0.0994152663143
0.0994152663143
0.0994152663143
0.0851221234762
0.0851221234762
0.0851221234762
0.0851221234762
0.0735357909854
0.0735357909854
0.0735357909854
0.0735357909854
0.0852450273711
0.0852450273711
0.0852450273711
0.0852450273711
0.0734584713061
0.0734584713061
0.0734584713061
0.0734584713061
0.064067849582
0.064067849582
0.064067849582
0.064067849582
0.0728682168881
0.0728682168881
0.0728682168881
0.0728682168881
0.0662749739283
0.0662749739283
0.0662749739283
0.0662749739283
0.0766860123883
0.0766860123883
0.0766860123883
0.0766860123883
0.290698088283
0.290698088283
0.290698088283
0.290698088283
0.330681960812
0.330681960812
0.330681960812
0.330681960812
0.09463444511
0.09463444511
0.09463444511
0.09463444511
0.0964517181832
0.0964517181832
0.0964517181832
0.0964517181832
0.229242242184
0.229242242184
0.229242242184
0.229242242184
0.229242242184
0.229242242184
0.229242242184
0.229242242184
0.229315875073
0.229315875073
0.229315875073
0.229315875073
0.229315875073
0.229315875073
0.229315875073
0.229315875073
0.462938533949
0.462938533949
0.462938533949
0.462938533949
0.462938533949
0.462938533949
0.462938533949
0.462938533949
0.244380945575
0.244380945575
0.244380945575
0.244380945575
0.244390579647
0.244390579647
0.244390579647
0.244390579647
0.102511836613
0.102511836613
0.102511836613
0.102511836613
0.0934373062554
0.0934373062554
0.0934373062554
0.0934373062554
0.286222034648
0.286222034648
0.286222034648
0.286222034648
0.274460120553
0.274460120553
0.274460120553
0.274460120553
0.286141676519
0.286141676519
0.286141676519
0.286141676519
0.274349994651
0.274349994651
0.274349994651
0.274349994651
0.0403723472612
0.0403723472612
0.0403723472612
0.0403723472612
0.0412866965962
0.0412866965962
0.0412866965962
0.0412866965962
0.0898469194693
0.0898469194693
0.0898469194693
0.0898469194693
0.0914367405512
0.0914367405512
0.0914367405512
0.0914367405512
0.082414081325
0.082414081325
0.082414081325
0.082414081325
0.082414081325
0.082414081325
0.082414081325
0.082414081325
0.108315669749
0.108315669749
0.108315669749
0.108315669749
0.102122123201
0.102122123201
0.102122123201
0.102122123201
0.119169959416
0.119169959416
0.119169959416
0.119169959416
0.0619539658002
0.0619539658002
0.0619539658002
0.0619539658002
0.197171138891
0.197171138891
0.197171138891
0.197171138891
0.102659309216
0.102659309216
0.102659309216
0.102659309216
0.12541875253
0.12541875253
0.12541875253
0.12541875253
0.12541875253
0.12541875253
0.12541875253
0.12541875253
0.12540630925
0.12540630925
0.12540630925
0.12540630925
0.125572031063
0.125572031063
0.125572031063
0.125572031063
0.0202840104331
0.0202840104331
0.0202840104331
0.0202840104331
0.0388626694753
0.0388626694753
0.0388626694753
0.0388626694753
0.119254932111
0.119254932111
0.119254932111
0.119254932111
0.0620422585249
0.0620422585249
0.0620422585249
0.0620422585249
0.0678886179233
0.0678886179233
0.0678886179233
0.0678886179233
0.0637717182652
0.0637717182652
0.0637717182652
0.0637717182652
0.194838722344
0.194838722344
0.194838722344
0.194838722344
0.174115485868
0.174115485868
0.174115485868
0.174115485868
0.150063235321
0.150063235321
0.150063235321
0.150063235321
0.158208859705
0.158208859705
0.158208859705
0.158208859705
0.183264008046
0.183264008046
0.183264008046
0.183264008046
0.101428421342
0.101428421342
0.101428421342
0.101428421342
0.183157541318
0.183157541318
0.183157541318
0.183157541318
0.101234865475
0.101234865475
0.101234865475
0.101234865475
0.0325974682452
0.0325974682452
0.0325974682452
0.0325974682452
0.0325614478498
0.0325614478498
0.0325614478498
0.0325614478498
0.332952195484
0.332952195484
0.332952195484
0.332952195484
0.365578692768
0.365578692768
0.365578692768
0.365578692768
0.143355400792
0.143355400792
0.143355400792
0.143355400792
0.157418643189
0.157418643189
0.157418643189
0.157418643189
0.0846794616019
0.0846794616019
0.0846794616019
0.0846794616019
0.0862840687823
0.0862840687823
0.0862840687823
0.0862840687823
0.115473984733
0.115473984733
0.115473984733
0.115473984733
0.113260129739
0.113260129739
0.113260129739
0.113260129739
0.0206132013434
0.0206132013434
0.0206132013434
0.0206132013434
0.127102704602
0.127102704602
0.127102704602
0.127102704602
0.0601860535492
0.0601860535492
0.0601860535492
0.0601860535492
0.0601991176808
0.0601991176808
0.0601991176808
0.0601991176808
0.140439088258
0.140439088258
0.140439088258
0.140439088258
0.173681184482
0.173681184482
0.173681184482
0.173681184482
0.050969609717
0.050969609717
0.050969609717
0.050969609717
0.0490674692439
0.0490674692439
0.0490674692439
0.0490674692439
0.0496973471516
0.0496973471516
0.0496973471516
0.0496973471516
0.0527734205433
0.0527734205433
0.0527734205433
0.0527734205433
0.165240035313
0.165240035313
0.165240035313
0.165240035313
0.182330431805
0.182330431805
0.182330431805
0.182330431805
0.0949163827753
0.0949163827753
0.0949163827753
0.0949163827753
0.0135974062847
0.0135974062847
0.0135974062847
0.0135974062847
0.0135222138281
0.0135222138281
0.0135222138281
0.0135222138281
0.0179629362556
0.0179629362556
0.0179629362556
0.0179629362556
0.0179798165048
0.0179798165048
0.0179798165048
0.0179798165048
0.0774626258068
0.0774626258068
0.0774626258068
0.0774626258068
0.161501959614
0.161501959614
0.161501959614
0.161501959614
0.1612785871
0.1612785871
0.1612785871
0.1612785871
0.124296533328
0.124296533328
0.124296533328
0.124296533328
0.118991186676
0.118991186676
0.118991186676
0.118991186676
0.16363070643
0.16363070643
0.16363070643
0.16363070643
0.0290490626425
0.0290490626425
0.0290490626425
0.0290490626425
0.0284189780544
0.0284189780544
0.0284189780544
0.0284189780544
0.0663908633978
0.0663908633978
0.0663908633978
0.0663908633978
0.0891784587557
0.0891784587557
0.0891784587557
0.0891784587557
0.0332009941102
0.0332009941102
0.0332009941102
0.0332009941102
0.214215917849
0.214215917849
0.214215917849
0.214215917849
0.230704137422
0.230704137422
0.230704137422
0.230704137422
0.175670004393
0.175670004393
0.175670004393
0.175670004393
0.0691457010834
0.0691457010834
0.0691457010834
0.0691457010834
0.0462808158298
0.0462808158298
0.0462808158298
0.0462808158298
0.0496444611974
0.0496444611974
0.0496444611974
0.0496444611974
0.102702619036
0.102702619036
0.102702619036
0.102702619036
0.142206503374
0.142206503374
0.142206503374
0.142206503374
0.102854257163
0.102854257163
0.102854257163
0.102854257163
0.0495864293623
0.0495864293623
0.0495864293623
0.0495864293623
0.0665535085439
0.0665535085439
0.0665535085439
0.0665535085439
0.109066392406
0.109066392406
0.109066392406
0.109066392406
0.133628744059
0.133628744059
0.133628744059
0.133628744059
0.0336869275506
0.0336869275506
0.0336869275506
0.0336869275506
0.0473114334208
0.0473114334208
0.0473114334208
0.0473114334208
0.242983759359
0.242983759359
0.242983759359
0.242983759359
0.00642588507158
0.00642588507158
0.00642588507158
0.00642588507158
0.340959967115
0.340959967115
0.340959967115
0.340959967115
0.339514796354
0.339514796354
0.339514796354
0.339514796354
0.0305062504149
0.0305062504149
0.0305062504149
0.0305062504149
0.212261496415
0.212261496415
0.212261496415
0.212261496415
0.0907806282146
0.0907806282146
0.0907806282146
0.0907806282146
0.168622874427
0.168622874427
0.168622874427
0.168622874427
0.0265288716369
0.0265288716369
0.0265288716369
0.0265288716369
0.325751705778
0.325751705778
0.325751705778
0.325751705778
0.180715151059
0.180715151059
0.180715151059
0.180715151059
0.0147027987929
0.0147027987929
0.0147027987929
0.0147027987929
0.00748071629258
0.00748071629258
0.00748071629258
0.00748071629258
0.000510897402861
0.000510897402861
0.000510897402861
0.000510897402861
0.121046464807
0.121046464807
0.121046464807
0.121046464807
0.160856258296
0.160856258296
0.160856258296
0.160856258296
0.0103955154679
0.0103955154679
0.0103955154679
0.0103955154679
0.100760135672
0.100760135672
0.100760135672
0.100760135672
0.0156987433121
0.0156987433121
0.0156987433121
0.0156987433121
0.060917247726
0.060917247726
0.060917247726
0.060917247726
0.413119775183
0.413119775183
0.413119775183
0.413119775183
0.272782041755
0.272782041755
0.272782041755
0.272782041755
0.126862154804
0.126862154804
0.126862154804
0.126862154804
0.0699006702103
0.0699006702103
0.0699006702103
0.0699006702103
0.088952556316
0.088952556316
0.088952556316
0.088952556316
0.134430616292
0.134430616292
0.134430616292
0.134430616292
0.206468865181
0.206468865181
0.206468865181
0.206468865181
0.157259058383
0.157259058383
0.157259058383
0.157259058383
0.131217044859
0.131217044859
0.131217044859
0.131217044859
0.258509827196
0.258509827196
0.258509827196
0.258509827196
0.352744335498
0.352744335498
0.352744335498
0.352744335498
0.013548680036
0.013548680036
0.013548680036
0.013548680036
0.014123356609
0.014123356609
0.014123356609
0.014123356609
0.126326630534
0.126326630534
0.126326630534
0.126326630534
0.224150616529
0.224150616529
0.224150616529
0.224150616529
0.0563012227316
0.0563012227316
0.0563012227316
0.0563012227316
0.234566705466
0.234566705466
0.234566705466
0.234566705466
0.157782483493
0.157782483493
0.157782483493
0.157782483493
0.132904238537
0.132904238537
0.132904238537
0.132904238537
0.0741931864838
0.0741931864838
0.0741931864838
0.0741931864838
0.0634680667652
0.0634680667652
0.0634680667652
0.0634680667652
0.267556865743
0.267556865743
0.267556865743
0.267556865743
0.132092972084
0.132092972084
0.132092972084
0.132092972084
0.0104503765527
0.0104503765527
0.0104503765527
0.0104503765527
0.48628883404
0.48628883404
0.48628883404
0.48628883404
0.657488129553
0.657488129553
0.657488129553
0.657488129553
0.438028347768
0.438028347768
0.438028347768
0.438028347768
0.336449151704
0.336449151704
0.336449151704
0.336449151704
0.239093319042
0.239093319042
0.239093319042
0.239093319042
0.357006682631
0.357006682631
0.357006682631
0.357006682631
0.0634723735037
0.0634723735037
0.0634723735037
0.0634723735037
0.16033777534
0.16033777534
0.16033777534
0.16033777534
0.617023250779
0.617023250779
0.617023250779
0.617023250779
0.359551166111
0.359551166111
0.359551166111
0.359551166111
0.158220257535
0.158220257535
0.158220257535
0.158220257535
0.285720291903
0.285720291903
0.285720291903
0.285720291903
0.16599482508
0.16599482508
0.16599482508
0.16599482508
0.274252668665
0.274252668665
0.274252668665
0.274252668665
0.443118214248
0.443118214248
0.443118214248
0.443118214248
0.0268437992305
0.0268437992305
0.0268437992305
0.0268437992305
0.141083291577
0.141083291577
0.141083291577
0.141083291577
0.134238334079
0.134238334079
0.134238334079
0.134238334079
0.208315950781
0.208315950781
0.208315950781
0.208315950781
0.277160968519
0.277160968519
0.277160968519
0.277160968519
0.204068845675
0.204068845675
0.204068845675
0.204068845675
0.0647577610602
0.0647577610602
0.0647577610602
0.0647577610602
0.131767633627
0.131767633627
0.131767633627
0.131767633627
0.126910236755
0.126910236755
0.126910236755
0.126910236755
0.138188964765
0.138188964765
0.138188964765
0.138188964765
0.0353531405248
0.0353531405248
0.0353531405248
0.0353531405248
0.134828977924
0.134828977924
0.134828977924
0.134828977924
0.160790604112
0.160790604112
0.160790604112
0.160790604112
0.114378745648
0.114378745648
0.114378745648
0.114378745648
0.128065146937
0.128065146937
0.128065146937
0.128065146937
0.0943499138689
0.0943499138689
0.0943499138689
0.0943499138689
0.0834395169107
0.0834395169107
0.0834395169107
0.0834395169107
0.0815559984803
0.0815559984803
0.0815559984803
0.0815559984803
0.223144714809
0.223144714809
0.223144714809
0.223144714809
0.324715947868
0.324715947868
0.324715947868
0.324715947868
0.380965669469
0.380965669469
0.380965669469
0.380965669469
0.564538417389
0.564538417389
0.564538417389
0.564538417389
0.243720468473
0.243720468473
0.243720468473
0.243720468473
0.431868477823
0.431868477823
0.431868477823
0.431868477823
0.340458036493
0.340458036493
0.340458036493
0.340458036493
0.338130198079
0.338130198079
0.338130198079
0.338130198079
0.346827260675
0.346827260675
0.346827260675
0.346827260675
0.367498174553
0.367498174553
0.367498174553
0.367498174553
0.380930081036
0.380930081036
0.380930081036
0.380930081036
0.248194327183
0.248194327183
0.248194327183
0.248194327183
0.305362566837
0.305362566837
0.305362566837
0.305362566837
0.39833393803
0.39833393803
0.39833393803
0.39833393803
0.350544510557
0.350544510557
0.350544510557
0.350544510557
0.077849177435
0.077849177435
0.077849177435
0.077849177435
0.0260845186548
0.0260845186548
0.0260845186548
0.0260845186548
0.0780010780214
0.0780010780214
0.0780010780214
0.0780010780214
0.0261211834515
0.0261211834515
0.0261211834515
0.0261211834515
0.168807563839
0.168807563839
0.168807563839
0.168807563839
0.168807563839
0.168807563839
0.168807563839
0.168807563839
0.154170488359
0.154170488359
0.154170488359
0.154170488359
0.154170488359
0.154170488359
0.154170488359
0.154170488359
0.128128305228
0.128128305228
0.128128305228
0.128128305228
0.128128305228
0.128128305228
0.128128305228
0.128128305228
0.128128305228
0.128128305228
0.128128305228
0.128128305228
0.128128305228
0.128128305228
0.128128305228
0.128128305228
0.0881987753931
0.0881987753931
0.0881987753931
0.0881987753931
0.0881987753931
0.0881987753931
0.0881987753931
0.0881987753931
0.093068803247
0.093068803247
0.093068803247
0.093068803247
0.093068803247
0.093068803247
0.093068803247
0.093068803247
0.168807563839
0.168807563839
0.168807563839
0.168807563839
0.168807563839
0.168807563839
0.168807563839
0.168807563839
0.00620582971701
0.00620582971701
0.00620582971701
0.00620582971701
0.00620582971701
0.00620582971701
0.00620582971701
0.00620582971701
0.0234307068832
0.0234307068832
0.0234307068832
0.0234307068832
0.0234307068832
0.0234307068832
0.0234307068832
0.0234307068832
0.0234307068832
0.0234307068832
0.0234307068832
0.0234307068832
0.0234307068832
0.0234307068832
0.0234307068832
0.0234307068832
0.0401578720715
0.0401578720715
0.0401578720715
0.0401578720715
0.0401578720715
0.0401578720715
0.0401578720715
0.0401578720715
0.228982529313
0.228982529313
0.228982529313
0.228982529313
0.228982529313
0.228982529313
0.228982529313
0.228982529313
0.113113451013
0.113113451013
0.113113451013
0.113113451013
0.113113451013
0.113113451013
0.113113451013
0.113113451013
0.113113451013
0.113113451013
0.113113451013
0.113113451013
0.113113451013
0.113113451013
0.113113451013
0.113113451013
0.146961537818
0.146961537818
0.146961537818
0.146961537818
0.146961537818
0.146961537818
0.146961537818
0.146961537818
