119
457
571
578
633
288
267
224
153
104
109
423
606
397
338
393
360
358
356
316
317
5
524
484
528
479
518
458
465
591
574
551
544
594
582
91
82
88
89
130
127
239
129
270
265
271
280
272
281
278
284
277
283
279
285
275
274
276
255
231
251
286
232
268
263
256
259
262
260
261
269
191
192
266
195
233
252
222
206
227
213
208
215
214
211
217
209
212
165
160
161
218
147
146
152
198
151
148
149
101
85
68
100
103
108
102
99
106
166
105
116
72
69
73
114
428
158
163
410
413
416
407
405
412
409
408
404
406
63
61
55
57
427
402
422
396
394
434
387
388
392
439
440
435
437
444
436
378
377
383
379
400
382
391
411
389
399
390
363
339
364
352
353
362
351
314
359
312
355
305
313
300
293
298
418
291
292
287
289
321
318
315
319
311
320
343
340
345
336
344
342
497
473
470
481
480
476
488
477
487
335
332
328
327
483
529
538
533
525
537
0
14
1
492
508
510
516
511
520
509
519
512
521
522
527
491
513
517
514
523
515
507
543
503
500
459
462
495
499
469
461
460
607
604
609
575
572
498
542
550
567
576
590
577
588
589
595
610
553
539
547
545
548
623
556
562
619
54
62
586
587
593
584
583
566
617
579
580
626
624
625
621
639
93
638
53
71
86
75
84
81
92
636
87
629
620
635
630
128
19
532
12
536
546
558
142
134
126
125
131
194
199
197
193
240
238
236
237
28
329
25
16
6
7
182
21
139
200
