0.139300145008
0.139300145008
0.139300145008
0.165396134562
0.139300145008
0.139300145008
0.139300145008
0.165396134562
0.139300145008
0.139300145008
0.139300145008
0.165396134562
0.139300145008
0.139300145008
0.139300145008
0.165396134562
0.139300145008
0.139300145008
0.139300145008
0.139300145008
0.139300145008
0.139300145008
0.139300145008
0.165396134562
0.139300145008
0.139300145008
0.139300145008
0.165396134562
0.139300145008
0.139300145008
0.165396134562
0.139300145008
0.139300145008
0.139300145008
0.165396134562
0.139300145008
0.139300145008
0.139300145008
0.165396134562
0.139300145008
0.139300145008
0.165396134562
0.139300145008
0.139300145008
0.139300145008
0.165396134562
0.139300145008
0.139300145008
0.165396134562
0.139300145008
0.139300145008
0.071836107381
0.0718361073809
0.0434390308763
0.0457143672713
0.0434390308763
0.0434390308763
0.0718361073809
0.071836107381
0.0364407117769
0.0379065952814
0.0364407117769
0.0360323044519
0.0718361073807
0.071836107381
0.0434390308764
0.0457143672716
0.0434390308764
0.0434390308764
0.0364407117769
0.0379065952813
0.0360323044519
0.0364407117767
0.0718361073807
0.071836107381
0.0711160394571
0.0718769946211
0.0718769946212
0.0711160394572
0.071836107381
0.0434390308763
0.0457143672713
0.0364407117769
0.0379065952814
0.0360323044519
0.0364407117769
0.0457143672716
0.0434390308764
0.0364407117769
0.0379065952813
0.0360323044519
0.0364407117767
0.0718361073807
0.071836107381
0.0711160394571
0.0718769946211
0.0718769946212
0.0711160394572
0.0360323044519
0.0379065952814
0.0364407117769
0.0364407117769
0.0854184518115
0.0854184518115
0.0854184518114
0.0854184518114
0.036440711777
0.0379065952815
0.0360323044519
0.0364407117769
0.0360323044519
0.0379065952813
0.0364407117769
0.0364407117767
0.0854184518114
0.0854184518117
0.0718769946212
0.0711160394571
0.0854184518114
0.0854184518117
0.0364407117767
0.0379065952813
0.0360323044519
0.0364407117769
0.037038345957
0.0364407117769
0.0218890178841
0.0219101004818
0.0219101004818
0.0218890178842
0.0183578302793
0.0188656428163
0.0181472370532
0.0186301848056
0.0181472370532
0.0188656428163
0.0183578302792
0.0186301848056
0.0183578302791
0.0188656428161
0.0181472370532
0.0186301848054
0.0186301848055
0.0188656428162
0.0181472370532
0.0183578302792
0.0219101004819
0.0218890178842
0.0218890178843
0.0219101004818
