0.139300145008
0.139300145008
0.139300145008
0.139300145008
0.165396134562
0.139300145008
0.139300145008
0.139300145008
0.139300145008
0.139300145008
0.139300145008
0.139300145008
0.165396134562
0.139300145008
0.165396134562
0.139300145008
0.139300145008
0.139300145008
0.165396134562
0.139300145008
0.139300145008
0.165396134562
0.139300145008
0.165396134562
0.139300145008
0.139300145008
0.139300145008
0.165396134562
0.139300145008
0.139300145008
0.071836107381
0.0718361073809
0.0434390308763
0.0457143672713
0.0434390308763
0.0434390308763
0.0718361073809
0.071836107381
0.0364407117769
0.0379065952814
0.0364407117769
0.0360323044519
0.0718361073807
0.071836107381
0.0434390308764
0.0457143672716
0.0434390308764
0.0434390308764
0.0364407117769
0.0379065952813
0.0360323044519
0.0364407117767
0.071836107381
0.0718769946211
0.0718769946212
0.071836107381
0.0434390308763
0.0457143672713
0.0364407117769
0.0379065952814
0.0364407117769
0.0457143672716
0.0434390308764
0.0364407117769
0.0379065952813
0.0364407117767
0.0718361073807
0.071836107381
0.0360323044519
0.0379065952814
0.0364407117769
0.0364407117769
0.0854184518115
0.0854184518115
0.0854184518114
0.0854184518114
0.036440711777
0.0379065952815
0.0360323044519
0.0364407117769
0.0360323044519
0.0379065952813
0.0364407117769
0.0364407117767
0.0854184518114
0.0854184518117
0.0718769946212
0.0711160394571
0.0854184518114
0.0854184518117
0.0364407117767
0.0379065952813
0.0360323044519
0.0364407117769
0.037038345957
0.0364407117769
0.0218890178841
0.0219101004818
0.0219101004818
0.0218890178842
0.0183578302793
0.0188656428163
0.0181472370532
0.0186301848056
0.0181472370532
0.0188656428163
0.0183578302792
0.0186301848056
0.0183578302791
0.0188656428161
0.0181472370532
0.0186301848054
0.0186301848055
0.0188656428162
0.0181472370532
0.0183578302792
0.0219101004819
0.0218890178842
0.0218890178843
0.0219101004818
0.0364407117769
0.0379065952815
0.0360323044519
0.0360323044519
0.0379065952815
0.0364407117769
0.036440711777
0.0854184518114
0.0364407117769
0.0360323044519
0.0379065952814
0.0364407117769
0.0364407117769
0.0434390308763
0.0457143672713
0.0434390308763
0.0434390308763
0.071836107381
0.0718361073809
0.0364407117769
0.0379065952815
0.036440711777
0.0360323044519
0.0718769946211
0.071876994621
0.0711160394571
0.0718769946211
0.0370383459567
0.0364407117767
0.0373604992665
0.0360323044519
0.0360323044519
0.0373604992668
0.0181696835186
0.0181061565163
0.0181061565163
0.0181696835186
0.0187646011509
0.0180485258635
0.0185820537619
0.0390892531505
0.0361614768645
0.0361614768644
0.018582053762
0.0187646011509
0.0180485258635
0.0364407117769
0.0379065952815
0.036440711777
0.0360323044519
0.036440711777
0.0379065952815
0.0364407117769
0.0360323044519
0.0711160394571
0.071876994621
0.036440711777
0.0379065952815
0.0364407117769
0.0360323044519
0.071876994621
0.0711160394571
0.0434390308763
0.0457143672713
0.0434390308763
0.0434390308763
0.036440711777
0.0379065952815
0.0360323044519
0.0364407117769
0.0718361073809
0.0718361073809
0.0431509188199
0.0457400511042
0.0216459483137
0.0227606989444
0.0218890178842
0.0224749355659
0.0183578302793
0.0183701782055
0.0449071376661
0.0434390308763
0.00908284093965
0.00920260674084
0.00911426136157
0.00911426136152
0.01910992127
0.01910992127
0.0183701782055
0.0183578302793
0.0218890178842
0.0227606989444
0.0216459483137
0.0224749355659
0.0457400511042
0.0431509188199
0.0373604992665
0.0360323044519
0.0360323044519
0.0373604992665
0.00917254151148
0.00908284093963
0.0188426101826
0.019156596999
0.00908284093965
0.00917254151143
