0.0949603839704
0.0927191931838
0.0866103447987
0.0785256493429
0.0647258263798
0.0877760905744
0.0923691703971
0.105111086978
0.0721797769666
0.0690059147187
0.107549308177
0.0979300143883
0.104851754945
0.0309059115316
0.081011967007
0.0480784742557
0.0560412074443
0.0590322866487
0.059518781591
0.0470372582371
0.0745352896329
0.0638944140942
0.0374680062265
0.056800101073
0.0328381732618
0.0367378932921
0.0464056754432
0.0387434317558
0.0614036735126
0.0108722901482
0.0113410394435
0.0230821373588
0.0393252039752
0.0437062943366
0.0289804478223
0.0302958239094
0.0322482057985
0.0583509279126
0.047642461557
0.0293012857218
0.0475761789031
0.0333730962227
0.0293723126533
0.0494983747383
0.041342172074
0.0345733055827
0.0341278164043
0.0370668856406
0.0518977023027
0.0389242534761
0.0288709659706
0.0417155130149
0.0279622741181
0.0283857659156
0.0257101371344
0.0239791734951
0.0360702209873
0.0518211748725
0.0460058581054
0.0633573003133
0.0582401327489
0.0240700360763
0.0245852863742
0.0241138241218
0.0288785897047
0.0158244959866
0.0484278333854
0.0907547830257
0.0701888408937
0.0603975251508
0.0475778884498
0.0987791432938
0.0317137044455
0.0346239139153
0.0285102481322
0.0521975089802
0.0226381400391
0.0277001541287
0.0171438703412
0.0174872554249
0.0108015444968
0.0607988588337
0.0576760545689
0.0268749476715
0.0355292333763
0.0521914630495
0.0414810703285
0.0541461330779
0.0604185356357
0.0423313317273
0.033572689206
0.0280137932264
0.0277157014935
0.0275042387778
0.0469262798044
0.0432964282503
0.0293520168905
0.0286174658749
0.0354264992395
0.0288960246645
0.0434389969326
0.0551235580793
0.0479206341036
0.0500164416376
0.02137041392
0.0438512097448
0.0296907335011
0.0252353613977
0.0260034106439
0.0216547080408
0.019357658762
0.019851935444
0.0248602726825
0.0232969556708
0.0296060131972
0.023871670265
0.0190222808031
0.0382952222617
0.0365235166962
0.0232727148496
0.0103327741472
0.00921641854327
0.0292473313814
0.0296711721244
0.0305338757838
0.0192372834807
0.0105773869479
0.00734195634718
0.0126774755188
0.00864881244776
0.00709980342186
0.00743856106669
0.00716755964948
0.00642249543721
0.054092961998
0.0637395716304
0.0299104032564
0.0241378026962
0.0373032917626
0.0368910779561
0.00988354932978
0.00927649518571
0.0104314234382
0.00784354528596
0.00919000427454
0.0124176630907
0.0119771578845
0.018218063302
0.0106775810124
0.00866530861563
0.0601748227494
0.0548806770056
0.0427863681272
0.046324184214
0.0174179609431
0.0207110940834
0.0228148658032
0.0233512190063
0.0172349370337
0.0171381172577
0.0266308861155
0.0267745823891
0.0212316482341
0.0398867444488
0.0382672310992
0.0250916019903
0.0255732537739
0.0295503182387
0.033202792421
0.0219055100211
0.0235092964399
0.0251718458466
0.0287763804389
0.0253575245488
0.0255021005997
0.0280205815591
0.0400521230322
0.0158900513113
0.00949969729323
0.013452700039
0.0076786906278
0.0271652053798
0.0181860306761
0.0218337381539
0.0146108406459
0.011313558766
0.00907981075809
0.0106955399433
0.0170118111716
0.00813860936935
0.0135308995203
0.0223296354057
0.0200318845981
0.0180300536884
0.0119879621786
0.0161404848902
0.00999234957021
0.00947715798764
0.00815886742558
0.00632643606667
0.00739353098876
0.010581908991
0.0120152764608
0.00752275592169
0.00828748367908
0.00730856002052
0.00755345233997
0.00741533029244
0.0069027217171
0.00689221074745
0.00757647609561
0.00831420872215
0.00597620154271
0.00662670919099
0.00792253486829
0.00834953933891
0.00697798550767
0.00787013885376
0.00620323984949
0.0114368441124
0.0122886863513
0.00621864678722
0.00832331118086
0.00998705598939
0.0135133815477
0.0126212373046
0.0169528336426
0.0103246628237
0.0358349402451
0.0330699273926
0.0160611346243
0.0227893070571
0.0201738000808
0.0137649078409
0.0125539544961
0.0100564089929
0.0230717969885
0.0166872956468
0.0165599161005
0.0205951851513
0.0206321893671
0.0205380472161
0.0189648960947
0.0164260231534
0.0211895739944
0.0179623739828
0.0188847656778
0.0140738219694
0.0152263120551
0.019124144766
0.0234534153391
0.021833156518
0.0248721390572
0.0171300598535
0.0167271378807
0.0264461021005
0.0216087432471
0.0188182161523
0.0215569350361
0.0192253373093
0.0132618843575
0.0142426233645
0.0166688450746
0.0170480824133
0.0219508928229
0.00870439783864
0.00859462105681
0.0199760062795
0.00883077546393
0.0316977157779
0.0265251879188
0.0364438000281
0.0271931722751
0.0540965358599
0.0455721496004
0.0204373380033
0.023182035239
0.0173116493804
0.00878134563863
0.0102563311434
0.0118858123753
0.0147408381097
0.0186584640766
0.0196274780733
0.0245212708445
0.019802026419
0.0140298128333
0.0115382678816
0.0163435034983
0.0127703661733
0.0126735880479
0.0100086398882
0.0123891967285
0.0132279716115
0.0184408965401
0.024724761233
0.0406802233822
0.0500366824813
0.0322791771445
0.00567011292613
0.0120253054574
0.00854439048388
0.00605856022072
0.0108362809217
0.0103470197649
0.00610079326419
0.00516883959074
0.00659818587326
0.00442915626768
0.00424888145153
0.00438954422177
0.00467717895823
0.00628195314784
0.00858033802136
0.00473376652499
0.00474185428046
0.00472595667493
0.00407801422244
0.0055377105383
0.00391874576515
0.0158071743119
0.0109866923778
0.0071751480798
0.00640697834904
0.00903812467819
0.0115477020943
0.0218714404753
0.01138500832
0.011792742807
0.0114671705655
0.0161554202849
0.011288032123
0.0133586840301
0.0161959143776
0.0133802516431
0.0378923968084
0.020880125132
0.0161910647063
0.0246243724553
0.0194730566248
0.0209041631401
0.0256410398739
0.044802387736
0.034579371071
0.023266093417
0.023061206343
0.00889581097641
0.00639784582252
0.00778770386754
0.00658762237654
0.0214690484218
0.0349550526955
0.00869252032334
0.00868816053526
0.00986748822731
0.0114020494802
0.00968062450801
0.00882447417999
0.0433854243626
0.0398976962767
0.0483890934797
0.0488842882365
0.0189874064528
0.0223674558008
0.0224590411613
0.0189906830907
0.0260940752737
0.0194225476328
0.0176054067871
0.0251186699613
0.00985809706693
0.00821598924671
0.00684852720321
0.0118003159975
0.00931998318067
0.0229623568652
0.0172916802265
0.0203407842377
0.0214933425372
0.0255684534149
0.0194653325351
0.0132528459856
0.013343327797
0.0139783872669
0.0206536370477
0.0151647898541
0.0207751685675
0.00788787579847
0.00746235599429
0.00623222504579
0.0107696039684
0.0195689866986
0.0162996423974
0.0161600896684
0.0183557442917
0.0156054797252
0.00629472910452
0.0103711739239
0.0252021104153
0.0245101188943
0.00752038297926
0.00564603881306
0.00532544173555
0.00556244872441
0.00628154790678
0.0101060253844
0.0244946162052
0.0175171189594
0.00585752910998
0.00558982867268
0.00590549833182
0.00443613569634
0.00431684490526
0.00559498612799
0.0228425497166
0.0245685359516
0.00583967713161
0.00675215001073
0.0143986179925
0.0215669717006
0.0138696470641
0.0126155853619
0.0191530357698
0.0199189927278
0.0194424550933
0.0210169164223
0.0128372884455
0.0115645591485
0.0143937491579
0.0144193946856
0.0234090093253
0.0222811382117
0.0200535242323
0.0125127846164
0.0130718728612
0.016155335573
0.0141653792753
0.0184496927604
0.01445551987
0.0137526769117
0.0159924684915
0.0185468587809
0.0327631022379
0.0270271626643
0.0264465437877
0.034902240871
0.013985697548
0.0110058926736
0.0194638273418
0.0198644306302
0.0119419822683
0.0139098808828
0.0146695189866
0.0151542652941
0.0393805418974
0.0671395893535
0.00694204716727
0.00619119698011
0.00772209726327
0.00802388176863
0.00961401812714
0.00850355090857
0.0109877197744
0.0102334645598
0.0136768388634
0.0122671154565
0.0278242070677
0.0298226434716
0.0178240157905
0.0179665092221
0.0145085772315
0.0119879451749
0.0123471645777
0.0135984085323
0.0244059419845
0.0204576362959
0.0208171510022
0.0201668092311
0.014408367244
0.0139101065267
0.0168005221109
0.0177179048971
0.0116489392453
0.00955999455594
0.0119233363801
0.010216396134
0.0192072603997
0.0187330079113
0.0133122542691
0.01513116334
0.00807888116884
0.00882511465279
0.0136700342509
0.0107881116503
0.01263896752
0.0119292969041
0.0122327800522
0.0108452918038
0.0215339444087
0.0235436163736
0.010797792214
0.00930755991129
0.00879482236815
0.0101995632356
0.00923863310838
0.00895654367819
0.00894317294751
0.00965417666423
0.0231863736634
0.0235750785764
0.0296465575878
0.0276697840892
0.0126139238754
0.0106347687853
0.0120498769997
0.0113082305466
0.030946481154
0.0323596300674
0.00791677789673
0.00726725676332
0.00502134154573
0.00462422784692
0.00531064756068
0.00487537061228
0.00827334901555
0.00852612284191
0.00760552810472
0.00844181147339
0.0107986820021
0.0133958759189
0.00631556132832
0.00654005819662
0.0068026269605
0.00774319650427
0.00783893527473
0.00707388064726
0.0198944658296
0.0116823148073
0.0139311680481
0.0155376373033
0.0116926383711
0.012666409469
