0.0930715179142
0.0899296727569
0.0840719347967
0.0693543804702
0.0608941366126
0.084884824813
0.0901994699636
0.102597153847
0.0696843426747
0.0655475216315
0.10443092409
0.0964881542994
0.102678447109
0.0333449797573
0.0795502625485
0.0451109808806
0.0560147031577
0.0576611406903
0.0591117204432
0.0449308319591
0.072699536207
0.0611717465044
0.0298292552611
0.0525311154547
0.0323224402375
0.0357534023055
0.0448626185916
0.034610457854
0.0548181525552
0.0105574822705
0.0109572958392
0.0223652483695
0.0390125918095
0.0432894318065
0.0527313053064
0.0461612638287
0.0277617834308
0.028932155047
0.0329497508724
0.0350428542061
0.0462803561284
0.0352938839588
0.0262963642595
0.0410611875008
0.0275109687627
0.0275844577464
0.0258485653715
0.0592658213057
0.0550557795997
0.0160172492013
0.0471944160464
0.0876654658013
0.0663165195573
0.0545466805653
0.0442475391026
0.094061816229
0.0314353562642
0.0329890518986
0.0274055217656
0.0505245369312
0.0196129369041
0.0167757972441
0.0163312960051
0.0101304202159
0.0594924642407
0.056320026669
0.0278345824374
0.0356692854693
0.0523403417686
0.040970849075
0.0507393838677
0.0553152392185
0.0421505563567
0.0339245735983
0.0288093188409
0.0283076409575
0.0284420980951
0.047644505632
0.0434990137196
0.0296877688868
0.0291779930483
0.0354103868729
0.0295785338259
0.0416819064716
0.0534982426976
0.0462477076365
0.0486873764705
0.0407535594498
0.0294420069486
0.0257171723826
0.0252571453578
0.0214884309111
0.0186571573602
0.0195466569966
0.0239715719995
0.0212514791626
0.0295948932877
0.0236118720632
0.0187185181964
0.0382171743457
0.0339284839296
0.0201751103272
0.00974257711588
0.00866355698246
0.0292529578096
0.0309085685873
0.0199122080445
0.0111426177703
0.00769568455266
0.0132100122442
0.00915986958394
0.00755038798873
0.00761047951252
0.00776452639736
0.00676400479269
0.0537486694149
0.0603550295359
0.0306667589175
0.0248018375539
0.0384538727959
0.01004078911
0.00957226490782
0.0104580127737
0.00758788074945
0.00925495045258
0.012872441309
0.012266663487
0.0187616161068
0.00969162665184
0.00799769049991
0.059067426027
0.054314624914
0.0416228693998
0.0445105561494
0.0160584085628
0.0195631935894
0.0235557462524
0.0162144084532
0.0161630665603
0.0269159193359
0.0275291689147
0.0226046569808
0.0410603255068
0.0387774056853
0.025570005822
0.0265794215731
0.0306169486181
0.0335855957789
0.0223281456551
0.0242135029431
0.0252162817782
0.0253225503303
0.0243048139651
0.023815966678
0.0281990697249
0.0402157271865
0.0167841454331
0.010198382843
0.0139729325702
0.00816637960606
0.017103496903
0.0213226007236
0.0150542374609
0.011484211026
0.00957573585021
0.0112627184005
0.0178557618444
0.0086250363321
0.0138620198982
0.0223101065718
0.0203313100773
0.0180241172103
0.0121743151905
0.0163370372256
0.0104095281849
0.00976567179425
0.0086393482315
0.00666949605868
0.0076741011945
0.0109265755804
0.0125383542073
0.00797469790309
0.008538437468
0.00785145647986
0.00763271012222
0.00763864331941
0.00704152680109
0.00734241081199
0.00720118621311
0.00781779432932
0.00637046605225
0.00717168069234
0.00841923286599
0.00884001235829
0.00722623482771
0.00797781119594
0.00658113895893
0.0109555712418
0.0122278941772
0.00662787807767
0.00862756869025
0.01034297716
0.0140641366768
0.0126856998236
0.0167044228563
0.0100227150572
0.0308921174139
0.0278768775734
0.0155265830124
0.0203357976595
0.0198411391749
0.0142814221754
0.012887185717
0.0106332337569
0.021788118336
0.0169275954344
0.0164953237699
0.0209304912874
0.0203043811517
0.0202568466506
0.019101697621
0.0167452410855
0.0218970480416
0.018921758743
0.0192352110517
0.0146868325987
0.0152932044363
0.0199852665457
0.0237196203681
0.0210650939592
0.0236961666775
0.0177851278988
0.0176529267693
0.0260927610542
0.0222857660516
0.0197470844683
0.0220064615453
0.0203518875631
0.0142461273569
0.0152556088859
0.0176042915026
0.0162837756684
0.0222371913196
0.00943201156439
0.00892497398415
0.0197526121361
0.00909225721264
0.0325487274054
0.0268580750761
0.0379220440127
0.0275762624092
0.0511159274559
0.041977708928
0.0195917954673
0.0227747437445
0.0167945223359
0.00930990124263
0.0104239209989
0.0122951705681
0.014921501746
0.0181164667739
0.0182280530152
0.0103113074045
0.0131460961044
0.0100024051266
0.00960846457887
0.0124962741481
0.0125555082373
0.0185921050968
0.0236632509289
0.0400875877837
0.0501825255611
0.03267445797
0.00592875681167
0.0124415552052
0.00886734499566
0.00629332634197
0.0103865431346
0.0102778226631
0.00650951977985
0.00546335146042
0.00694986496153
0.00472600272973
0.00445745658013
0.00460113898622
0.00496233026922
0.00674625808988
0.00906325225116
0.00499598580735
0.00504985965226
0.00500730791477
0.00438325524457
0.0058917561595
0.00417981022785
0.0114748418693
0.00760000070219
0.00677073543884
0.00959179363611
0.0111168195509
0.0227641609852
0.0115037695045
0.0122793842767
0.0118443261216
0.0169288177436
0.0112064108358
0.0135209994797
0.0160010611508
0.0136104203853
0.0385900562547
0.0197530848321
0.0149721885011
0.0250296411424
0.0197137876216
0.0215433760668
0.0268755954488
0.0449222977908
0.0334758695717
0.0239677780684
0.0230837861883
0.00966296039016
0.00665065603042
0.00822989771301
0.00668378438325
0.0182126167148
0.0321572168705
0.00749880210584
0.00789680821523
0.0100957624186
0.0121335880585
0.01042427298
0.00930620422489
0.043061732279
0.0392514746379
0.0482026409895
0.0491936141728
0.0185562414179
0.0208268807197
0.0211801453948
0.0169760688294
0.0278261875798
0.0199716996199
0.0179338396992
0.027100198736
0.0104313744014
0.00880691896889
0.00737984437349
0.0125992195102
0.00950454441023
0.0249171652408
0.018345493374
0.020990659044
0.0235121011502
0.0277093953172
0.0131989716985
0.0135563440309
0.0130328322887
0.0230986800112
0.0140210770331
0.0207643053821
0.00826733882917
0.00811790486197
0.00655112900993
0.0128087390728
0.0198581839324
0.0177885616977
0.0178026219625
0.0193451014663
0.0157666604985
0.00639786754808
0.00898099042003
0.0262171236507
0.0258266853149
0.00780987520244
0.00587994344473
0.00558326456462
0.00620062662843
0.0067880948091
0.0120193008485
0.0257745338591
0.0179248707776
0.00604385100898
0.00600025573952
0.00635898944394
0.00475560617959
0.00466665746299
0.00607553811006
0.0241052196635
0.0264974242096
0.00611673328092
0.00720609527366
0.0148923125587
0.022360166482
0.0122847020332
0.0127367921421
0.0176737858712
0.0196789324625
0.0198386634828
0.013575513217
0.0122250511918
0.0158156423267
0.0150539224565
0.0214380479615
0.0214711531268
0.0202105475381
0.0123451837039
0.0133141837963
0.0166071254853
0.0149291791154
0.0154027730878
0.0152305416439
0.0142963396616
0.0161403931044
0.0206035693224
0.0333142211547
0.0251102181433
0.0262848625058
0.0369160282994
0.0145544099159
0.01132486108
0.021419514537
0.0130559502366
0.0165182218142
0.0178719752403
0.0186688380176
0.0420077983543
0.0600861300838
0.0070779504162
0.00629156103652
0.00837275509636
0.00889101852288
0.00984316583807
0.00852384122907
0.0130132722117
0.0123537069722
0.017019492016
0.0141793450899
0.0277604802488
0.0301816380144
0.0153295793532
0.0168152200927
0.0160524272199
0.0126382944973
0.0132073261371
0.0145529810204
0.0268611880404
0.0193915664352
0.0214431765134
0.0198781724771
0.0147339074389
0.0138767720388
0.0169984038642
0.0186692399587
0.0130615295159
0.00987767866107
0.0133141026804
0.0107915176142
0.0197012811237
0.0192700977548
0.0140351257014
0.0171243531899
0.00868885132046
0.00965983382698
0.015438827559
0.0112463205843
0.0123622374391
0.0122951752446
0.0133010777206
0.0105182175067
0.0223185350405
0.0212421907649
0.0139347208238
0.0104450882429
0.00957585354971
0.0122662569989
0.00977254485055
0.00928619949527
0.00952153416584
0.0108212903192
0.022622927205
0.0222335288539
0.0337638174138
0.0299339281055
0.0162122883433
0.0117461320369
0.0146730917741
0.0129574463563
0.0339744879755
0.0372528219221
0.00857464228341
0.00766098949465
0.0064015920146
0.00594204114446
0.0076703071842
0.00611094032449
0.00939726326098
0.010214585417
0.00790092619434
0.00995503602153
0.00854727068607
0.00992963914097
0.00651850752338
0.00781126898606
0.0077121989416
0.0110897145524
0.0087604545709
0.007336467826
0.0115250632796
0.0156315600975
0.0186090718358
0.0113588490027
0.0131659275659
0.0117850470428
0.00864241861677
0.0083893927868
0.008612299039
0.0108655000007
0.0106115909094
0.0151019765711
0.0130328442829
0.0181407467738
0.0163510158073
0.0296510800861
0.0221615802427
0.0202207976575
0.0234948150331
0.00814193102801
0.00749803136959
0.00660700800702
0.00818064160909
0.00760550200644
0.0152021083922
0.0147740012203
0.0186270464267
0.021576318628
0.00891182797997
0.007285807297
0.00613156257772
0.00790324650924
0.00705981033131
0.00576204148379
0.00526791375098
0.00597108381536
0.00838154704617
0.00680287829026
0.00758798926523
0.0107461071853
0.0112023879817
0.0118182960521
0.00729685638504
0.00778770150732
0.0078852743719
0.0078464476144
0.0156125874602
0.0155202528101
0.0136793892328
0.0160482464232
0.0137051336386
0.0129839351365
0.0104942926799
0.00952946495635
0.0112901353013
0.010274238783
0.0299437402912
0.0279083010016
0.0245743799037
0.0262180381786
0.00991934780566
0.0116228967976
0.00746138316689
0.00670022061798
0.00682132452842
0.00756261278975
0.0113010017302
0.011765025671
0.00752296064188
0.0075220061715
0.00822967096342
0.00774776312516
0.0121534217822
0.0131839825981
0.00788102670201
0.00653578734784
0.00748833878104
0.00700340558386
0.009104237399
0.00853546628153
0.0113525582394
0.0113020275709
0.0119534167494
0.010759290449
0.0107290992926
0.00932696469
0.0135315637267
0.00722527123861
