0.0988955938585
0.10374225774
0.0969521143228
0.0943225412311
0.0792816558203
0.0824960704614
0.0958889168546
0.100668458192
0.112273756805
0.0807442851367
0.0856943199229
0.115752132157
0.0988286116071
0.112126071613
0.0895570535827
0.0759167308506
0.0886259607355
0.0533202222613
0.054911050273
0.0619868917536
0.0598777811161
0.0513496696724
0.0790186032626
0.0724450900461
0.0350783511584
0.0392099905625
0.0449533351197
0.0704504051632
0.0727393304522
0.0399318596568
0.0277139026864
0.04996512854
0.0366144878789
0.0415052533944
0.0494512093913
0.0348437781312
0.0445772669047
0.05662109842
0.0443062621965
0.0827975811171
0.0354875824155
0.0408402479448
0.0392891089746
0.0557175546398
0.0811758267209
0.0370042720258
0.0253435764836
0.0222586545228
0.0177151083195
0.0136847323003
0.0229853429075
0.0306009442715
0.04256485713
0.0451643517479
0.035690563448
0.0374768538105
0.0334622307572
0.0568048551696
0.0662857973811
0.0530766766706
0.0323490821521
0.045268002504
0.0418898192381
0.0474997118883
0.0337580742736
0.0337409991179
0.0557014028942
0.0435279499445
0.0410472989187
0.0420627901087
0.0721852445533
0.0711918869612
0.0684276589706
0.042826667166
0.0446000938112
0.0411134535955
0.0449174684964
0.0646857233664
0.0597119402233
0.0371028770999
0.0486786031168
0.042843335681
0.0520230775914
0.0597412221387
0.0537625507517
0.0483893317053
0.0554186232857
0.047964337977
0.0526186893748
0.0439979169093
0.0459415029695
0.0478233724121
0.0325518333766
0.0366083352833
0.0282442838959
0.0199575648176
0.0229186483875
0.0345604756961
0.0508124530913
0.047286052998
0.0712747018901
0.0629366615653
0.0306266042111
0.0275094924309
0.0381324874648
0.0381926467996
0.0383812646313
0.0390397716579
0.0543043589816
0.0175797535954
0.0287536940412
0.0205706485518
0.0461543988953
0.10084813537
0.0764357946098
0.0686392720582
0.0541235512901
0.0410894870245
0.0531613197156
0.0383929530612
0.0687919746919
0.04741767748
0.0152250039362
0.0141849032196
0.013924193569
0.013457965783
0.0137203980576
0.0466576144517
0.114049393618
0.0268546743635
0.0323776884309
0.0294897237329
0.0482428975432
0.0276822962258
0.0252175236186
0.0166515997019
0.0170873460658
0.0135004570583
0.0123958151531
0.0640158805926
0.0614759105399
0.0245599039683
0.0337598400942
0.048761884751
0.0409643497138
0.0697476229914
0.0776688734659
0.0414778721145
0.0317545795692
0.0259437139933
0.0276852761593
0.0255151669141
0.0421841868703
0.0403284791765
0.0280347666859
0.0266389941772
0.0340526707685
0.0282585158214
0.0402522282824
0.0492730642065
0.0577905576419
0.0560557534858
0.0556003825146
0.0221970234762
0.0359288386182
0.0524943445448
0.0288490852265
0.0221385804441
0.0251426514404
0.0205706028074
0.0301802018327
0.024961368792
0.0189879942049
0.0247224923846
0.0265621324686
0.0293201970467
0.0375051015635
0.0334760184192
0.0275739127178
0.0232258331704
0.0179871020512
0.0352181822673
0.035016321605
0.0233679575325
0.0105993941368
0.0104073409293
0.0366519902516
0.0280020541003
0.0291754633702
0.0158963447645
0.0090334825295
0.00643751862014
0.010745709196
0.00849124051959
0.00741555652022
0.00746529747026
0.00843839122928
0.00671722266147
0.055330031839
0.0641110842732
0.0271358557495
0.0201578621444
0.0322826298319
0.0434563727582
0.0111760540969
0.00785633418348
0.00943499438104
0.00997425401855
0.0104958254266
0.0111215476542
0.0125009513758
0.0184942488119
0.0103719667731
0.0210477908383
0.031391709811
0.0138229556067
0.0144090105854
0.0626324586706
0.0564773707357
0.0464051863919
0.0559982036105
0.0156946186388
0.017934434268
0.0211732524789
0.0211022207655
0.0235286283295
0.0304216865588
0.0239091476844
0.0232114479926
0.0181670327543
0.0323758531973
0.0339015213948
0.0239174307081
0.022162521281
0.0257067755445
0.0296093254828
0.0199668449857
0.0227978455201
0.0257898383241
0.0393497784909
0.0294021829024
0.0278208798925
0.0259722742714
0.0360904567522
0.0126719075063
0.00787115076346
0.0110876115911
0.00767230161795
0.0281423796725
0.0160140467512
0.0178138427409
0.0127843119433
0.0102883094716
0.00883177324432
0.00831250089015
0.0134152193595
0.00672986524581
0.0118528279123
0.0214671643584
0.0176727167689
0.0164789332794
0.0108116129467
0.0152058671042
0.01798662049
0.00859556375803
0.00957455394198
0.00665998186867
0.00577000291688
0.00715180629758
0.00931670507695
0.00981894702049
0.0061788441375
0.00703831762867
0.00584610289732
0.00672019150176
0.00613880884038
0.00715356983327
0.00515825193866
0.011444285894
0.0105018199701
0.00487127031901
0.00559203642094
0.00753935025359
0.00745061286282
0.01418665425
0.00700001615926
0.0060124008708
0.00640473220673
0.0049266280686
0.0130689687353
0.0139805792373
0.005265483404
0.00619377605575
0.00683705809735
0.00927684272061
0.0118847213968
0.0179998327554
0.0133521859988
0.046403131592
0.0351858282245
0.0179986270882
0.0329892050423
0.0146353815433
0.0104854225313
0.0101357587962
0.00832106121868
0.0189078852444
0.0135512033819
0.0142615273601
0.0158102810651
0.0221177454453
0.0225844679232
0.0149197456788
0.0139947447648
0.0161517690524
0.0138845508999
0.0148454614785
0.0120770646761
0.0137696331821
0.0148571096618
0.0223746139422
0.0219061004125
0.0255563655178
0.0274273886139
0.0142187642287
0.0135080411397
0.0221472379883
0.0190907830974
0.0156697330982
0.0184712795746
0.0135154688195
0.00955091909947
0.0110929288008
0.0116013626864
0.0171354914617
0.0182227709781
0.0062768892291
0.00727453050417
0.0195479041817
0.00819953317629
0.0266615720017
0.0255603813144
0.0276589002577
0.0252734495586
0.053485168909
0.0524000154182
0.0234859566059
0.0266845535067
0.0165191317015
0.0199174746828
0.00762560702803
0.00870407433283
0.0100271849935
0.0101458992583
0.020667930875
0.0203621196893
0.019976909495
0.0182523045345
0.00998454875854
0.00903635337441
0.0104005381714
0.00930074576909
0.0194430995994
0.0202212340765
0.00965942303053
0.00867226562487
0.00891832436062
0.00969959871762
0.0203738210372
0.0181993450659
0.017796902755
0.0203867982169
0.0428977724061
0.0458578547565
0.0310942113088
0.0289010376559
0.00547520378116
0.0113839823539
0.00849176543828
0.00751335460393
0.00625775569384
0.00795351313395
0.00672905574392
0.00517633445072
0.00500418921226
0.00540993276064
0.00326413712639
0.0035151514293
0.0037573514839
0.00382682180359
0.00631362844332
0.00992100975533
0.00395832020437
0.00414083783568
0.00364623386515
0.00343855791611
0.0038233413366
0.00353727155587
0.0123116847178
0.00952322730115
0.00551090069556
0.00530377027212
0.00930868624213
0.0075620655011
