0.110527962055
0.122412343167
0.128199748438
0.0911940191054
0.126254329141
0.117079827687
0.134678067633
0.136027488936
0.112783514583
0.115806194904
0.113083577568
0.115027989089
0.119655608528
0.10170410192
0.113249420329
0.123446691195
0.128536374499
0.109527818063
0.112593903641
0.151849651135
0.129943652493
0.121394142453
0.130558949187
0.0827797208572
0.132617175187
0.109832274696
0.0772909929993
0.088602107151
0.0503870662838
0.0501328676332
0.0567294908146
0.0594480087375
0.077236024464
0.0867635379327
0.0782366838938
0.0724104733563
0.0458096490757
0.0455373149845
0.0463302626643
0.0518715307487
0.069280192913
0.067528392011
0.077191019115
0.076423395585
0.0560137112202
0.0647965602838
0.034376378318
0.0456493784934
0.0693495076942
0.0824806962088
0.0686510730052
0.0394340187948
0.0418649396596
0.0504691815261
0.0599734122198
0.0391060510287
0.0431092823571
0.0525393665631
0.0446268245414
0.0975645994595
0.0382198940633
0.0383087525188
0.0402496570902
0.051731966532
0.0887298107152
0.0740997312718
0.041612042762
0.0280826848276
0.0253130061436
0.0249609174497
0.0389044692656
0.0308545664267
0.0194072789019
0.0198291422529
0.0238376257194
0.0233426042347
0.0172350420423
0.0206313387219
0.0196936837659
0.0342396904252
0.0303441622047
0.0210091664568
0.0174755072608
0.0234208646441
0.0214544791792
0.0482887654216
0.0338176432645
0.0267102956233
0.0257615683111
0.0703531236126
0.0870538559703
0.0416352239576
0.0365273038071
0.0426466631255
0.0448287095349
0.0447662189131
0.0526668160343
0.0482616043099
0.0854772717002
0.100262644878
0.0364206019973
0.0434816232739
0.045571205106
0.0506006372461
0.0995675375461
0.0667703003429
0.0839873817658
0.0697236730869
0.0840278680759
0.0339956941593
0.0299479221371
0.0396388718992
0.0294792162454
0.0637890330212
0.0602216370054
0.0350010923962
0.0337220933254
0.0309118738152
0.0336467686256
0.0588906768447
0.0458447878391
0.03967387082
0.0351153992808
0.0334312956662
0.0516222512013
0.0743888984069
0.0635496914308
0.0788925741702
0.0820302894923
0.0402681792594
0.035785627337
0.0417215670799
0.0442054658864
0.0414207257947
0.0355075141093
0.0388341978209
0.0439115013962
0.0730546122651
0.0676377017874
0.0397924962853
0.0415236313227
0.0366211523865
0.0457222174709
0.0699408835971
0.0760012596093
0.059060309109
0.0690346122861
0.0522947144023
0.0494063408041
0.048469667788
0.049615644784
0.0495445358078
0.0483871679915
0.0480661293151
0.0982458155319
0.0277864947221
0.0308321837663
0.0287095090587
0.0409351166058
0.0327803891834
0.0280920532586
0.0351121439602
0.0410300320118
0.0796884891268
0.0859312105392
0.079589049363
0.0348891772764
0.0320573676233
0.0363837450924
0.0470806816651
0.0579885941137
0.0278938292214
0.0348504956799
0.0416588355306
0.0402586715369
0.084522890914
0.0786688803195
0.0298104693632
0.0288564643333
0.0339260963902
0.0404733489339
0.0369488189103
0.0421658795348
0.0504253330568
0.0182626156675
0.0233484987722
0.0206978928823
0.029483457337
0.0921640359108
0.0410400585466
0.0458181570648
0.0196514660305
0.0886871888509
0.0885938363185
0.0383067408957
0.0353818836709
0.0376199614855
0.0346746153813
0.0640004076284
0.0574997481482
0.0186796546235
0.0181465081171
0.00985461058064
0.00888834414892
0.00900632222343
0.00941487272173
0.0395649843812
0.121847289031
0.0199070754689
0.0219948204539
0.0202651302214
0.0240657115824
0.0185744712855
0.0186749103215
0.0182003206982
0.0160360985672
0.0101623379753
0.0125740668006
