0.108425250457
0.11965248229
0.126933543088
0.0931026609464
0.127096945129
0.111046770609
0.106150111358
0.110085915013
0.107314408564
0.0742792530981
0.098804498466
0.111652553983
0.120537692051
0.125188239056
0.102906171637
0.108815514365
0.143951813247
0.126031901218
0.117547196815
0.127476347131
0.0878526072537
0.128175511175
0.10550269406
0.0778477661248
0.0891980864105
0.0509062723593
0.050574529047
0.0568659393742
0.0597141922744
0.0775916500868
0.0863677617705
0.0770618913762
0.0719149567654
0.0459440317663
0.0457058592105
0.0465342300813
0.0519373242043
0.0686060666948
0.066549744698
0.0763055304804
0.0767181248766
0.0539330683557
0.063295180721
0.0340073012855
0.0458330975051
0.068509827202
0.0825445438464
0.0644123183801
0.0386160434493
0.0421224448365
0.0506408884833
0.0584715936523
0.0394827592442
0.0436905613812
0.0534866316841
0.0448543803272
0.0982227545617
0.0384764099366
0.0387607109776
0.0397554208767
0.0528663598805
0.08751308616
0.0734804304138
0.040346487004
0.0284127691848
0.025414276382
0.0251884763543
0.0400091928899
0.0320057234216
0.0196226536102
0.0199050565149
0.0243341460787
0.0236337833498
0.0174624554543
0.0208596201654
0.0198015575482
0.0350084311005
0.0310770532652
0.0216360476684
0.017694115198
0.0238171851789
0.0216493032494
0.0489966870654
0.0338128865692
0.02709475754
0.0260698430334
0.0702040350621
0.0876563406265
0.0418980060347
0.0366460366448
0.0432977133105
0.0463941831037
0.0446523351336
0.0365333404246
0.0424882871893
0.0450251371909
0.0501818878871
0.0649985859674
0.0809964142778
0.0693141383527
0.083778755722
0.0341305217546
0.0297878082362
0.0407873406247
0.0292860804295
0.0625247006924
0.0580660847453
0.0351678821242
0.033871012474
0.0311052548318
0.0334742903449
0.0600462357003
0.0455869641208
0.0407667096988
0.0353173993929
0.0330693440337
0.0530821521473
0.074881486662
0.0777426137461
0.0798596942762
0.0416679977307
0.0362093335296
0.0431754807391
0.0458354188152
0.0427534769827
0.0358306441819
0.0397242525042
0.0455618503989
0.0722832558508
0.066359372727
0.0410727890526
0.0428467314881
0.0375734000456
0.0476738118932
0.0699642230463
0.0750521909584
0.0576494084479
0.0695658987981
0.0538162056933
0.0501731460247
0.0492306143142
0.0503983661752
0.0507720934268
0.0495188504329
0.0487704885325
0.0969351605572
0.0293425624948
0.0327819154047
0.0280842534202
0.0440628783233
0.0183729119194
0.0293815690585
0.0327881637273
0.0797035678023
0.0857189956111
0.0792671003932
0.033666513421
0.0307725334682
0.0369651359289
0.025463710391
0.0345317863227
0.0438396175877
0.0426979198715
0.0853430170094
0.0754632196878
0.029732843594
0.0278135766017
0.0344786548645
0.0405989103722
0.0373796805335
0.0416656714588
0.0520625913872
0.0174573687024
0.0240854682946
0.0215040001814
0.0336450879648
0.0955867476504
0.0428732502931
0.0487285121732
0.0212904983063
0.0852352137711
0.0735226964266
0.0418457165967
0.0362318733425
0.0407241452631
0.0347275680593
0.0660476803659
0.054981522709
0.0184663980074
0.0176131553935
0.0113745055257
0.00918953357622
0.00943888463326
0.0101858982545
0.0408245468906
0.120638072953
0.0210118410225
0.0238045370453
0.0217214319976
0.0289540863555
0.0205863491871
0.020339608878
0.0194380255684
0.0157808800864
0.0107936319266
0.0144289663152
0.0669462657603
0.0647016154443
0.0284943714141
0.031604491592
0.0343975346023
0.0327660138934
0.0686928939689
0.0841584532133
0.0305876124266
0.0273877031672
0.0250610283121
0.0387576371052
0.0223939838534
0.0243592473322
0.0226008909604
0.0266355236404
0.0295659027193
0.0266643964434
0.0252912832524
0.0277714063945
0.0505901505123
0.0960162713877
0.0312688098749
0.0354833370024
0.0234692557125
0.0214214342717
0.0244201767669
0.0254350549539
0.0173329268396
0.0172311688751
0.0169160555389
0.0184611814636
