0.0666539360003
0.0525889527145
0.0105466379465
0.0101132034774
0.022348105732
0.037040754423
0.0427385221544
0.0227156133213
0.0309525660134
0.0328348105267
0.0367082610484
0.0238366224474
0.0406055733748
0.0273322334304
0.0266421800458
0.0268383161535
0.0440216536926
0.0416162172272
0.0191534982639
0.0596626821522
0.0313816044093
0.0302770350257
0.0298319617509
0.027783607096
0.0451906924982
0.0169254311586
0.0163816035993
0.0142800757725
0.0103698517485
0.0472933335909
0.0467153917095
0.0307943809799
0.0357199523525
0.0451282292883
0.0476088654581
0.0422583609917
0.0274635658401
0.0252976732792
0.0345121696309
0.0289300294067
0.0228543963295
0.0256579566702
0.022951430037
0.0196657846417
0.0171304326712
0.0186784152093
0.0221495667636
0.0193736513331
0.0211077105909
0.0179521230249
0.0339703304826
0.0293891670221
0.0170186450513
0.0107349974509
0.00921275365289
0.0206935106063
0.0187019114915
0.0128072349037
0.00870198599527
0.0145980704841
0.0107907517619
0.00855116816061
0.00861698993395
0.00916205954043
0.0080767597703
0.0222546889233
0.0285844393772
0.0106189873873
0.0102368569043
0.0110277329859
0.00813326254713
0.00940062886976
0.0132126266236
0.014753111002
0.0144109979343
0.00920912572344
0.00829532667324
0.0493138482018
0.0478700014667
0.038532575372
0.0404382548688
0.0147295739048
0.0168054651501
0.0170495566197
0.0165582539564
0.0159726335393
0.0271388693038
0.0279002793441
0.0249581768412
0.0392844898397
0.0348589890718
0.0275358490946
0.0274351277585
0.0336989076139
0.0336714511441
0.0231658270936
0.0213282547671
0.0252452704638
0.021827775671
0.0220834695496
0.0178030064226
0.0231586312836
0.0151292893909
0.0114990006688
0.0156970761049
0.009710805583
0.016236206447
0.0165152735251
0.0148729496227
0.0123159443998
0.0118717083126
0.0150254319896
0.0159851259718
0.00970067531929
0.0141543224804
0.022242814333
0.0200059619313
0.0172971545859
0.012517603962
0.0158337885295
0.0110633879494
0.010127355064
0.00922300418597
0.00613808732352
0.00921532381253
0.00816371744187
0.00653375291464
0.00732348886046
0.00781860012754
0.00732469335624
0.00794795791944
0.00552285437562
0.00727384813378
0.00843742603746
0.00532289912193
0.0106936425666
0.0128107532004
0.00760353733787
0.0110253262404
0.0122287677897
0.0130463616758
0.0171079173859
0.00970320555075
0.0145215319362
0.0184538513327
0.0184982788249
0.0141143914572
0.0127883057976
0.0112898919215
0.0120015915156
0.0117817913812
0.0109373021315
0.0203614375685
0.0205069638347
0.0198472221497
0.0133422032647
0.0166895380537
0.0225216259437
0.0141819159472
0.0215781240421
0.0214323847789
0.0214753715293
0.0236795653049
0.0188823612185
0.0218256559394
0.0166146125452
0.0165336082884
0.0195242401104
0.0128804283217
0.0105556152377
0.00964482416828
0.0165738700207
0.00950953074824
0.0300379391696
0.025803021383
0.0337151665555
0.0277889143774
0.0272649576221
0.0187184665234
0.0200027013535
0.0144145594099
0.0104244408387
0.0104995515277
0.0121631450027
0.0150556295511
0.016838910148
0.0168713526703
0.00945579819814
0.0122010034935
0.00897419646672
0.00982289775084
0.0122215892795
0.011240124399
0.0165663050856
0.0201035035994
0.0376950215756
0.0423348035382
0.0303026553489
0.00674074079227
0.0127441962025
0.00948330109789
0.00678505358418
0.00995409843709
0.0103117694854
0.00756173012286
0.00612692076797
0.00802766929634
0.00558535735364
0.00518400963393
0.00531926717074
0.00578736742598
0.00792323799801
0.0100531459448
0.00590389230754
0.00594595872525
0.00587622841386
0.00520061817416
0.00687759976809
0.00493246613943
0.0129250377651
0.00887722079585
0.00790020674664
0.0117273287848
0.019472538612
0.0133536399883
0.0140830574351
0.0109192316769
0.0162087521667
0.0107472882393
0.0132110052483
0.0142534574008
0.0122707124472
0.0218397296221
0.0161227885967
0.0138554577585
0.0236247955938
0.0195568381668
0.0220015430608
0.0275668543367
0.0415821122126
0.0296036123073
0.0239412610866
0.0227043341522
0.0107741645658
0.0071158672078
0.00897407623497
0.00712898687342
0.0158326958229
0.0301445643492
0.00724255651089
0.00800357877374
0.010718565297
0.0130681207843
0.0116993800211
0.0101826046382
0.0377843587383
0.0381519376879
0.0369205228464
0.013136486863
0.0173733372998
0.0188122444362
0.0154640157705
0.0225473286797
0.0259878815905
0.0104928449692
0.00909740614734
0.00823308415978
0.0126769691997
0.0102707309234
0.0276982346223
0.0240672592098
0.0229062432835
0.0325080146653
0.0277112173495
0.0139665093152
0.0240913995416
0.0134245627119
0.0174463198866
0.00917761070444
0.00855711448306
0.00710178887485
0.0124423833872
0.0201943530771
0.0191438039772
0.0202150637116
0.0227715965834
0.0156299644029
0.0069271802661
0.00881243748924
0.0278124228795
0.0272551707449
0.00905854437069
0.00677934193907
0.00602609641286
0.00681668838758
0.00805202938954
0.0106183601046
0.0127207273902
0.0066976184918
0.00589761455847
0.00671043008941
0.00532192196595
0.00428144163598
0.00655060485506
0.0245419726438
0.027091961931
0.00594809782681
0.00776128169811
0.0176786220757
0.0116339268462
0.0175778000839
0.0187332615722
0.0178633262487
0.0137474240674
0.0124145761305
0.0164820615799
0.0150416705355
0.0175650855145
0.0198616691053
0.0126269009691
0.0134210187518
0.0161809173393
0.0123698029121
0.013391382826
0.0143842976605
0.0157214293455
0.0186307091904
0.0215186959594
0.0151996816172
0.01069542508
0.0102087304903
0.0149569498559
0.0134534584775
0.00736628610124
0.00686997641653
0.0091017325353
0.00955841604794
0.00944005694105
0.00855998104353
0.0117538882292
0.011735891236
0.0183382187282
0.0268674230957
0.0238075710117
0.0134038899815
0.0146126878029
0.01426797627
0.0134261359605
0.0140252653348
0.0159081639604
0.0147553051522
0.0171118695739
0.0149288687119
0.0138486544484
0.0163817732807
0.0153494241829
0.013288731941
0.0119124030873
0.0146412954272
0.0131167670763
0.0166679282447
0.0192867933592
0.0152052400941
0.0184000497378
0.00942630983268
0.00993208124689
0.0138611635467
0.0125520897297
0.00948430097589
0.0112672471045
0.010404164008
0.0169503448487
0.0144963732763
0.0124564441374
0.0114526893998
0.013670464897
0.0106963051542
0.0105932257575
0.0112479266186
0.0114399027565
0.0365848999761
0.0311407844715
0.0230045532461
0.0158353333758
0.0192684484158
0.0163776843157
0.0366958943052
0.0421641981807
0.00871567620804
0.00836559921144
0.00777240085626
0.00814327837128
0.0106703627371
0.00783923531504
0.0113358155153
0.0106666573811
0.00887174861089
0.0115191395654
0.00792670572081
0.00981158323571
0.00721033337621
0.008869606254
0.00900625624011
0.0109910586309
0.0100694575782
0.00804759237651
0.0115739786257
0.0186801753776
0.022929062372
0.0114685993947
0.0123201935744
0.0128202744043
0.0121269294018
0.0111875827135
0.010069594551
0.0117948545876
0.0110175419749
0.0169371875971
0.0147939061843
0.0135095124569
0.0166230961969
0.0151006102916
0.0149665872067
0.00897384649534
0.00801122068228
0.00808072994227
0.0121849239483
0.0090550239202
0.0154095887313
0.0128656136718
0.0177992283659
0.0185478163141
0.0115104537213
0.00834510938693
0.00673551655755
0.0100191711753
0.0095735718931
0.00707558909282
0.00593498807298
0.00744156945737
0.00922028939063
0.00687980425083
0.00746734050084
0.0118737178045
0.011385961826
0.0150626962889
0.00875760573962
0.00951978694801
0.00990527826441
0.0100521414737
0.0167093487753
0.0158527194345
0.0176326586115
0.0138399889797
0.016023494728
0.0125931380116
0.0189025591317
0.0135923951028
0.0301383684392
0.0270869518251
0.0260642601
0.03066288457
0.00980017754742
0.0134648921169
0.0100053405128
0.00789720921858
0.00885855294283
0.0106011236806
0.0132642577199
0.0139110234281
0.0094513207726
0.00832282796774
0.0103392116565
0.00911033654085
0.0111352366556
0.0114473231241
0.00969560399174
0.00743261976904
0.00892646897218
0.00867258506295
0.0114591307493
0.010302842196
0.0127183533517
0.0124768489223
0.0109864863742
0.0113501543157
0.00907326482114
0.0141273901542
0.00841259101312
0.009177282239
0.00760019613329
0.00984308977627
0.00897624867288
0.0134096751546
0.013026661984
0.0113740558683
0.020818891775
0.0240891213956
0.0223020081482
0.0173932073763
0.0113412841225
0.0133049661536
0.0148647203772
0.0189859673259
0.0236335080265
0.0148615701601
0.0108209383111
0.0114912728172
0.00876983287489
0.00873517925402
0.00712138106902
0.00671259209068
0.00808710515516
0.00930367786184
0.00846436951756
0.0124752199371
0.00960543416687
0.0103474067808
0.0134950668157
0.0162082117163
0.0150149164737
0.0108902555606
0.0163534183674
0.0186625348663
0.0274564632498
0.0072085528038
0.0064602719857
0.009162167798
0.00897412712527
0.0136444692407
0.0135185789779
0.0169974075008
0.0119567388413
0.0128232422379
0.0114709642136
0.00895607544241
0.00923860324416
0.0101304808833
0.0112134895151
0.0103349486763
0.00807026936712
0.00997560480762
0.0115435544922
0.0129427082337
0.0122077484914
0.0170513317045
0.0168162684072
0.0203754687515
0.020255868973
0.0138584113795
0.0137644735826
0.0117211639896
0.0130274954843
0.0110760912951
0.0112668560499
0.0129478795962
0.0118900219983
0.0134940863294
0.0187015410147
0.0235426789334
0.019716973886
0.0219077361362
0.0261285674126
0.0274493625099
0.0268692830585
0.0315164545413
0.0333643201995
0.0344131476423
0.0423763344499
0.041705333415
0.0518545775487
0.0573184414321
0.0200161252269
0.0171506146176
0.0142808591624
0.0122679689495
0.0113954523125
0.0156057231097
0.0227752179364
0.0283028728646
0.0263905943055
0.0222431932671
0.0218422048438
0.0287811678987
0.0231850634998
0.0149561593285
0.0129997485001
0.0162422271967
0.0164916563926
0.0189896325599
0.0195667581693
0.0157287616327
0.0133248057967
0.0136508683089
0.0166833927123
0.00815213348845
0.00925761358615
0.00862380752762
0.0253886888536
0.00903923671842
0.00719687664241
0.00820640381793
0.00913886820898
0.00970291408981
0.0111855339728
0.0219945101995
0.0206555885353
0.0131532724979
0.0118201999222
0.0116211533413
0.0100531015065
0.0152439654309
0.016256098007
0.0228007574047
0.0141775001436
0.0409287927704
0.0404492398558
0.0346789822136
0.0356445864696
0.0454373667198
0.0200857802372
0.0181440676158
0.0174524113918
0.0203192396235
0.0206855788346
0.0201605870419
0.0139758010948
0.0213080792207
0.0127264736377
0.0152740724441
0.0161582069484
0.0175528342803
0.0226156677966
0.0242673390642
0.023952758644
0.0238213448626
0.0254269409624
0.024923155239
0.0260293070266
0.00551948255844
0.00552925726939
0.00333177594739
0.00308879502151
0.00344471042739
0.0044246997219
0.00506060556674
0.00646106253504
0.00752759216481
0.00606236585118
0.016210468551
0.0116263342836
0.0133846557623
0.0131607506929
0.0156290516344
0.0171998930965
0.0110358958123
0.00696120630379
0.0141764074868
0.0112617261436
0.00897939483449
0.00929571769407
0.0105205673895
0.0108448039602
0.0152262208784
0.0171186028089
0.0187041102559
0.0166865496367
0.0150078444081
0.0183041877085
0.0289562859777
0.0276519024081
0.017941133794
0.0148692131794
0.0157848664968
0.0162232465823
0.00990387111499
0.0102359594822
0.0105629686277
0.00989301869176
0.0139446739091
0.0124161135437
0.0125645367629
0.0155346620776
0.0266929058159
0.0240253180639
0.0163234454941
0.0168857985679
0.0135183549645
0.0138824621429
0.0157690954439
0.0139755762097
0.0159337563693
0.0168970224973
0.00557811163676
0.00509124407224
0.0083382312152
0.00872143065442
0.00347048256801
0.00243699356835
0.0023748149385
0.00358789248051
0.00243124339086
0.0023702363704
0.00387787500832
0.00313365606544
0.00482171024088
0.00584232531087
0.00463501841855
0.00448455725096
0.0147640089767
0.010188881788
0.0118235329562
0.00740677102153
0.00691790500816
0.00766565590434
0.00782186357315
0.0136795438021
0.0126658763453
0.0107830149618
0.00917511054204
0.00940221912636
0.00829780512648
0.0155124804247
0.0170333808716
0.0222784113565
0.025198127327
0.0131810174661
0.012816376841
0.0160666680743
0.0151973888248
0.0246181210041
0.0412995045832
0.00905071310411
0.00808072135493
0.00867332294691
0.00889193586927
0.00806043642693
0.00808573072267
0.00894933741074
0.00899609406939
0.0136716216903
0.0123879635792
0.0128392693143
0.0128129178928
0.0125546936331
0.0143574053927
0.0227441475543
0.0200495764805
0.0112002711172
0.0122013174013
0.0125120492937
0.0113124325095
0.00584020757513
0.00449030323591
0.00507716189059
0.00530468992079
0.00459603451633
0.00414153389216
0.00483088095302
0.00476737830918
0.00908317699302
0.00903500431317
0.00764064615755
0.00899992355469
0.00850686150014
0.00797053116615
0.0095991962515
0.00919329635385
0.00613563146582
0.00540317801095
0.00649274556013
0.00594260969975
0.00745144933312
0.00830228015937
0.00603243924177
0.00515075443387
0.00557851005593
0.00583226765261
0.00518501999715
0.00478760270771
0.00461816882157
0.004914255915
0.00596378146797
0.00597282514379
0.00698226879281
0.00873210282291
0.00963487386496
0.0150090790053
0.00458293011529
0.00413853245348
0.00435405607705
0.00419888018053
0.00742375583188
0.00865373411494
0.0125262894485
0.011586712769
0.00852643250763
0.00763434669005
0.00421123886227
0.00363704325969
0.00459211679912
0.00409935999687
0.00726050583387
0.00804212829268
0.00543730993589
0.00537358677308
0.0038449289657
0.00343941127828
0.00390340407783
0.00396513021938
0.00731573019832
0.00761251526401
0.00799798026586
0.00789745336972
