0.0502854537294
0.00852528118206
0.0227165269031
0.0408013206133
0.0304095221892
0.0323850332137
0.0349297472698
0.0233398949073
0.0402974127111
0.0261452359682
0.0411722703065
0.0201299672889
0.0298381680172
0.0289962668979
0.0279266253356
0.0398241329014
0.0170062196727
0.0162552193114
0.0144273322266
0.010562165993
0.027395244458
0.0341132529613
0.0432299435975
0.0431839808147
0.018923522746
0.0231377719404
0.0235089592597
0.0216150017597
0.0251952836482
0.0223766250482
0.0183691681351
0.0152550999918
0.0179847789299
0.0204460492354
0.0165157396765
0.0205851323569
0.0179436379417
0.0315544235199
0.0287929931428
0.0169723000998
0.0112207953049
0.00965153100759
0.0188070480065
0.0175267622443
0.013299291472
0.00885039822458
0.0148776180024
0.0112786295323
0.00896149175133
0.00901970896711
0.00967549519723
0.00748017380485
0.0227087283968
0.0101629218192
0.0104038201164
0.011300773071
0.00842448401683
0.00961527959877
0.0128721902864
0.0145579336569
0.0137298243534
0.00941077680415
0.00849933732774
0.0421956043588
0.0445801926323
0.037402992864
0.0387874780622
0.0156001505951
0.016599283308
0.0174197436201
0.0163197145417
0.0148428754251
0.0267275924325
0.0276232656579
0.025245501181
0.0374170006841
0.0318715479338
0.0274416874653
0.0269156783485
0.033892615514
0.0332986060756
0.0234067180196
0.0215329619615
0.0256131160461
0.017935223489
0.0207829296055
0.0174337644767
0.0151305541941
0.0144225108052
0.0121026161662
0.0112116790348
0.0160045984071
0.00843300884507
0.0123087111143
0.0193246781089
0.0110385109668
0.00735237915484
0.00718577915664
0.00623724813022
0.00890357407376
0.00545410955059
0.00721534259339
0.00866459581939
0.00538995932091
0.0106991964449
0.0126856141532
0.00590065526238
0.00944182134485
0.00980734339052
0.0125588887238
0.00923925442114
0.0199826446343
0.0205316122129
0.0197896110237
0.0134934735551
0.0171929759515
0.0224735271216
0.0135023716776
0.021007552684
0.0216810287514
0.022335077743
0.0170966384753
0.0219264426156
0.0168266433888
0.0150196417743
0.019218347913
0.0131877197464
0.0090794791661
0.0078366755827
0.0146759576284
0.00784737299421
0.0292912650672
0.0248687406327
0.031134216076
0.0273410476191
0.0258123024161
0.0185261497663
0.0195872865245
0.0141924414286
0.0109046251183
0.010467415291
0.0119603982266
0.015008303973
0.0169269164849
0.0098998798075
0.0123391234972
0.00914252409744
0.00983786197361
0.0122172682973
0.0109402823803
0.0144267598587
0.0140222237133
0.0368184515678
0.0398142590626
0.0275407557715
0.00700321401624
0.0124452296856
0.00993800728747
0.00706460528911
0.0102245120371
0.0107027798159
0.00789854789605
0.00640080061602
0.00835792563279
0.0058923171676
0.00545754778647
0.00556265938356
0.00607017117603
0.00827098756789
0.0102113650957
0.0061876371813
0.00620616072516
0.00630491549437
0.00547197420727
0.0071633223471
0.00519246008612
0.0121425321561
0.00835711314065
0.008124552683
0.0171133840575
0.0106903945894
0.00984872437981
0.0151759870349
0.00862067696611
0.0124304797707
0.0137275334925
0.0102698032886
0.0176145952498
0.0153406104643
0.013878127618
0.0232446671755
0.0194349588164
0.0218035340464
0.0272842890757
0.0404087757537
0.028645035766
0.0235597171996
0.0223989668115
0.00896100877752
0.00702316808679
0.00891314395231
0.00719389290805
0.0151386723045
0.0298899875957
0.00746344384066
0.00820287322525
0.0109418236797
0.0116889515638
0.00969707925964
0.0101610949314
0.0361130110873
0.0373801800941
0.0324923037028
0.0126297951384
0.0172191495797
0.0187396591626
0.015512918642
0.0208264301258
0.0227024890477
0.0103200924004
0.00851248742447
0.00984323871883
0.0272584260187
0.0247192645308
0.0216153428174
0.0334563111273
0.0274847786638
0.0131814540263
0.0218097440857
0.0139642339994
0.0172402538386
0.00939073837775
0.00852593259364
0.00718910869012
0.0120286002147
0.0204987871083
0.0192666045028
0.0207347153475
0.0236198182857
0.0157690609282
0.00713249982922
0.00900087153176
0.0277701926504
0.0259132142885
0.00886583871548
0.00695961997511
0.00600931936779
0.0068136762031
0.00789409973799
0.0103288913948
0.0129619496489
0.00537228100878
0.00672583642584
0.00546732766254
0.00423349652317
0.00564129237709
0.0215004950267
0.0264890288395
0.00622644083999
0.00770629497748
0.0166758205449
0.0111270790227
0.0178171326132
0.0185820209991
0.0173046661252
0.0137132288706
0.01225168968
0.0162323732718
0.0150083911333
0.0172268145938
0.0195135531751
0.0125651257134
0.0136339658716
0.0145649909823
0.01240610497
0.0131718499594
0.0144465578462
0.0151861031496
0.0157566838418
0.0193647713429
0.0151770463529
0.0107384891902
0.00958304527691
0.0143071636396
0.0125914945568
0.00655499772751
0.00774563680431
0.00955276807396
0.00975687956546
0.00718691738886
0.0123531007641
0.012216557675
0.0189074868754
0.0263349407933
0.0222753470192
0.0130831386143
0.0143861455512
0.0141543844845
0.0140970468398
0.0138037148565
0.0162653918006
0.0137683677176
0.0158874494784
0.0139773603334
0.0123890865408
0.0157991439664
0.0147811824846
0.0132895881092
0.012095816373
0.01453259252
0.0133029124489
0.0092768709574
0.0161535146411
0.0189544290597
0.00879442433566
0.0142071703148
0.0127517024706
0.00836448017053
0.0101856805601
0.0105373492884
0.0148073207205
0.0144739559341
0.0125677258833
0.0115956514573
0.013591584641
0.0104962210826
0.0106900232427
0.0114022346227
0.0106703341369
0.033981655868
0.0309237496503
0.0231361695856
0.0167813026471
0.0198099836401
0.0170176691614
0.0329340537429
0.00892698280592
0.0086941933962
0.00802020573183
0.00847409402834
0.0109463691387
0.00826026708794
0.01169404962
0.0108773334157
0.00931681688295
0.0118098834383
0.00802883239197
0.00960964339968
0.00723754331126
0.00888181565963
0.00913627890629
0.0108870957703
0.0102249494999
0.00808040573256
0.011438257934
0.0192939083809
0.0231976712824
0.011093828225
0.0106350666638
0.0117949770031
0.0127007959098
0.0112174087524
0.0101373674887
0.0118995120655
0.0111178853666
0.0166057225686
0.0144432704368
0.0130319010769
0.0155450999069
0.0139484276183
0.013818893383
0.00869706821264
0.00824251964329
0.00852777279747
0.0125554923582
0.00959037412588
0.015497961533
0.0130182934094
0.0160747898101
0.0105898066886
0.00848156543611
0.00689432161622
0.0101302221153
0.00978171468796
0.00725071970172
0.00609392364111
0.00768064573466
0.00943235599349
0.00700307782541
0.00779760160547
0.0109993186398
0.0101963397665
0.016028153692
0.00881884252015
0.00926560546701
0.00979936079019
0.0100201124527
0.0142298289717
0.0130358095185
0.0185082248521
0.0143447147573
0.01668960612
0.0129413212203
0.0189796433931
0.0139156279746
0.0260563397002
0.0253972889969
0.0287804069318
0.0100403250261
0.0136055279138
0.0103158269073
0.00799724007311
0.00923558780597
0.0106671573592
0.0133002575463
0.0141386968068
0.00952965528232
0.00763432574031
0.00959421655761
0.00880717896589
0.0110797959442
0.0113833301461
0.0100778947773
0.00768516272833
0.00923986137183
0.00892587085262
0.0109064324424
0.0100946687371
0.0126850121643
0.0123414500002
0.0111349787273
0.0115782689768
0.00921996556871
0.0130540899845
0.00866892491644
0.00944060106449
0.00791820046602
0.0100854935661
0.00927121742447
0.0138506201668
0.0133726805158
0.0118641341557
0.0214296038944
0.0239710035901
0.022694736641
0.0179348003675
0.0117319051052
0.0138264173216
0.0154281085052
0.019317356752
0.0237433683722
0.0151223403385
0.0111842432567
0.0119730650265
0.00929126857722
0.00928392081463
0.00759898426476
0.00730111513129
0.00876700680069
0.0100744494306
0.00926194942027
0.0134596316617
0.0102649131619
0.0108376624234
0.0139772656219
0.0167555687536
0.0158716157568
0.011202437261
0.0163648610017
0.0181396887583
0.0261539254374
0.00730759652441
0.00681409161667
0.00942660797779
0.009409024497
0.0129277197666
0.0127762133849
0.0168545496542
0.0122955840874
0.0128908394603
0.0117567067248
0.00922515891232
0.00955509279135
0.0105191914622
0.0113547900229
0.0104962360734
0.00809141296231
0.0102713428359
0.00886736017887
0.0116828156024
0.0121395849838
0.0167840100094
0.0162907678668
0.019152764094
0.0184001157498
0.0136437165925
0.0136114453939
0.0118501397462
0.0130756001013
0.0102328247503
0.0115172316862
0.012877969503
0.0109569055215
0.0132466667028
0.0185714393305
0.0226707002767
0.0196706590446
0.0205834968151
0.0259475238693
0.0286282881845
0.0249397979578
0.0283958549087
0.0373168295235
0.0167116659072
0.015351890809
0.0145884086805
0.0122114075143
0.0108268527319
0.01454681833
0.0222597006886
0.0274519013354
0.0263698877136
0.0217043372553
0.0210421438022
0.0289531226654
0.0222200362668
0.0144108719261
0.0129880897306
0.015542698113
0.0160888315283
0.0196019574015
0.0196880540797
0.0166286933718
0.0139009052346
0.0141370787153
0.0168762682192
0.00771784888184
0.00962410570457
0.00665526290266
0.024079577386
0.00900115123112
0.0069954158325
0.0073868899076
0.00938319883683
0.0205358063734
0.0191348388202
0.012006364999
0.0118175638389
0.0120006040793
0.00920275223789
0.0146519685106
0.0164805895203
0.0214325775674
0.0146413471357
0.039173074741
0.037766869001
0.0331280510775
0.0217762735361
0.0183472549506
0.0171718760407
0.0215016672679
0.0226970482138
0.0218748271142
0.0139596653486
0.0228381085284
0.0128249155123
0.0161244329919
0.0175332868654
0.0182131161883
0.023576162826
0.0228563484626
0.0248512675065
0.0222303293472
0.0261946797255
0.0252993657704
0.0234248405869
0.00451342486598
0.00470231783673
0.00359273006242
0.00335472463731
0.00364060243073
0.00509841077504
0.0050703942826
0.00684994650026
0.0081157431352
0.0061934389798
0.0185046576602
0.0122803898971
0.0144756063865
0.0141339674545
0.0163864541113
0.0187159637555
0.0099941979267
0.0078413147135
0.0145648918597
0.0116265476709
0.0103988501305
0.0109434235055
0.011086222348
0.0119893470354
0.0145741499762
0.015895333857
0.01992721946
0.0158479337054
0.0146352260429
0.0180142381642
0.0283817866253
0.0279877322141
0.0199602542364
0.0151203322609
0.0163151182107
0.0170409229421
0.0103426550036
0.0113062352911
0.0110701453459
0.0107177357273
0.0143015360008
0.0136395189508
0.0143055153074
0.0189829094136
0.0277507328475
0.0241762248576
0.0174865613794
0.0163010142641
0.0127138846321
0.0122564434845
0.0163751447047
0.0140151966658
0.0141450542963
0.00474492963533
0.00502837428902
0.00864333651378
0.00901141638477
0.00377658359075
0.00289327105245
0.00179383730039
0.00388486663652
0.00302904398014
0.00228918930407
0.00267630515728
0.00484063737607
0.00484744061901
0.0135895594156
0.0104976281873
0.0126755425114
0.00838065777666
0.00785308835855
0.00858994174548
0.00914266092764
0.014556891026
0.0125336131769
0.0134392284338
0.0104803768028
0.0110027539477
0.00927543731923
0.0166806626307
0.0179018446067
0.0218792193516
0.0261109005421
0.0142441536052
0.0125148802732
0.0160906017381
0.0152370339024
0.0240084710874
0.0254739536252
0.0104780404376
0.00905163288027
0.0104952896631
0.0105836259182
0.00980241450139
0.00964840372323
0.0117108762375
0.012055532034
0.0145734312953
0.0127519564306
0.0152995137962
0.0148651128369
0.0147898290709
0.0163809967394
0.0167188274771
0.0179638019728
0.0121054748941
0.0135917153736
0.0144400140475
0.0124915758261
0.00803640455099
0.00534891150144
0.00625318203472
0.00720189281789
0.00622863549034
0.00537524417143
0.00667232821003
0.00706907353921
0.0113343723412
0.0112492712183
0.00846221814321
0.0104914624149
0.0100215620029
0.00893362661147
0.0104329850651
0.0100997381955
0.00679936989825
0.00534027709387
0.00771699571315
0.00585656077478
0.00762946163119
0.00939504334829
0.00766979735112
0.00560557930903
0.00637315962339
0.00637416614106
0.00672486415771
0.00579842660851
0.00550946592005
0.00608230358078
0.00623162569691
0.00634425920974
0.0086029440025
0.00946144761098
0.0112213909604
0.0137159772751
0.00661174134979
0.00653761684076
0.00622883241432
0.00626075270641
0.00831819305385
0.0131471004325
0.014222245235
0.0128847750861
0.0101454073834
0.00875173993985
0.00550162983701
0.00435747105667
0.00611996720158
0.00529603634713
0.00767242795672
0.00843022850216
0.00562024445451
0.00596451975481
0.00480717245694
0.00406914380923
0.00463720788602
0.00541096529952
0.00753306142002
0.00750171552985
0.00796551760027
0.0071651942872
0.00468966515986
0.00447190810065
0.0164101952959
0.00872842759553
0.00689282010204
0.00774091101116
0.00719256524381
0.010096142224
0.00459598037489
0.00400697580917
0.00263023904506
0.00208482550225
0.00185637575005
0.00208289295037
0.00216841758026
0.00174151126099
0.00162476184991
0.00195067296863
0.00204108473675
0.00218539174425
0.00222027502429
0.00298025441709
0.0024833126372
0.00231416903044
0.0019131365792
0.00311239146648
0.00313923733737
0.00229088697921
0.00199065094895
0.00307051097138
0.0105991248011
0.011361965668
0.00600205059869
0.00660620737884
0.00532535321514
0.00611745574503
0.00566958215906
0.00663398850808
0.0107478501766
0.0152417830353
0.00627988372282
0.0055113627609
0.00446574923416
0.00450949470274
0.00628933723838
0.00750773948471
0.00444468244779
0.00783863130618
0.00653695934856
0.00567606463725
0.00729474703891
0.00732838839013
0.00361683400764
0.00383108925866
0.00406934017175
0.00452063295469
0.0106515777803
0.00964777870789
0.00463260789744
0.00492631918331
0.00642792751705
0.00453605751694
0.0111063848934
0.0071191114949
0.00449845420962
0.00504949494542
0.00349979861276
0.00287502993634
0.0035703135097
0.00320030213017
0.00414475740556
0.00293084040243
0.00595356304669
0.00643979646086
0.00719865738785
0.009167712661
0.00517678463243
0.00477498054981
0.00431595173125
0.00545220794877
0.0071966477965
0.00560536371162
0.00238150236295
0.00262885331785
0.00227543208673
0.00352894418869
0.00320512791449
0.00175641172299
0.00195116492379
0.00189533436126
0.0155755729074
0.0161911146938
0.0170287346761
0.0186097417628
0.0165564190143
0.0160937510494
0.0173089764488
0.0151057181983
0.0158687650056
0.0301199615963
0.0241183062407
0.0218906215915
0.0213769784201
0.0196480391686
0.0181052539916
0.013796271991
0.0137739878033
0.0146013480238
0.017430921366
0.0165043558356
0.0134536852518
0.0147960875876
0.0144296933012
0.0201398064884
0.0194923463574
0.0259288004147
0.0225694179836
0.0190322789768
0.0381216729164
0.0149956776067
0.0158319325599
0.00803543137339
0.00727931211129
0.00778587927564
0.00810693107116
0.0117348860174
0.0118188441512
0.0114943049768
0.0116935509026
0.0112947045636
0.0115771563839
0.0118222122547
0.010889425177
0.0159246767158
0.0171840354743
0.0156284838262
0.0150596434233
0.0114400645863
0.0110794073479
0.00569262590282
0.00478829307197
0.00484719946045
0.00564481046207
0.00437405636533
0.00355745566797
0.00389206300223
0.00384330547784
0.00344240081073
0.00314581504388
0.00394681954622
0.00354687580809
0.00965677418526
0.00800834739644
0.00529050669406
0.00623669777013
0.00797709024546
0.00665688260015
0.00521440333937
0.00440482630515
0.00521957954259
0.00455553440259
0.00478822459928
0.00399800470178
0.00456156638186
0.00414025425675
0.00691437468295
0.0067220711997
0.0115612599224
0.0121164795217
0.00889283944946
0.00931316903235
0.0153688746094
0.0149989252207
0.0152093995647
0.0187303793356
0.0200606710046
0.0212290030623
0.00725642018773
0.00857446100491
0.00732090941558
0.00614877049521
0.00491422641993
0.00569997588972
0.0128885592763
0.0115673708947
