0.085001000442
0.12734881025
0.135003663517
0.153565103657
0.131619414723
0.138031758767
0.115311634724
0.132135953932
0.136645455031
0.137051234188
0.117344234609
0.0953712650028
0.136655095345
0.154960858801
0.13725870323
0.127262699514
0.010229162679
0.0252409017526
0.0113776603446
0.0120508225591
0.052707697323
0.0286467766265
0.0223497548361
0.0284548062872
0.0253911597843
0.0121173397795
0.0173255764089
0.0220539082323
0.0293951826334
0.0671955219656
0.0253039965097
0.030988981053
0.034244600605
0.0274238028239
0.0457153039251
0.00552862267498
0.0064967172905
0.029790628204
0.0388893882297
0.00665522314102
0.0418280765717
0.0405631979173
0.0790879683392
0.03984188891
0.0270449532669
0.0236469690277
0.04347664213
0.035507230061
0.0326641566721
0.0461158565209
0.0316403871457
0.0324626517945
0.03482221208
0.0392230665986
0.0822569435568
0.0641046881763
0.00837308655875
0.0145971782233
0.0319724033887
0.0463853791249
0.00921024885275
0.033709022102
0.0315060836032
0.0377736103838
0.0278400194841
0.0110671513827
0.00928330720869
0.0131152979887
0.0185838265293
0.0074675550275
0.00576318510037
0.00820838131304
0.00741186331731
0.00715071693856
0.00645620665996
0.0107495869729
0.0318434193323
0.0297920979927
0.00725205904593
0.0143473841573
0.011815139363
0.0123232023274
0.0191345044963
0.0150878337654
0.0172548373067
0.0162391834144
0.00805511468828
0.00660742666857
0.0139534161646
0.00587628963009
0.00425572960032
0.0205549574174
0.0197845001543
0.0241949949695
0.0142013257164
0.0169283492535
0.0157056681446
0.0172922126154
0.0124785058045
0.0231496213587
0.018927734193
0.0131791377992
0.0150049583918
0.00871772503084
0.0106254038252
0.015622127993
0.0211119890079
0.0156507972458
0.046400337924
0.00859751905662
0.00691120839685
0.00620122590011
0.00629031584245
0.00578710878958
0.00796929493405
0.00684708336556
0.00770350384704
0.00700601052072
0.00869458903058
0.00646112423184
0.00782482533625
0.00905637078527
0.00676253621
0.00906564463928
0.00901870107133
0.00804065335479
0.0113561471044
0.0106062314405
0.0103181961519
0.00782240125571
0.00948299969087
0.0085766304322
0.00964245426612
0.0109649377879
0.00852691024809
0.00712494373492
0.00850376134378
0.00861241796822
0.0091992234106
0.00600817587049
0.00533166836952
0.00830893153638
0.00717822886817
0.00642941454897
0.00877077538804
0.0101140830325
0.00874776733546
0.00718642676416
0.00729482134969
0.0108363125658
0.00875409215332
0.0100841341153
0.0150029779839
0.00679947105208
0.0611520882192
0.0661073395179
0.00838678914238
0.00971601147191
0.00732003628271
0.0110331742844
0.00751408861162
0.0086948371913
0.00972758756958
0.00619510755649
0.00660331709895
0.00686933423813
0.00792616767494
0.0156678476152
0.0154466074036
0.00814524381809
0.0099332172663
0.00600895898713
0.00484585619902
0.00766422801558
0.00525580318809
0.00792282292711
0.00773119709527
0.00688634918048
0.00818906372788
0.0345978643176
0.0263959252706
0.0256971018184
0.0358289136002
0.0258232105602
0.00652418559364
0.00626773663875
0.0409751476067
0.0295647098309
0.0124336183234
0.00506383866251
0.00388617713208
0.00432969812296
0.00464903269982
0.0102895154537
0.00866917342711
0.0057944754422
0.00645354004336
0.00505678436158
0.0045442962737
0.00446138177088
0.00587721966209
0.00510747170165
0.00414765583582
0.00575709449349
0.00519653948494
0.00703394086596
0.00664698010905
0.00885392366188
0.00937536219737
0.00591594843958
0.00600045711755
0.00541058511128
0.00646896909044
0.00468739673104
0.00532897289284
0.00602308592694
0.00448622548958
0.00526983403154
0.00504807781128
0.00491356798901
0.0594901330906
0.0352444792056
0.0296757828971
0.0320446399293
0.0115583676831
0.0155553855255
0.0190978421999
0.0141049596468
0.0437036069193
0.0140172311126
0.00885711095053
0.00621600141355
0.00588672345438
0.0105394707765
0.0142973772208
0.0171118373248
0.0190103240768
0.0170510590513
0.0147294493173
0.0156208403759
0.0131360889644
0.012929797614
0.010923907528
0.00984493717263
0.00850050122982
0.00918821792149
0.00866471681134
0.00847326409121
0.00656967856857
0.0200872992824
0.0146872257896
0.0131621490714
0.00743542999405
0.0120984566833
0.0130831752087
0.0103239349513
0.00905860682302
0.00961656464901
0.00771499254649
0.00817812798461
0.0079521536912
0.00844275272923
0.0141433842287
0.00918607866297
0.00697325989792
0.0110869973728
0.0206043342004
0.0228063074944
0.0223684654778
0.011507901899
0.0104077139555
0.0141710092544
0.0102311779135
0.0253597337342
0.0250723269087
0.0224164572517
0.0147741816577
0.0132650079076
0.0163575776829
0.0115187376884
0.026560519003
0.0252450632123
0.0150423442223
0.0258694180709
0.0118982876718
0.0132379645937
0.016891810417
0.0146934661737
0.00469587927918
0.0046372153747
0.00431854373113
0.00572891627484
0.00973433139759
0.00899166211155
0.00821574333086
0.00880981393349
0.00421639387021
0.00698753752596
0.00926589535403
0.00757614006172
0.0106582042705
0.0130221805207
0.0130071184832
0.0113813565428
0.0170367402803
0.00647758565846
0.00765222037839
0.0127662924033
0.0127567470667
0.017539208719
0.0103015873635
0.0143244708382
0.0267176801566
0.0233046467103
0.010838178867
0.0136485287987
0.00551222702201
0.00531105196111
0.0779496166603
0.0319416749058
0.0283030310361
0.0369153838918
0.0304551052778
0.0053140402523
0.00453148217147
0.0055963678674
0.00478102673208
0.00814763409877
0.00546346074734
0.00653297781077
0.00678060809193
0.0108891238415
0.0082870655306
0.0102832389234
0.00681742608637
0.00562983243307
0.00463433937808
0.00503085701865
0.00546375980433
0.00592925489971
0.00402298286831
0.00445810413192
0.00487582193202
0.00615588361551
0.00487529049045
0.00637592136805
0.0061605641464
0.00818696385711
0.00775691609916
0.00736382966195
0.00723355736362
0.00564357081579
0.00486968731996
0.00620395195734
0.00562777390756
0.0470817737055
0.0366520421247
0.0192080118844
0.0138994678777
0.0165137749517
0.0168331694777
0.013777027145
0.0116628470151
0.0131523779671
0.0150081579168
0.0215001657083
0.0204377867438
0.0121397709857
0.00932736001375
0.0118445796678
0.00975383968833
0.043158081575
0.0126848262791
0.0257030668686
0.0256141031682
0.0246996177212
0.0303149042644
0.029805745264
0.0258100543756
0.0244796609123
0.0270426674158
0.0280826928738
0.0297021093768
0.0232310677257
0.0235838886736
0.0397559393167
0.0414542345474
0.0351051101557
0.0444366582111
0.00581692829445
0.00784663256698
0.0100027841017
0.00982005357821
0.00640501093893
0.00740606796968
0.0184657538961
0.0129188127793
0.00686243972383
0.00546821157516
0.00463384721192
0.00406521890248
0.00408373027682
0.00504905436474
0.00688662017832
0.00663286674418
0.00773822026534
0.00628882649011
0.00600476051228
0.00596512966116
0.0663321218978
0.045192675147
0.0445484081045
0.045576884445
0.0410440284722
0.0761009798014
0.070822566995
0.0773393199661
0.0724862420658
0.042989872079
0.0400773226568
0.0379580385196
0.0404217003873
0.0752640417285
0.0766956159872
0.0430554073108
0.0404356887259
0.0415400797888
0.0448636061196
0.0703122929858
0.0641429910688
0.0103676699581
0.00946968172902
0.0163253243827
0.0159029183683
0.00701810879534
0.00614055833128
0.00659334235179
0.00736073460472
0.0109048586209
0.0110024987669
0.0154912320304
0.00875037102139
0.00874961205114
0.00901033507286
0.00720954047817
0.00770879872641
0.00857395942379
0.0371748225137
0.0389869031322
0.0170439366957
0.0160305714294
0.0198003864293
0.00428287154512
0.00367264707377
0.00426884612597
0.00436760733815
0.00505267790395
0.037635377774
0.0182643970595
0.0181377145322
0.010698157318
0.0101520758144
0.0047076997046
0.00379603442403
0.00469976716997
0.00476345829976
0.00419607601678
0.00380969546224
0.00431066628082
0.00505231954684
0.00963866300214
0.00770151279798
0.00650021877108
0.00866882506877
0.0113147262703
0.00890954445905
0.0104644688502
0.0109349914999
0.00701393099403
0.00785784931673
0.00610174028609
0.00656579857014
0.006143667944
0.0065363195848
0.00937861368461
0.0107620717675
0.0030130070604
0.00336090343186
0.00352642124223
0.00574777904843
0.0054504834193
0.014007078611
0.0137672110813
0.00877917031367
0.00613227130004
0.00728149799065
0.00682102791667
0.00885597532086
0.00708353732341
0.00824639862841
0.00658770162353
0.0106023823526
0.0114411304285
0.0168770669204
0.0053969387106
0.00526600210117
0.0216028545968
0.0191066096414
0.00560833882481
0.00581643984978
0.0271027556307
0.0323317420996
0.00929262753899
0.0103991527587
0.0151811127101
0.0147205998957
0.00396045338413
0.00500480150698
0.00796928390326
0.00765975559685
0.036767623362
0.0452621671525
0.00522834519907
0.00627759400799
0.00645646442767
0.0056019708061
0.00546324550766
0.00709733059597
0.00788960489659
0.00844415741344
0.0629913204593
0.0590967102547
0.0302459843418
0.0291226293945
0.0292430885364
0.0293058400069
0.0723176132217
0.06968360273
0.0300598683025
0.029667023389
0.0316763328673
0.029870739068
0.0070214041247
0.0078481128554
0.00379861136122
0.00429562484688
0.00410178707404
0.0040307933703
0.00498519587667
0.00522810043025
0.00311396646249
0.00309421779407
0.00366467226219
0.00341795683787
0.00368565937527
0.003307563258
0.00303436766764
0.00383199944592
0.00734850175885
0.00854162562295
0.00587717344
0.00525758184625
0.0285052235695
0.0332841464021
0.0061196997156
0.0053164836668
0.00508964069865
0.00500256328458
0.0122801624682
0.0122909544776
0.00552820442378
0.0053100636976
0.00641777996813
0.0063466779276
0.00532919581681
0.0060146626369
0.00312333534961
0.0030040959451
0.00321126741027
0.00336348842167
0.0209400624692
0.0167200670494
0.0105319098985
0.00981000931345
0.00956755942458
0.0091031337473
0.00970569057876
0.00896747927295
0.00954714259768
0.00945306306733
0.0279129927964
0.0242589489462
0.0229250699614
0.033020816452
0.0154850669068
0.0168464868843
0.0157793203486
0.0169811796283
0.0169715232793
0.0180284550969
0.0191584079965
0.0194379778417
0.0127568458244
0.0124399104062
0.00465588028079
0.00770000786954
0.00320976739703
0.00276589208756
0.0025125552096
0.00346084142461
0.00497015698425
0.00355333679672
0.00479623850986
0.00574223961775
0.00330095058154
0.00306993704369
0.00304197874053
0.00333527834577
0.00320711297489
0.00268598321525
0.00289261068954
0.00272076384303
0.00368300029163
0.00438398251486
0.00372555700304
0.00409458541125
0.00281368663273
0.00292697785975
0.0029538024911
0.00315904757153
0.00331100557174
0.00281718814726
0.00293616852664
0.00300570988065
0.00305792426002
0.00389794301512
0.00352331659087
0.00332492032743
0.019243963124
0.0211492633942
0.0664068973717
0.0420078810449
0.00514244351995
0.00563637811847
0.00932797407212
0.00846915293245
0.00464902160222
0.00563909959179
0.0039622781319
0.00397239182134
0.0265067306505
0.0234259079348
0.0359387189486
0.0353904220454
0.00737218998394
0.00837560124538
0.0106273146855
0.00903819927509
0.00304957553906
0.00296957458981
0.00434853550744
0.00358670515476
0.00247398402409
0.00170723385831
0.0019323851517
0.00195257624485
0.0386825658426
0.038490696274
0.00225345060221
0.00288872871828
0.00699855033292
0.0075127953067
0.00738840028033
0.00819173316371
0.0121493056606
0.0122028815671
0.0118483824358
0.0108703645244
0.023804646518
0.0233911402312
0.0137861735122
0.0138077341767
0.0138121334442
0.0146544716605
