0.0159154346631
0.0249739432421
0.00603506322683
0.00500897865218
0.0128905358819
0.00317022852191
0.00960760170321
0.00396495151587
0.00531703993257
0.00362290209837
0.00518144882062
0.0018995240632
0.00366795384028
0.00284287228728
0.00369914699039
0.00339521915402
0.00353923720223
0.00292289622327
0.0183971839699
0.0151860211614
0.00431058070564
0.00417345406522
0.00816694195295
0.00828671431532
0.00521239760089
0.00434956466572
0.00785856596931
0.00357791102558
0.0067990894236
0.00722246009859
0.0106073201478
0.00567854616607
0.00250375343975
0.00302234531421
0.00327113193131
0.00298072634786
0.00252942986342
0.00295219886752
0.0167404911383
0.0139565322248
0.009712747262
0.015930032125
0.0162081651844
0.0210832335397
0.00641861542136
0.00401657080211
0.00273723078876
0.00357690075393
0.00365123842396
0.0389442610193
0.0375757122131
0.0274872883913
0.00476944544342
0.00908961216834
0.016454432118
0.0173887352478
0.00237528752067
0.0112784765853
0.00505065365483
0.00477481698276
0.00601307384995
0.0073631029667
0.0196104519435
0.00287579134971
0.00916926971883
0.00604019872156
0.00380587545523
0.00513412813894
0.020557537828
0.00198421282465
0.00210459125139
0.00230049831092
0.00221720990805
0.00198737318528
0.00223765385175
0.00330140834038
0.0052655628356
0.00750203104266
0.00529909593163
0.0170049785079
0.014990351426
0.00332868623874
0.00325162311489
0.00275050006399
0.00232297601373
0.00214475620218
0.00185951681881
0.00193537050497
0.0302625850411
0.00267912666728
0.00290655125075
0.00241160931451
0.00192037647238
0.0030754947827
0.00170591136683
0.0020312719706
0.0022867641452
0.0322824509849
0.00605633942003
0.00754516817225
0.00779248243711
0.0112549632507
0.00996422684967
0.0273424074664
0.0231251414783
0.0164321533001
0.0198566651745
0.0241596421636
0.0266317288883
0.0341736613703
0.0226302284607
0.00631355798651
0.00767877385216
0.00864566717694
0.00581414461199
0.00482428750154
0.00704946055536
0.00803676223975
0.00609557022959
0.0056436462891
0.00668196208751
0.00586165781994
0.0195401604931
0.0250545504781
0.00704237417346
0.00784549153234
0.00936990548907
0.0022756239029
0.00213164124019
0.00208469426067
0.00255634149876
0.00817282991661
0.0120141950928
0.013092086045
0.00227881618117
0.00198784192649
0.00180437316829
0.00226882533241
0.0024715687711
0.00183277316554
0.00197790729984
0.00187463442096
0.001935787836
0.00446973247638
0.00333271474321
0.0033873708158
0.00172366360283
0.00389736600368
0.00352733338827
0.00420657150507
0.00506793948041
0.0040589897225
0.00320844096486
0.00371550577711
0.00856991958681
0.00376629488284
0.00621243304479
0.00152183086412
0.00158453294904
0.00920101100804
0.00772794422629
0.0103452853486
0.0231314360711
0.00212472743262
0.00267082142764
0.00255046893893
0.00207966736631
0.025146910936
0.0248891130541
0.0308665096154
0.00296832539948
0.00313015970518
0.00239401367973
0.00234549400091
0.00300010214119
0.00239409121213
0.0220331288916
0.0092586284615
0.00758080514952
0.00543834511596
0.00592917225962
0.00231553251363
0.0181107124373
0.00262956006996
0.0145903142918
0.0118951795593
0.0108814074826
0.00754839437881
0.00180426914741
0.00416011312577
0.00407014078431
0.00397564217703
0.00349771966308
0.0021104676972
0.00187059534094
0.00180019205536
0.00185298606294
0.00188510824923
0.00202746373162
0.00208678712723
0.00256189662347
0.00242122864968
0.00181911262798
0.00193625406489
0.00210551301665
0.00290387247452
0.00300465446772
0.0042180404284
0.00216058041096
0.00196875501865
0.00474506175205
0.00550946421418
0.0029490191929
0.00265152202571
0.00288584827578
0.00325861737604
0.00289601883784
0.00267115444277
0.00273414179013
0.00259410192302
0.00382774342155
0.00363221012093
0.00307071857198
0.0035207271476
0.00361259215511
0.00317220989357
0.00287484197056
0.00232632712338
0.00226841799883
0.00278032897521
0.00190584001586
0.00233099754792
0.00226176873515
0.00305413967154
0.00319543658139
0.00443103659391
0.00338481599475
0.00182787493873
0.00173309151522
0.00172388804239
0.00313288997103
0.00250708041145
0.00176279133901
0.00174184938096
0.00177206231615
0.00329778197844
0.00234901017839
0.00221993614219
0.0019087660954
0.00276761778904
0.00248824951938
0.00256359630124
0.00934851285671
0.0122794034784
0.00269089383041
0.00534821719991
0.00292398176597
0.00299474347671
0.0065873879448
0.0021359071621
0.00197582274384
0.00235669675837
0.00271366058327
0.00349499942877
0.00159614577425
0.00242864992105
0.00202293982292
0.00171279350562
0.00202149830639
0.00233842641676
0.00192013321906
0.00225071114201
0.00200967595709
0.00188244313317
0.0017175558402
0.00323684965523
0.00226924282683
0.00298198507653
0.00260141866982
0.00201282266634
0.00192645255339
0.00281374457319
0.00306042295664
0.00287355104459
0.00250658537914
0.00276851979494
0.00236609025859
0.0019502805787
0.00222831478657
0.0256625415134
0.00979268135446
0.00790844407604
0.0107596375495
0.00654708917653
0.0133197290886
0.0102123358174
0.0095923372599
0.0111691533826
0.0111376929002
0.0129377490858
0.0132079661398
0.00455587921381
0.00496062290499
0.00486348791546
0.00527671635148
0.00544098709309
0.00526361539177
0.00624482779848
0.00729441943092
0.00528112274194
0.00362956653205
0.00383978939203
0.0038482782302
0.00405383967811
0.00175758406953
0.00153711373765
0.00138318852421
0.00151989095099
0.00133157254372
0.00173631263815
0.00230056565974
0.00185956460373
0.00334822936098
0.00246092209429
0.00248214747216
0.00328261934786
0.00217372711979
0.00211599657224
0.0023324840451
0.00918160354186
0.00331676747114
0.0032464893272
0.0028252597781
0.00374952444919
0.00269576076068
0.00189093098605
0.0020003230669
0.00165783803972
0.0018956442975
0.00164944753715
0.0017636453535
0.00153238646149
0.00156369857041
0.00221878473218
0.00227566540416
0.00574510223722
0.00601272084542
0.00430801239879
0.00213241295781
0.00252836610479
0.0024791158255
0.00372986378298
0.00926257767627
0.00716358613936
0.00417085337227
0.00296888933956
0.00289818349737
0.00298752075702
0.00283147058681
0.00164208259147
0.00560166896495
0.00311668514719
0.00213874248466
0.00214733604387
0.0178686887604
0.0162904824716
0.0164352630111
0.0139955903759
0.0152916713439
0.0205797301634
0.0169817332092
0.00381526793383
0.00350454981609
0.00465696695055
0.00359070116297
0.00460462816363
0.00410015441833
0.00501437377232
0.0043409732944
0.00298342228082
0.0028478083766
0.00541978644245
0.00417583725828
0.0046496430718
0.00404616100868
0.00355039914724
0.011337241201
0.0193479803301
0.00281627572945
0.00449167449249
0.00372582813387
0.00381337918752
0.00366379983427
0.00470260201983
0.00483325417637
0.00511655757553
0.00948300530066
0.00190306321145
0.00214501963272
0.00172564814507
0.00182383008723
0.00472553910283
0.00633037399379
0.00521482444477
0.00846302385296
0.00339607120328
0.00578560984637
0.010110319762
0.00255061040133
0.00297653666182
0.00194327452077
0.00278680148901
0.012813433003
0.0127695582635
0.0104133962336
0.0109989226487
0.0107181430592
0.0146066831738
0.0178875540299
0.0155164386751
0.0157509274883
0.0138184717741
0.00218195860798
0.00239755826162
0.00384210827947
0.00410629753066
0.0107277897392
0.0122333717416
0.00932019765666
0.00219600440403
0.00222474488804
0.00271093345754
0.00142579765838
0.0019471329941
0.00170423346864
0.00165932936277
0.00164088634123
0.00265156190435
0.00213381864992
0.00205144613159
0.00284999307818
0.0274163653462
0.0212155079585
0.0260552776962
0.029072638214
0.0336850479354
0.0349243680853
0.0286875388904
0.0286496327523
0.0329753438585
0.0309948353021
0.0289037951433
0.0297325808806
0.0295017984797
0.0276913089709
0.0348345525908
0.0314631371755
0.0355424427069
0.0315006727523
0.0347181223721
0.0181144771069
0.0308582977287
0.00481918011993
0.0100290766706
0.00670732946379
0.00822473053285
0.00742123880281
0.00845323006437
0.00949738953212
0.0103557335959
0.015481577544
0.0189781704951
0.0163800051152
0.0284527120874
0.0282780141637
0.00640709774261
0.0051714383833
0.00615499390538
0.00511627462081
0.0061703278861
0.00573816810015
0.00652232789546
0.00871982858135
0.00277105192049
0.00257830424357
0.00232446458196
0.00296982574605
0.00316431160022
0.00208914191118
0.00207787269901
0.00386775777371
0.00355274179843
0.00244567168939
0.00188455282758
0.00244820179059
0.00304325486584
0.00216813843275
0.00169787909254
0.001886562485
0.00212316343076
0.00278997030717
0.00220455046649
0.00262004274447
0.0025321643169
0.00260404125782
0.00291982632036
0.0197385724388
0.00274304759996
0.00294272474147
0.00282761652081
0.00356842166387
0.00294727831994
0.00252995077414
0.00270324005747
0.00262020187517
0.0030938388943
0.00353197125499
0.00363035894501
0.00299041277432
0.0035269136046
0.00334104867451
0.00871306591044
0.0104460285644
0.024889272159
0.0148265755576
0.013403445013
0.030774995617
0.0403703120331
0.035087391601
0.0364022114988
0.0201396068803
0.0218768247369
0.0191664158479
0.0161350749385
0.0185273237834
0.0225978362283
0.0089962438508
0.0136592005463
0.0173430488718
0.0117543606786
0.0123975400577
0.00851786307896
0.00972819064637
0.00775723925319
0.00223743513797
0.00353499488365
0.00356114620734
0.00564807005635
0.00553527303375
0.00457693656015
0.00861281343369
0.0105387802721
0.0080543578021
0.0137716759337
0.00440115127466
0.0180777953506
0.0288336682848
0.00187406925755
0.00140741060075
0.00212511861222
0.00159876044028
0.00140176316886
0.00151438792283
0.0016707459612
0.00170956810558
0.00146669137373
0.00175218545673
0.00176242602109
0.00204441943836
0.00242153569189
0.003001035125
0.00275195477206
0.001806176241
0.00145909346324
0.00114668273021
0.00115800388609
0.00159553188195
0.0201024055796
0.0230713707391
0.00704264977661
0.00857817407651
0.00935221133499
0.00762500630039
0.00792235200167
0.00583572963252
0.0079373892856
0.017678655374
0.0130240632019
0.0154219868735
0.00186710389386
0.00176501612809
0.00931079752191
0.00939602374496
0.00248410503725
0.00249468171071
0.00152352853271
0.022761142871
0.0248480683376
0.0250554909189
0.0248288733357
0.0241841781958
0.0214417305006
0.0221803929046
0.0220019378273
0.0198945699048
0.0124778039061
0.0290333985481
0.0126131082177
0.0193176082289
0.0185252105757
0.0274426464141
0.0183380181594
0.0170259087484
0.0150673204774
0.0101771343807
0.0102233079985
0.0134104591061
0.0162493568943
0.00725312813072
0.0137552664265
0.00787336879783
0.00592166229191
0.00701253407098
0.00680255966309
0.00534024880763
0.00383255236818
0.00360269422074
0.00351833985143
0.0043301732613
0.00485034948387
0.00584087159567
0.00892598572961
0.00883098549477
0.00934837652675
0.00751662889763
0.00779227603736
0.00841387936383
0.00218232835528
0.00203591298508
0.0133638146585
0.0115553665191
0.0290654360057
0.0246915410081
0.0298181940581
0.0250850924379
0.0235953251092
0.0253355235038
0.0264605123841
0.0256871246697
0.0133131030183
0.0144376621835
0.00929187784627
0.00946270377589
0.00902975786885
0.0127117940402
0.0186121285983
0.0146771365702
0.0104615259371
0.00861666398492
0.0101497405363
0.0100371758529
0.0112751150193
0.00801452890075
0.00903017672447
0.00911413977136
0.0114355997627
0.0077090806552
0.00354602544343
0.00361562407044
0.00457973774347
0.000921390315051
0.00276148403006
0.00230373299083
0.00248688806481
0.00234580286386
0.00284004343204
0.00267073407654
0.00344130346937
0.0029264012645
0.002790990214
0.00294691146584
0.0174312892436
0.0132375921747
0.0117265793223
0.0101910308954
0.00916400636016
0.00975876943632
0.0100719486266
0.00929597755165
0.00991479291072
0.0105451296746
0.0097331133218
0.00914005146804
0.00990583557736
0.0115922134771
0.0154991666914
0.0170036940824
0.00360443918829
0.00307831191344
0.00232624583549
0.00236900562063
0.00222132113191
0.0017585246614
0.00160535585479
0.00215434623726
0.00197361465325
0.00222757252278
0.00190085668147
0.00159555796093
0.00178180932247
0.00149557031192
0.00187510233053
0.00171452476475
0.00185571704718
0.0015276173316
0.00159037760631
0.00289731186585
0.0021295213261
0.00162600585003
0.00186669616892
0.00201716560974
0.0019998891373
0.00194510282441
0.00141668914988
0.00150340637699
0.00155992762965
0.00180957484925
0.00174502398666
0.00146920853139
0.0026792357321
0.00272453706999
0.00119224755559
0.00165331636768
0.00201034088156
0.0130550700048
0.00747385089204
0.00990695235067
0.00201785847157
0.00152742958758
0.00153224005463
0.00137104074374
0.00215151232672
0.00198676271206
0.00225418881662
0.00382510454186
0.00403301934668
0.00451232530646
0.00510938039026
0.00302058092684
0.00300838118518
0.00297370900341
0.00373700167743
0.0208944976443
0.00165249611816
0.00166948562209
0.001419748118
0.00137051791787
0.00995798282005
0.0100147803612
0.00373110870787
0.00430158540892
0.00746570146251
0.00745081011923
0.00901380366407
0.0119521921989
0.0115381470632
0.00125661147201
0.00155073007097
0.00142098670249
0.00217016344716
0.00247108969466
0.0017743984185
0.00353276006502
0.0156032161629
0.0153712028525
0.0268544101881
0.0258961984922
0.0235655583254
0.00944077186005
0.00814003768896
0.00593921114461
0.0109000587577
0.0136290170901
0.0101556661742
0.00242233570396
0.0023982523326
0.00324342139769
0.00294049827685
0.0026082438093
0.00293689798537
0.00364135943335
0.00381566238984
0.00314340922402
0.00683551466788
0.00863968337153
0.00628487895769
0.00410696477778
0.00490511171519
0.00358666733885
0.00385003135671
0.00240420600426
0.00136717563714
0.00389290061867
0.00353906762303
0.00255691590821
0.00376733711028
0.00285469689079
0.00303970899381
0.00339589764051
0.00253572953126
0.00177127630388
0.0167401072646
0.0130487177574
0.00988673364094
0.00875774810522
0.00985290657891
0.00972301020317
0.00883687668787
0.0100054293437
0.0105717693731
0.00806400778117
0.00947159364758
0.00171223466072
0.00188961171255
0.00179148651853
0.0291543403188
0.0217434042194
0.0196253870175
0.0220046427921
0.0273560901627
0.0231285784187
0.024222915572
0.0250729168275
0.0241439110265
0.0292244374783
0.0284916792148
0.0323229667159
0.0127358843869
0.0130959497947
0.00573000239354
0.004957245974
0.00563476328056
0.00461741695578
0.010076264624
0.0138314147427
0.0219125307699
0.023559148863
0.0145102166737
0.0186844234757
0.0174444703432
0.0104780700001
0.010503163967
0.00947145115298
0.0109672065636
0.0146820818664
0.0090883646956
0.0181426053178
0.0193120396715
0.0156314626743
0.0256101483908
0.0277074667519
0.0168950998639
0.0242713273137
0.00333031715839
0.00265710076085
0.0211363923775
0.017660735848
0.0181319463372
0.0204616410426
0.00149126671317
0.00170506232068
0.012667232533
0.0111848277508
0.00846041972985
0.00853018868561
0.0064596302554
0.00371520007943
0.00321482066217
0.0031770041453
0.00359975977073
0.00270973038732
0.00624517328778
0.0059359636434
0.00598506449215
0.00576911863673
0.00468863836932
0.00440836940743
0.00387752584217
0.0192459039961
0.013737624892
0.0184936318918
0.0169878086772
0.00254305660821
0.0018269631626
0.00529213434784
0.00445581603797
0.00572924357722
0.00475652644413
0.00145923173437
0.00177718143278
0.00124612863436
0.00145999406427
0.013065861223
0.0120209950177
0.0102662129931
0.00820349347157
0.00705799343163
0.00770360593318
0.00328482892996
0.00721957024071
0.00293943032625
0.00297959399521
0.00365108909116
0.00548815474356
0.00147954422199
0.00106537455204
0.00105142759063
0.00117794478774
0.000929595132734
0.00100498845465
0.00107299765456
0.00102095590722
0.00103957054774
0.00120625223944
0.00108534985914
0.00131871071775
0.00151575788849
0.00447751158664
0.00419236814728
0.00539584167686
0.00188824500957
0.00139489309691
0.0013404025444
0.00219201142858
0.00594897636016
0.00408190936465
0.00323688803735
0.00371811488436
0.00359741597969
0.00919239228476
0.00406914597194
0.00680397449822
0.0044616937836
0.0055482986131
0.00515299328658
0.00378129906719
0.00489907241464
0.00437752821361
0.00353573634554
0.00433706045943
0.00439861949747
0.00561681518
0.00462282719749
0.00596948552234
0.00237950913759
0.00207987851888
0.00171830229994
0.00161007145557
0.00181753255573
0.00164110502149
0.00555742940065
0.00581575930733
0.00476327537776
0.00736956759567
0.00492483186438
0.00531581856985
0.0055658573506
0.00613250268261
0.00862294535372
0.0121332714277
0.00119695782405
0.00113588742412
0.00149188524485
0.00342154163462
0.0028486010135
0.00233498685412
0.00169085350751
0.00177514180817
0.00193921117788
0.00217813917987
0.00235059274381
0.0021198857385
0.02262428669
0.0216898893062
0.0152825296343
0.0190199443348
0.0190284359033
0.0172738811
0.00504263237953
0.00437446367458
0.00389728815571
0.00409837338753
0.00356511784344
0.00478470388749
0.000980079949094
0.000998321079372
0.00104378055207
0.000867879876467
0.00131562647022
0.00121078118834
0.00203381564145
0.00500708584087
0.00554059392287
0.00421249209058
0.0036601190962
0.00175584986595
0.00152182165143
0.00122900875731
0.0011971212934
0.00130364226134
0.00179987389021
0.001771070293
0.00145806018433
0.00189085256172
0.00373509237362
0.00161030023806
0.0015805778073
0.00108779048075
0.00129296748382
0.00154979449797
0.00179249645789
0.00254776162923
0.00173846294559
0.00267595829764
0.00283809158215
0.00261816187579
0.00131613480689
0.00160835893432
0.00125580040013
0.00110985018603
0.00207603214156
0.00133316021628
0.00208373127744
0.00162773247185
0.00189274004098
0.00201230733138
0.0022667985642
0.00220415266461
0.0202000387547
0.0232956216062
0.00153489577697
0.00146893664994
0.000938837472795
0.000970421973653
0.00145178813437
0.000995364730866
0.00180292010577
0.0014277210927
0.0013306783908
0.00150457677763
0.00187102999935
0.00152383271714
0.00168001926631
0.00157897047658
0.00121823057008
0.00126141297893
0.00143395672613
0.00129905791392
0.00189507770499
0.00210645886435
0.00162794818276
0.00140795407424
0.00160346536479
0.00159553784523
0.00172874433993
0.00169230003926
0.00226023461975
0.00283888018836
0.00223808968419
0.00168756889401
0.00138078379906
0.00144723229458
0.00200989393956
0.00182205413204
0.00150181461974
0.00390720680151
0.00164526721209
0.00142653048303
0.00221315748751
0.00245343125325
0.00252219302453
0.00282191791113
0.00705828289383
0.00263515329913
0.00283041131906
0.00375368477258
0.00219062277476
0.002217719201
0.00196442245941
0.00190866625861
0.0178956679835
0.0172158491685
0.0129966077928
0.0112616330115
0.0127838197906
0.016036363657
0.0129411717194
0.0134935551984
0.0164267809076
0.0252142174067
0.00180490995852
0.00159449214074
0.00399418038839
0.0032627881678
0.00372836379106
0.00368467235531
0.00368509470539
0.00363661405167
0.00394993656551
0.00407019415381
0.00871048879903
0.0104390385843
0.0128279744461
0.00915018753813
0.0106264081585
0.0106409896982
0.00211142258348
0.00226984329236
0.00150103020349
0.00155062148287
0.00132957531963
0.00175648705546
0.00157759361153
0.00124902805475
0.000987787941759
0.00183046995961
0.00153484425201
0.00156963269281
0.00873275830148
0.0065349488904
0.00506743870991
0.00583888561255
0.00569057662758
0.0049335740997
0.00197303222128
0.00196551259394
0.00231672270023
0.00202682634124
0.00121871120693
0.0013896793386
0.00164627199626
0.00139006676376
0.00174571749621
0.0018792687305
0.00523258227941
0.00887942434283
0.00743076809305
0.0209316707955
0.0183648051714
0.00413327216865
0.00397625907937
0.00257720677327
0.00246929404409
0.00238041147267
0.00210800919291
0.00238163201781
0.0026307789367
0.00259684990608
0.00277092808055
0.00224928999278
0.00184022427514
0.00194444933534
0.00246673034585
0.00215284285239
0.00308979746481
0.0014732816177
0.00285258625567
0.0022561479592
0.00329765147437
0.00219121273367
0.00491145985627
0.00359712022319
0.00142169150978
0.00145878533333
0.00150206701042
0.00220514599264
0.00452931049677
0.00829408535792
0.00548780755031
0.00317064148884
0.00295342605601
0.00382444763327
0.00396386049458
0.00594737723795
0.0063395144744
0.00398060793916
0.00313165115214
0.00470586461619
0.00339349348664
0.00415011457625
0.00444609673137
0.00473004513225
0.00357291151675
0.00583341339564
0.0150135445802
0.0163249655344
0.012923458671
0.0134088395333
0.00720719891138
0.00457909152994
0.00373678040178
0.00454964360975
0.00382448236129
0.00282858982546
0.00299855439033
0.00309850046012
0.00377830502894
0.00357085656957
0.00459597801837
0.00338109187208
0.00391252118176
0.00379572688783
0.00390962945184
0.00619016754839
0.00531355023734
0.00783111806208
0.00994180624258
0.0102758457538
0.010572289296
0.0105413228132
0.0149601419203
0.0134636455628
0.0106018970163
0.00571239704536
0.00166111594889
0.00157292836845
0.00143634883016
0.00154795168362
0.0008673635099
0.0012689699885
0.000857038637515
0.00145729861511
0.00474621410506
0.00563743558644
0.00495848409414
0.00281846870449
0.00192037094986
0.00404730064215
0.00429172983701
0.00176344920838
0.00653609699682
0.00506335985172
0.00425323864334
0.00450204725304
0.00106876106192
0.000840545731272
0.000797688547176
0.000945438719182
0.000785821485031
0.000754762401096
0.00104065458635
0.000790779396306
0.0013491736002
0.000926360968001
0.00101801028156
0.00118929886663
0.00092752775089
0.000647583499331
0.000625375954192
0.000668480898886
0.001027607389
0.00279894961184
0.00227935944855
0.00263569906173
0.00295531681933
0.00291714542063
0.00260368967271
0.00290848689813
0.00345897899881
0.00357004680044
0.00350539602014
0.00341691999704
0.00421275744808
0.00569003108411
0.00548667215954
0.0037419069029
0.00284516980237
0.00281963572289
0.00317811813735
0.00420679247049
0.00330686521558
0.00343111430412
0.0038147674474
0.00404415564898
0.00458739427839
0.0027964495269
0.00211185576161
0.00299102186396
0.00132384001702
0.000994047910149
0.00130950264005
0.00165530659385
0.0027970655094
0.00231812032729
0.00289142150031
0.00372928778556
0.00333032578003
0.00325585805206
0.0034960487492
0.00227382767217
0.0026802596917
0.00227063072383
0.00305186221776
0.00371088742176
0.00546865302461
0.00406553179469
0.00417685797513
0.00438578120272
0.000893031585257
0.000859284041029
0.000928797467347
0.000930619928741
0.00149363159336
0.0013241152189
0.00112990328532
0.00141699212561
0.00167490084027
0.00125384315051
0.00102539846041
0.00124217438705
0.0013844857863
0.00241801418049
0.00177033093896
0.00168820444535
0.00184319152034
0.00149797697837
0.00102306580428
0.0018369552555
0.00132012199815
0.00103102778947
0.00114623947521
0.00119475648421
0.00170808212241
0.00181550997098
0.00131303777132
0.00106959122099
0.000825085893422
0.000952834272572
0.00118568544219
0.00244826104822
0.0025998871976
0.00251318313365
0.0024596714975
0.00553278299678
0.0038542231898
0.00462917189361
0.00430306834192
0.00296518749987
0.00212748601511
0.00157285608966
0.00366723534183
0.00464190661858
0.003739752947
0.00369702226446
0.00431326740848
0.00366178440981
0.00167945108435
0.00207577008539
0.0023301096715
0.00166374400831
0.0101612309322
0.0100694383376
0.0115680507697
0.00848159132079
0.00294574735439
0.00326297899586
0.00452719077124
0.00368478230211
0.00238590187217
0.00276255874966
0.000956569914194
0.00139268282112
0.00107279210607
0.00146124553211
0.00104969315514
0.00113125071498
0.00401173507175
0.00498351877812
0.00644300061766
0.0064259552122
0.00151319921019
0.00138156861738
0.00122452174168
0.00124095628961
0.00146145860336
0.00192489946013
0.000951261548541
0.00105119211598
0.00852866760421
0.00901618349027
0.00892574310789
0.00718373758388
0.00697815908818
0.00979432357684
0.00179248410792
0.00203405677723
0.00308118650214
0.00422865480618
0.0017880749279
0.0015972726426
0.00151481396451
0.00239111349687
0.00151335488076
0.00138000836143
0.00321365286612
0.00239915564013
0.00118160675274
0.00106369067886
0.00126015268874
0.00124506842019
0.00148894336957
0.00169392329131
0.00122692678907
0.0013556285801
0.000850011087061
0.000862927192002
0.000938284253419
0.000986081703548
0.00297277243783
0.00322464153065
0.00128911224565
0.00578562111656
0.00418064020301
0.00160254550997
0.00143625344294
0.00133174751842
0.00192960801071
0.00274801164737
0.00325944679189
0.00216579996784
0.00188743219773
0.00186982109254
0.00210237059432
0.00266779501784
0.00217057330759
0.00405840170883
0.00305392791383
0.00111405398617
0.000877357864844
0.000827384914811
0.000829444560363
0.00109463579967
0.0025757823245
0.00180806899128
0.0079217300981
0.00844789615562
0.00410750756568
0.0045330533358
0.00693251145533
0.0047368064909
0.00371755498294
0.00391101014639
0.00158736287196
0.00239810376931
0.00216378754148
0.00163712932633
0.0012839138781
0.00163711237177
0.00845211977813
0.00578920035125
0.00909603450077
0.00681622759254
0.00118722686719
0.00106555998291
0.0011343331012
0.000880702926128
0.00148657025358
0.00135802913574
0.00141576846845
0.00134086645373
0.00387713804678
0.00397007338599
0.000979431136354
0.00160609543561
0.00114293382643
0.000895558311313
0.000938034353085
0.0012950358536
0.000775700470431
0.000783390506628
0.00381562740871
0.00334597963674
0.00135574649298
0.00138721867674
0.00201538137597
0.00169293514252
0.00149849244195
0.00170539532664
0.00993103052476
0.0111285948817
0.0016262124861
0.00202178463717
0.000998552772838
0.000779248012558
0.000860073576467
0.00118398749087
0.00238482994954
0.00231055513934
0.00246599652149
0.00224955705464
0.00199969186304
0.00176967124417
0.00198811661255
0.00152762577353
0.00333551103285
0.00464318921194
0.00105978988297
0.00117649957012
0.00148643751224
0.00117510632018
0.00149622245518
0.00210490473433
0.00162300690014
0.00234491250406
0.001385336016
0.00243749291479
0.0103123934736
0.00175526266789
0.00215745931981
0.00276687713585
0.0024419477616
0.00304569952894
0.00311688508617
0.00335479749681
0.00291314038627
0.00463852061781
0.00601266314439
0.00306496241005
0.00309471333745
0.00406409622533
0.00392958088388
0.00271865117759
0.00228980468549
0.00181782793062
0.00211692089359
0.00243333598159
0.00234652729634
0.00340072619011
0.00246612075297
0.0140389203337
0.0137719400946
0.0105937565812
0.00875975420407
0.011131097037
0.00999788995521
0.00301638380312
0.00212331153664
0.00241477698045
0.00941096042202
0.0104108178074
0.00339041564505
0.00254369290055
0.0174343233498
0.0171400668083
0.00945133412165
0.009471002251
0.0104552068537
0.00887214934946
0.00286056919523
0.0019884815218
0.00264166266601
0.00308627064061
0.00236888261065
0.00201123084953
0.00193676859697
0.00220583064674
0.0024114308106
0.00274541891773
0.00148121656785
0.00188327252226
0.00217640132465
0.00189381827215
0.00219475652886
0.00193206360678
0.00191979107149
0.00228185897617
0.0018063868989
0.00221905409927
0.00115419817519
0.000903641444897
0.000938946936121
0.00101684257571
0.00114363582634
0.0009938801596
0.00107086017738
0.00150557269226
0.00214838193159
0.00167051934934
0.00412990594105
0.00644197138047
0.00279963256917
0.00311591044347
0.00245404710447
0.00409372314351
0.00327069075923
0.00296088964528
0.00268796514159
0.00329772384142
0.00166628435904
0.00205866373226
0.00195320462345
0.00276809130196
0.000958154930072
0.000602335293763
0.000642700432476
0.000822545343474
0.00236878828096
0.00211903045652
0.00209126434387
0.00252126092189
0.00108489996603
0.00081104522118
0.00113341916055
0.000421642277459
0.00359414498384
0.00273015615666
0.00491159737193
0.00530260562772
0.0105126691218
0.0137486965712
0.0162264890605
0.0155680948917
0.00800784914232
0.00824803403876
0.0100130785227
0.00962868090273
0.0143583949975
0.0139817222222
0.0144602345533
0.0139136289637
0.0018180697925
0.0018919261444
0.00138566615904
0.00104843930962
0.00105858634887
0.00131934290802
0.0012441919052
0.000963569234565
0.000963327074948
0.000996850728479
0.00167211593734
0.0014577350975
0.00166510985656
0.00437823611362
0.00398514530851
0.00160725971904
0.00136055041126
0.0010104413812
0.000770638752506
0.000736464748951
0.000991609132922
0.00805656871321
0.00570840820092
0.00699624074966
0.00516421617806
0.00718440973299
0.00565259184396
0.00862155988414
0.00976946720654
0.000986782577995
0.00105912011451
0.00112269920187
0.00106013671212
0.000794891221667
0.000893027602879
0.00104352427644
0.00174967357393
0.00154955267876
0.00141729678145
0.00148140390402
0.000818078386158
0.000617995494517
0.00059845916805
0.000965942818385
0.0118741770326
0.0152884464043
0.0102595087285
0.00856109807505
0.00988122501687
0.0103781589153
0.00279519083913
0.00290546504402
0.00114588363229
0.00172535239097
0.00322175160569
0.00335934009409
0.00309875209357
0.00358064979264
0.00107009213805
0.0011770538057
0.0150724459305
0.0169750978218
0.00130665353906
0.00159550476051
0.000826630143757
0.000734001087783
0.00083912792675
0.000785782332797
0.00156406642261
0.0014064094944
0.00134098852267
0.00137201194301
0.00166444625569
0.00127394724182
0.0020336195199
0.00195525495219
0.00149339720983
0.00145003353165
0.00217241358848
0.00173665357417
0.00347399259391
0.00261286514041
0.00292464627448
0.00330245355695
0.00543356447354
0.00629892482047
0.00328571133215
0.00312298762878
0.0015896711058
0.00142445650338
0.00095718975012
0.000849485275642
0.00107009945741
0.00111524266623
0.00213561863456
0.00241420374975
0.00282596942922
0.00254987294056
0.00354598066051
0.00468882327434
0.00221663432668
0.00191012635333
0.00204699930719
0.00196494654937
0.00131487651357
0.00224450465406
0.00264439507683
0.00192327046901
0.00188235960743
0.00197625305857
0.00172151762779
0.0098948430315
0.0105803776769
0.0136726467528
0.0119179221464
0.00245458409584
0.00234970269539
0.00150401689943
0.00127237374637
0.00116307489929
0.00111516835265
0.000910188757247
0.00179678253751
0.00161402617516
0.0074837577769
0.00658741081999
0.00639957343272
0.00780020097942
0.013333917437
0.0137602918906
0.00447055403448
0.00181094300016
0.00283547945258
0.00231590347433
0.0131135419841
0.0133366313093
0.00169416416174
0.00162591158256
0.00514771089264
0.00943074267137
0.00596993090172
0.00475447049822
0.00364124384334
0.0045060071313
0.00785313581386
0.00567178627229
0.0121699220138
0.0101557339505
0.00120161070446
0.00124342671153
0.00914685579313
0.0099116161212
0.0105140379772
0.0103563050075
0.00336080479009
0.00272733583979
0.000738862421883
0.000683861381327
0.00121287381297
0.00101657466549
0.00535544871793
0.00464525937742
0.00537931591813
0.00571859048212
0.0048833257335
0.00332708252679
0.00416336358758
0.00290048825625
0.00103567492228
0.000862859562143
0.000712394180851
0.000829815426303
0.000726875250223
0.000577931233125
0.000671887753301
0.000801209950665
0.000656543536068
0.000765999389073
0.000764592983144
0.000732156555675
0.00110182527042
0.000815117718686
0.00110215172313
0.000825956657431
0.0015002219602
0.00112103275551
0.0012885284325
0.00113300950963
0.00758500091521
0.00287018598432
0.00223324105239
0.003604175695
0.00324798454345
0.00189350334252
0.0022186385377
0.00259819014147
0.00213096111804
0.00292923244314
0.00262947613366
0.00476862492089
0.0048478846252
0.00684224987554
0.00510400886795
0.00501083276343
0.00677169080594
0.00459817041607
0.00471931619687
0.00112062325655
0.000827556754107
0.00119593762386
0.000771993057162
0.00097315892566
0.000828217704621
0.000617997280959
0.000746185595024
0.000756224564147
0.000919511015792
0.000682051009048
0.000680652130256
0.000743643685435
0.00247499759741
0.00274264220376
0.00361658656488
0.00399547072383
0.00410049507475
0.00325061029642
0.00569599444548
0.00660345245545
0.00118837648014
0.00110745747561
0.00176266872427
0.00154868974336
0.00206684847125
0.00195722244686
0.00118957457567
0.000856145234066
0.00208973828108
0.00213406883843
0.00146024551055
0.00103158357524
0.00146569038071
0.00155947463337
0.00308077863939
0.0033045309584
0.00415645809679
0.0041572922163
0.0026834970264
0.00349447117216
0.00409676379543
0.00436051715053
0.00366532747093
0.0061931151075
0.00424784342192
0.00131403763492
0.00132637364099
0.000773325418183
0.000904598629089
0.000781196252623
0.00086669065005
0.001075038315
0.000709103352672
0.000948981074474
0.00165394339372
0.00157687304787
0.00207202827487
0.00203283343756
0.000633171887643
0.000639828523119
0.000672963626585
0.000908930188247
0.000879875161811
0.000751846779072
0.000703819680621
0.000889029799985
0.000995612609094
0.00101276270472
0.000817366372543
0.00115785917694
0.000727859879427
0.000915930574906
0.000963652924235
0.000766249809718
0.000683057729013
0.000684051421518
0.000970527132242
0.000976355232789
0.00105744181946
0.00122903963661
0.00070444941752
0.00073853323747
0.000654465399133
0.000563921794517
0.000515309772299
0.000757246882574
0.00356228999704
0.00445104341174
0.00438931762856
0.00362101796637
0.00347758179023
0.00449452096759
0.00155120614864
0.00146831969034
0.00162961890387
0.00178568556799
0.00129368917782
0.00129486235356
0.00290693663876
0.00265669093438
0.00274307153456
0.00313375752773
0.0065872456208
0.00577510411404
0.00259530593916
0.00258105464605
0.00321679550069
0.00304758119319
0.0033532242397
0.00470877323134
0.00245408703435
0.00265607393941
0.00245198936773
0.002510711412
0.00506754128693
0.00616660780927
0.00128609072663
0.00115226699761
0.00110080996384
0.00120884081113
0.00122610356256
0.00104962421802
0.00088740776126
0.000686367301793
0.000708452325304
0.000903063938736
0.0020523079035
0.00217778483065
0.00187504037945
0.00253900948016
0.00378647254919
0.00350107318988
0.00451243403931
0.00462953711921
0.00430808453964
0.00391831208595
0.00463875737497
0.0036538779124
0.00244429180051
0.00223756287061
0.00638443041461
0.00831589577724
0.00393479254648
0.00395020099096
0.00396961053108
0.00448320709935
0.00341649643177
0.00267621848724
0.00301299455737
0.00341032922086
0.00391076423293
0.00343953343323
0.00388816909433
0.00350873770802
0.00197417451904
0.00195994762713
0.00205690988091
0.00229615800032
0.00359346968568
0.00265101939723
0.0185216160947
0.019768923726
0.0084366980245
0.00755974146505
0.00815985794706
0.00916806162939
0.00251377821546
0.00231228774418
0.00288282394801
0.00288778424573
0.0069826066341
0.00757377095614
0.00388221931269
0.00417442652036
0.00280410288356
0.00341603525084
0.00313525229191
0.0032467003644
0.0025517575544
0.00261031737771
0.00248605199774
0.002642694464
0.00277205331092
0.00272515466544
0.00202595787788
0.00215496556902
0.00221674810173
0.00219152886277
0.00727712583648
0.00746019840742
0.00797670981598
0.00843105743224
0.008062141555
0.00712288074653
0.00833567857956
0.0078202968584
0.0177277875322
0.0162327657278
0.0118920928641
0.0130684534428
0.0067567203108
0.00920065981282
0.00289555993465
0.00343970015629
0.00319233112105
0.00305391413014
0.00547306013332
0.00769576355381
0.0070290246356
0.00790582245154
0.00833236886241
0.0115110139232
0.0041779535245
0.00437577168091
0.00150596336749
0.00159992484301
0.00442113164618
0.00433575427013
0.00371691528143
0.00431480456767
0.00671833715447
0.00396358595658
0.00133751315064
0.00130059222627
0.00078849521345
0.000565730135724
0.000788244988511
0.000621140548085
0.00463392967173
0.00885926062419
0.00412318300892
0.00365422713015
0.0022931017541
0.00245361964586
0.00266019183468
0.00213278969497
0.00757586909011
0.00727254323628
0.00806379549948
0.00767871875727
0.0121477771087
0.0118594690735
0.00459086438851
0.005122419558
0.00612346143302
0.00535278516699
0.00181871733174
0.00152587092562
0.00169708653869
0.00174461961754
0.00316588924019
0.00339314665341
0.00118801117051
0.00119181735872
0.00521346856988
0.00572231221516
0.00335138707739
0.00490587775433
0.00645262071132
0.00652033807675
0.00269995343608
0.00315606629833
0.000836630178471
0.000691806484891
0.000900669364353
0.000840634930469
0.0109206255375
0.0125583368694
0.0017328024659
0.00172708837651
0.00197348536693
0.00179894554429
0.00167019775817
0.00182801545853
0.00134512394289
0.00129345481554
0.00102621067007
0.000935123721127
0.00115703873749
0.00130257018153
0.00222717906293
0.00165908675442
0.000717944303847
0.000614281469446
0.000697251590149
0.000571238466854
0.00602342489206
0.00527084768902
0.00359060729481
0.00232567664175
0.000771704670138
0.000731936660812
0.000864732964906
0.000899125033221
0.00162367389057
0.00172109872471
0.00148231315126
0.00135930297049
0.00152678459397
0.00155958121328
0.00154760515252
0.00108774799331
0.00101054266107
0.00143246513095
0.000494336110223
0.000429443196449
0.000568480145466
0.000530902015156
0.000797003117666
0.000651701007333
0.000846811189466
0.000783124405295
0.00147477137103
0.00134260250637
0.00809294985063
0.00703000481766
0.00386201726012
0.00295718194799
0.00421147245251
0.00403982460084
0.00192545520935
0.00209714081749
0.00136833272568
0.00115792863134
0.00131252174536
0.00141468912342
0.00171272839584
0.00198034887751
0.00137820355787
0.00118601577444
0.00141035215262
0.0012427488805
0.00133830414611
0.0019361893011
0.00268261541356
0.00329060592809
0.00336298596774
0.00334174985538
0.00196643711021
0.00178946114657
0.00182628363748
0.00201648941441
0.00432624999416
0.00411483775387
0.00200771846369
0.00243026404177
0.00278013726093
0.00293252534525
0.00326929105957
0.00403373647267
0.0044421085266
0.00432072137425
0.00321882395121
0.00230229597781
0.0019571368003
0.00363365803648
0.00354104704925
0.0043797816156
0.000953081147683
0.000771341608229
0.000874164373346
0.000951114585736
0.00141532713035
0.00139106781337
0.000894634963579
0.000763112973604
0.00093823536123
0.000868552315539
0.00261353129267
0.00253343410259
0.00144433417679
0.00132996345782
0.00140516475638
0.00152954985449
0.00227847564053
0.00192626486696
0.0124756175575
0.0107272879007
0.00185240218426
0.00158981563826
0.0016157745627
0.00163311179953
0.0026484918761
0.00267325782742
0.000739316424862
0.00066689124657
0.000945685236351
0.000855078246905
0.00667111897837
0.00669644998063
0.00136104026532
0.001423090533
0.00249164700592
0.00250147878805
0.00463404690028
0.00341528319369
0.00431726662236
0.00343774857168
0.0012397413486
0.00136663820293
0.00274490749452
0.0021842314146
0.00240681481347
0.00251019349065
0.00108773491213
0.00116599000209
0.00184744696889
0.00198081289792
0.00119323834608
0.001349507348
0.000977515453842
0.000833224962669
0.000856850556119
0.00110379183854
0.0016184629331
0.00137502762682
0.00138754991576
0.00113947894667
0.00105467874346
0.00105501644605
0.000816305368552
0.000614982260221
0.000641901363419
0.000579389035243
0.000814544186383
0.000695721670882
0.0106690731131
0.0106388153892
0.00255832795941
0.00316552733183
0.00218454777122
0.00175412535584
0.00160463236072
0.00194755433553
0.00278228050665
0.00241555542195
0.00215830109088
0.00222402131524
0.000768667314228
0.000730607589459
0.000772893170644
0.000942348861528
0.00148138258881
0.00140446347899
0.00160094145547
0.00172118392781
0.00129450842287
0.00126485081347
0.00137436217007
0.00142555966022
0.00181821059303
0.00186136415398
0.0114478331363
0.0111467776348
0.00462840505465
0.00383322737161
0.00391334409655
0.00448801620018
0.00599182155005
0.00542943687888
0.0139354297515
0.0141906089886
0.00234881948016
0.00288423686511
0.00251693292206
0.0024906087225
0.00379694717663
0.00444848795959
0.00342980829657
0.00361298566096
0.00146224339342
0.0015520879575
0.00168599109666
0.0015361096136
0.00245011371747
0.00204342892414
0.0012898280095
0.00109394940381
0.0031798982416
0.00198765708041
0.00421089278943
0.00423051748188
0.000956718394335
0.000806395588652
0.000660337745228
0.00064301059811
0.000677383421119
0.000683522802743
0.000680047029417
0.000532677599894
0.000669931045404
0.000679083467942
0.00122991691047
0.00121781807909
0.000830034669314
0.0006237342047
0.00064688477773
0.000687366769501
0.000531312644096
0.00043441416344
0.000484181908775
0.000409581168235
0.000571656903838
0.00066631834193
0.000823668684258
0.000784546724386
0.000745916400777
0.000934877362599
0.00103165094371
0.00100467877236
0.00136284506151
0.00115123867436
0.00113422269978
0.00119861049479
0.0010770214275
0.000820685586521
0.000841956859007
0.000885011272527
0.00106311333225
0.00127546449523
0.00165011839545
0.00146559738298
0.00162736614866
0.00147818719506
0.00317771585312
0.00383897714311
0.00433259091578
0.00456299574336
0.00241230606013
0.00237027423514
0.000625406500694
0.00058256793125
0.000608953818587
0.000701043742821
0.00105924970846
0.000830225720024
0.00264424569761
0.00227498517507
0.00189595552309
0.00170226722092
0.00194263994189
0.001665543088
0.00096570288631
0.000980649482836
0.00302320727727
0.00321920256202
0.00286022523479
0.00401527269133
0.00232621827633
0.00259816376689
0.00271756128095
0.00322198450629
0.0033765102766
0.003784240058
0.00270495274773
0.0032414715201
0.00126046309341
0.00110958957128
0.00116647187608
0.00131737896969
0.000970007568702
0.000850166463266
0.000908459067427
0.00113275090027
0.000525831413412
0.000455628714534
0.000464137469675
0.000683995633172
0.000574952391024
0.000622940856186
0.00526965498385
0.00543715745924
0.00130783160574
0.00139257141818
0.0013484837403
0.00152453779952
0.00193188891668
0.00262823294605
0.00142830860039
0.00173393536318
0.00059191354747
0.000670514925467
0.00104004506676
0.0010810895007
0.000952358972417
0.000816599746775
0.000793565774496
0.00082962973637
0.000694483242097
0.000908611864169
0.000831264683367
0.000881833799698
0.00574278362056
0.00610409084103
0.00110266027112
0.00138735390697
0.000955476023496
0.00086162607899
0.00086796423253
0.0010104174233
0.00162545588475
0.00240088815477
0.00226759426967
0.00250638379947
0.00206592091038
0.00223414202531
0.000846723856036
0.000987556941429
0.00064299811194
0.000727463912211
0.000903604520581
0.000927087674432
0.001104009239
0.00108372502572
0.000603810890559
0.00055819276803
0.000495686449659
0.000602013087855
0.00100660074935
0.00075654110157
0.00288513301426
0.00250727922742
0.000687836996705
0.00079978584011
0.00495795222134
0.00555185881111
0.000407333917481
0.000574968558703
0.000325594485668
0.000385363851599
0.000527281522764
0.000422743366198
0.000716805569022
0.000739680777196
0.00178789131553
0.00224938961273
0.00163511578133
0.00153295426201
0.0013713904637
0.00163914247794
0.00295264152537
0.00213366284098
0.00077627706829
0.000578189002559
