0.0136295602188
0.0202945959118
0.00370323924402
0.0113124642466
0.00303824393967
0.00905301339453
0.00512524417966
0.00344811961014
0.0047930262413
0.00165892988272
0.00271127400853
0.00302221523978
0.0130970976607
0.00427898584324
0.00399990551543
0.00488353089165
0.00411056604046
0.00703832993091
0.00358712442847
0.00612972060646
0.00702382724968
0.00524076034428
0.0023360356075
0.00290406498191
0.00318899626529
0.00279246051165
0.00250192668265
0.00287775375977
0.0152003561091
0.0131103111666
0.0153066283619
0.0153954532464
0.00540695552321
0.00373428972447
0.00234631462267
0.00332032214838
0.00335729655574
0.0267863063733
0.00431550759765
0.00807974284251
0.0152089612325
0.0168561103409
0.00188779997009
0.0108251391864
0.00455863205309
0.00458857016428
0.0058008112021
0.00708658452081
0.00284463734262
0.00883827326393
0.00581272732541
0.0034810301799
0.0193860209695
0.001762925556
0.00200771416013
0.0021216113169
0.00214988441361
0.00196754952675
0.00214564101955
0.0031941045285
0.00525665827355
0.00694241650604
0.00600653782153
0.0131091908212
0.00325126636001
0.00316406863891
0.00264687155926
0.00216529553786
0.00204818294622
0.00178316050506
0.00181456194089
0.0296354931828
0.00256046753258
0.00288337076958
0.00232385515776
0.00169354114187
0.00265956478094
0.00174888558792
0.00222887580435
0.00393396830537
0.0106093646035
0.0088840788581
0.0258348765237
0.0189306714843
0.0215534520739
0.0262099229536
0.0340444133666
0.0214754426593
0.00555912869838
0.00815244842767
0.00575795978398
0.0047370687298
0.00687682967433
0.00728995122459
0.00593307634449
0.00575130446507
0.0171455827337
0.00487486292661
0.00207792611315
0.00181566826697
0.0109918599047
0.00209619515386
0.00180729302709
0.00214655870687
0.00241628334514
0.00171533603313
0.00188829840521
0.00171815352548
0.00167759351516
0.00426410362814
0.0032728458145
0.00330363518801
0.00158707580691
0.00368175188476
0.00284735841769
0.00299273072579
0.00324974861653
0.00392256251293
0.00343105109569
0.00578042320126
0.00116553468682
0.00146447303218
0.00748994854424
0.00733470618034
0.0102065932021
0.00208922242446
0.0026233227554
0.00239509933312
0.00195541416846
0.0241824718828
0.0245796947034
0.030394843723
0.00242844785365
0.00208945348552
0.00299737413408
0.0205831978263
0.00855595292582
0.00540674039985
0.00568931162782
0.00194432627487
0.00252026870332
0.0146487423318
0.0110011319237
0.0102855660599
0.00682714218049
0.00156315728223
0.00416267511428
0.00360647248468
0.00159826318191
0.00171812682803
0.00169709582368
0.00169274932308
0.00179016333211
0.00182332908078
0.00153584987712
0.00446696494501
0.0049942058108
0.00238864056673
0.00229252428674
0.00277823839949
0.00319508424123
0.00280810602316
0.00261471418431
0.00249573722662
0.00255714008517
0.0029312562
0.00310137126985
0.00333657306474
0.00313760785186
0.00283477603588
0.0023196443338
0.00216929323109
0.00274980820175
0.00187890907397
0.00232726484617
0.00223529333544
0.00293865527935
0.0031190997903
0.00437314877528
0.00289460324541
0.00179958318841
0.00197109563637
0.00163205970701
0.00173327147072
0.00294837623171
0.00164425893978
0.00204829369305
0.00182125197735
0.00269951784884
0.00247814539238
0.00233298105535
0.00788591436003
0.00257825739455
0.0048817058463
0.00290943335778
0.00294720179357
0.0063950142563
0.00222626865419
0.00217921501796
0.00295241108627
0.00148586243382
0.00209070341754
0.00196602217948
0.00159383267358
0.00173080412261
0.00231183084714
0.00177821041344
0.00182303718244
0.00164879447038
0.00318789537904
0.00228501743504
0.0030091793484
0.00258335241789
0.00180063313548
0.00183154784379
0.00276814525856
0.00301322201399
0.00285811908347
0.00248948537994
0.00256447791791
0.00239670270219
0.0251333114074
0.0090640821127
0.00792726828874
0.0102766700007
0.00675602998782
0.012383120111
0.00964103854051
0.00800090395275
0.0101642945954
0.0112156844257
0.0125770815179
0.0125004227746
0.00428633071201
0.00488410851048
0.00445706836093
0.00489352173
0.00492209773116
0.00492164724435
0.0057366853325
0.00683555712468
0.00455688111987
0.00360703931556
0.00363756234729
0.00376970896482
0.00391013438499
0.00170021642064
0.00154067599151
0.00136318468946
0.00148839185601
0.00134052960987
0.00167371668304
0.00183313699862
0.00178653173948
0.00211707408739
0.00245974047466
0.00290756606365
0.00213286763372
0.00212324488271
0.00220614427341
0.00242171609815
0.00205789937696
0.00160710378806
0.00156767206738
0.00176910572426
0.00154899333829
0.00145023397299
0.00150325611884
0.0014416422002
0.00211453738653
0.00565626138318
0.00581582349795
0.00401565075221
0.00208366556265
0.00246023316143
0.00246243911482
0.00365534127246
0.00406340532773
0.00278288997589
0.00245756617139
0.00148334881501
0.00478468194292
0.00307999900207
0.00201779730739
0.00198837334964
0.0160226393579
0.0152277691317
0.0158768530046
0.0132188950107
0.0160279976016
0.00309905052407
0.00406140096849
0.00331041187736
0.00416354171779
0.00400295218191
0.00489600315366
0.00424587732249
0.00275209801117
0.00273966311645
0.00526710700536
0.00358767517212
0.0112230896753
0.0160225347233
0.00266217107643
0.00392109149197
0.00361389346877
0.00378667573703
0.00342009426642
0.00453661379816
0.00462538909357
0.00495031004625
0.00850936850626
0.00170319193824
0.0019074930715
0.00160891825107
0.00161240172389
0.00451399041212
0.00556835602867
0.00772197624434
0.00156099533025
0.00224254941758
0.012187793454
0.0109977330818
0.00947584681214
0.00987069694916
0.0144858146207
0.0177895172511
0.0139609000446
0.0159214421186
0.0129501496046
0.00217948669554
0.00224719457494
0.00358970862616
0.00832916501489
0.002165224634
0.00213819161772
0.00232023069161
0.00142447586006
0.00192623805468
0.00166998647325
0.00162344828688
0.0015695509151
0.00256475494093
0.00213811699089
0.002042361359
0.00282647715567
0.0270402051623
0.0207617739911
0.0255240169396
0.0288946986729
0.0333335336452
0.0346842797901
0.0286273553575
0.028234774925
0.0328920132255
0.0308914382033
0.0267607915415
0.0294603031854
0.0293972358624
0.027633957914
0.0326359082212
0.0310350778137
0.0353110881823
0.0312291575005
0.0343080650093
0.00427829339595
0.00660560601927
0.00823398018316
0.00740384330608
0.00847259848077
0.00851055902341
0.0149900524249
0.0171955845078
0.0143193406364
0.00581850811092
0.00491540270693
0.00603252281252
0.00489560039022
0.0024051411967
0.00212435943094
0.0022044594692
0.00295098329723
0.00316777991476
0.00202198725958
0.00201146830038
0.0037776340799
0.00356606835206
0.00230187768475
0.00186782588802
0.00243181577052
0.00295511793947
0.00208078659059
0.00165166780233
0.00186881953693
0.00207675810291
0.00228625729985
0.00244277315811
0.00257689921967
0.00295301571834
0.00276510348407
0.00297097025249
0.00269037178756
0.00352753997548
0.00290194822166
0.00246391443674
0.00264322225497
0.00257505102652
0.00307161629948
0.00347452151452
0.00355972992205
0.00301387523937
0.00352394348692
0.00343573021394
0.00844140008992
0.0104186703653
0.0236144521025
0.0149806441678
0.0132989830034
0.0304166152993
0.0343675249367
0.0201578083815
0.0218225239453
0.0191654121577
0.0162466198467
0.0185699304105
0.0226122613258
0.00909701455564
0.0124772199066
0.0107974165267
0.00980450024441
0.00721948663591
0.00216367056146
0.00337299883899
0.00339942055895
0.00515596669569
0.00440956472452
0.00815077373536
0.00682691871569
0.00395052634855
0.0177500585904
0.0242412850665
0.00186651624528
0.00135019245588
0.00182365728253
0.00160046434939
0.001434629515
0.00151114646338
0.00156948433734
0.00175030330093
0.00155266160841
0.00186398116119
0.00178305257162
0.00200181631861
0.00240693549936
0.00288835147915
0.00265428088683
0.00130705489976
0.00101804013563
0.00106489910653
0.0199292711809
0.0231335920141
0.00921444392515
0.00615543082285
0.00556358978587
0.00768371797812
0.0175855567353
0.0130687240481
0.0152298670475
0.00165711773191
0.00850774496181
0.00887394305036
0.00242687678979
0.00243745836723
0.00146801116956
0.0225957834292
0.0242885191455
0.0244787713948
0.0250876140539
0.0243962175705
0.0215630788888
0.022265759076
0.0221738478265
0.0203830723136
0.0128398034309
0.0265606842312
0.0130574646817
0.0195686614437
0.0182632251678
0.0205297708905
0.0188047314385
0.0171730818402
0.0153419002104
0.0103555852599
0.0104904903726
0.0134898345437
0.0162702061476
0.0074933418941
0.00783049115629
0.00523239934823
0.00628398982398
0.00492012714702
0.00367413190255
0.00359887365199
0.00343419361156
0.00462601247027
0.00459312524211
0.0076388627395
0.00893992070524
0.00932006765816
0.00712760294158
0.00788498677902
0.00207014085209
0.00170613024239
0.0132893907433
0.0105326157571
0.0289170901454
0.0246100517813
0.0296772744178
0.0250847869127
0.0235528158406
0.0251032199632
0.0262209983655
0.0242638589522
0.0133522467817
0.00939835596024
0.00953179267892
0.00898033718563
0.01292570813
0.0185392919667
0.0143509551245
0.00998739975409
0.00932239543396
0.0116226493316
0.00814664761469
0.00898954022178
0.0086207601123
0.0110951349304
0.0076144679034
0.00340956671802
0.00294861058035
0.00426379917782
0.00082457580817
0.00279860344269
0.0023631973326
0.00249364632761
0.00239500023365
0.00276236899764
0.00266285578843
0.0031312054877
0.00289851032196
0.00279162684318
0.00298465509266
0.0136273788546
0.0119724893022
0.0120079343222
0.0106673848349
0.00932753650958
0.0102336321038
0.0101281440343
0.00950213186739
0.00935859898352
0.0107271967939
0.00968395639439
0.00908714837136
0.00987951510018
0.0117443487759
0.0153442977564
0.0153758431995
0.0032827280383
0.00208729863904
0.00217481014367
0.00212294455771
0.00164801538042
0.00133330996317
0.00198606833852
0.00193457964748
0.00207664418319
0.00186631348345
0.00158560791206
0.001690881548
0.00150628530231
0.00187543341579
0.00172133266421
0.00186866163516
0.00156819658854
0.00159822409651
0.00294041338358
0.00203336007502
0.00171219902863
0.0018333219635
0.00188540111514
0.00195180983043
0.00192489046488
0.00141842276618
0.00150120074311
0.00155567943536
0.00179272218216
0.00162748091587
0.00148086151686
0.00260541561023
0.00274096461262
0.00103083282952
0.00143284378227
0.00191382281749
0.0126124073681
0.0075132439232
0.00996882006055
0.00203175874278
0.00150988791234
0.00153357075653
0.00132614232071
0.00213549641799
0.00190562415233
0.00223322908061
0.00379054627517
0.0044791255214
0.0049735840929
0.00304614499771
0.00307712762276
0.0030457877379
0.00369051436871
0.0198334769738
0.00159956372198
0.00164969092763
0.0014304826713
0.00136476048486
0.00898538810599
0.00978891298044
0.00376510130581
0.0042997232591
0.00735530498458
0.00693342507098
0.00907260378185
0.0110704586563
0.0103173132309
0.00113254439028
0.00217724647405
0.00222564976183
0.00138615932653
0.00332851372544
0.013762642571
0.0266066684432
0.021766445602
0.00539989744553
0.0112257247981
0.0130648797829
0.00975954468801
0.00238703096326
0.00236513184259
0.0031557446821
0.00286924486568
0.00265632125982
0.00297411726573
0.00335575769247
0.00367828686247
0.00306161400512
0.00582389554271
0.00414594808279
0.00471966167103
0.00338965202879
0.00397584927405
0.00209713383741
0.00126073501868
0.00353697669861
0.00285693395731
0.00269166046806
0.00307187593045
0.00250309859868
0.00172066706808
0.0165941499497
0.0129371124398
0.0100771344449
0.00880475433661
0.00988225894905
0.00976030370875
0.00885404183562
0.0100591362826
0.0105653239569
0.00883553115755
0.00158826912404
0.00160626256174
0.00168810602761
0.0299392320712
0.0217834646211
0.019594790562
0.0222812385125
0.0275094753678
0.0229831623443
0.0244126310158
0.0252589081896
0.0238768033222
0.0287557017875
0.0278896672868
0.0318105847906
0.0113730348474
0.0124798678242
0.00483957036192
0.00475944457091
0.00380313043168
0.0102908802089
0.0134836541925
0.0209035236413
0.0222082894193
0.0145768377207
0.0187874940032
0.0177515511394
0.0106710636085
0.0106385330476
0.00977439511996
0.0114528199316
0.0154061079802
0.00937447893801
0.0184579244871
0.0194650896896
0.0156653157055
0.0259610466264
0.0273814629799
0.0167343424396
0.0240406407251
0.00315689064398
0.00268007164002
0.0213273528996
0.0176595429023
0.0180978480501
0.0194910235403
0.00147507940412
0.00170683406248
0.012739866551
0.0113449152679
0.00749644539224
0.00797584527978
0.00653583432716
0.00384544377317
0.00352093344644
0.00336018937649
0.0038230417309
0.00307053332345
0.00626250907861
0.00573062890301
0.00586782398308
0.00576481304191
0.00466150396103
0.00453721911073
0.00346379591583
0.0191477663133
0.0120620545995
0.014338452843
0.0022336367513
0.00180815374611
0.00516906644131
0.00436851537842
0.00561910536052
0.00474804782695
0.00138746340256
0.00172391592476
0.00119640954341
0.00141504247377
0.0129155740075
0.0110164155582
0.0105793059246
0.00844873299698
0.00700623061266
0.00799063149974
0.00300976873732
0.00712053368871
0.0030069962003
0.00295791012291
0.00380936242576
0.00538770203424
0.00149146069832
0.00106407083872
0.00105468799441
0.00117702854291
0.000920537598573
0.000920404427371
0.00100791294941
0.00102050710864
0.00106388049237
0.00122470916294
0.00104531952904
0.0012343358353
0.00151103366933
0.00410344185247
0.00392744299642
0.00509578902089
0.00132487695703
0.00578966589835
0.00416938063598
0.00324098074705
0.00366904297972
0.00369556702948
0.00922693431519
0.00413197968279
0.0067419530637
0.00444026821246
0.00552019288267
0.00519648684496
0.00367734509945
0.00456243112901
0.00434838740854
0.00366577256984
0.0045478240177
0.00460232577933
0.00547004783575
0.00460469692605
0.0058318945424
0.00234853662266
0.00206005182092
0.00172201838305
0.00163188060141
0.0018396938025
0.00165257316904
0.00559845406333
0.00589856615852
0.00474379541657
0.00750416394736
0.00488591729247
0.00524182366413
0.00557218684229
0.00605407246895
0.00810343333036
0.0119349292089
0.00124927759165
0.0011444938471
0.0015067470818
0.00334204315791
0.00277150963133
0.00237028154094
0.00170182874458
0.00181090715879
0.00195960627346
0.00210715704822
0.00224906762342
0.00205541847212
0.022167178556
0.0159015281664
0.0196741034945
0.0173942022876
0.0174953047094
0.00439328209555
0.00445432975684
0.00421300475709
0.00409294251844
0.00362990244261
0.00448841799632
0.000757317695946
0.00104143004235
0.000864093198839
0.00130074759558
0.00120521777235
0.00195602578171
0.00373942339176
0.00390210811833
0.00376871710908
0.00171836745086
0.00118577687639
0.00122524324637
0.00114458928595
0.00175840253902
0.00158079295355
0.00146029057735
0.00180370979721
0.00367524915671
0.0015859569215
0.00110089048784
0.00131090875448
0.00156154759555
0.00181835788176
0.00250132352997
0.00167614063015
0.00226669059219
0.00240049763227
0.00254611216147
0.00130955870361
0.00161944562874
0.00107878900762
0.00125091384167
0.00217889368278
0.00142500363998
0.00218115671063
0.00161587815877
0.00202946459637
0.00227441200946
0.00218430537765
0.0201736779458
0.0235468503395
0.000923230096708
0.000817374611266
0.00085976881956
0.000849125267236
0.00186204554782
0.00130435193195
0.00137208495811
0.0014656872943
0.00155735801252
0.00119711193993
0.00126015844828
0.00119581649014
0.00125683523898
0.00185712551229
0.00207234901675
0.00161097931784
0.00143314862787
0.00162492914771
0.00165867806828
0.00168960103114
0.00149486049447
0.0022645444716
0.00285175045473
0.00222948043604
0.00153715899014
0.00184372881824
0.00154179898749
0.0012917364187
0.00337809116085
0.00159155710562
0.00140014233446
0.00223028118401
0.00244936716097
0.00253118615837
0.00283873428421
0.00259244610067
0.00278995039819
0.00321432214726
0.00218332042244
0.00220265452
0.00197691641263
0.00193191817443
0.0131128268201
0.0111884998633
0.0128447945713
0.016530355267
0.0131357275499
0.0137473714815
0.0163626418403
0.024489408167
0.00177058730703
0.00160123658264
0.00403363807413
0.00334867467013
0.00385653265403
0.00386397143976
0.00379433810604
0.00367119251778
0.00403435235088
0.00406686006078
0.00856283735816
0.0103190478124
0.012241025813
0.00922001828155
0.010817533814
0.0108503826888
0.00193908697744
0.00210928954437
0.00147737021408
0.00152850072843
0.0017460146035
0.00105573461793
0.0015429666969
0.00140278087864
0.00865079767391
0.00651691915475
0.00518773873553
0.0060027725933
0.0058571026572
0.00510133195995
0.00196700316328
0.00191549704127
0.00234994189202
0.00201192289423
0.00118565681873
0.00137858392114
0.0016520314673
0.0014278774802
0.00123244549048
0.00500755306597
0.00912577141492
0.00755463703863
0.0214017098437
0.0184566017316
0.00416798005429
0.00402458801872
0.0027219723416
0.00254010198056
0.00242727519479
0.00220747383911
0.00228609193831
0.00253973970364
0.00257223674982
0.00282769895258
0.00225767419632
0.00187367417639
0.00195616800031
0.00254887630268
0.00222641715761
0.00300248936658
0.00130985631836
0.00294287105178
0.00233814922766
0.00333963060663
0.00225202122377
0.00452208476406
0.00325106907039
0.00147419798192
0.00150588282431
0.00156402524951
0.00229173508536
0.00438837649437
0.00772946318342
0.00508317001656
0.00312595161892
0.00305380603138
0.00405762296783
0.0041040829311
0.00572410175846
0.0059458232235
0.00413846091278
0.00325409338888
0.00499805909684
0.00356146429084
0.00425892990818
0.00462660073084
0.00488056375895
0.00375201084745
0.0058864673641
0.015099730794
0.0151122086184
0.0132613226917
0.00471274073791
0.00371409195471
0.00474809076881
0.00378847933465
0.00279310374188
0.00280959040499
0.00305880081123
0.0036456123656
0.00367513911029
0.00448766740277
0.00322998258128
0.00350491294809
0.00357167439214
0.00381890965183
0.00600012732687
0.00506468261057
0.00820668511665
0.0105348963987
0.0106732264229
0.0110068989721
0.0105599818204
0.0134504587732
0.0134492154685
0.0103002914835
0.00558734210714
0.00165631445888
0.00162545559387
0.00141481239973
0.00152195276511
0.000889379222691
0.00109982896211
0.000855089685678
0.00124297540617
0.00470510185295
0.00575171399769
0.00466667248194
0.00274344323248
0.00192379135778
0.00404462330287
0.00432430239
0.00177284078508
0.00680226030161
0.00507994378401
0.0039503034946
0.00110510575556
0.000857638673806
0.000809011138572
0.000987796241686
0.000808064636742
0.000780849897441
0.00107111023875
0.000754162392978
0.000828307492418
0.00100154112586
0.00123651598356
0.000901169343336
0.000657716641938
0.000640290758436
0.000671580009155
0.00106942366709
0.00285777590905
0.00232344404194
0.00266200757959
0.00311454116348
0.00262106205218
0.00253895149579
0.00312686557779
0.00358256368437
0.00367176602643
0.00365783110669
0.00352921299315
0.00450283828416
0.00572092791964
0.00375205874877
0.00306564188199
0.00303741508031
0.00328819497142
0.00424694524058
0.00324394244528
0.0036597050202
0.00379629623976
0.00391055336724
0.00393072962859
0.00280872613705
0.00209323671333
0.00296408933968
0.00135141985078
0.00100448346672
0.00134476119157
0.00168921550008
0.00307369558733
0.00226871534064
0.00269584788106
0.00322265552417
0.00308296012119
0.0027826620437
0.00201981194204
0.00304167531324
0.00374131761961
0.00415659090361
0.00449215283771
0.00087479860148
0.000865834072878
0.000888859896139
0.000936892852404
0.00114864843472
0.00102341237913
0.00120872088659
0.00103231524475
0.00123501648798
0.00139009864319
0.00151881723689
0.00160494959119
0.00101023545462
0.00180640890495
0.0011739936228
0.00100057533405
0.00122488147934
0.00173423513948
0.00180603266635
0.00131859265148
0.00106008377224
0.000883706799149
0.000960711086703
0.00121757665988
0.00236176877265
0.00221440275946
0.00238628779354
0.00243949778047
0.00526066694902
0.00375470645554
0.00466391407155
0.00428920292702
0.00281353386971
0.00140356516086
0.00181846077096
0.00336604606518
0.00466295140377
0.00383523528496
0.00374703693476
0.00434669677674
0.00361650766629
0.0016915324382
0.00208027127217
0.00231934967509
0.00156040426085
0.0100190132866
0.00981965973632
0.0118176159328
0.00847076771878
0.00305962344182
0.00330369775039
0.00471953135795
0.00380037666615
0.00242879265831
0.00285578624616
0.000957531222613
0.00121415116263
0.00105845281231
0.00113774890284
0.000958996561686
0.0011241822792
0.00417072242868
0.00415845354657
0.00657936701732
0.00628374231352
0.00139746118961
0.00151725299652
0.00128011505816
0.00132285365907
0.00146409325748
0.00161695811119
0.000940888597515
0.00107135610163
0.00883931108579
0.00939516352903
0.00931476624009
0.00724726879975
0.00706137435814
0.0102279662128
0.00178774010236
0.00208097718534
0.00300361129673
0.00395062179502
0.00187675338124
0.0016595140087
0.0015780322782
0.00244618765509
0.00156291790245
0.00143293562091
0.0031725008385
0.00241353481166
0.00122396960825
0.0010895498226
0.00127809207966
0.00135969791093
0.0013610994205
0.0016794113916
0.00124500293868
0.00139754612413
0.000857570590473
0.000818834452912
0.000924197700155
0.00285352536079
0.00302922322018
0.00124445107095
0.00601760727657
0.00434704640757
0.00161442686117
0.00152695042637
0.00132753722958
0.00213284495322
0.00275740712245
0.00322555179653
0.00223850730348
0.00194465888003
0.00190233047609
0.0021456035903
0.00270738351359
0.00224348408324
0.00409028991074
0.00315288436213
0.00109540480699
0.000893556611434
0.000884714526963
0.000840583344805
0.00110065842822
0.00242395985236
0.00168117613892
0.00791584619462
0.00850110365155
0.00416466812496
0.00456857060647
0.00633541977389
0.00461739369616
0.00389334343491
0.00398120464889
0.00159212600705
0.00237275517502
0.00221110093564
0.00171468734556
0.00134343432463
0.00170739918528
0.00897609626759
0.00590532511468
0.00956555319773
0.00700263066296
0.00121279086256
0.00110373716726
0.00111983944967
0.000830035868066
0.00137450572867
0.00136941148125
0.00140645982154
0.00137480726391
0.00364116821331
0.00406884988572
0.000861037238014
0.0016478137025
0.00115564727222
0.000902253752975
0.000925344162462
0.00129364464819
0.0007936143493
0.000803827553111
0.00397872038458
0.00342977089085
0.00139513052072
0.00143352614528
0.00202725830028
0.00174741425381
0.00147971186119
0.00166091062924
0.00966953231172
0.00158202168744
0.00201814107215
0.00103913949401
0.000804646780737
0.000895112113082
0.00125394927811
0.00260909620296
0.00256021903961
0.00269523026574
0.00242670343612
0.00173346182946
0.0018309182516
0.00164367936174
0.00105973865028
0.00124269446955
0.00162166335762
0.00124584142619
0.00147280170555
0.00206394112429
0.0015823611247
0.00241115816086
0.00145507940852
0.00243526705702
0.0102780998676
0.00184457514532
0.00236591239242
0.00296584989626
0.00261176302953
0.00306799561064
0.00320891164627
0.00323256679563
0.00293098704093
0.00417516317526
0.00486765806569
0.00321730505379
0.00316400093322
0.00421504770446
0.00411888636773
0.00283943014753
0.00243816596577
0.00190872177845
0.00216612428427
0.00247731829757
0.00236219012323
0.00353227557829
0.00248994044976
0.0140793053484
0.0129553467673
0.010979631133
0.00881493192088
0.0116458976563
0.00962343091658
0.0034073117427
0.00212524670764
0.00239433817712
0.0092018272992
0.00988978330309
0.00318629632307
0.00228540799111
0.0172195220473
0.0168870889878
0.00981763500292
0.0096025715547
0.0106578104016
0.00890037982607
0.00276630494136
0.0019856333146
0.00259339042707
0.00282956555798
0.0024641367953
0.00212130560025
0.0020110962694
0.00233629956869
0.00254350809812
0.00258466746151
0.00160006066422
0.00200140982854
0.00229462005993
0.00205716962924
0.00224842845239
0.00200340085659
0.00199579024431
0.00245800517838
0.00190336483227
0.00202529453753
0.00120815437817
0.000903778604565
0.00101045558516
0.00102227800871
0.00124445927009
0.00104226104199
0.0010598895292
0.00162988872511
0.00147508143415
0.00408423113384
0.0065844185014
0.00294387312127
0.00333216656628
0.00261702378661
0.00442201662393
0.0031775575374
0.00273928850264
0.00269563584361
0.00321854721336
0.00174150752161
0.00208272813683
0.00199317334807
0.00287086480323
0.00101466492636
0.000653916439017
0.000652051402266
0.000941185424776
0.00252008708506
0.00218614861712
0.00214478465335
0.00255292022718
0.00113754895627
0.000837618879727
0.00118477781452
0.000441972911438
0.00351585428244
0.00262000803833
0.00491485955741
0.0053167786253
0.0106158155172
0.0133694897047
0.0157909746511
0.0157177048711
0.00835490962839
0.00852042637192
0.0107957347664
0.0100958606701
0.0144237773585
0.014385240964
0.0145143743573
0.014208293482
0.00177391260068
0.00164726945839
0.00152629639052
0.00111418293842
0.00102053191996
0.00134451332213
0.00129537731434
0.000978423148523
0.000997755024554
0.000956004000699
0.00153838967737
0.00141259161258
0.00157705714123
0.00443309029679
0.00406385124596
0.00160051830163
0.00138554398543
0.00110436553328
0.000820990883817
0.000775728727378
0.00108424962089
0.00717176686082
0.00567464296655
0.00659750444721
0.00531303466716
0.00740138613444
0.0058905428243
0.008771490776
0.00102571735274
0.00111647445893
0.00125148223866
0.00110890249383
0.000843542118403
0.000923412294741
0.00109504308368
0.0017553295519
0.00157768659069
0.00143831633549
0.00134445972478
0.000942407137819
0.000692392903046
0.000626536840765
0.0010473702036
0.0112507394979
0.0153264044359
0.0109315301737
0.00864552588409
0.0102699034739
0.0107547808184
0.00270573942222
0.00284352215197
0.00112094758824
0.00173202554901
0.00331492025772
0.003240560654
0.00303611944835
0.00344538731392
0.00105415282917
0.00122425279952
0.0148464220739
0.0013387030037
0.00159311920918
0.000870489361874
0.000765410573469
0.000887690522129
0.000810249633368
0.00159363683657
0.00154828144414
0.00132909417378
0.00118944926639
0.00162322073618
0.00108009856236
0.00225319971237
0.0017653234674
0.00358616981241
0.00268311107051
0.00295377147366
0.00343866047057
0.00473056291958
0.00561705535021
0.00335075435984
0.00292549090401
0.00160767606494
0.00145032425162
0.000784262130677
0.000853081316557
0.00115595241251
0.00226804445666
0.00253650805275
0.00299672772684
0.00271314341079
0.00353235501786
0.00443923866916
0.00234406640929
0.00194720772217
0.00209872069495
0.002050344484
0.00128322065207
0.00198333222145
0.00271382967453
0.00202711934718
0.00204102518971
0.00208102431502
0.00181845519726
0.00987237539561
0.0103631145568
0.0114731391023
0.00232513694363
0.00206274306741
0.0013992798411
0.00136989295152
0.00115053090279
0.00108633963676
0.000893616556049
0.00162578693202
0.00150882671723
0.00790059244472
0.00687458414927
0.0066445550942
0.00836786781222
0.0133249596106
0.00437609745256
0.00184830401746
0.00252014004936
0.00225728219419
0.013078600818
0.0132272323917
0.00172593274016
0.00165854104592
0.00493066189566
0.00820035648735
0.00662558570376
0.00569503128428
0.00367143260227
0.00551331918603
0.00808549978471
0.00505353304912
0.0127421877269
0.0101171817266
0.00119087007675
0.00967286047835
0.0106003935227
0.0109846353468
0.01081657834
0.00324002706574
0.00266662655678
0.00079965356997
0.000690964824482
0.00127329884788
0.00107144127603
0.00546976601761
0.00470220681568
0.00545294380546
0.00554155735853
0.00492045447833
0.0035648150961
0.00441840387411
0.00323052022515
0.00102994267093
0.000848299945079
0.000657166549738
0.000807469427752
0.00073007456713
0.000568308153583
0.000676046750233
0.000805038760002
0.000677630256217
0.000834358422181
0.000847039202784
0.000798139553283
0.00114144172557
0.000830994546543
0.00115283531085
0.000861778178886
0.00155393372883
0.001120618283
0.00137356322484
0.0011887744315
0.00735877604533
0.0029000525534
0.00216068842094
0.00371537104882
0.00332034926561
0.00191835253384
0.00227129747978
0.00262826910058
0.00212710269556
0.00304072240818
0.00271035346756
0.00473666362648
0.0034691308432
0.00623153080367
0.00500239400528
0.00501378190672
0.00615827232873
0.00457243232179
0.00477944300461
0.00118034418467
0.000888703387567
0.00129536029565
0.000770575908781
0.00101657890684
0.000858415679675
0.00058313716821
0.000742198830809
0.000778015640417
0.0010202331932
0.000745146592525
0.000754664401687
0.000795023969638
0.00258190512088
0.0029315400807
0.00365408464706
0.00406762568808
0.00413127063248
0.00324583866309
0.00569743150482
0.00619468817057
0.00121716747636
0.00107645198058
0.00186670623434
0.00167418396152
0.0022696731375
0.0021340486837
0.00125204489449
0.000898211118994
0.00208721251455
0.00225837482921
0.00150267529162
0.00104398356432
0.00153947267325
0.00161251720846
0.00310657565573
0.00337834027379
0.0044284169471
0.00444005094529
0.00250569370681
0.00345081029781
0.00447796417933
0.00479342065284
0.00393061184556
0.00634694955294
0.0045103766391
0.00140567402626
0.00135487936108
0.000762709612801
0.000921061959091
0.000799111028509
0.000912829197537
0.00112391200983
0.000743605866049
0.00101249455963
0.00147005675795
0.00143110295733
0.00212181200504
0.00205387152132
0.000628926706848
0.000633927424913
0.000693954450783
0.000917729914273
0.000879447501249
0.000790140965606
0.000798626181289
0.000864255460407
0.000875552738477
0.000987066853265
0.000785452338168
0.00113721486283
0.000746408315151
0.000931955546906
0.000981449409531
0.000871818111809
0.000690629359846
0.000694771784085
0.000958988573279
0.000961289879039
0.00106873026954
0.00127065813862
0.000754514782458
0.00078104474764
0.000722347557778
0.000600452567494
0.000555511603311
0.000753175674407
0.00373707320237
0.0047312426821
0.00468172747388
0.00369661685384
0.00341398786331
0.00467254405788
0.00161150133858
0.00148339171152
0.00173409797909
0.00197190994852
0.00115231234255
0.00327434048083
0.00281297855892
0.00306154034795
0.00342079425066
0.00658007757677
0.00545201655377
0.00240511357042
0.00263329381924
0.0033580365617
0.00351211096854
0.00295027480297
0.00461461175669
0.00258747122667
0.00283140516572
0.00265858585596
0.00263092481018
0.00475564402697
0.00604644085607
0.00132242170151
0.00109322831342
0.00100538004616
0.00106412356199
0.00101345044903
0.000378677695879
0.000563290032932
0.000654106988774
0.000908963381424
0.00214967359963
0.00247281664618
0.00223428227279
0.0030846353823
0.00420266882241
0.00382237821213
0.00467110963877
0.00467787889597
0.00451661182233
0.00390512269791
0.00501639200666
0.00360022169605
0.00259063614752
0.0022385502189
0.00632037792214
0.00864459764826
0.0043137243283
0.00423348709875
0.00393644832872
0.0052251925289
0.0033971137986
0.00268488454559
0.00305777714427
0.00384501635431
0.00309399844352
0.00347138091711
0.00235824043949
0.00234007582639
0.00237765019062
0.0026653639156
0.00372447629954
0.00274709967185
0.0082258112965
0.00754385046468
0.00839426723814
0.00968361525865
0.00255649881059
0.00212636269948
0.0027861059279
0.0026930492708
0.00686609723113
0.00446115422425
0.00415898470437
0.00387441011138
0.00297281077997
0.00347378840818
0.00315684440078
0.00297828961357
0.00262922516988
0.00270102606069
0.00279849278558
0.00280641911702
0.00220399123334
0.00233167610785
0.00237471318191
0.00243419743146
0.00765103976177
0.00768702828418
0.00857930590988
0.00925190951908
0.00959094720552
0.00823100153471
0.0100378970856
0.00853301716647
0.0167079447253
0.015403249267
0.0119578275278
0.0138502595879
0.00296601474399
0.00337228624079
0.00315307806231
0.00934856703394
0.0111151845159
0.00411867904056
0.00382630938201
0.00149820099158
0.00162568917876
0.00520082887769
0.00487668389672
0.0042278273987
0.00466162497338
0.00605593025732
0.003882089485
0.00124028170237
0.00130814257749
0.000883595307227
0.000563946311925
0.000875936053699
0.00061263224998
0.00486489587421
0.00791424535143
0.00431340774381
0.00343128946837
0.00251549205929
0.00311202909395
0.00314193493293
0.00238885579309
0.00817458978284
0.00766789941689
0.008469355109
0.00782676761005
0.0114776757466
0.00411441833864
0.00466505116731
0.00472411210473
0.00203157219927
0.00156100244711
0.00175618579422
0.00183659442859
0.00301003752621
0.00335144811536
0.00123717994426
0.00125290720349
0.00394096783673
0.00393958872109
0.00603474329944
0.00498622247012
0.00267970205587
0.000919227335902
0.000839981581382
0.000984559195823
0.00112042301464
0.0117809958618
0.00178053107032
0.00179687680853
0.00235729235091
0.0020555057937
0.0018795327878
0.00189566926816
0.00138436358824
0.00122502722336
0.000885778694039
0.00126650034596
0.00124935237925
0.00114034185843
0.000901695889918
0.000687202804681
0.000811278709104
0.00061482593429
0.00630651073093
0.00520417064495
0.00336010482108
0.00237128499547
0.000851979266746
0.000808172840763
0.000970756878758
0.00104661499717
0.00169365159576
0.00176922919752
0.00164250003187
0.00145152490232
0.001654973984
0.00178970162955
0.0017127627613
0.00103152521656
0.000953527993344
0.00163310801214
0.000569946569416
0.000465830499735
0.0006398865404
0.00052229388245
0.000881513425089
0.000689703692447
0.000942805817219
0.000850200090108
0.00145304829508
0.00136213190724
0.00850560453736
0.00702768098181
0.0040747564177
0.00298817787065
0.0042233486159
0.00419139239831
0.00193326496044
0.0019795387577
0.00134417271525
0.00125873901441
0.00133093926743
0.00159042005767
0.00164648723311
0.00167474949666
0.00123882158964
0.00123440752403
0.00147113657664
0.00126215715128
0.00126856220395
0.00189330698415
0.00262863777007
0.00348064651669
0.00359332751743
0.00359902106307
0.0022488857816
0.00201928815934
0.00201321545131
0.00233699908768
0.00435030887515
0.00424402664329
0.00206544333091
0.00248347408707
0.00281227661633
0.00317970201175
0.00369457772625
0.00470918958649
0.00524563167627
0.00482627710725
0.00313545527671
0.0025062335059
0.00218007407055
0.0037436927089
0.00359077440711
0.00406248226154
0.00106356149927
0.000816632383714
0.000966100501965
0.00107372701921
0.00144367312898
0.00142020413813
0.00102265986703
0.000806107471973
0.00104885196777
0.000976360702566
0.00261877392485
0.0016576071398
0.00148947597763
0.00154055086732
0.00171491864882
0.00217305405097
0.00185572337146
0.0123685442275
0.01060359352
0.00211227348054
0.00176680805057
0.00176560790193
0.0018497092098
0.00283111199528
0.00273862626084
0.000732831525466
0.000676282917455
0.00108078425516
0.000928543641012
0.00692017090673
0.00700197767516
0.00142366666876
0.00153627231326
0.00253509396361
0.0025354818547
0.00516465349651
0.00331602199157
0.00464046313441
0.0033660741855
0.00128162560805
0.0014370189274
0.00309072472137
0.00225517169555
0.00259893352393
0.00279744600681
0.00114186541626
0.0012261586302
0.00195578589001
0.00213215414769
0.00126374556541
0.00147870228994
0.00110768733787
0.000893165834094
0.000931986638865
0.0013102068749
0.00177888328445
0.00144920387008
0.00127844262418
0.00112107034258
0.00106726240019
0.000973149999038
0.000801529805636
0.000639713750036
0.000697665153341
0.000583938531798
0.000861442249617
0.000704692812776
0.0113187267245
0.0104774546693
0.00228589599352
0.00249500401329
0.00286040901491
0.00212601756791
0.00182208697053
0.00231849102232
0.00302242456318
0.00248542425962
0.00206172375003
0.00210363823365
0.000781977870588
0.000771681526934
0.000914233753765
0.00105694664443
0.00157477871679
0.00152041980547
0.00164375898164
0.00184372814949
0.00139657274817
0.0013509164621
0.00146508058376
0.00155108542464
0.00187182056171
0.00179993093121
0.0116076711899
0.0109735220021
0.00339764661613
0.00411845499095
0.00458757175818
0.00659806158196
0.00585657749604
0.0140322185773
0.0132161050073
0.00240959435571
0.00314509427003
0.00245927776973
0.00253942396333
0.00367990996769
0.00387125823916
0.00358546032941
0.0036615809748
0.00178366018984
0.00192716767316
0.00203821660546
0.00184068264755
0.00275158849833
0.00220218505529
0.00138760013371
0.00113565335469
0.00316644153827
0.0019771629414
0.00444766653883
0.0044014078932
0.00105503027352
0.000802318509302
0.000743687121678
0.00073616234145
0.000781754690809
0.000813466002374
0.000739711129802
0.000543393790885
0.000668905266734
0.00075110958497
0.000891484643342
0.0010811316573
0.000551328024352
0.000395862029616
0.000485401252631
0.000441802949513
0.000549771594401
0.000633300213187
0.000919000402136
0.000842092520326
0.000714228582955
0.000976871359771
0.00102535058779
0.0015872654585
0.00132094325543
0.00129641204795
0.00140208316353
0.00137780152013
0.000955632907044
0.00097673270981
0.00104965122226
0.0012716831147
0.00146944136713
0.0020297791586
0.00170696526867
0.0018036048533
0.00156182437008
0.0031111886259
0.00364482089319
0.00425693758479
0.00248805634561
0.00212458139815
0.000645205558945
0.000595529226251
0.000659684820049
0.000738816086347
0.00112505891952
0.000849388016126
0.00292577437592
0.00240508121283
0.00220733801525
0.00194433617506
0.00230189632591
0.00182613526209
0.0010129080607
0.00100983602137
0.00301358805868
0.00324012453841
0.00274290254891
0.00439662619567
0.00227293646941
0.00269329640418
0.00293101817887
0.00377905197621
0.00339549022059
0.00375873705413
0.00263455618024
0.00310900237021
0.00142229076592
0.00115804988075
0.00120534853713
0.00144857867877
0.00107170868608
0.000872274573802
0.000933672616835
0.00133197175037
0.000585305782981
0.000478123776123
0.000489572270198
0.000818300291999
0.000616376235248
0.000672046587917
0.00528700364557
0.00556131125928
0.00150277578136
0.00152389839858
0.00148181455997
0.00173573361839
0.00207075273168
0.00268460852483
0.00151470139199
0.00191560590968
0.000649787001411
0.000674870175982
0.00106126303124
0.00105716091905
0.000837237340472
0.000717278120114
0.000889381787566
0.000599461396877
0.00070617129179
0.000911472739854
0.000965494614396
0.00597730686669
0.00657313649056
0.00117505925342
0.00150462110354
0.00116105115
0.00101619078527
0.00102661925479
0.00122321573801
0.00170961423852
0.00229610367826
0.00228073727939
0.00237829799396
0.00215049474168
0.00243301402528
0.000819578736688
0.00099978174879
0.000699955074288
0.000791536419633
0.000964723986675
0.00101466384561
0.00112325700247
0.00116731333063
0.000705957793765
0.000638915823689
0.000557414284833
0.000727168010953
0.00102588800083
0.000733076313712
0.00317430711875
0.00265108023499
0.000713172756209
0.000835796763261
0.00513154177578
0.00566275093006
0.000428393146768
0.00062711828221
0.000381606273923
0.000506172703252
0.000707623097116
0.00054221589316
0.000834283198316
0.000713929895424
0.00180035304052
0.00246666482326
0.00198612004884
0.00172292509429
0.00150819533179
0.00220297613071
0.00376319534783
0.00247416423787
0.000894925383007
0.000615126937783
0.00342285221539
0.00346362160854
0.00216203402639
0.00210453695692
0.00122683754108
0.000958063050857
0.00130105363217
0.00109792761432
0.000807643067974
0.000923808412473
0.00110278490887
0.00103954318755
0.0020731185484
0.00213410947347
0.00187861231589
0.00154708315854
0.00845558362241
0.00908767349771
0.00228945633529
0.00204199978218
0.00206446470641
0.00231746091352
0.00389085087758
0.0072899533902
0.00297981844187
0.00282483931389
0.00279869456955
0.00316763274196
0.00285987229547
0.00210972490137
0.00253191837268
0.00250295268257
0.00498559527728
0.0052463785945
0.00576248637096
0.00597338175859
0.0115265824741
0.0100134430444
0.00969778832656
0.0104304610222
0.0100190387413
0.0104284063099
0.0111618103059
0.0112399414822
0.0131974701195
0.0094294794167
0.0015848394056
0.00114021127241
0.00118391578216
0.00148865144425
0.00480596232019
0.00408928723478
0.00490991614422
0.00467730872439
0.000926226600313
0.000955678674523
0.0174031808398
0.0159857174023
0.00381258358569
0.0035096732971
0.00200815402657
0.00219461326759
0.00229677984037
0.00223317002901
0.00597767501898
0.00600243648539
0.0070406940907
0.00667786417385
0.00917874200366
0.00996504894813
0.00245547930659
0.00198270864379
0.00213638714792
0.00252354730438
0.00297242547516
0.00359157458835
0.00330528585291
0.00357283616423
0.00690232910944
0.00604438909531
0.00674175539851
0.00717518445253
0.00377770858247
0.0041970634342
0.00286332250785
0.00292266195993
0.00330271761352
0.00336818833286
0.00117715539131
0.00123662288648
0.00076803859729
0.000614811803296
0.00072765302576
0.000817121638002
0.00450447260495
0.00472225489101
0.00374983100382
0.00305974759788
0.00361880848146
0.00309965910285
0.00115684538732
0.000915966469934
0.00251513283275
0.00227672112304
0.00153852919422
0.00138310796908
0.00160928810187
0.00155720408253
0.00234545900811
0.00232792458781
0.0114772287571
0.0112661692007
0.000997018855569
0.000767818857494
0.000853631626985
0.00097302193228
0.00135666167917
0.00146654856701
0.001340875399
0.00106504603579
0.00431907165498
0.00397597979404
0.00880624344757
0.00935177215634
0.00243253531377
0.002128887172
0.00183827932131
0.00197234262928
0.00128050255464
0.00117880106164
0.00051519926083
0.000553769462807
0.000523930469761
0.000637969616559
0.000984018451143
0.00117307853055
0.000609692943352
0.00119691090879
0.000614494721691
0.000765511540687
0.000849180669771
0.000781714829693
0.0012828547457
0.00140025345962
0.00145661066621
0.0015596665685
0.00170559766525
0.00165365370432
0.00106465637192
0.00091677381888
0.000987624204908
0.000952543223297
0.001755155981
0.0013796708512
0.00129339381137
0.00147563422313
0.00219007909167
0.00233950716039
0.00132658238646
0.0010286526521
0.00117520543342
0.00117019385511
0.000799715420186
0.00102465558773
0.00103100329573
0.000811503849624
0.00186236892722
0.00177314789283
0.000982803490768
0.000989121192021
0.00716303798684
0.00736065270857
0.000573426080511
0.000501746836086
0.000703079680337
0.000597996567523
0.000946278221071
0.00110496675129
0.000716056362897
0.000556167655058
0.000635812112051
0.000637000272961
0.000662429896296
0.00058903880706
0.000677517452567
0.00072304016901
0.000667650329
0.000556901153904
0.000520157518332
0.000594178382063
0.000674676443577
0.000697171221277
0.000591068932959
0.000827296638074
0.00176778040597
0.00185425776529
0.00286123250532
0.00206106148626
0.00268414019193
0.00199306704387
0.000715184947548
0.000755445838082
0.00083676136111
0.00115461994557
0.00126995835541
0.000950070737477
0.00104992686417
0.0012031471993
0.00173557084873
0.00138187243699
0.00117939767246
0.000954830147977
0.00103875865732
0.00175370358336
0.00486358794093
0.00491153381705
0.00196037322042
0.00198487827786
0.0020153922943
0.00201086123581
0.00170687269684
0.00174310311882
0.00173940881645
0.00181716524831
0.00863936255928
0.00926923683155
0.00569048346558
0.00499900133862
0.00603813721139
0.00610075365778
0.00208066654539
0.00195949668613
0.00247929260735
0.0027544002244
0.0013134029604
0.00104300810914
0.00104593347119
0.00136222267752
0.00117480589397
0.00101299183926
0.00111404552278
0.00103570377311
0.00253914683974
0.00310708188255
0.00211684550888
0.00195667039619
0.00464700616665
0.00292778919934
0.0025288574682
0.00275415571367
0.00274194883058
0.0032541982275
0.00149123339035
0.00144687306524
0.000973332197819
0.000930454580319
0.00101799340327
0.00114163439957
0.00612067152122
0.00569497511981
0.00258973850261
0.00232779791925
0.00344484670795
0.00302602565968
0.00363824847595
0.00363477356622
0.00749849012503
0.00745977693944
0.00919929072319
0.0104319428331
0.00989570616184
0.00777308045857
0.00795645079867
0.00783387798477
0.00490876121105
0.00584042325555
0.00466092307663
0.00502013851339
0.0146042913965
0.0206051566085
0.00953164324403
0.007960297775
0.00836575955118
0.00737799862559
0.00280871161192
0.00306589808673
0.00174343222231
0.00170517764162
0.00189468417831
0.00194014071195
0.00196968074348
0.00173310644552
0.00208632405729
0.00188857010609
0.00266287709955
0.00229284543045
0.00230399072881
0.00304109582718
0.000933190858341
0.000752996535325
0.000743551291052
0.000989393346641
0.000999123835853
0.00126527208552
0.00917114615935
0.00977209294647
0.0212692008431
0.0199066577826
0.0177874584864
0.0188511778027
0.0091830682771
0.00897556782614
0.00530950180455
0.00500917369226
0.0035721450421
0.0042180859225
0.0047925302345
0.00658015657028
0.00279683192797
0.00319526884974
0.00508732465551
0.00396892684204
0.00652349766236
0.00757158039494
0.000590359889069
0.000581660835218
0.000616974057888
0.00063668907
0.000988013365644
0.000808956847971
0.00224240088041
0.00201768507522
0.00214904199768
0.0024783717253
0.00548496126821
0.0048218421929
0.00362180229835
0.00379844021321
0.00104891844623
0.00109743643423
0.00736746548784
0.00823873440838
0.00377928507476
0.00397944948808
0.00286654182108
0.00303581064359
0.00422068231629
0.00473410874442
0.00659874859409
0.00746996111861
0.00504781837482
0.00499752742392
0.00309125916298
0.00290151383846
0.00325288137874
0.00359736966746
0.00186066541494
0.00144403656074
0.0024489423908
0.00226554025709
0.000799034045554
0.00094857537294
0.000423754791272
0.000455719793226
0.00042847934133
0.000598758382772
0.00909671252475
0.00859906571024
0.0134348224259
0.0140010869373
0.00306092749333
0.00257947488073
0.00250744553125
0.00323611367087
0.00517707510465
0.00380984787971
0.00336065076424
0.00400410950479
0.00266168632088
0.00246903792387
0.00239891638066
0.00310715565003
0.00182411389756
0.00195130854539
0.00137282072275
0.00157841038969
0.00114815078183
0.000982105787685
0.0010184063205
0.00127015859289
0.0042866472671
0.00476618745815
0.0032242112889
0.00293119430948
0.00965129281108
0.00934754436413
0.00105535279367
0.00114425946435
0.000779123497858
0.00076330532615
0.000660871160274
0.000562241364152
0.000627325714903
0.000724945773635
0.0128522603914
0.0103486691935
0.000526542385471
0.000599042451925
0.0020218860369
0.0025196757619
0.000864334740766
0.00092711053879
0.000509299014848
0.000404491710187
0.000457243329504
0.000541386598676
0.0011243945652
0.00098536913819
0.00128709265617
0.000655616699612
0.00088831056396
0.000769909323313
0.000675750034158
0.000882198419507
0.000894664615003
0.000967713024818
0.000566035772535
0.000514658478613
0.000670822265942
0.000595107755086
0.000592493946521
0.000504990894781
0.00059245332681
0.000422488155306
0.00031614090437
0.000809759038105
0.00353348870677
0.0033833797879
0.0105445713229
0.0086471416949
0.0055085265596
0.00649738903601
0.00594059214895
0.00601134219339
0.000669061640083
0.000764195633548
0.000484239551499
0.000403307403238
0.000496751461621
0.000513893224359
0.000711683515875
0.00068037056859
0.00101785232836
0.000949339720422
0.00098710541278
0.0010967303481
0.00698566766861
0.00644666455119
0.00314998837463
0.00396879209049
0.00231787891889
0.00310955339391
0.00112020525982
0.000672446422922
0.00343246904112
0.00294657768574
0.00181834662444
0.00188835056267
0.00113878869122
0.000968729981791
0.000967366134625
0.00101085500324
0.00130430844417
0.0013929867056
0.0015270058041
0.00149903051796
0.00130088759838
0.00178533516035
0.00247167764941
0.00162747253156
0.000736786336727
0.000928438908919
0.000568500022549
0.000682610688219
0.000691952113311
0.000692472809327
0.000748366292657
0.00070723379473
0.000860699888451
0.000788848254153
0.00056253683833
0.000450806415159
0.000501203886748
0.000578790514933
0.00114614349746
0.00102220041753
0.000671250002512
0.000724723877427
0.00049983954653
0.000551917570159
0.00531739848903
0.00635305809544
0.00127224786353
0.00114934130147
0.00165215047254
0.00237906113205
0.00165296237895
0.00128600179251
0.00135787726096
0.00138908451126
0.00113940393817
0.00108034179043
0.00573283464672
0.0057244530524
0.00975034780138
0.00927094957809
0.00106378192406
0.00116042831261
0.00121425445786
0.00117333763227
0.000408857042476
0.000470185382748
0.000475435301643
0.000567331345785
0.000853627495084
0.000636415405255
0.000669857306953
0.000840176297531
0.00778033231256
0.00798094372451
0.00810702051752
0.0073676173458
0.000687746864065
0.000751924239405
0.000751580978989
0.000786245053973
0.000704990759071
0.000702572983544
0.00230065357054
0.00192389228484
0.00202311241044
0.0023190038424
0.0102207130091
0.00913365817112
0.010936636024
0.00980404633599
0.00136908221487
0.00171787965917
0.00166466178283
0.0013367335864
0.00172474225052
0.00203743517368
0.00205883112181
0.00269505320489
0.00448195556095
0.00389175792703
0.00210234645566
0.0018537932077
0.00298011899038
0.00382235447595
0.00235735981309
0.00230835202633
0.00226591781845
0.00222522305181
0.00226651283707
0.00186527716916
0.00201522947845
0.00214421478754
0.00209189396401
0.0020719244303
0.00220786903207
0.00232208677925
0.00726386401207
0.00708334183639
0.00360208658534
0.00308425737696
0.00159399671124
0.00155732295805
0.00141246677029
0.00178306639381
0.00184636293841
0.00193650433722
0.00154988857389
0.00197164631295
0.00180506765257
0.00188919197935
0.00640805860242
0.00623582594892
0.000885114885024
0.000770942975877
0.00166424597775
0.00133296634379
0.00164229202646
0.00126090168344
0.00237603416319
0.00299299733272
0.000495959090964
0.00084801980587
0.00026170578009
0.000297029932663
0.000269255722058
0.000231665056986
0.000405785868044
0.000373740035378
0.000344246136594
0.000438484219313
0.000630763608246
0.000543329912421
0.0022934642307
0.00257375771153
0.000714578956522
0.000603103171098
