0.415263
0.210887
0.354237
0.415130
0.177818
0.451964
0.492310
0.393013
0.132343
0.212958
0.211305
0.406098
0.142285
0.195865
0.225372
0.480982
0.158401
0.342282
0.210931
0.212664
0.296301
0.264189
0.143361
0.247621
0.491807
0.465005
0.464611
0.358948
0.405339
0.374750
0.281863
0.205722
0.160023
0.284104
0.468930
0.473104
0.335824
0.283869
0.405960
0.383481
0.317710
0.268654
0.462784
0.273242
0.319298
0.225021
0.157151
0.245592
0.253975
0.179489
0.254250
0.506914
0.232871
0.285564
0.229870
0.252332
0.223594
0.151503
0.229778
0.422835
0.237251
0.204626
0.408167
0.361419
0.219504
0.410803
0.345174
0.217508
0.442945
0.120581
0.257011
0.255502
0.322474
0.327976
0.200499
0.245055
0.223687
0.175723
0.120211
0.241538
0.374861
0.453401
0.399749
0.341150
0.278351
0.277027
0.353798
0.261726
0.526478
0.390555
0.180763
0.231890
0.214763
0.421831
0.240945
0.258502
0.479231
0.242874
0.427455
0.437432
0.187872
0.281731
0.358124
0.436201
0.399812
0.403145
0.293554
0.234355
0.188763
0.152028
0.374660
0.461385
0.428296
0.247917
0.431084
0.205316
0.093166
0.198371
0.290294
0.191991
0.238444
0.382740
0.424136
0.271466
0.227555
0.363547
0.371702
0.401089
0.363240
0.227707
0.398732
0.507813
0.434785
0.479806
0.471063
0.575589
0.170676
0.316677
0.555414
0.281089
0.306506
0.198645
0.337063
0.408544
0.180466
0.128859
0.295410
0.332667
0.204263
0.135218
0.132778
0.094041
0.313022
0.309035
0.192601
0.399139
0.547236
0.173411
0.330366
0.237704
0.423670
0.367462
0.340349
0.421442
0.403809
0.455706
0.240078
0.229671
0.399169
0.378768
0.224065
0.246167
0.327745
0.265400
0.395016
0.496830
0.098718
0.329665
0.536316
0.209961
0.241794
0.454543
0.239581
0.156052
0.261326
0.401313
0.336908
0.408350
0.247469
0.229886
0.413641
0.436291
0.299231
0.268019
0.103424
0.224544
0.144132
0.171978
0.152612
0.261298
0.466418
0.135445
0.130803
0.189345
0.227597
0.539827
0.146530
0.181659
0.465867
0.232538
0.567835
0.551898
0.128056
0.251775
0.383451
0.114660
0.107281
0.096146
0.390987
0.461522
0.122298
0.124330
0.579055
0.400952
0.116553
0.191687
0.244906
0.126113
0.249220
0.229262
0.287613
0.201205
0.330270
0.619738
0.151332
0.199013
0.682109
0.177854
0.388707
0.573682
0.405294
0.437688
0.173476
0.327677
0.316304
0.404504
0.374440
0.525711
0.257501
0.173046
0.074678
0.061353
0.083559
0.182019
0.155028
0.136768
0.188117
0.390149
0.259945
0.167457
0.370786
0.244467
0.251249
0.432844
0.383251
0.197730
0.314320
0.498153
0.250982
0.191678
0.248811
0.184672
0.269552
0.508805
0.243050
0.126824
0.112441
0.227981
0.345298
0.431984
0.254573
0.171554
0.349478
0.089353
0.040091
0.235504
0.281351
0.207948
0.077191
0.223371
0.296764
0.213818
0.376072
0.467321
0.241707
0.209618
0.025392
0.058324
0.312631
0.532457
0.246088
0.411566
0.438499
0.327373
0.236243
0.128721
0.350679
0.292409
0.401292
0.360746
0.368800
0.408207
0.274333
0.317882
0.102475
0.186537
0.203460
0.434937
0.382291
0.336975
0.465832
0.301455
0.363765
0.277872
0.360970
0.197551
0.352566
0.423148
0.477642
0.418691
0.239984
0.329035
0.418395
0.208017
0.302012
0.407248
0.181545
0.378416
0.502132
0.180851
0.177306
0.228142
0.205792
0.232677
0.220658
0.517988
0.259432
0.352443
0.443641
0.150698
0.272535
0.281353
0.238389
0.467433
0.198481
0.272473
0.466777
0.460391
0.261888
0.193235
0.433284
0.180423
0.357993
0.422301
0.405589
0.523694
0.533652
0.489576
0.501515
0.436234
0.135362
0.327357
0.486163
0.114414
0.342851
0.570378
0.424075
0.362239
0.281854
0.364013
0.205416
0.193984
0.326641
0.336287
0.262141
0.257674
0.103462
0.085607
0.057710
0.044624
0.250449
0.365039
0.497344
0.150174
0.102321
0.289241
0.257709
0.373635
0.287850
0.181956
0.320676
0.216651
0.328628
0.312051
0.191324
0.224489
0.319177
0.399932
0.106714
0.255548
0.414275
0.090517
0.468972
0.549928
0.129179
0.286241
0.421076
0.148923
0.165447
0.210728
0.406548
0.497403
0.146885
0.184753
0.112981
0.247395
0.346332
0.426169
0.126573
0.381570
0.460939
0.250885
0.186693
0.109385
0.431946
0.460193
0.302616
0.197342
0.137348
0.173081
0.226609
0.344644
0.344239
0.437812
0.212104
0.383317
0.399712
0.143165
0.156831
0.266684
0.232802
0.421029
0.411900
0.453353
0.372096
0.427135
0.471114
0.224224
0.446827
0.124110
0.179720
0.073755
0.430981
0.395520
0.356760
0.229765
0.071421
0.175983
0.386028
0.395426
0.425709
0.512850
0.454546
0.457754
0.452628
0.410683
0.213713
0.378778
0.311717
0.124132
0.374196
0.424355
0.189287
0.190704
0.112181
0.249871
0.229601
0.366033
0.220163
0.379314
0.157374
0.256985
0.363386
0.412362
0.406954
0.208811
0.090887
0.310876
0.424437
0.488953
0.134408
0.213963
0.298108
0.120546
0.075352
0.143115
0.298047
0.358091
0.237953
0.320308
0.357138
0.429327
0.305975
0.442501
0.213521
0.335251
0.338722
0.282601
0.468323
0.339105
0.156895
0.164485
0.241780
0.233659
0.487104
0.241269
0.337043
0.344515
0.427192
0.378006
0.375369
0.372529
0.255950
0.311602
0.119726
0.207665
0.471956
0.546461
0.496404
0.454010
0.442010
0.396478
0.149289
0.177700
0.406633
0.160879
0.165997
0.492354
0.316405
0.323683
0.457480
0.416980
0.420255
0.419614
0.353328
0.226205
0.146569
0.134473
0.129913
0.180198
0.126414
0.094657
0.109082
0.213452
0.195643
0.152620
0.150433
0.149224
0.343469
0.418211
0.453832
0.461811
0.464612
0.522805
0.517266
0.399206
0.251488
0.450224
0.369480
0.300441
0.307947
0.319339
0.106208
0.319420
0.314034
0.481280
0.146767
0.289083
0.118810
0.300025
0.391861
0.090014
0.105301
0.183508
0.352153
0.536919
0.173062
0.108410
0.408421
0.254277
0.183377
0.198416
0.257415
0.333480
0.232021
0.351074
0.231026
0.334927
0.456292
0.092465
0.093823
0.263221
0.369035
0.442668
0.187976
0.123436
0.071571
0.141792
0.134168
0.111509
0.359353
0.376605
0.274468
0.190236
0.330936
0.488186
0.117066
0.273724
0.476177
0.245421
0.207435
0.234403
0.284315
0.437023
0.281586
0.325820
0.329041
0.444078
0.543714
0.506092
0.452962
0.384837
0.401916
0.284788
0.369924
0.366897
0.465383
0.336174
0.249727
0.202607
0.198881
0.322205
0.131854
0.226546
0.373851
0.062379
0.287118
0.187316
0.225671
0.419050
0.240218
0.104674
0.111313
0.131785
0.345347
0.375150
0.168785
0.062944
0.224565
0.415892
0.480359
0.175295
0.210154
0.164534
0.444525
0.458005
0.130866
0.246123
0.533311
0.494280
0.141518
0.445807
0.444885
0.088688
0.311144
0.128069
0.538915
0.153307
0.396716
0.383716
0.198885
0.342805
0.182436
0.217081
0.401273
0.307697
0.168517
0.211453
0.160773
0.149868
0.206368
0.234419
0.117732
0.310118
0.400576
0.459978
0.390780
0.246414
0.143423
0.202114
0.200815
0.265921
0.396483
0.198661
0.248846
0.105103
0.326040
0.378203
0.212736
0.290561
0.097156
0.174034
0.303271
0.366344
0.245001
0.470793
0.226940
0.276732
0.415545
0.516659
0.504258
0.505895
0.301477
0.227603
0.473840
0.216086
0.296718
0.134569
0.337335
0.297600
0.458398
0.232907
0.366108
0.364374
0.260910
0.344933
0.240359
0.346194
0.285811
0.235958
0.281758
0.368191
0.099342
0.228902
0.239771
0.458684
0.207433
0.236665
0.477595
0.151356
0.334556
0.307938
0.428183
0.329504
0.236929
0.142284
0.337993
0.520612
0.536534
0.465010
0.205906
0.265884
0.253704
0.336704
0.220075
0.356347
0.512688
0.125796
0.268684
0.302530
0.428761
0.196551
0.138235
0.218275
0.240491
0.446953
0.334877
0.263076
0.469097
0.370605
0.287850
0.314889
0.302120
0.223998
0.189678
0.354109
0.302933
0.374328
0.242123
0.429620
0.404094
0.405950
0.257959
0.240721
0.123312
0.275373
0.381937
0.106457
0.382146
0.360876
0.254484
0.273095
0.238435
0.406088
0.222477
0.200972
0.155509
0.398034
0.148595
0.273992
0.504463
0.237536
0.145949
0.405887
0.522192
0.064355
0.129741
0.175318
0.363431
0.515139
0.206544
0.138733
0.146264
0.180443
0.258106
0.509853
0.428319
0.394307
0.082835
0.221052
0.430183
0.173264
0.223625
0.245851
0.453003
0.453150
0.191847
0.377536
0.381035
0.249808
0.193254
0.289058
0.341170
0.425066
0.207911
0.309947
0.263570
0.319832
0.129265
0.353464
0.454319
0.079783
0.177385
0.264970
0.363273
0.305477
0.349567
0.308503
0.255306
0.275277
0.369700
0.159534
0.251159
0.407575
0.344971
0.379503
0.223656
0.363266
0.104240
0.211025
0.214507
0.458283
0.267872
0.316613
0.470127
0.279795
0.374969
0.213720
0.257510
0.485205
0.255832
0.113324
0.163098
0.242864
0.211855
0.198273
0.107584
0.280772
0.236174
0.305786
0.290874
0.314498
0.454506
0.408220
0.386435
0.322346
0.371232
0.195987
0.205102
0.258151
0.332766
0.264317
0.189687
0.419986
0.260885
0.358908
0.448238
0.450194
0.390614
0.336879
0.456054
0.269971
0.232355
0.347850
0.397705
0.429721
0.247540
0.273667
0.342481
0.289950
0.284587
0.337545
0.112245
0.363626
0.455953
0.364099
0.150814
0.138428
0.283853
0.302228
0.405723
0.391913
0.236709
0.248149
0.422129
0.227685
0.246090
0.270488
0.274326
0.328115
0.220141
0.136669
0.315982
0.288330
0.338990
0.270945
0.354032
0.575547
0.494186
0.268418
0.403799
0.127093
0.475706
0.442101
0.243924
0.143502
0.174004
0.226820
0.337213
0.259026
0.228205
0.232410
0.380852
0.439202
0.242616
0.239670
0.313307
0.355451
0.234117
0.246499
0.328498
0.371027
0.279670
0.248745
0.381932
0.331703
0.458951
0.443205
0.273610
0.373316
0.145965
0.234837
0.512505
0.453947
0.175676
0.215202
0.230380
0.361736
0.389406
0.436889
0.376254
0.336060
0.356156
0.119306
0.299243
0.623069
0.169839
0.138940
0.435885
0.250645
0.299379
0.219028
0.446166
0.188343
0.189994
0.298924
0.187977
0.252748
0.385199
0.102880
0.309615
0.430385
0.213487
0.275787
0.527360
0.396274
0.182013
0.263930
0.291101
0.513374
0.438745
0.451304
0.370356
0.317819
0.271191
0.322732
0.497207
0.224691
0.267502
0.226418
0.450766
0.473461
0.498189
0.378679
0.299768
0.456471
0.275070
0.319478
0.305276
0.421094
0.298394
0.308580
0.179603
0.306734
0.143896
0.293919
0.446046
0.535153
0.474975
0.437986
0.428868
0.192355
0.205618
0.124942
0.246386
0.452576
0.473237
0.137923
0.140094
0.211197
0.288602
0.259766
0.427128
0.265463
0.365028
0.367315
0.171932
0.262261
0.262820
0.226363
0.216522
0.331032
0.193218
0.336892
0.482422
0.272060
0.099541
0.272145
0.221188
0.336377
0.184364
0.249891
0.114195
0.281760
0.219659
0.445405
0.439704
0.456432
0.039785
0.036996
0.481550
0.350875
0.239709
0.229126
0.141209
0.182089
0.469821
0.090758
0.250707
0.505319
0.409716
0.309891
0.468942
0.476736
0.470164
0.413601
0.195872
0.377228
0.395716
0.498725
0.371992
0.494213
0.140893
0.245186
0.314990
0.342965
0.399573
0.295826
0.212523
0.337271
0.403234
0.442525
0.282344
0.264634
0.326388
0.241248
0.354797
0.180309
0.152523
0.287153
0.555862
0.045076
0.419183
0.379104
0.148301
0.202233
0.603555
0.054554
0.243918
0.210885
0.290803
0.390213
0.401866
0.235416
0.475779
0.642996
0.301831
0.366840
0.198867
0.188759
0.275226
0.328162
0.495143
0.201950
0.207277
0.399815
0.527269
0.104525
0.190241
0.202990
0.367886
0.385952
0.215604
0.286192
0.202501
0.320916
0.399002
0.554994
0.316209
0.456344
0.391138
0.264588
0.333950
0.240701
0.262849
0.374113
0.257920
0.172153
0.302044
0.350880
0.451627
0.437503
0.226364
0.086561
0.223488
0.299082
0.386823
0.391613
0.142116
0.271153
0.385167
0.122372
0.186395
0.137900
0.323802
0.431185
0.375411
0.324639
0.152515
0.248903
0.259522
0.368763
0.215178
0.339077
0.170822
0.354657
0.421427
0.063778
0.478415
0.355096
0.485962
0.427765
0.217329
0.427400
0.490544
0.158521
0.112247
0.398095
0.222816
0.296018
0.379174
0.193346
0.210278
0.248310
0.461430
0.150924
0.249662
0.173773
0.294081
0.530105
0.230950
0.428574
0.506227
0.308584
0.425192
0.290531
0.290855
0.272488
0.225121
0.445542
0.441085
0.520916
0.495358
0.362051
0.272164
0.286041
0.198639
0.301930
0.460683
0.185553
0.088700
0.221675
0.309304
0.372704
0.401122
0.399476
0.242047
0.240348
0.296489
0.259828
0.538640
0.558162
0.336406
0.456152
0.262728
0.364300
0.342441
0.404570
0.216947
0.389507
0.228234
0.401415
0.400264
0.330363
0.114727
0.146368
0.284722
0.467430
0.355881
0.221500
0.086922
0.186358
0.248620
0.444432
0.432542
0.489422
0.264809
0.454157
0.544474
0.244474
0.409462
0.322062
0.204305
0.299051
0.529778
0.318247
0.219084
0.131836
0.428736
0.443368
0.307330
0.348324
0.271420
0.371428
0.226872
0.229294
0.422946
0.316360
0.342035
0.323694
0.374336
0.288874
0.221547
0.325508
0.291068
0.267342
0.309597
0.245966
0.261197
0.303855
0.283586
0.390226
0.294049
0.180823
0.321964
0.416476
0.414380
0.412691
0.345092
0.391680
0.423172
0.220990
0.352121
0.103992
0.419737
0.303006
0.402068
0.349415
0.201715
0.217859
0.430800
0.370901
0.226757
0.307074
0.179434
0.444575
0.463422
0.266875
0.336628
0.319716
0.421461
0.457282
0.414448
0.441774
0.238359
0.307746
0.418023
0.422591
0.125356
0.390081
0.438083
0.133967
0.166151
0.365203
0.450808
0.075611
0.107431
0.311606
0.213919
0.283111
0.223533
0.364293
0.560844
0.099213
0.254193
0.158094
0.365540
0.359322
0.233634
0.371235
0.367936
0.400707
0.253118
0.226450
0.271237
0.521466
0.435715
0.354451
0.413730
0.466742
0.179479
0.224516
0.460144
0.304783
0.397713
0.297619
0.295759
0.281119
0.111814
0.184535
0.475325
0.483667
0.207127
0.389995
0.346343
0.435383
0.322280
0.343819
0.261334
0.306405
0.408997
0.306750
0.520836
0.422646
0.524145
0.445899
0.349126
0.395870
0.392353
0.271545
0.110273
0.202909
0.300855
0.598249
0.255520
0.359010
0.287709
0.382542
0.178910
0.173126
0.250788
0.273169
0.186631
0.128913
0.323186
0.399504
0.147087
0.207242
0.330857
0.391142
0.314942
0.256859
0.250843
0.291087
0.246304
0.195503
0.324086
0.310068
0.401989
0.357309
0.329951
0.281616
0.253021
0.326683
0.350748
0.310114
0.359869
0.225993
0.416548
0.484225
0.158354
0.302185
0.409162
0.319360
0.266527
0.339176
0.304255
0.434411
0.148486
0.350956
0.306719
0.250508
0.357857
0.464371
0.504072
0.537249
0.107766
0.195523
0.488926
0.210884
0.202211
0.462546
0.239776
0.505927
0.518176
0.291407
0.304481
0.478075
0.446652
0.460705
0.132530
0.380988
0.405676
0.246879
0.239257
0.259456
0.327632
0.505302
0.571496
0.500148
0.297150
0.237410
0.508232
0.203659
0.324919
0.335926
0.211228
0.457244
0.469364
0.452360
0.527050
0.486769
0.303063
0.258994
0.103050
0.283478
0.207115
0.221700
0.282322
0.336513
0.512144
0.634324
0.413051
0.356831
0.082537
0.117910
0.393481
0.490522
0.527582
0.489190
0.236461
0.203280
0.469498
0.100405
0.212098
0.204472
0.237843
0.173447
0.213706
0.170174
0.292944
0.327979
0.253283
0.322496
0.325073
0.299879
0.477602
0.465835
0.272880
0.459184
0.458125
0.399485
0.327029
0.340592
0.220806
0.300079
0.309544
0.107693
0.389846
0.290127
0.321188
0.323806
0.358553
0.153978
0.349476
0.467388
0.469205
0.467285
0.368884
0.276080
0.472263
0.456807
0.357630
0.158876
0.419089
0.517723
0.265421
0.053017
0.180093
0.272052
0.238605
0.288699
0.128045
0.176873
0.329752
0.461844
0.473426
0.471706
0.296604
0.336148
0.473766
0.295867
0.322784
0.339216
0.372481
0.298226
0.360265
0.474703
0.193037
0.408032
0.469264
0.078005
0.140003
0.162108
0.321261
0.404265
0.470988
0.499493
0.274722
0.316577
0.395666
0.454984
0.102224
0.271565
0.386601
0.489704
0.169902
0.212212
0.306820
0.473090
0.269114
0.384421
0.453216
0.204356
0.378275
0.418105
0.419159
0.422543
0.207172
0.335139
0.209446
0.164568
0.293931
0.307304
0.121449
0.251327
0.210986
0.351194
0.266142
0.352076
0.346295
0.223912
0.308877
0.260698
0.244678
0.171680
0.048129
0.148721
0.417574
0.399067
0.112606
0.077282
0.163249
0.320407
0.113279
0.257862
0.247944
0.102457
0.388793
0.455138
0.189653
0.274601
0.253850
0.185804
0.429652
0.581813
0.220083
0.260957
0.224432
0.354004
0.269763
0.183407
0.215918
0.414303
0.153446
0.382957
0.497056
0.195845
0.143134
0.251872
0.243205
0.481777
0.533079
0.478054
0.083275
0.092732
0.123255
0.235562
0.209533
0.395572
0.167071
0.256667
0.346348
0.218335
0.142802
0.193639
0.237279
0.483137
0.254458
0.266766
0.459381
0.324624
0.121638
0.188539
0.180370
0.247068
0.229790
0.482179
0.503986
0.496965
0.275042
0.569490
0.520768
0.336273
0.490121
0.145570
0.289293
0.209522
0.299137
0.086162
0.290786
0.335092
0.250872
0.190082
0.279589
0.179488
0.335379
0.425915
0.153273
0.379175
0.204794
0.273107
0.141640
0.307830
0.371123
0.164502
0.233482
0.434820
0.406939
0.303885
0.151385
0.481556
0.332249
0.314015
0.440896
0.195600
0.486713
0.555635
0.443289
0.484085
0.506026
0.482043
0.354256
0.458680
0.106772
0.130220
0.325468
0.535476
0.181818
0.299960
0.411868
0.459789
0.160923
0.213485
0.418019
0.239055
0.415260
0.454751
0.103097
0.268278
0.635592
0.510687
0.348967
0.241043
0.267490
0.337541
0.431191
0.379640
0.448116
0.449219
0.441142
0.463220
0.401469
0.417324
0.495723
0.522394
0.239361
0.164107
0.164362
0.097177
0.244030
0.148543
0.312511
0.478010
0.194718
0.380057
0.223015
0.338151
0.274044
0.186866
0.347646
0.512627
0.484019
0.493092
0.437774
0.441740
0.406602
0.555283
0.541559
0.354318
0.208643
0.397414
0.250389
0.289121
0.353435
0.413752
0.089886
0.271674
0.180390
0.473673
0.519964
0.504303
0.232177
0.221325
0.489600
0.298362
0.265885
0.340515
0.348128
0.482096
0.157031
0.183132
0.369426
0.419765
0.348198
0.301776
0.471457
0.573649
0.200172
0.182984
0.586129
0.216449
0.173820
0.191327
0.377539
0.501366
0.206755
0.351670
0.372326
0.444246
0.435682
0.453648
0.532607
0.478546
0.223712
0.275730
0.481877
0.189607
0.238833
0.332477
0.242775
0.331895
0.431685
0.273762
0.262868
0.296711
0.475616
0.426870
0.362938
0.281821
0.174270
0.262341
0.287056
0.469824
0.445355
0.514568
0.539343
0.480373
0.429503
0.394565
0.277540
0.344044
0.129373
0.139521
0.277397
0.341985
0.215494
0.313612
0.405365
0.315639
0.491302
0.408474
0.273794
0.240885
0.362452
0.410507
0.333722
0.247459
0.166256
0.089492
0.142047
0.236073
0.236654
0.272813
0.295975
0.243805
0.284618
0.376973
0.262303
0.128503
0.370227
0.589803
0.121103
0.301545
0.557691
0.099582
0.203033
0.193854
0.258394
0.394822
0.417009
0.425431
0.292576
0.264354
0.429990
0.340650
0.357943
0.286475
0.401935
0.352193
0.179095
0.272773
0.148453
0.147854
0.314805
0.343731
0.116623
0.358549
0.420764
0.150539
0.367615
0.618802
0.578183
0.401277
0.287755
0.390561
0.404135
0.439018
0.370039
0.409438
0.417975
0.368060
0.355429
0.392136
0.255521
0.189296
0.248981
0.296629
0.363789
0.155658
0.431670
0.435047
0.303209
0.233499
0.334172
0.385981
0.275233
0.206440
0.532869
0.075211
0.093246
0.056209
0.350821
0.420654
0.195678
0.202824
0.458493
0.426492
0.115875
0.215304
0.256309
0.459953
0.166419
0.107728
0.525104
0.533130
0.105053
0.142052
0.222818
0.470105
0.267351
0.316676
0.522805
0.144091
0.524507
0.459997
0.289678
0.291534
0.210963
0.269032
0.103564
0.097847
0.423439
0.464095
0.160380
0.270559
0.231182
0.348226
0.274288
0.181964
0.290893
0.527216
0.605779
0.486789
0.580394
0.452472
0.142048
0.216436
0.526165
0.171414
0.335353
0.494400
0.122000
0.283718
0.303270
0.386011
0.479676
0.405720
0.182135
0.341207
0.077438
0.068517
0.139472
0.127489
0.419814
0.515726
0.235280
0.063862
0.351683
0.341514
0.379230
0.407924
0.179316
0.166310
0.395196
0.458890
0.389784
0.468562
0.302061
0.196680
0.407607
0.397699
0.325156
0.259153
0.348624
0.366467
0.409323
0.330768
0.362392
0.397776
0.181990
0.247427
0.398630
0.139827
0.213773
0.227897
0.538804
0.327019
0.308785
0.389915
0.422755
0.261862
0.266069
0.583312
0.289764
0.096872
0.140822
0.253222
0.413344
0.437986
0.363478
0.434491
0.388098
0.299140
0.473499
0.417383
0.373988
0.355982
0.279793
0.243953
0.278958
0.312694
0.200636
0.203421
0.226387
0.122946
0.105017
0.082375
0.351717
0.415241
0.444942
0.428969
0.406530
0.400789
0.122308
0.322667
0.377441
0.167843
0.347945
0.280786
0.455072
0.485291
0.214100
0.302782
0.539937
0.330706
0.334938
0.311787
0.152103
0.451101
0.402685
0.304815
0.471932
0.211259
0.293340
0.286735
0.215512
0.299130
0.070175
0.140489
0.440488
0.412989
0.107792
0.078437
0.304701
0.399030
0.525054
0.502156
0.475661
0.466170
0.414918
0.422753
0.475907
0.537476
0.510913
0.373086
0.286623
0.218167
0.230105
0.305796
0.292280
0.334556
0.341046
0.230401
0.297634
0.444188
0.466801
0.490488
0.159743
0.106503
0.265585
0.346368
0.187556
0.200929
0.109850
0.136559
0.301467
0.428652
0.253988
0.187359
0.333703
0.208914
0.276560
0.273498
0.399277
0.175691
0.248634
0.211375
0.257596
0.216800
0.468743
0.348419
0.630790
0.474843
0.228877
0.359588
0.294302
0.249953
0.333912
0.411707
0.234775
0.341127
0.214168
0.343328
0.251664
0.337870
0.199102
0.385560
0.433249
0.138627
0.529628
0.365115
0.238518
0.227082
0.168835
0.211785
0.334254
0.277276
0.264400
0.295907
0.229997
0.239110
0.301051
0.322233
0.236250
0.141598
0.353158
0.483422
0.348148
0.457943
0.467029
0.161492
0.163868
0.234225
0.220931
0.278810
0.347040
0.169885
0.175461
0.199092
0.135903
0.274652
0.457437
0.468039
0.252064
0.322964
0.301631
0.257508
0.189769
0.249037
0.310692
0.214217
0.254363
0.269441
0.341772
0.377048
0.202427
0.192200
0.336770
0.472187
0.330586
0.480717
0.227052
0.202196
0.356686
0.403759
0.260004
0.331619
0.404139
0.462271
0.289818
0.236684
0.376090
0.387085
0.212304
0.378269
0.393153
0.340181
0.150903
0.276685
0.299754
0.447954
0.108257
0.133716
0.242691
0.504809
0.186061
0.195927
0.448205
0.437410
0.098824
0.336440
0.571043
0.433769
0.156167
0.207658
0.393499
0.192284
0.185779
0.096595
0.177908
0.289156
0.283636
0.231673
0.255477
0.298366
0.261357
0.221034
0.334620
0.464448
0.209771
0.267982
0.218190
0.523036
0.516525
0.433871
0.128751
0.260978
0.503038
0.197147
0.328726
0.409989
0.424701
0.477879
0.186357
0.474444
0.479352
0.386315
0.380957
0.283898
0.260133
0.234842
0.445729
0.430630
0.467741
0.633421
0.647570
0.442662
0.268008
0.440719
0.461440
0.227724
0.302008
0.258319
0.501666
0.473984
0.209000
0.331482
0.538179
0.249134
0.329541
0.119298
0.324022
0.469486
0.192667
0.111498
0.196139
0.157180
0.313034
0.549815
0.214623
0.265639
0.607125
0.306957
0.254603
0.294287
0.356120
0.311148
0.285784
0.126634
0.130726
0.283710
0.394588
0.437727
0.275654
0.295183
0.309549
0.280039
0.200860
0.097316
0.311011
0.312055
0.495867
0.574004
0.186858
0.363017
0.485758
0.279499
0.230328
0.183399
0.426658
0.361095
0.438220
0.485308
0.518400
0.420426
0.364781
0.310281
0.154690
0.204304
0.228816
0.310644
0.154702
0.207527
0.349000
0.134922
0.163927
0.242084
0.270935
0.443145
0.464986
0.446531
0.238509
0.315579
0.468499
0.292542
0.400588
0.347358
0.284769
0.146682
0.179712
0.134781
0.204527
0.219449
0.384372
0.398392
0.379639
0.443069
0.298799
0.253286
0.120191
0.250562
0.389457
0.496488
0.329340
0.195628
0.085064
0.439604
0.228320
0.494914
0.485980
0.399136
0.477846
0.139348
0.428377
0.409578
0.160506
0.369985
0.387581
0.214953
0.295860
0.166446
0.289541
0.235154
0.451457
0.196402
0.254957
0.207267
0.151002
0.067403
0.152860
0.194096
0.354042
0.251962
0.217109
0.204311
0.240199
0.153366
0.400436
0.397436
0.191154
0.117160
0.153273
0.152508
0.285151
0.407042
0.171723
0.101088
0.481082
0.478637
0.238526
0.273758
0.212469
0.353030
0.238980
0.444837
0.247609
0.161897
0.429175
0.458785
0.126727
0.243987
0.352893
0.074472
0.390441
0.299232
0.209575
0.257150
0.467328
0.261058
0.220464
0.228038
0.373096
0.267745
0.097593
0.177281
0.338583
0.424176
0.372662
0.387868
0.297553
0.308237
0.584461
0.322818
0.290572
0.368390
0.261795
0.275616
0.230941
0.139167
0.210059
0.390133
0.277414
0.219898
0.368864
0.209035
0.233319
0.508500
0.399228
0.311818
0.261455
0.199515
0.384760
0.354070
0.361691
0.486561
0.464302
0.321294
0.489423
0.221268
0.367008
0.333466
0.491759
0.535524
0.186409
0.297862
0.259941
0.282705
0.142588
0.176085
0.493266
0.055181
0.299097
0.204860
0.460197
0.169168
0.185271
0.272891
0.546713
0.057507
0.341222
0.318097
0.430637
0.359977
0.243660
0.199764
0.279205
0.450949
0.415863
0.463379
0.372430
0.309369
0.324601
0.396025
0.211654
0.305385
0.433721
0.332298
0.176836
0.209405
0.236020
0.416083
0.422124
0.407880
0.367218
0.308218
0.304542
0.179142
0.114803
0.197925
0.455626
0.452822
0.223126
0.449231
0.518297
0.091226
0.314147
0.367549
0.414958
0.306735
0.466595
0.484424
0.542236
0.584110
0.349695
0.383945
0.427959
0.178150
0.207588
0.315550
0.419531
0.085492
0.110458
0.196569
0.420998
0.284292
0.228517
0.272982
0.239484
0.207344
0.498160
0.473224
0.231673
0.190034
0.147250
0.322022
0.291330
0.419768
0.341904
0.348710
0.359803
0.436079
0.298903
0.310968
0.471633
0.457537
0.200473
0.382078
0.174411
0.392778
0.525803
0.145327
0.424325
0.483370
0.174393
0.192645
0.311046
0.501854
0.573864
0.480046
0.203283
0.255126
0.416085
0.105893
0.351408
0.236294
0.276753
0.242394
0.175764
0.330854
0.245561
0.383901
0.340612
0.275553
0.374560
0.447311
0.096030
0.252116
0.522429
0.516295
0.243802
0.391355
0.244896
0.282088
0.450302
0.219071
0.180576
0.398969
0.433598
0.114551
0.232112
0.306808
0.316552
0.316138
0.255564
0.173863
0.273401
0.500666
0.138063
0.125939
0.303221
0.365386
0.533566
0.480081
0.301322
0.348600
0.147488
0.235942
0.257661
0.307838
0.514175
0.413026
0.318619
0.187495
0.366100
0.519410
0.467527
0.361123
0.311554
0.217043
0.236338
0.249809
0.476281
0.322721
0.240881
0.376793
0.337927
0.098740
0.235710
0.264110
0.359032
0.237118
0.356034
0.341995
0.188474
0.195571
0.366345
0.322018
0.335496
0.456075
0.487309
0.589699
0.451879
0.400347
0.311312
0.178424
0.200209
0.307673
0.475784
0.501784
0.295927
0.269060
0.302625
0.379881
0.219539
0.209031
0.197087
0.246624
0.308830
0.309360
0.282325
0.225273
0.290530
0.258475
0.358432
0.267059
0.262651
0.267589
0.198774
0.407444
0.265165
0.322723
0.502121
0.246006
0.191801
0.227604
0.289146
0.657380
0.191137
0.239996
0.227222
0.219966
0.326076
0.313556
0.417511
0.274522
0.153466
0.262018
0.258629
0.183774
0.460456
0.456739
0.171530
0.235098
0.394437
0.308715
0.248656
0.374224
0.314539
0.306149
0.226694
0.454220
0.349829
0.213291
0.308259
0.433692
0.295438
0.293981
0.240849
0.295645
0.254014
0.416134
0.141613
0.201199
0.348110
0.107800
0.156117
0.190457
0.208279
0.356170
0.142321
0.194285
0.419319
0.326848
0.258427
0.147367
0.186936
0.202432
0.500123
0.479428
0.160482
0.185553
0.188872
0.363548
0.453103
0.404032
0.286273
0.470844
0.258786
0.406795
0.302693
0.252887
0.471476
0.188129
0.293271
0.389946
0.290409
0.281798
0.137691
0.293786
0.508548
0.493159
0.460269
0.461918
0.281278
0.283723
0.476394
0.474269
0.081589
0.359130
0.192904
0.286324
0.273974
0.489983
0.472498
0.472758
0.286191
0.176548
0.262497
0.296568
0.347234
0.132633
0.171838
0.246773
0.412428
0.210394
0.271151
0.226679
0.511856
0.156292
0.131867
0.250546
0.254510
0.406132
0.465317
0.454990
0.393364
0.350023
0.275758
0.288683
0.267579
0.331018
0.438620
0.244944
0.274004
0.206941
0.464116
0.394395
0.305316
0.341491
0.101102
0.315614
0.336696
0.156297
0.310786
0.370073
0.298856
0.096012
0.542470
0.542111
0.202332
0.123440
0.149098
0.287143
0.238246
0.482560
0.168106
0.192307
0.577808
0.177331
0.404348
0.342346
0.405372
0.302980
0.162907
0.223097
0.073308
0.363391
0.055308
0.191638
0.423036
0.490960
0.213516
0.223160
0.157256
0.258068
0.325562
0.372338
0.278085
0.394295
0.111122
0.231229
0.536044
0.294331
0.262446
0.106717
0.262669
0.443467
0.211148
0.279821
0.453463
0.272611
0.029348
0.026944
0.342354
0.445713
0.196732
0.332374
0.136020
0.228130
0.234006
0.506996
0.130629
0.291691
0.520259
0.114478
0.310001
0.546193
0.365551
0.390878
0.304213
0.330083
0.419758
0.391374
0.460334
0.457948
0.090394
0.327642
0.249838
0.401803
0.239039
0.233810
0.519281
0.521927
0.247270
0.139270
0.382540
0.484600
0.283737
0.304740
0.419404
0.354914
0.249048
0.397693
0.476615
0.412057
0.337087
0.388153
0.115097
0.272245
0.501473
0.046627
0.383700
0.482965
0.316063
0.238051
0.131951
0.209889
0.507791
0.056457
0.298550
0.279645
0.305734
0.227878
0.375467
0.112518
0.549648
0.491976
0.454265
0.412828
0.336168
0.258178
0.243908
0.300980
0.183176
0.341298
0.511005
0.106316
0.177068
0.361815
0.495649
0.128305
0.185721
0.315273
0.530135
0.074173
0.180123
0.252509
0.238932
0.399326
0.394244
0.480235
0.381649
0.426841
0.393415
0.458094
0.480245
0.418960
0.182942
0.258368
0.169229
0.274316
0.295876
0.197129
0.127712
0.177894
0.223918
0.422241
0.270496
0.395691
0.423453
0.373063
0.377702
0.427162
0.177620
0.433570
0.482311
0.237577
0.341644
0.108971
0.208751
0.354700
0.405483
0.254308
0.152915
0.184642
0.240183
0.545814
0.494899
0.394636
0.189227
0.246295
0.423839
0.418677
0.114894
0.169881
0.290546
0.435844
0.314368
0.394361
0.486156
0.492249
0.193482
0.325182
0.391943
0.527153
0.193161
0.372382
0.545682
0.229377
0.210743
0.284184
0.502297
0.152924
0.159023
0.142663
0.245300
0.455911
0.468795
0.464592
0.427797
0.455684
0.458713
0.448992
0.225044
0.431824
0.433830
0.241927
0.306241
0.240677
0.220990
0.264143
0.147483
0.169760
0.310198
0.476243
0.056166
0.307989
0.170691
0.291810
0.508861
0.439762
0.328624
0.222754
0.230235
0.434862
0.444310
0.522715
0.503741
0.456544
0.448511
0.426751
0.231034
0.337778
0.526297
0.156289
0.290260
0.154312
0.228638
0.374404
0.336682
0.272868
0.220553
0.229276
0.223413
0.260314
0.350932
0.305498
0.439548
0.275940
0.202361
0.229647
0.458274
0.177996
0.441831
0.440262
0.514577
0.508608
0.096908
0.343083
0.412842
0.084754
0.431618
0.561724
0.092368
0.283486
0.469974
0.443991
0.120808
0.276102
0.368627
0.203910
0.266485
0.167256
0.108324
0.159004
0.391877
0.524626
0.178912
0.245265
0.344580
0.476394
0.326264
0.121373
0.234814
0.483683
0.278659
0.137888
0.151749
0.192980
0.327447
0.486153
0.095051
0.199426
0.420634
0.344646
0.111635
0.190157
0.329182
0.258847
0.471700
0.151108
0.171238
0.260719
0.230337
0.304038
0.333148
0.427760
0.096714
0.136073
0.249935
0.307502
0.183168
0.465227
0.496388
0.064756
0.204924
0.300374
0.213611
0.308754
0.272913
0.152317
0.453726
0.397569
0.411446
0.531350
0.574468
0.524799
0.606431
0.438087
0.243153
0.411838
0.459804
0.280455
0.480545
0.540819
0.079401
0.161069
0.428162
0.419282
0.388107
0.483164
0.337699
0.435787
0.486349
0.449128
0.446029
0.308338
0.274258
0.231012
0.371422
0.299105
0.283184
0.275574
0.241664
0.322733
0.367960
0.438685
0.300913
0.422650
0.505686
0.440352
0.319871
0.163661
0.361434
0.449798
0.411628
0.410379
0.457069
0.347362
0.494719
0.539212
0.567904
0.483108
0.428896
0.437970
0.325182
0.383864
0.488407
0.500315
0.453545
0.455303
0.382878
0.290158
0.453204
0.091040
0.212668
0.266459
0.339606
0.439518
0.450704
0.447094
0.181983
0.358156
0.490834
0.130339
0.208835
0.300098
0.329708
0.254229
0.064707
0.108231
0.064573
0.115966
0.196460
0.342020
0.265547
0.262144
0.173861
0.231657
0.319270
0.385442
0.160753
0.261088
0.378433
0.129332
0.128211
0.308972
0.234307
0.169117
0.314762
0.081332
0.208747
0.404242
0.287470
0.248245
0.506690
0.527411
0.528527
0.533779
0.451859
0.452133
0.418732
0.533901
0.572595
0.506958
0.341909
0.430585
0.304795
0.305557
0.313899
0.206959
0.382630
0.111658
0.470211
0.535847
0.257248
0.298209
0.503799
0.225704
0.472750
0.408714
0.138912
0.202103
0.231747
0.427193
0.363424
0.577806
0.497183
0.517318
0.234485
0.367314
0.384127
0.242475
0.390082
0.349180
0.319187
0.335549
0.146252
0.156924
0.307633
0.355158
0.242212
0.213572
0.356065
0.412908
0.140267
0.328098
0.423378
0.083641
0.118695
0.307300
0.326961
0.211559
0.317988
0.247964
0.342230
0.084494
0.283513
0.349953
0.442032
0.555410
0.264524
0.532313
0.212922
0.170762
0.365181
0.538244
0.425714
0.509019
0.229731
0.345772
0.373414
0.167587
0.291733
0.582926
0.306422
0.296092
0.254374
0.253517
0.251307
0.342079
0.383398
0.333780
0.138012
0.269027
0.367010
0.382426
0.247915
0.136353
0.233267
0.303216
0.425269
0.252775
0.147136
0.143545
0.244387
0.393316
0.496766
0.521293
0.527087
0.398080
0.331278
0.166503
0.054184
0.060189
0.052557
0.048480
0.265679
0.319134
0.203265
0.125258
0.210853
0.219832
0.374302
0.480989
0.426922
0.386487
0.234648
0.430852
0.205731
0.241486
0.429116
0.503337
0.501325
0.482884
0.536839
0.444271
0.088058
0.171432
0.344580
0.313898
0.493596
0.603467
0.094972
0.395175
0.487738
0.195605
0.262407
0.183614
0.273072
0.384972
0.295235
0.215090
0.146430
0.098301
0.091502
0.136821
0.133161
0.085739
0.359201
0.267548
0.474591
0.411168
0.312429
0.199517
0.385633
0.493807
0.444636
0.335824
0.094109
0.173879
0.298481
0.447767
0.308424
0.222496
0.357320
0.361350
0.466944
0.166374
0.216460
0.200363
0.492583
0.207695
0.245385
0.341216
0.272929
0.263711
0.347429
0.376017
0.361729
0.319370
0.230182
0.125538
0.093997
0.075487
0.170039
0.337224
0.451540
0.371876
0.234572
0.460485
0.523668
0.341286
0.113122
0.374837
0.202234
0.359666
0.438847
0.278469
0.290929
0.253168
0.438064
0.431350
0.128537
0.330859
0.453899
0.166854
0.377793
0.542094
0.464833
0.380821
0.195563
0.251464
0.343977
0.126863
0.120772
0.233167
0.207310
0.458891
0.197197
0.247625
0.433442
0.150864
0.290461
0.300285
0.225439
0.364432
0.449359
0.233747
0.576976
0.568648
0.253724
0.338291
0.266910
0.285421
0.342319
0.283771
0.558243
0.474154
0.476688
0.488829
0.285269
0.216613
0.484103
0.142131
0.190491
0.257932
0.447667
0.127766
0.252409
0.470789
0.386139
0.478446
0.511667
0.466963
0.271081
0.486103
0.452104
0.171622
0.415472
0.471776
0.243543
0.309822
0.419825
0.206244
0.343439
0.126942
0.152700
0.401033
0.276180
0.408410
0.384234
0.421830
0.434289
0.330406
0.375456
0.290088
0.448853
0.430033
0.126722
0.239084
0.334546
0.447858
0.421630
0.449591
0.243848
0.181536
0.142117
0.327911
0.398422
0.161053
0.457428
0.531117
0.525853
0.463364
0.258179
0.355615
0.475261
0.309802
0.352604
0.288712
0.272906
0.242826
0.298624
0.426082
0.472290
0.513071
0.113002
0.512176
0.521571
0.394671
0.369352
0.361839
0.381059
0.364990
0.317049
0.348735
0.479339
0.458786
0.403754
0.459189
0.528092
0.384196
0.298881
0.296087
0.425604
0.180786
0.291545
0.274410
0.465685
0.475462
0.525309
0.443251
0.298255
0.316124
0.542397
0.173280
0.440586
0.331619
0.399123
0.411942
0.436078
0.549571
0.382764
0.295214
0.332647
0.152700
0.323745
0.377309
0.172151
0.304482
0.437549
0.163081
0.199895
0.162410
0.201114
0.165175
0.137626
0.192230
0.276532
0.182444
0.141429
0.374866
0.252866
0.484596
0.282318
0.272530
0.520987
0.210512
0.202462
0.451775
0.145579
0.371544
0.444031
0.439307
0.364895
0.305731
0.283601
0.462103
0.165442
0.313528
0.466377
0.232605
0.253994
0.292074
0.213944
0.141521
0.066654
0.122913
0.205677
0.095889
0.075752
0.171134
0.184726
0.572456
0.225753
0.213832
0.508658
0.243892
0.343473
0.273223
0.252193
0.257502
0.132330
0.327337
0.342563
0.332491
0.227326
0.473482
0.405692
0.469678
0.414997
0.297602
0.461541
0.373967
0.376642
0.511832
0.135286
0.334673
0.504198
0.396242
0.301582
0.194607
0.400781
0.439261
0.469144
0.424585
0.127671
0.376549
0.397995
0.104988
0.282956
0.324659
0.461744
0.172531
0.148943
0.169098
0.350504
0.503271
0.208002
0.195580
0.428689
0.495522
0.126638
0.274915
0.404256
0.168335
0.406223
0.217227
0.273358
0.486265
0.494605
0.406762
0.330014
0.453532
0.239570
0.299003
0.417347
0.142137
0.368056
0.211765
0.285877
0.434551
0.392180
0.350272
0.267187
0.175393
0.271455
0.332703
0.435644
0.398457
0.259383
0.308062
0.281902
0.320949
0.362004
0.388812
0.278595
0.400349
0.342770
0.321884
0.494133
0.435823
0.342601
0.334355
0.219294
0.355620
0.350937
0.323971
0.316746
0.471451
0.419322
0.478259
0.486077
0.507805
0.394605
0.482897
0.199309
0.406564
0.291307
0.315543
0.441882
0.480374
0.396732
0.442869
0.304299
0.234419
0.346659
0.360800
0.354509
0.254554
0.502989
0.081076
0.437120
0.274965
0.207070
0.339290
0.419299
0.386114
0.395870
0.333618
0.236042
0.133766
0.175415
0.135957
0.409716
0.445987
0.419282
0.366969
0.350607
0.466196
0.468146
0.115160
0.385470
0.255294
0.251440
0.377761
0.451062
0.297863
0.188485
0.170238
0.325685
0.429699
0.107532
0.181878
0.408367
0.483105
0.236289
0.304103
0.225716
0.421251
0.335266
0.267001
0.147163
0.382852
0.395256
0.213335
0.361173
0.246670
0.370807
0.416027
0.146670
0.167775
0.316570
0.415091
0.220247
0.130059
0.287222
0.415296
0.494651
0.507723
0.403082
0.310501
0.513876
0.435281
0.069627
0.083372
0.223494
0.377152
0.331213
0.345023
0.269365
0.237890
0.166272
0.118451
0.257770
0.234541
0.463340
0.437164
0.493843
0.465529
0.467806
0.416439
0.137815
0.323310
0.404188
0.136492
0.396541
0.298371
0.552985
0.484465
0.515390
0.513720
0.518151
0.513308
0.510257
0.479523
0.195403
0.354328
0.485837
0.101783
0.229909
0.306658
0.335606
0.296969
0.280343
0.205528
0.146032
0.282779
0.286748
0.430514
0.481600
0.494783
0.460504
0.465422
0.465910
0.467702
0.470626
0.483878
0.459603
0.488513
0.467272
0.599230
0.289252
0.229096
0.213328
0.368063
0.504014
0.233660
0.243258
0.142663
0.287076
0.298122
0.360280
0.401038
0.412417
0.456739
0.438786
0.431754
0.135394
0.352780
0.443573
0.335926
0.372218
0.256724
0.292108
0.294432
0.409038
0.339267
0.349718
0.246795
0.292087
0.306730
0.243152
0.371203
0.325507
0.229804
0.349736
0.123139
0.209164
0.352873
0.355812
0.185865
0.376822
0.526828
0.458476
0.424127
0.229554
0.364238
0.411916
0.106320
0.216480
0.439429
0.465485
0.220196
0.204577
0.241135
0.286333
0.307036
0.217635
0.233609
0.419475
0.213080
0.446608
0.535292
0.273433
0.335626
0.425429
0.141487
0.128235
0.402625
0.090947
0.288253
0.108822
0.138770
0.216454
0.173937
0.205681
0.520242
0.108381
0.234354
0.388927
0.140382
0.150278
0.211292
0.274246
0.527289
0.191712
0.289675
0.342116
0.148650
0.075114
0.368128
0.417967
0.097928
0.169988
0.151582
0.293264
0.439606
0.087005
0.241053
0.372027
0.502252
0.119269
0.170640
0.231372
0.357128
0.640308
0.437135
0.128659
0.242832
0.230098
0.288624
0.265827
0.234297
0.342302
0.356369
0.468110
0.458702
0.265752
0.347873
0.273374
0.264429
0.539578
0.176862
0.367371
0.282151
0.265478
0.424251
0.391178
0.267498
0.551864
0.430547
0.310991
0.232141
0.419367
0.428304
0.327628
0.345423
0.519201
0.177781
0.506457
0.447998
0.215864
0.331211
0.242059
0.224917
0.363530
0.105658
0.310065
0.218270
0.377674
0.186918
0.620168
0.532161
0.122458
0.267273
0.387803
0.209107
0.466166
0.495957
0.471223
0.478642
0.505663
0.459101
0.295672
0.376413
0.471489
0.234803
0.159695
0.161161
0.426415
0.531679
0.145308
0.254286
0.436036
0.557422
0.070521
0.406552
0.271007
0.393707
0.114557
0.365749
0.459832
0.461370
0.318196
0.383056
0.277510
0.342035
0.338699
0.275957
0.539293
0.507922
0.215829
0.324000
0.346916
0.314761
0.338023
0.489629
0.380571
0.286104
0.136179
0.278937
0.211372
0.264613
0.392039
0.523070
0.194030
0.337105
0.380632
0.375180
0.113171
0.165270
0.254417
0.424551
0.440221
0.456850
0.358626
0.352492
0.094122
0.155876
0.384713
0.431248
0.112418
0.219281
0.232003
0.415401
0.466010
0.509111
0.258592
0.420670
0.543591
0.227160
0.251819
0.332752
0.405865
0.123883
0.160642
0.206597
0.313978
0.539581
0.217086
0.344671
0.534506
0.295556
0.338589
0.310674
0.328189
0.412898
0.401922
0.428383
0.382595
0.378390
0.347694
0.266928
0.412262
0.439560
0.208151
0.251324
0.252090
0.286080
0.364662
0.431549
0.419735
0.524910
0.301112
0.407416
0.360943
0.425826
0.226097
0.381678
0.299471
0.252312
0.180759
0.180216
0.369441
0.491489
0.452142
0.400040
0.225523
0.467197
0.387711
0.273010
0.190116
0.236693
0.237899
0.343400
0.264714
0.226569
0.221490
0.393298
0.189479
0.179905
0.316003
0.408780
0.228864
0.275702
0.268429
0.321499
0.191337
0.374394
0.242314
0.219087
0.307718
0.292163
0.466795
0.330066
0.316685
0.301481
0.405120
0.388160
0.230660
0.242570
0.368279
0.101581
0.119496
0.135655
0.240659
0.348520
0.196284
0.217507
0.370094
0.244470
0.183967
0.465105
0.247742
0.307194
0.451856
0.264167
0.246087
0.148884
0.097736
0.101443
0.184679
0.233086
0.101389
0.105224
0.293154
0.244413
0.227431
0.344345
0.291783
0.408334
0.355536
0.208889
0.398876
0.422541
0.238927
0.239002
0.431336
0.106302
0.191603
0.235980
0.308247
0.459688
0.456761
0.473251
0.527718
0.452526
0.483015
0.453950
0.175312
0.351334
0.482791
0.272027
0.251768
0.362290
0.542059
0.451023
0.330516
0.340129
0.478981
0.281833
0.371376
0.408324
0.513850
0.292267
0.533967
0.427030
0.243211
0.381737
0.156783
0.193330
0.212934
0.122203
0.202008
0.170091
0.335607
0.523081
0.420123
0.362426
0.297673
0.322310
0.468322
0.538560
0.533219
0.487049
0.433554
0.323561
0.190409
0.241730
0.444703
0.250921
0.167429
0.284179
0.448517
0.426526
0.292148
0.285388
0.363997
0.409928
0.424650
0.506335
0.316348
0.294442
0.496001
0.234233
0.364812
0.311591
0.261171
0.292398
0.253320
0.256234
0.235689
0.316689
0.298509
0.398064
0.429799
0.462707
0.231805
0.328554
0.287093
0.314022
0.324188
0.294250
0.385568
0.425490
0.525252
0.483074
0.508725
0.439203
0.098090
0.225321
0.236718
0.186084
0.344513
0.480056
0.083673
0.225198
0.452705
0.558248
0.268280
0.199174
0.425833
0.447697
0.205572
0.254669
0.317357
0.125786
0.130389
0.210076
0.334886
0.437494
0.302415
0.172044
0.249616
0.521902
0.225218
0.371146
0.384933
0.362273
0.185977
0.310389
0.312404
0.243680
0.288949
0.362138
0.389387
0.313737
0.464437
0.189389
0.233175
0.335946
0.351205
0.320775
0.153051
0.287371
0.381120
0.432630
0.200323
0.257919
0.248992
0.264774
0.279677
0.252077
0.080203
0.192314
0.448315
0.505190
0.205979
0.313954
0.312316
0.507918
0.355582
0.390274
0.492222
0.481358
0.570091
0.451581
0.423879
0.381440
0.194423
0.198176
0.060688
0.292319
0.491326
0.054876
0.405342
0.344802
0.087628
0.273812
0.475188
0.337463
0.081420
0.121909
0.268880
0.316173
0.371675
0.355319
0.199800
0.266679
0.432075
0.241671
0.438205
0.408940
0.208323
0.275532
0.476084
0.405916
0.371019
0.465378
0.431788
0.360649
0.563290
0.543296
0.249315
0.359171
0.223668
0.363059
0.499736
0.192535
0.263582
0.108484
0.149258
0.266757
0.510855
0.192904
0.176108
0.361051
0.351465
0.407974
0.272697
0.300053
0.173370
0.199603
0.304668
0.366885
0.223434
0.295503
0.191408
0.154375
0.276481
0.324348
0.288531
0.155289
0.123734
0.284736
0.389027
0.469851
0.182359
0.207994
0.155393
0.158021
0.230325
0.462428
0.213023
0.302999
0.321526
0.303519
0.464112
0.555602
0.115242
0.132284
0.136465
0.222867
0.286670
0.348205
0.180440
0.140166
0.465722
0.473186
0.192982
0.099873
0.334880
0.434685
0.259483
0.314404
0.481414
0.431379
0.292328
0.181972
0.341211
0.313287
0.222752
0.161821
0.525173
0.518369
0.340755
0.233918
0.316014
0.406500
0.480884
0.358787
0.336569
0.273354
0.374518
0.154694
0.587470
0.536949
0.366679
0.327403
0.309197
0.230823
0.381037
0.537147
0.130401
0.235223
0.289984
0.364790
0.322769
0.303401
0.224700
0.112451
0.295072
0.321454
0.342149
0.239328
0.210269
0.208655
0.364766
0.495168
0.104241
0.342109
0.593077
0.282447
0.367674
0.115061
0.196507
0.240040
0.233783
0.483744
0.222919
0.268339
0.487391
0.304503
0.323230
0.309639
0.362584
0.388871
0.239696
0.170326
0.191246
0.273143
0.285326
0.175825
0.285038
0.189554
0.477380
0.541854
0.303497
0.335272
0.624991
0.427345
0.223445
0.182963
0.363124
0.457554
0.178338
0.273172
0.493695
0.479590
0.166896
0.243132
0.281889
0.210732
0.153044
0.316666
0.424117
0.114485
0.182902
0.310266
0.420319
0.146989
0.283120
0.361731
0.296832
0.347032
0.396385
0.402613
0.333057
0.214366
0.336668
0.492415
0.448537
0.362713
0.221946
0.391003
0.277388
0.191244
0.223950
0.456761
0.202862
0.220057
0.319298
0.468189
0.476146
0.459866
0.347289
0.401150
0.297360
0.312323
0.358645
0.419032
0.280478
0.400094
0.394625
0.144353
0.515835
0.406996
0.461405
0.336860
0.532725
0.540525
0.091515
0.132014
0.338866
0.360509
0.235101
0.245176
0.403979
0.509139
0.188322
0.165805
0.519457
0.144800
0.232564
0.283752
0.447178
0.491119
0.191502
0.277285
0.472214
0.263564
0.372756
0.357655
0.541803
0.151332
0.133163
0.312797
0.471368
0.450236
0.376059
0.506721
0.189960
0.200780
0.134613
0.182697
0.133538
0.308302
0.530340
0.026746
0.323886
0.198870
0.385625
0.381876
0.252618
0.481182
0.382359
0.165015
0.219028
0.400745
0.443629
0.362344
0.098597
0.278137
0.608253
0.024774
0.121361
0.154272
0.245223
0.340983
0.311969
0.392636
0.230390
0.419055
0.104175
0.433311
0.607639
0.054887
0.517087
0.481719
0.165215
0.237653
0.154357
0.274206
0.094460
0.334016
0.532248
0.173742
0.149092
0.297853
0.434434
0.306718
0.096211
0.253590
0.534892
0.358650
0.187578
0.199878
0.132042
0.201753
0.264721
0.409674
0.380116
0.278961
0.216317
0.175242
0.280332
0.425487
0.427209
0.421198
0.441166
0.548423
0.540198
0.389429
0.269544
0.273706
0.160697
0.116508
0.302673
0.431673
0.274842
0.351281
0.476421
0.409075
0.267324
0.176370
0.329732
0.429239
0.136641
0.349818
0.561279
0.556135
0.221977
0.422674
0.517317
0.200194
0.167570
0.346588
0.475950
0.170595
0.191036
0.222846
0.161060
0.467398
0.150345
0.310613
0.374981
0.490923
0.144875
0.168123
0.242331
0.462555
0.261646
0.322087
0.529839
0.123859
0.148218
0.244951
0.298924
0.380702
0.300379
0.250394
0.201154
0.237209
0.132411
0.245401
0.497195
0.145785
0.209168
0.223862
0.252960
0.404912
0.329235
0.204678
0.215111
0.180987
0.488322
0.497241
0.332568
0.272136
0.146051
0.200248
0.364048
0.445003
0.347393
0.313660
0.150327
0.188575
0.391907
0.512721
0.504701
0.374728
0.488486
0.497211
0.257210
0.330499
0.472895
0.191445
0.172369
0.294568
0.380555
0.285954
0.166611
0.194463
0.287084
0.490238
0.205640
0.201236
0.175113
0.277145
0.280510
0.469888
0.153259
0.237537
0.373588
0.233507
0.276309
0.298124
0.346353
0.317717
0.210740
0.387132
0.538477
0.270071
0.398701
0.405669
0.223466
0.325151
0.484804
0.331201
0.319196
0.232897
0.364028
0.393060
0.348728
0.505932
0.423660
0.575854
0.244341
0.246134
0.428546
0.304857
0.275540
0.384428
0.247901
0.244911
0.362197
0.499699
0.576257
0.584610
0.550193
0.384183
0.307297
0.432378
0.340559
0.317335
0.276013
0.451627
0.298744
0.271507
0.482349
0.326193
0.285347
0.360571
0.328064
0.259474
0.359964
0.232240
0.316598
0.405814
0.460311
0.475056
0.456070
0.554003
0.367254
0.268999
0.428609
0.386751
0.336106
0.321721
0.328882
0.355399
0.328791
0.170682
0.302123
0.507432
0.288541
0.125787
0.239605
0.297307
0.333846
0.361098
0.154572
0.251492
0.335901
0.472767
0.227144
0.246730
0.550542
0.116125
0.204891
0.271599
0.519864
0.447426
0.151459
0.345421
0.407596
0.185334
0.440783
0.496710
0.397928
0.469060
0.137481
0.403399
0.451710
0.198513
0.119379
0.205171
0.388864
0.327425
0.156232
0.128927
0.235752
0.263743
0.209644
0.185496
0.133524
0.163475
0.147151
0.079837
0.055189
0.116107
0.255175
0.281731
0.103790
0.172873
0.376300
0.510207
0.193940
0.212893
0.148990
0.123981
0.151940
0.087076
0.263096
0.074476
0.330099
0.257241
0.236001
0.246966
0.356003
0.165560
0.304244
0.230527
0.049288
0.095259
0.165506
0.236070
0.462178
0.139593
0.229941
0.333531
0.232127
0.368507
0.199148
0.242697
0.627861
0.130973
0.095093
0.213367
0.454575
0.422864
0.212878
0.168926
0.367879
0.527829
0.214336
0.161997
0.298968
0.392098
0.493565
0.412760
0.323340
0.366395
0.407442
0.179727
0.100121
0.245506
0.384921
0.169446
0.146398
0.257097
0.324804
0.326660
0.245251
0.243843
0.290329
0.186336
0.116355
0.225254
0.450799
0.453150
0.197853
0.174589
0.189412
0.274564
0.272646
0.266547
0.334172
0.423660
0.289294
0.250257
0.198949
0.319494
0.267421
0.249938
0.274636
0.269221
0.162292
0.407985
0.219307
0.195802
0.083307
0.258933
0.149695
0.251406
0.419647
0.274048
0.538858
0.558807
0.571384
0.488623
0.403974
0.406334
0.438752
0.487180
0.381351
0.337474
0.288491
0.082148
0.204689
0.223357
0.403955
0.490233
0.259494
0.254024
0.466568
0.393711
0.146118
0.210353
0.162355
0.453113
0.435281
0.259275
0.305525
0.521074
0.148313
0.203162
0.534473
0.081787
0.268851
0.262800
0.331738
0.467614
0.270230
0.316769
0.426810
0.272275
0.345452
0.376639
0.288164
0.242169
0.157405
0.158888
0.179809
0.094739
0.263087
0.387311
0.494623
0.445960
0.475907
0.472932
0.468504
0.451082
0.397358
0.329923
0.163191
0.223959
0.211874
0.316746
0.230189
0.303686
0.435010
0.354604
0.257120
0.283906
0.253643
0.301833
0.451425
0.495626
0.123476
0.379755
0.308991
0.397936
0.147835
0.251101
0.397024
0.525450
0.093769
0.166274
0.368248
0.510991
0.177696
0.156589
0.149114
0.327188
0.358590
0.260141
0.379646
0.416786
0.180205
0.249023
0.110803
0.222150
0.194803
0.396014
0.111992
0.204366
0.235548
0.453346
0.203104
0.369322
0.465122
0.242437
0.251150
0.194053
0.459963
0.249907
0.342024
0.228372
0.310105
0.420147
0.076161
0.175593
0.411338
0.396308
0.328799
0.325154
0.442513
0.496857
0.357091
0.180680
0.308020
0.223782
0.123706
0.314505
0.252691
0.352235
0.404422
0.186172
0.260951
0.223356
0.166526
0.278612
0.457965
0.163303
0.243297
0.074627
0.114380
0.196567
0.202993
0.109115
0.353944
0.227252
0.442390
0.328265
0.248522
0.229609
0.348136
0.285720
0.152980
0.336276
0.302731
0.380050
0.376622
0.527941
0.368227
0.371906
0.493513
0.442118
0.321989
0.340461
0.357148
0.239309
0.272719
0.288523
0.518942
0.415263
0.195295
0.364324
0.412203
0.161146
0.295068
0.335662
0.472698
0.122339
0.326805
0.273154
0.517389
0.549668
0.291831
0.479156
0.184034
0.279329
0.222410
0.397875
0.329428
0.324798
0.384324
0.460096
0.227704
0.473921
0.494818
0.279517
0.383316
0.165413
0.075936
0.268644
0.457320
0.520245
0.157237
0.316387
0.200990
0.194243
0.246209
0.254878
0.238591
0.277104
0.308162
0.326126
0.364594
0.223584
0.448731
0.342460
0.194242
0.086316
0.416616
0.361619
0.407665
0.329451
0.316203
0.358980
0.424255
0.147445
0.398147
0.407426
0.293042
0.236367
0.425282
0.384162
0.376556
0.281044
0.142152
0.181859
0.181134
0.106155
0.168011
0.384260
0.510819
0.192458
0.179680
0.266187
0.238290
0.476268
0.361976
0.440119
0.324506
0.208168
0.327124
0.372177
0.224264
0.240426
0.484393
0.471985
0.173665
0.430555
0.514944
0.393322
0.382806
0.353036
0.274664
0.185267
0.246406
0.214702
0.342675
0.407187
0.141283
0.392072
0.238755
0.339320
0.418733
0.352445
0.425515
0.376369
0.184096
0.254069
0.276237
0.306907
0.164707
0.197243
0.290455
0.116503
0.169025
0.262999
0.417122
0.359099
0.351538
0.583568
0.581716
0.520148
0.236624
0.216805
0.436628
0.139274
0.233745
0.183277
0.298347
0.216342
0.540296
0.416168
0.116153
0.534222
0.373852
0.128482
0.256890
0.269347
0.213520
0.369682
0.354591
0.241931
0.074338
0.127497
0.254614
0.411116
0.216218
0.211399
0.392400
0.369401
0.420406
0.470098
0.095734
0.127741
0.334676
0.428947
0.095855
0.118772
0.345827
0.463799
0.191684
0.168814
0.194908
0.516687
0.078876
0.113802
0.201755
0.132121
0.339902
0.338195
0.273587
0.547316
0.184798
0.298259
0.482045
0.232920
0.340140
0.210335
0.280074
0.498263
0.179661
0.334709
0.551066
0.116282
0.315629
0.495127
0.216044
0.422965
0.497922
0.428433
0.451282
0.308670
0.426846
0.226769
0.059972
0.229770
0.147482
0.405921
0.452573
0.426668
0.197491
0.510663
0.398968
0.215465
0.088966
0.151846
0.167724
0.114523
0.086451
0.184959
0.269419
0.352049
0.271190
0.395233
0.342866
0.402088
0.290010
0.376729
0.179087
0.391927
0.396476
0.265073
0.149558
0.145932
0.509773
0.460866
0.205263
0.289271
0.253474
0.300578
0.030097
0.114071
0.305641
0.466670
0.461758
0.389799
0.018809
0.165921
0.445484
0.372916
0.074697
0.065286
0.141590
0.163432
0.229275
0.427741
0.271823
0.140658
0.336135
0.371017
0.173233
0.287075
0.406515
0.133014
0.173579
0.283541
0.106374
0.248341
0.379875
0.158660
0.245383
0.453995
0.440065
0.410338
0.335110
0.262794
0.093862
0.175092
0.289137
0.383710
0.364758
0.257911
0.430035
0.455209
0.349076
0.301275
0.078560
0.086756
0.233457
0.214560
0.505195
0.478218
0.253472
0.268592
0.407681
0.224937
0.309519
0.206993
0.390742
0.298948
0.336022
0.254497
0.335307
0.401255
0.186503
0.284441
0.208056
0.201823
0.158897
0.424274
0.458397
0.382187
0.175176
0.239392
0.362020
0.244144
0.343608
0.316859
0.383162
0.133098
0.221275
0.295761
0.236151
0.522007
0.397595
0.393783
0.291186
0.292019
0.292725
0.544834
0.391460
0.126708
0.257791
0.408390
0.307334
0.252200
0.285722
0.281974
0.319547
0.224897
0.246142
0.212648
0.165826
0.090000
0.248827
0.084344
0.397812
0.271211
0.196846
0.225468
0.410937
0.413479
0.341305
0.264170
0.107329
0.197633
0.363163
0.565385
0.190797
0.224037
0.317054
0.411309
0.139863
0.135213
0.328083
0.544843
0.189263
0.228519
0.365435
0.322016
0.319230
0.342810
0.262745
0.151261
0.461393
0.400328
0.200392
0.223633
0.087565
0.291697
0.161225
0.303397
0.354914
0.205225
0.305893
0.444823
0.478957
0.394173
0.404825
0.394039
0.495041
0.546984
0.330702
0.346623
0.368348
0.392726
0.518886
0.260650
0.341389
0.199758
0.351819
0.446435
0.118096
0.171317
0.211542
0.257480
0.242534
0.302346
0.279077
0.465125
0.399141
0.324934
0.173904
0.180229
0.273470
0.311829
0.345106
0.224006
0.351896
0.399934
0.211496
0.312561
0.412293
0.459701
0.300691
0.509231
0.242215
0.322333
0.237676
0.292655
0.316893
0.270733
0.178180
0.109559
0.287421
0.350224
0.414411
0.373626
0.248551
0.372790
0.433335
0.268888
0.148664
0.302589
0.326245
0.161233
0.406027
0.430309
0.120142
0.326907
0.431020
0.399773
0.204040
0.378141
0.268314
0.171219
0.363929
0.378643
0.227959
0.162892
0.285723
0.314937
0.313149
0.251783
0.274723
0.152535
0.497328
0.113351
0.119113
0.497790
0.517105
0.456220
0.455173
0.558087
0.215152
0.511531
0.659917
0.223975
0.110809
0.126021
0.082761
0.180937
0.386262
0.473914
0.442979
0.443817
0.368436
0.382883
0.469201
0.374931
0.251250
0.176440
0.212985
0.301819
0.424215
0.253785
0.213757
0.361647
0.285334
0.280550
0.384877
0.180053
0.334997
0.455853
0.209194
0.270516
0.300970
0.328538
0.313664
0.419630
0.222739
0.180908
0.351348
0.443183
0.218910
0.275055
0.370478
0.291026
0.374510
0.218535
0.257963
0.315589
0.244279
0.387864
0.159725
0.378793
0.449051
0.123376
0.326835
0.169623
0.366313
0.420908
0.036399
0.089979
0.118681
0.088722
0.454236
0.381944
0.278287
0.363034
0.442756
0.541610
0.108317
0.357967
0.589016
0.432024
0.355132
0.298464
0.360898
0.292408
0.355967
0.198268
0.483687
0.439334
0.443683
0.387143
0.499036
0.250316
0.481762
0.448358
0.478489
0.545802
0.580759
0.507415
0.376984
0.426244
0.239637
0.314116
0.404209
0.279523
0.195410
0.217202
0.564270
0.496473
0.465197
0.419553
0.167772
0.179351
0.385601
0.110257
0.124073
0.150710
0.358633
0.417485
0.324436
0.364139
0.489042
0.477561
0.321765
0.295893
0.476310
0.104111
0.140022
0.274610
0.474847
0.370903
0.294054
0.371072
0.198656
0.378217
0.318343
0.430129
0.263435
0.166839
0.500474
0.446106
0.090243
0.216364
0.500645
0.535611
0.134839
0.387944
0.467945
0.075065
0.093429
0.214961
0.575231
0.127840
0.475107
0.419858
0.326058
0.271930
0.147197
0.191338
0.287624
0.322929
0.209137
0.420862
0.273446
0.240931
0.425384
0.155614
0.228696
0.341488
0.300451
0.321719
0.333377
0.181756
0.486345
0.470271
0.147067
0.228113
0.325858
0.216133
0.354965
0.496421
0.353375
0.450260
0.456857
0.491173
0.188422
0.255103
0.424080
0.451976
0.499068
0.451887
0.503290
0.492212
0.472295
0.416036
0.380058
0.332375
0.380849
0.456132
0.522554
0.338627
0.499236
0.473031
0.236041
0.294855
0.440083
0.510290
0.186777
0.391130
0.441955
0.267611
0.457017
0.532018
0.109760
0.235471
0.359984
0.365143
0.268827
0.435727
0.337710
0.372924
0.443562
0.455524
0.110872
0.287920
0.278425
0.509894
0.235118
0.384349
0.481975
0.208095
0.481938
0.457059
0.211544
0.204024
0.296080
0.432537
0.187425
0.346726
0.446100
0.179086
0.350525
0.237355
0.377961
0.222029
0.236218
0.280801
0.257869
0.305709
0.246792
0.319587
0.417907
0.474810
0.375266
0.360553
0.248797
0.162685
0.171026
0.241361
0.363944
0.399295
0.347783
0.346477
0.136454
0.299830
0.226831
0.255671
0.306924
0.305815
0.309838
0.379204
0.220084
0.310151
0.148622
0.249109
0.263431
0.389971
0.376264
0.383558
0.289172
0.332931
0.489870
0.187425
0.132256
0.205890
0.517640
0.496469
0.453174
0.535453
0.346304
0.399869
0.258274
0.339543
0.234547
0.458184
0.377847
0.341541
0.378307
0.230542
0.228081
0.322678
0.219272
0.377377
0.056580
0.406459
0.441791
0.291724
0.136372
0.268031
0.424231
0.436361
0.428384
0.512043
0.558217
0.462208
0.304306
0.313279
0.480756
0.140085
0.293482
0.281493
0.546956
0.465913
0.427584
0.349274
0.260252
0.269313
0.476367
0.239836
0.157736
0.248929
0.622801
0.199199
0.265428
0.435590
0.363810
0.376230
0.427806
0.277048
0.306028
0.271377
0.195618
0.486945
0.181349
0.421432
0.401745
0.338054
0.255014
0.428016
0.267806
0.424005
0.182859
0.230054
0.463797
0.175391
0.259999
0.473709
0.399710
0.225633
0.068553
0.158814
0.201483
0.110751
0.131804
0.255643
0.419099
0.546353
0.308475
0.164503
0.232162
0.304401
0.354394
0.373169
0.256472
0.476516
0.481431
0.157574
0.334629
0.092604
0.211147
0.182386
0.276488
0.341434
0.156868
0.249897
0.393498
0.180149
0.419118
0.385501
0.110121
0.234476
0.329981
0.203928
0.405371
0.515737
0.521991
0.478012
0.249197
0.455970
0.500717
0.173226
0.223354
0.092661
0.331226
0.483808
0.125405
0.176931
0.425300
0.083846
0.220508
0.224590
0.354469
0.534260
0.377222
0.287715
0.204200
0.255331
0.370568
0.390518
0.219654
0.195683
0.390179
0.450587
0.170143
0.239807
0.518778
0.180239
0.444094
0.374855
0.301226
0.382512
0.389726
0.528377
0.486228
0.462787
0.393777
0.371141
0.508261
0.565352
0.221027
0.426881
0.512826
0.364529
0.533092
0.436827
0.226567
0.326340
0.399982
0.394376
0.443161
0.525028
0.462551
0.583969
0.068420
0.207008
0.183095
0.381445
0.395310
0.514707
0.295280
0.251063
0.427228
0.428200
0.214702
0.466106
0.496990
0.487881
0.133288
0.149305
0.403523
0.441534
0.181353
0.255796
0.373931
0.259748
0.235020
0.353155
0.393305
0.384978
0.378142
0.313633
0.117576
0.358711
0.433052
0.142613
0.429601
0.405011
0.460821
0.510177
0.343194
0.469805
0.161595
0.347133
0.407271
0.109268
0.186392
0.289185
0.328704
0.347581
0.190161
0.216702
0.345353
0.444499
0.498523
0.478968
0.427109
0.346618
0.517414
0.448920
0.237165
0.279373
0.452709
0.202727
0.362793
0.247870
0.357282
0.239851
0.289710
0.256422
0.234606
0.234883
0.252343
0.535427
0.482784
0.065402
0.116691
0.171720
0.328397
0.473090
0.318546
0.363110
0.442547
0.132830
0.248286
0.102363
0.558279
0.494480
0.140195
0.307728
0.423218
0.075977
0.341035
0.472808
0.218420
0.309050
0.188741
0.218649
0.370282
0.450579
0.414972
0.403211
0.307644
0.274154
0.368535
0.540669
0.349214
0.316559
0.493630
0.330469
0.489964
0.529623
0.199714
0.208462
0.432168
0.481487
0.296285
0.547320
0.527883
0.290765
0.290773
0.322160
0.472313
0.255087
0.084272
0.156446
0.499278
0.409731
0.257935
0.182463
0.337618
0.322325
0.263187
0.399026
0.464174
0.301166
0.154460
0.272716
0.260420
0.290182
0.316705
0.299763
0.553332
0.480410
0.368434
0.371966
0.089897
0.215924
0.352620
0.466093
0.158563
0.299271
0.409974
0.255819
0.464372
0.516818
0.095837
0.144316
0.430926
0.480985
0.251721
0.331388
0.387831
0.174414
0.559469
0.541976
0.382439
0.295628
0.146352
0.359079
0.503948
0.073173
0.127688
0.167560
0.198508
0.135661
0.516448
0.596929
0.174733
0.385124
0.365322
0.492404
0.353923
0.361376
0.451899
0.462477
0.335230
0.269021
0.462114
0.435676
0.362567
0.407984
0.561316
0.451862
0.380369
0.204673
0.350876
0.516790
0.166155
0.456862
0.470540
0.399560
0.396944
0.341737
0.190289
0.344126
0.386901
0.229102
0.272600
0.301414
0.407240
0.345266
0.441687
0.118657
0.102337
0.183354
0.450242
0.487735
0.467290
0.385067
0.344157
0.344207
0.237032
0.267468
0.338320
0.452626
0.506803
0.461855
0.238584
0.239668
0.280194
0.331056
0.417670
0.398475
0.299372
0.217954
0.266859
0.340625
0.405956
0.413860
0.313880
0.174358
0.445130
0.447217
0.388530
0.286727
0.518964
0.506608
0.185279
0.445205
0.297508
0.399273
0.476825
0.273322
0.438465
0.121744
0.184547
0.077816
0.301956
0.407217
0.207558
0.367530
0.377916
0.120973
0.333447
0.380760
0.195309
0.243352
0.480311
0.270991
0.207236
0.262255
0.306633
0.457014
0.468644
0.437510
0.179529
0.365725
0.430163
0.325146
0.381549
0.381036
0.298028
0.328288
0.376617
0.385841
0.170941
0.355655
0.183344
0.222394
0.360609
0.369222
0.203846
0.413072
0.425677
0.438491
0.334318
0.306024
0.327640
0.257134
0.283927
0.300380
0.408872
0.446355
0.158683
0.155545
0.328287
0.316044
0.166765
0.243096
0.479903
0.372766
0.322456
0.208211
0.324520
0.260509
0.390188
0.128579
0.081292
0.166655
0.427440
0.499893
0.116046
0.220842
0.400307
0.409296
0.326057
0.512922
0.151431
0.262237
0.532811
0.121930
0.304279
0.228559
0.355301
0.368122
0.193226
0.177954
0.264018
0.394052
0.230710
0.443827
0.130522
0.318794
0.386263
0.315246
0.115712
0.342615
0.481331
0.024445
0.070373
0.320613
0.485220
0.514075
0.177282
0.230266
0.344729
0.115350
0.108702
0.313023
0.482504
0.022715
0.127144
0.212076
0.205523
0.433216
0.184944
0.332280
0.474128
0.447945
0.391655
0.241945
0.356028
0.133218
0.550986
0.464839
0.117866
0.265076
0.441957
0.466971
0.473498
0.401236
0.332163
0.191936
0.200131
0.435833
0.287564
0.243240
0.506777
0.231409
0.517996
0.478552
0.126401
0.307380
0.253430
0.345860
0.156200
0.248045
0.141540
0.241858
0.492289
0.168486
0.202900
0.317542
0.361307
0.222357
0.125228
0.335940
0.458265
0.538476
0.162763
0.313721
0.453460
0.408004
0.333343
0.573052
0.428929
0.300435
0.416914
0.208139
0.215482
0.329290
0.372509
0.071066
0.249496
0.165654
0.350854
0.401421
0.169996
0.359247
0.437830
0.326548
0.261749
0.256264
0.179712
0.358420
0.328127
0.359453
0.150549
0.412210
0.560408
0.069292
0.235414
0.236269
0.118391
0.224760
0.445739
0.483907
0.561769
0.419071
0.440989
0.471625
0.260618
0.274950
0.157805
0.283175
0.273360
0.187612
0.366948
0.484902
0.266043
0.250992
0.372316
0.211886
0.462549
0.345913
0.313283
0.242279
0.240362
0.264789
0.346992
0.236136
0.495483
0.457928
0.200457
0.253125
0.556536
0.139948
0.152574
0.156738
0.267213
0.423040
0.281382
0.263393
0.578069
0.163419
0.213102
0.212554
0.201753
0.234810
0.248750
0.387428
0.555769
0.165509
0.159717
0.287521
0.366382
0.428014
0.263628
0.353228
0.286978
0.238176
0.361492
0.311884
0.357547
0.350563
0.492704
0.450632
0.389202
0.377296
0.358498
0.358260
0.413435
0.329018
0.221245
0.346833
0.336142
0.331764
0.317828
0.264003
0.153221
0.214505
0.243579
0.168915
0.146830
0.126128
0.171854
0.100491
0.196174
0.270528
0.457794
0.354865
0.122659
0.363534
0.289072
0.088863
0.515174
0.509436
0.216775
0.084585
0.161361
0.384547
0.390776
0.103244
0.166541
0.178600
0.385739
0.434542
0.148812
0.132720
0.330649
0.386157
0.428156
0.444169
0.146345
0.411047
0.465266
0.303674
0.185404
0.167394
0.261799
0.163400
0.335043
0.389070
0.075163
0.083901
0.055577
0.378298
0.337038
0.440587
0.112201
0.319838
0.446487
0.498578
0.556874
0.359638
0.241050
0.264950
0.338927
0.421226
0.237258
0.291197
0.247702
0.339463
0.255814
0.360870
0.419137
0.222017
0.378432
0.372417
0.245542
0.400821
0.492224
0.417071
0.316792
0.216156
0.449308
0.498559
0.524877
0.504179
0.156046
0.289950
0.406004
0.155205
0.222843
0.399232
0.341277
0.359562
0.385862
0.352537
0.356584
0.468548
0.295016
0.227442
0.533576
0.144127
0.192373
0.158048
0.300960
0.460509
0.396725
0.437149
0.244853
0.162828
0.310890
0.470220
0.489735
0.497766
0.174426
0.233848
0.472901
0.228404
0.298804
0.420180
0.659188
0.308865
0.270294
0.158926
0.454452
0.415394
0.288619
0.265929
0.598827
0.514803
0.097374
0.236790
0.478756
0.117784
0.226664
0.505755
0.459172
0.247498
0.195467
0.289538
0.282503
0.119694
0.244226
0.333975
0.116166
0.179582
0.256344
0.524854
0.466315
0.338501
0.227145
0.272751
0.263769
0.497507
0.434414
0.539852
0.566209
0.582586
0.269289
0.299182
0.528889
0.148621
0.265636
0.384787
0.388493
0.333675
0.262257
0.191690
0.378339
0.221954
0.182312
0.143217
0.211127
0.390378
0.377753
0.455201
0.481857
0.457665
0.454431
0.446828
0.558563
0.625011
0.110140
0.374948
0.543270
0.107256
0.287718
0.284669
0.356621
0.392912
0.380476
0.341443
0.243894
0.211949
0.186789
0.214282
0.451976
0.486805
0.095189
0.314521
0.210087
0.233524
0.332781
0.297315
0.249450
0.295261
0.376061
0.496063
0.448370
0.495840
0.204693
0.214302
0.496392
0.133293
0.234653
0.270826
0.284517
0.294694
0.253107
0.111301
0.384195
0.328137
0.326099
0.425321
0.436720
0.455638
0.448569
0.283014
0.215817
0.118214
0.149494
0.275662
0.465532
0.312108
0.265546
0.124707
0.295080
0.419767
0.074509
0.142133
0.383193
0.527734
0.379331
0.544917
0.246825
0.317538
0.502956
0.187374
0.230155
0.266101
0.177886
0.346710
0.430816
0.139002
0.230090
0.515451
0.470361
0.564907
0.245907
0.430441
0.468631
0.290579
0.190440
0.232057
0.247279
0.294790
0.079897
0.081899
0.110507
0.436967
0.491731
0.220742
0.207007
0.191994
0.180666
0.212952
0.235453
0.461120
0.252375
0.243130
0.111775
0.294768
0.243412
0.305683
0.175823
0.388186
0.425019
0.362804
0.253196
0.221797
0.287645
0.494819
0.199986
0.360321
0.418042
0.165533
0.118980
0.266810
0.212265
0.329730
0.329093
0.206535
0.202486
0.445538
0.335384
0.371223
0.446284
0.314124
0.331816
0.167577
0.236282
0.081236
0.116571
0.215143
0.314836
0.495279
0.172312
0.235289
0.474141
0.235663
0.399339
0.216851
0.372670
0.520058
0.490089
0.375229
0.188578
0.346616
0.156529
0.257292
0.223771
0.484828
0.284032
0.326023
0.542255
0.105372
0.248115
0.324856
0.446900
0.514752
0.470372
0.470832
0.346328
0.288500
0.563605
0.518743
0.294902
0.320326
0.318629
0.251743
0.220643
0.410327
0.370967
0.318402
0.404148
0.298341
0.440248
0.485284
0.485901
0.551948
0.202846
0.322205
0.480277
0.300987
0.359026
0.293866
0.287466
0.405784
0.260201
0.387621
0.408301
0.295715
0.363574
0.489520
0.497767
0.431403
0.451192
0.453113
0.536858
0.496383
0.185338
0.401873
0.487906
0.254407
0.228294
0.282160
0.374511
0.491473
0.556085
0.501038
0.483887
0.570270
0.379924
0.448650
0.183073
0.348384
0.478256
0.496492
0.426811
0.515544
0.421026
0.481576
0.082096
0.225652
0.193426
0.447886
0.229199
0.379314
0.438222
0.378398
0.125975
0.158458
