0.0927113940528
0.0908445257648
0.119890231938
0.12710318175
0.0997520730691
0.0840059182114
0.0924242015121
0.10181282044
0.120109463841
0.155292014092
0.138892304682
0.131175313108
0.136593595341
0.112851016568
0.125037483994
0.11197866653
0.110504834
0.150757390085
0.120704462314
0.137519579886
0.10236358479
0.0760698470257
0.0760743373189
0.0490928367014
0.0471507798842
0.053940945389
0.0540082172296
0.0707080056293
0.0680802241788
0.0348798896754
0.0488061867661
0.0650160419762
0.0623346244137
0.0867098150331
0.075563554082
0.031503876418
0.0351822404696
0.0637268852048
0.0690058398602
0.0665273553217
0.0441176031217
0.0344492079913
0.0413197879813
0.0323167635524
0.0410711831005
0.0410057981321
0.0424891042824
0.036429896256
0.0355169296832
0.0421249557611
0.0356533981521
0.0487413418012
0.0632985053137
0.0492783086545
0.019509354457
0.0285883398248
0.0440793550246
0.0327602665591
0.020552208477
0.020523538262
0.0209880289719
0.0127938929129
0.0186791483622
0.0133148580391
0.0454502073842
0.0314859662333
0.0223355436512
0.0765444865541
0.0806392742226
0.045157001598
0.0409668928067
0.0328073053639
0.0325032538318
0.0459713632318
0.0863874635965
0.0634593296532
0.0773660226584
0.0414948270122
0.0372012959123
0.0511209526266
0.0782070613089
0.0879323412109
0.0792726992371
0.0484837893453
0.0521597069303
0.0626717655977
0.0396044139423
0.0432234648395
0.0419927762793
0.0386882565947
0.0862391341213
0.0544003691964
0.048422840259
0.0602368178862
0.0492988616385
0.0336980290524
0.0617489855092
0.100127633379
0.0674454018322
0.0218472015269
0.01924749761
0.0199977670329
0.0269677966507
0.0242279093591
0.0209525820073
0.0212191915262
0.0307904703343
0.0242885033393
0.0297543081536
0.0398301788456
0.0255672151723
0.0303781003264
0.0340946256498
0.0472221191914
0.0607278122508
0.0610754688554
0.0478947005257
0.0409316973573
0.0330824481812
0.0491505727296
0.0410851936412
0.0505152656975
0.0153074662233
0.0139114855368
0.0192778609093
0.0217913412584
0.0147326831233
0.0298155314037
0.0205249609106
0.0305928256177
0.0312795833856
0.0858683750254
0.0554396127933
0.0554581892145
0.0371156919456
0.0245432883461
0.0204451726128
0.0594989818178
0.0350088017494
0.0311915025198
0.028901254628
0.0233218045715
0.0201609802432
0.0244203472436
0.0365513732648
0.0558144647857
0.0638193589877
0.0494298863986
0.0330518806773
0.0306241257419
0.0256810318852
0.0423584162859
0.0431926116287
0.0512748133814
0.0265444700534
0.0232749466745
0.0168718753959
0.0152220846947
0.0153143853343
0.0135526811315
0.0262895101032
0.0358786978697
0.029525749229
0.0280344862428
0.020278987877
0.0167725626087
0.0209399720826
0.0167932968701
0.0266639731659
0.0220315907599
0.0175658834874
0.0288486753548
0.0160734212916
0.0178309365069
0.0160906528209
0.0258562468419
0.0237157311778
0.0175236735401
0.0226375180097
0.030186421813
0.0386699996631
0.0197173341769
0.0288237604825
0.0555860782545
0.0756549421253
0.0781354429841
0.0373724312957
0.010993747348
0.017600938731
0.0124373260075
0.0096569528547
0.00847662811685
0.00802877627677
0.00768085373387
0.00770866933291
0.0140023991757
0.0149988657436
0.00854391358378
0.00903849061193
0.00791742503041
0.012816282882
0.02067001175
0.0139054196831
0.0203897212782
0.0191208953924
0.0183852294086
0.0144075484307
0.0305014918607
0.0337462304719
0.020981909054
0.0147952153249
0.0251651277043
0.0751124915731
0.0554365996792
0.00673483003289
0.00620962118661
0.00913982506541
0.00706894967352
0.0283897259676
0.047168429657
0.0176353516277
0.0228932437667
0.018932839075
0.0339702080408
0.0148501548973
0.00799423964028
0.00517703969435
0.00473953467083
0.0072089762536
0.00927522895741
0.00792834645295
0.0108591646662
0.0119673333027
0.00988457537775
0.0146420976565
0.0142417973711
0.0202184078877
0.0157725982557
0.0194600021703
0.0180796403101
0.0293633735789
0.0346477125256
0.0286400113604
0.0293633668711
0.0309023692943
0.0237873437899
0.018801599512
0.0182005854053
0.0158934273307
0.0220727452573
0.0134623652079
0.0127546678458
0.0111570125776
0.0167418228539
0.0167486578526
0.0173499481288
0.0210559891936
0.0229539276874
0.0308681138509
0.0302990159779
0.0339021376859
0.0371357790874
0.080294738618
0.074200724941
0.0361111099691
0.0301834111784
0.0310096241553
0.0300220407252
0.0527363050063
0.0585832448055
0.0203585695371
0.0211307724244
0.0223607263956
0.0223628920135
0.0444863667462
0.0425670782283
0.026845148777
0.023256374966
0.0490457263866
0.0526654191346
0.0189869331637
0.0197845749611
0.0234626975646
0.0204019753991
0.0309094514301
0.0265862315976
0.00997908017433
0.0292185633734
0.032128074418
0.0188374445762
0.020368484451
0.013589448536
0.00484358754326
0.00432327247371
0.00533962335821
0.00432396781144
0.00521387813904
0.00412998928394
0.00463866857619
0.00548038955651
0.00704332039974
0.00485972285647
0.00449790216748
0.0068399995658
0.0163613059132
0.0181139744193
0.0224345116979
0.0232815233466
0.028168717185
0.0277784102455
0.0128487624964
0.0103159903664
0.00681859400324
0.00514721760936
0.00492298947162
0.00501137788013
0.00359703069476
0.00399070543226
0.00450077836656
0.00406028683626
0.00829637219739
0.00689823073417
0.00555438436945
0.00565200406911
0.0060835761186
0.00729903002654
0.00654042001862
0.00743541759588
0.0056094804637
0.00541347964622
0.0048407659057
0.00676850231922
0.00910736395557
0.00780413071978
0.00688391275165
0.00896862196627
0.00869700435441
0.00736398570697
0.00663673214108
0.00856464932266
0.0246411504466
0.0224931783859
0.0132515319271
0.0136289911683
0.0100791024863
0.00915793058376
0.00857267800514
0.0093598745114
0.00891653115074
0.00823691531421
0.00808480240992
0.0087273035449
0.0187211930372
0.00853260052106
0.00656203433905
0.00701657891964
