0.0449506849447
0.0422522760097
0.0422925698557
0.0409060476122
0.0451257976218
0.0421510383205
0.0420477678064
0.0411759336354
0.0451205658348
0.0421253628916
0.0421634354002
0.0450618505917
0.04231322527
0.0423166058008
0.0409325792035
0.0450567312896
0.0421513495306
0.0420552568801
0.0410429190787
0.0451315895161
0.0422207914569
0.0421337944084
0.0411881673087
0.0450846172602
0.0422302690496
0.0422770353265
0.0410163932928
0.0450798634647
0.04211194685
0.042160484304
0.0410736167631
0.0449964697671
0.0422175514301
0.0423029864903
0.041089649095
0.0449924278129
0.042106818854
0.0421845799464
0.0410043865519
0.0451699679987
0.0423086034661
0.0422636264505
0.0410217491399
0.0449720597733
0.042105933225
0.042059486638
0.041070154766
0.0452396209616
0.0421921622461
0.0422588756831
0.0410789769103
0.0449287707906
0.0421482972847
0.0421950654698
0.0411676950776
0.0450913490456
0.0423726915123
0.0423363762738
0.0409546380615
0.0450891023752
0.0421030235524
0.0421120859018
0.0410890763099
0.045097239364
0.0420180805547
0.0421852332161
0.0411954360276
0.0448952913038
0.0422478079313
0.0422574611992
0.0450255761346
0.0421175230753
0.0422509857992
0.0450277071507
0.0420876127679
0.0421652718775
0.0449852213093
0.0422069046603
0.042198650248
0.0410025108347
0.0452397616373
0.0422242789488
0.0422728649697
0.0410181493854
0.0448633142863
0.0422137532446
0.0422613746582
0.041101385889
0.0451759765224
0.0422558067371
0.0421819830496
0.0411558695692
0.0450076122284
0.0420703807625
0.0421096653098
0.0410199760635
0.0451920889675
0.042286482521
0.0422955792637
0.040989796334
0.0450392714639
0.0420599753269
0.0420832644557
0.0411057020071
0.044996738054
0.0422172834068
0.042336936719
0.0410556989223
0.0449805679377
0.0422112422407
0.0422009394919
0.0410331615739
0.0451315050879
0.0421833812301
0.0421810369716
0.0411123916691
0.0450801103675
0.0422722703229
0.0423161619981
0.0410057998489
0.045097886486
0.0421101947603
0.0420159129468
0.0410822627846
0.045084229826
0.0422908461017
0.0422502612684
0.0409989237359
0.0450782890231
0.0421676387322
0.0421559335266
0.0410601775599
0.0451281529369
0.0421486841313
0.0421478218714
0.0410758797258
0.0450323182392
0.0421706431656
0.0421414411476
0.0410571763185
0.0342805856317
0.0344031331858
0.0342805856317
0.0344213738831
0.0345435611945
0.0344213738831
0.0447344132771
0.0392099702531
0.0392480028696
0.0449904906953
0.0392480028696
0.0392099702531
0.0447344132771
0.0392515348108
0.0393922459787
0.0449068858862
0.0392099702531
0.0392480028696
0.0449904906953
0.0392480028696
0.0392099702531
0.0449068858862
0.0393922459787
0.0392515348108
0.0427550166179
0.0384675305972
0.0426702799206
0.039647721391
0.0395935063205
0.0427305630697
0.0383949199244
0.0427305630697
0.0395935063205
0.039647721391
0.0426702799206
0.0384675305972
0.0427550166179
0.039623438168
0.039623438168
0.0428726355879
0.0385515361659
0.0426702799206
0.039647721391
0.0395935063205
0.0427305630697
0.0383949199244
0.0427305630697
0.0395935063205
0.039647721391
0.0426702799206
0.0385515361659
0.0428726355879
0.039623438168
0.039623438168
0.0410775057239
0.0380310162105
0.0416664153906
0.0381562159615
0.0411819896253
0.0388807230193
0.0389932054402
0.0411555506645
0.0381699272006
0.0416256233587
0.0381699272006
0.0411555506645
0.0389932054402
0.0388807230193
0.0411819896253
0.0381562159615
0.0416664153906
0.0380310162105
0.0410775057239
0.0388319340266
0.0389725389473
0.0410988940758
0.0380765004826
0.0418246201029
0.0381562159615
0.0411819896253
0.0411819896253
0.0381562159615
0.0418246201029
0.0380765004826
0.0410988940758
0.0389725389473
0.0388319340266
0.0396360991301
0.0386095323074
0.0399577865253
0.0383880431385
0.0401672079313
0.0383744724003
0.0399677827037
0.0386992977714
0.0396609606824
0.0391599052093
0.0387888154111
0.0397480814663
0.0386677740761
0.040081600018
0.0383079009116
0.0402233019312
0.0383764957363
0.0398574211409
0.0387829773483
0.0393562195117
0.0392332851065
0.0387048083608
0.039814544993
0.0385910671821
0.0400637546449
0.0382683795875
0.0402156435234
0.0384402805921
0.0397726596043
0.0388245782076
0.0401001389056
0.0383329235025
0.0399158111154
0.0385750866525
0.0397650781968
0.0390769055581
0.0390769055581
0.0393983426809
0.0391933156354
0.0396770401681
0.0390358729056
0.0397692666547
0.0389376797299
0.0398430155328
0.0390181398326
0.0399401482346
0.0390428520251
0.0397517165573
0.0391961324176
0.0393602286007
0.0394623171266
0.0395534372843
0.0393800552215
0.0392753147855
0.0395905454054
0.0390914831293
0.039842900638
0.0390156334724
0.03998793353
0.0390296560996
0.0399199867516
0.0390929870437
0.0397097623356
0.0391609441727
0.0396268870655
0.0393352171311
0.039197702235
0.0397637340362
0.0393352171311
0.0395052998565
0.0391957921275
0.0398508622805
0.0398187254379
0.0390790330068
0.0397077367619
0.0392198786937
0.0394086066869
0.0396255476965
0.03948473298
0.0396895150481
0.0388330647516
0.0398564940348
0.0387716510288
0.0400449189474
0.0387501926608
0.0401613228461
0.038670080424
0.0401301366058
0.0386877950102
0.0400449486858
0.0387081149631
0.0398882115574
0.038851813616
0.0398327757632
0.0389901453896
0.0390966792771
0.0396754992029
0.0389333464719
0.0399591037625
0.0388052389311
0.0399048146782
0.0386169387866
0.0400402494904
0.0386401465997
0.0401464391976
0.0386539998706
0.0400503146055
0.0387429624706
0.0400464234015
0.0388773571247
0.0397577516656
0.0389415224343
0.039146529479
0.0397118223235
0.0389415224343
0.0397577516656
0.0388773571247
0.0400464234015
0.0400449189474
0.0387716510288
0.0398564940348
0.0388330647516
0.039830961958
0.039168217326
0.0390275376625
0.0391143548074
0.038848422735
0.0392392612188
0.038590803247
0.0393851890595
0.0386857442251
0.0393415979753
0.0385622450753
0.0393815827005
0.0384636524559
0.0394509547191
0.0385191548356
0.0394540740102
0.0386593795766
0.0394850960902
0.0385400594187
0.0393742371355
0.0386388242834
0.0393601621059
0.0386899961876
0.0392581194787
0.0386965641886
0.0391893100348
0.0388881379086
0.0388770823237
0.0390907196308
0.0387071442889
0.0391710891602
0.0387104607212
0.0392952726546
0.0386952487393
0.0394163306765
0.0384657124333
0.0394723104594
0.038670877715
0.0393669839713
0.0384094202508
0.0393934515497
0.0385465835321
0.0393669839713
0.0385266609506
0.0394516686212
0.0392237669787
0.0387102361656
0.0392552524511
0.0388453689132
0.0387048451231
0.0388753549823
0.0397867149341
0.0390739501618
0.0396711712992
0.0388570676615
0.0396919818225
0.0390875462903
0.0397735014048
0.0390947629997
0.0396426575925
0.0389831599059
0.0397315825541
0.0390411068651
0.0396289688359
0.0391148474879
0.0396810286062
0.0390587428881
0.0396434357744
0.0391008322322
0.0395292126819
0.039154788944
0.0396977125443
0.0390979764694
0.0395740126219
0.0392107029394
0.0395721413655
0.0391181681224
0.0395900984496
0.0390630722326
0.039653596886
0.0392126795947
0.0395574186342
0.0392384697236
0.039641949148
0.0390374198558
0.0395023943705
0.039304945837
0.0396846697227
0.0390711668113
0.0394862495813
0.0392146235606
0.0396846697227
0.0391713068968
0.039514189948
0.0389456986585
0.0399150507328
0.0390130488555
0.0397880890751
0.0397880890751
0.039747713906
0.0396049953794
0.0397595880449
0.0397042779244
0.039721792114
0.0397284964509
0.039768875531
0.0396238801892
0.0398414649235
0.0395822979405
0.0397231377946
0.0397388593382
0.0398697050215
0.0395741495455
0.0398102675292
0.0396632997209
0.0398982648056
0.0396020737083
0.0398637443299
0.0397214793531
0.0397648904877
0.0395830787458
0.0399159168941
0.039632702324
0.0398194304015
0.0395353656047
0.0398244037087
0.0397095077374
0.0398795445717
0.039547898936
0.0399334547247
0.0395619372788
0.0397984955871
0.0396505010088
0.0399274315415
0.0396150122996
0.0397853692015
0.0395254812241
0.0399354114978
0.0395016160461
0.0397518177257
0.0396412398835
0.0399354114978
0.0395254812241
0.0397853692015
0.0398971801948
0.0396094868182
0.0397492713329
0.0397492713329
0.0396085845525
0.0395908817911
0.0396107121875
0.0396107121875
0.0396941921822
0.0396941921822
0.0397352409959
0.0397352409959
0.0396370536872
0.0396370536872
0.0396099593158
0.0396099593158
0.0397734983375
0.0397734983375
0.0396039358271
0.0396039358271
0.0396934408939
0.0396934408939
0.039642821393
0.039642821393
0.039762
0.039762
0.039642821393
0.039642821393
0.0396934408939
0.0396934408939
0.0396039358271
0.0396039358271
0.0397734983375
0.0397734983375
0.0396099593158
0.0396099593158
0.0396370536872
0.0396370536872
0.0397352409959
0.0397352409959
0.0396941921822
0.0396941921822
0.0396107121875
0.0396107121875
0.0395908817911
0.0395908817911
0.0397314882933
0.0397314882933
0.0396107121875
0.0396107121875
0.0396107121875
0.0396107121875
0.0397314882933
0.0397314882933
0.0395908817911
0.0396085845525
0.039747713906
0.0396049953794
0.0397595880449
0.0397042779244
0.039721792114
0.0397284964509
0.039768875531
0.0396238801892
0.0398414649235
0.0395822979405
0.0397231377946
0.0397388593382
0.0398697050215
0.0395741495455
0.0398102675292
0.0396632997209
0.0398982648056
0.0396020737083
0.0398637443299
0.0397214793531
0.0397648904877
0.0395830787458
0.0399159168941
0.039632702324
0.0398194304015
0.0395353656047
0.0398244037087
0.0397095077374
0.0398795445717
0.039547898936
0.0399334547247
0.0395619372788
0.0397984955871
0.0396505010088
0.0399274315415
0.0396150122996
0.0397853692015
0.0395254812241
0.0399354114978
0.0395016160461
0.0397518177257
0.0396412398835
0.0399354114978
0.0395254812241
0.0398971801948
0.0396094868182
0.0397492713329
0.0397492713329
0.0397880890751
0.0388753549823
0.0397867149341
0.0390739501618
0.0396711712992
0.0388570676615
0.0396919818225
0.0390875462903
0.0397735014048
0.0390947629997
0.0396426575925
0.0389831599059
0.0397315825541
0.0390411068651
0.0396289688359
0.0391148474879
0.0396810286062
0.0390587428881
0.0396434357744
0.0391008322322
0.0395292126819
0.039154788944
0.0396977125443
0.0390979764694
0.0395740126219
0.0392107029394
0.0395721413655
0.0391181681224
0.0395900984496
0.0390630722326
0.039653596886
0.0392126795947
0.0395574186342
0.0392384697236
0.039641949148
0.0390374198558
0.0395023943705
0.039304945837
0.0396846697227
0.0390711668113
0.0394862495813
0.0392146235606
0.0396846697227
0.0391713068968
0.0389456986585
0.0399150507328
0.0390130488555
0.0397880890751
0.0387048451231
0.0391143548074
0.038848422735
0.0392392612188
0.038590803247
0.0393851890595
0.0386857442251
0.0393415979753
0.0385622450753
0.0393815827005
0.0384636524559
0.0394509547191
0.0385191548356
0.0394540740102
0.0386593795766
0.0394850960902
0.0385400594187
0.0393742371355
0.0386388242834
0.0393601621059
0.0386899961876
0.0392581194787
0.0386965641886
0.0391893100348
0.0388881379086
0.0388770823237
0.0390907196308
0.0387071442889
0.0391710891602
0.0387104607212
0.0392952726546
0.0386952487393
0.0394163306765
0.0384657124333
0.0394723104594
0.038670877715
0.0393669839713
0.0384094202508
0.0393934515497
0.0385465835321
0.0393669839713
0.0385266609506
0.0392237669787
0.0387102361656
0.0392552524511
0.0388453689132
0.0390275376625
0.0396895150481
0.0388330647516
0.0398564940348
0.0387716510288
0.0400449189474
0.0387501926608
0.0401613228461
0.038670080424
0.0401301366058
0.0386877950102
0.0400449486858
0.0387081149631
0.0398882115574
0.038851813616
0.0398327757632
0.0389901453896
0.0390966792771
0.0396754992029
0.0389333464719
0.0399591037625
0.0388052389311
0.0399048146782
0.0386169387866
0.0400402494904
0.0386401465997
0.0401464391976
0.0386539998706
0.0400503146055
0.0387429624706
0.0400464234015
0.0388773571247
0.0397577516656
0.0389415224343
0.0397118223235
0.039146529479
0.0389415224343
0.0397577516656
0.0398564940348
0.0388330647516
0.039830961958
0.039168217326
0.03948473298
0.0393983426809
0.0391933156354
0.0396770401681
0.0390358729056
0.0397692666547
0.0389376797299
0.0398430155328
0.0390181398326
0.0399401482346
0.0390428520251
0.0397517165573
0.0391961324176
0.0393602286007
0.0394623171266
0.0395534372843
0.0393800552215
0.0392753147855
0.0395905454054
0.0390914831293
0.039842900638
0.0390156334724
0.03998793353
0.0390296560996
0.0399199867516
0.0390929870437
0.0397097623356
0.0391609441727
0.0396268870655
0.0393352171311
0.039197702235
0.0397637340362
0.0393352171311
0.0395052998565
0.0397077367619
0.0392198786937
0.0394086066869
0.0396255476965
0.0390769055581
0.0396360991301
0.0386095323074
0.0399577865253
0.0383880431385
0.0401672079313
0.0383744724003
0.0399677827037
0.0386992977714
0.0396609606824
0.0391599052093
0.0387888154111
0.0397480814663
0.0386677740761
0.040081600018
0.0383079009116
0.0402233019312
0.0383764957363
0.0398574211409
0.0387829773483
0.0393562195117
0.0392332851065
0.0387048083608
0.039814544993
0.0385910671821
0.0400637546449
0.0382683795875
0.0402156435234
0.0384402805921
0.0397726596043
0.0399158111154
0.0385750866525
0.0397650781968
0.0390769055581
0.0388319340266
0.0410775057239
0.0380310162105
0.0416664153906
0.0381562159615
0.0411819896253
0.0388807230193
0.0389932054402
0.0411555506645
0.0381699272006
0.0416256233587
0.0381699272006
0.0411555506645
0.0389932054402
0.0388807230193
0.0411819896253
0.0381562159615
0.0416664153906
0.0380310162105
0.0410775057239
0.0388319340266
0.0389725389473
0.0410988940758
0.0380765004826
0.0418246201029
0.0416664153906
0.0380310162105
0.0412235573004
0.0389725389473
0.039623438168
0.0427550166179
0.0384675305972
0.0426702799206
0.039647721391
0.0395935063205
0.0427305630697
0.0383949199244
0.0427305630697
0.0395935063205
0.039647721391
0.0426702799206
0.0384675305972
0.0427550166179
0.039623438168
0.039623438168
0.0428726355879
0.0385515361659
0.0426702799206
0.0426702799206
0.0384675305972
0.0429073421835
0.0397643774848
0.0392515348108
0.0447344132771
0.0392099702531
0.0392480028696
0.0449904906953
0.0392480028696
0.0392099702531
0.0447344132771
0.0392515348108
0.0393922459787
0.0449068858862
0.0392099702531
0.0392099702531
0.0449068858862
0.0393922459787
0.0342682516989
0.0343907064481
0.0342682516989
0.0344090143422
0.0345311849927
0.0344090143422
0.0481349386465
0.0633706770833
0.0481349386465
0.0311890126687
0.0377736255408
0.0254979499421
0.0257292729444
0.0294702123635
0.0272763471345
0.0492000972763
0.0486773917954
0.049091573806
0.0511077268595
0.0527780994755
0.0520567890793
0.0387669254907
0.0387372081596
0.0623660216985
0.0568058229938
0.0456113467243
0.0443811918948
0.0499224026465
0.0441022101487
0.0337824703804
0.0397845865411
0.059947435041
0.0541272247949
0.0439825487296
0.0451230758149
0.0470321999273
0.0503672207442
0.0523900348754
0.060377416051
0.0392038468648
0.0414784888376
0.0554368540661
0.0499821964578
0.039595240481
0.0351135896947
0.0333458210275
0.0351135896947
0.039595240481
0.0499821964578
0.0554368540661
0.0414784888376
0.0407059505017
0.034893087435
0.031417820588
0.0284047424649
0.0260340431647
0.0247983057788
0.0496817929226
0.038842183332
0.059947435041
0.0539851796283
0.0539191764959
0.0489066012518
0.0499224026465
0.0443811918948
0.0456113467243
0.0398201537667
0.0411856391537
0.0374099417802
0.037772494543
0.0343916543656
0.0335918788177
0.0305768188094
0.0298581800391
0.0287631788794
0.0289196260176
0.0272763471345
0.0294702123635
0.0257292729444
0.0254979499421
0.0377736255408
0.0311890126687
0.039340082057
0.0387183215319
0.0392892098705
0.0401541569579
0.0401128536008
0.039073635664
0.0408693727013
0.0387522253426
0.0396640505244
0.0408438532738
0.0395021579284
0.0408998418579
0.039718723406
0.0407630543507
0.0397615361122
0.040325065096
0.0400731658969
0.0403442397871
0.0402370918463
0.0399052220768
0.0407585972189
0.0396321460433
0.0407904339276
0.0395487607138
0.0408032191867
0.039685134824
0.0388741588333
0.0407280896188
0.0387402158487
0.040771131012
0.0388625888999
0.0409261989928
0.0388481930114
0.0407039649297
0.0389170050749
0.0404111159491
0.0391042109273
0.0393848309156
0.0402886882884
0.0389365582583
0.0405603226812
0.0389637994041
0.0406908174531
0.0387912889706
0.0408239149305
0.0387795320014
0.0408807711553
0.0388283657137
0.0405932605244
0.0389449089869
0.0398335638815
0.0396256140331
0.0396234597839
0.0396503997584
0.039655305575
0.0398661441577
0.0396458550513
0.0398090217978
0.0394813235404
0.0398422712267
0.0396269302811
0.0397699099854
0.0394732049149
0.0399081365795
0.0395883598296
0.039807070914
0.0395137783216
0.0398911910984
0.0395439079569
0.0397888093564
0.0397222671621
0.0397537340227
0.0396381807699
0.0396682539917
0.0396711370993
0.039585442561
0.0397360001101
0.0396667388375
0.0399519426561
0.0397570728047
0.0398079143011
0.0397265884673
0.0398828942186
0.0397953854737
0.0399139260284
0.0397222132817
0.0397617545293
0.0397529834006
0.0398957438582
0.0397137664922
0.0397650349082
0.0397542492446
0.0398417867697
0.0397389047314
0.0397755009428
0.0397877709007
0.0397539725719
0.0397871748683
0.0398923315344
0.0398707258681
0.039762822259
0.0398396401214
0.0397279415305
0.0398480596297
0.0396630279259
0.039795702158
0.0398643447519
0.0398643447519
0.0399305879809
0.0399305879809
0.0399032508857
0.0399032508857
0.0399674258272
0.0399674258272
0.039897981954
0.039897981954
0.0399152915466
0.0399152915466
0.0398801627912
0.0398801627912
0.039903
0.039903
0.0398801627912
0.0398801627912
0.0399152915466
0.0399152915466
0.039897981954
0.039897981954
0.0399674258272
0.0399674258272
0.0399032508857
0.0399032508857
0.0399305879809
0.0399305879809
0.0398643447519
0.0398643447519
0.0398058091552
0.0400896346017
0.0398962889565
0.0399449715014
0.0398657207071
0.0400203000676
0.0399347243543
0.0400515122499
0.0398613241125
0.0398989423732
0.0398921073585
0.0400334064813
0.0398527827667
0.0399023650239
0.0398932832692
0.0399794018214
0.0398778333727
0.0399130043783
0.0399267736425
0.0398914804
0.0399260593598
0.0400303659301
0.0400098023677
0.0399005107298
0.0399783789222
0.0398655269218
0.0399869590085
0.0398007677407
0.0399343233666
0.0395707028115
0.0397019615762
0.0394967024731
0.0394922440107
0.0395218651888
0.039523613309
0.0397371093186
0.0395138551682
0.0396804061251
0.0393496606879
0.0397137099532
0.0394948537534
0.0396418012835
0.0393413669818
0.0397795022593
0.0394563787619
0.0396787538898
0.0393818747268
0.0397623023981
0.0394121723107
0.0396601364723
0.039590162948
0.0396249772776
0.0395065569526
0.0395392322668
0.0395398370539
0.0394564181883
0.0396049818868
0.0392875056125
0.0407216835636
0.0389932623186
0.0408473439651
0.0388594560049
0.0408898892882
0.038982565244
0.0410455237419
0.0389676535924
0.0408232750217
0.0390363043621
0.0405311560716
0.0392223092576
0.0395029791725
0.0404092572562
0.0390554668324
0.0406797850658
0.0390834050621
0.0408098565913
0.0389109165274
0.040942851986
0.0388991678928
0.0410001577253
0.0389478392533
0.040712611492
0.0390637798286
0.0400219115423
0.040336469959
0.039557080643
0.0407415368236
0.0393950834877
0.0407981664907
0.0396113180701
0.0406609081305
0.0396548424092
0.0402224915128
0.0399674207355
0.0402390625139
0.0401337087839
0.0397991530814
0.0406559489804
0.0395253813391
0.0406886859704
0.0394415126802
0.0407014208352
0.0395777018566
0.0406611475305
0.039700024364
0.0390780537226
0.0404162105751
0.039943857494
0.0394629967691
0.0389499663029
0.0388050567678
0.0408015342849
0.0393751725425
0.0402387580729
0.0391598778088
0.0409512930962
0.0388392514217
0.0391271551291
0.04869752169
0.0515510733642
0.0467929187164
0.0483433044847
0.0444139422029
0.0446363799439
0.0402233953502
0.040950331879
0.0371070751475
0.0376799211849
0.0335076837531
0.0338398070953
0.0297053535832
0.0300953193288
0.0258470817889
0.0263599074543
0.0218904442337
0.0228936761574
0.0196184360551
0.019721589832
0.0647154920498
0.0414280907145
0.0511216871641
0.0571913782882
0.0463789083986
0.0601787848685
0.0394579501843
0.0342491190325
0.0411699683264
0.0379857238973
0.0430587506786
0.0400844046981
0.0462912330604
0.044221450714
0.0388016553062
0.0297053535832
0.0338398070953
0.0335076837531
0.0471677209594
0.055644297565
0.0440201405637
0.0216630083495
0.0244619733464
0.0253514157396
0.0278781734337
0.0280763141099
0.0281585735434
0.0579974260183
0.0488255136071
0.0576883354674
0.0205263383942
0.0205263383942
0.00983502051425
0.00983502051425
0.00983502051425
0.00983502051425
0.0098511782544
0.0098511782544
0.0098511782544
0.0098511782544
0.0106777599733
0.0106777599733
0.0106777599733
0.0106777599733
0.00953452935388
0.00953452935388
0.00953452935388
0.00953452935388
0.0106777599733
0.0106777599733
0.0106777599733
0.0106777599733
0.0197023565088
0.0197023565088
0.0196886248187
0.0101499328238
0.0101499328238
0.0101499328238
0.0101499328238
0.0194314887811
0.0194314887811
0.0205758441868
0.0205758441868
0.0203597740655
0.0203597740655
0.0196811074939
0.0196811074939
0.0128518503793
0.0128518503793
0.0128518503793
0.0128518503793
0.0128518503793
0.0128518503793
0.0128518503793
0.0128518503793
0.0196811074939
0.0196811074939
0.0197289750922
0.0197289750922
0.0150446962171
0.0150446962171
0.0150446962171
0.0150446962171
0.0115947270997
0.0115947270997
0.0115947270997
0.0115947270997
0.0148173986478
0.0148173986478
0.0148173986478
0.0170328407404
0.0170328407404
0.0205066917081
0.0205066917081
0.0205099294626
0.0205099294626
0.0206076986979
0.0206076986979
0.0205812302748
0.0205812302748
0.0213250090167
0.0196384127732
0.0106959763784
0.0106959763784
0.0106959763784
0.0106959763784
0.00955662788085
0.00955662788085
0.00955662788085
0.00955662788085
0.011302284628
0.011302284628
0.00985216419753
0.00985216419753
0.00985216419753
0.00985216419753
0.00984576159446
0.00984576159446
0.00984576159446
0.00984576159446
0.0157665391509
0.0157665391509
0.0157665391509
0.0157665391509
0.0126503980137
0.0126503980137
0.0126503980137
0.0126503980137
0.0144220838669
0.0144220838669
0.0144220838669
0.0144220838669
0.0244127568036
0.0244127568036
0.0253007960275
0.0253007960275
0.0157665391509
0.0157665391509
0.0117166175293
0.0117166175293
0.0117166175293
0.0117166175293
0.0124322107547
0.0124322107547
0.0124322107547
0.0124322107547
0.0117166175293
0.0117166175293
0.0117166175293
0.0117166175293
0.0203410973309
0.0203410973309
0.0206166722824
0.0206166722824
0.0200983100782
0.0200983100782
0.0191132557617
0.0191132557617
0.0106959763784
0.0106959763784
0.0106959763784
0.0106959763784
0.00981920638659
0.00981920638659
0.00981920638659
0.00981920638659
0.00983533242956
0.00983533242956
0.00983533242956
0.00983533242956
0.0106625045084
0.0106625045084
0.0106625045084
0.0106625045084
0.0190365254183
0.0190365254183
0.00983533242956
0.00983533242956
0.00983533242956
0.00983533242956
0.00498234097056
0.00498234097056
0.00498234097056
0.00498234097056
0.00996468194111
0.00996468194111
0.00984431240933
0.00984431240933
0.00740869932389
0.00740869932389
0.0106625045084
0.0106625045084
0.00981920638659
0.00981920638659
0.00492288079723
0.00492288079723
0.00492288079723
0.00492288079723
0.00492288079723
0.00492288079723
0.00492288079723
0.00492288079723
0.00492608209876
0.00492608209876
0.00492608209876
0.00492608209876
0.00492608209876
0.00492608209876
0.00492608209876
0.00492608209876
0.005651142314
0.005651142314
0.005651142314
0.005651142314
0.00788326957545
0.00788326957545
0.00788326957545
0.00788326957545
