0.0905634241053
0.0898494396515
0.116021600889
0.123822921505
0.0952119370312
0.08139634112
0.0905695518628
0.100203774734
0.117118680262
0.153563966731
0.138305363673
0.12986893102
0.134585244686
0.111760928886
0.122200417546
0.110588251645
0.107976057661
0.14886486659
0.118319461111
0.136962027241
0.10081722663
0.0759023741789
0.0755885794446
0.0492014920105
0.0479079076155
0.054613655373
0.053860785859
0.0639218594362
0.0646712368685
0.0346180824073
0.0488612871254
0.0614884228043
0.05813910621
0.0863999280766
0.0752513947986
0.0309980998234
0.0352134966446
0.0410696102962
0.0685924290899
0.0657956151647
0.044481386614
0.0329029933189
0.0394436642703
0.0316903688958
0.0390326630156
0.0388690793171
0.0412313734334
0.0362479104053
0.0351117167091
0.041834649109
0.0345050468367
0.0478934980147
0.0605607778578
0.0495530909594
0.0191472639514
0.0285232763455
0.040099304542
0.0335046666745
0.0213329730709
0.0210652524518
0.0211046233485
0.0127464504612
0.0185501713557
0.0131670905282
0.0447953458023
0.0312967309522
0.0222926709651
0.0761300826301
0.0798732421215
0.0450225845831
0.0394621966731
0.0316861081515
0.0324297817676
0.0460488627461
0.0852741233257
0.0613266897627
0.0757113777641
0.0400727238672
0.0358803362508
0.0513450989524
0.0764182254667
0.0871896403569
0.0787557203871
0.047851977862
0.0532727276018
0.0636115540958
0.0400441439745
0.0424556754565
0.0417975008398
0.0389985291035
0.0841202651841
0.054556426803
0.048416014546
0.0587381555884
0.0483256488567
0.0331375163476
0.0626410928925
0.10015984247
0.0678177425905
0.0228138641792
0.0194455806706
0.0200180693723
0.0262384932479
0.0233334161852
0.0209893730943
0.0211524324604
0.0309752633646
0.0241830616138
0.030359132322
0.0400358363632
0.0256383509762
0.0313164931334
0.0333549219736
0.0474082048658
0.0602134019713
0.0592614077285
0.0488908731593
0.0417310618187
0.0334494787728
0.0499945891057
0.0413484784962
0.0511037203859
0.0147652644146
0.0129697861874
0.0194389104684
0.0217349923506
0.0149097908148
0.0299357746014
0.0199113815488
0.0304470775121
0.0318561405421
0.0838387338628
0.0560544561645
0.0550773294127
0.0373169528084
0.0245356390272
0.0203820255573
0.057472437319
0.0354583101524
0.0305294795243
0.0280201354015
0.0227753108416
0.0205014589886
0.0245299031707
0.0373131580969
0.0555947262391
0.0440781197677
0.0424319781481
0.0268433064114
0.023399623255
0.0175477787534
0.0158223354861
0.0158060389365
0.0138592096881
0.0265198485435
0.0363703174991
0.0291402623855
0.0280001448117
0.0216680289175
0.0178613945306
0.0218944303733
0.0174094183702
0.0271973189248
0.022374530871
0.0176052566119
0.0290069419613
0.0161640112368
0.0180697678407
0.0163211401984
0.0258990422157
0.0229769818097
0.0179535777659
0.0230102240033
0.0273427825896
0.035838705707
0.0197136220734
0.0289622451668
0.0544163873423
0.0759722186085
0.0773452261976
0.0366641158878
0.0112751605223
0.0177386903374
0.0120905014647
0.00981761770833
0.00843761711683
0.00839584472731
0.00794314828738
0.00806599944343
0.0141662994638
0.014820868505
0.00898938284237
0.0095337721293
0.00832479780949
0.0135194704707
0.0211737156936
0.014211012675
0.0207031641659
0.0192685626321
0.0188383177462
0.0142394726915
0.0323082656274
0.0359358577066
0.021508870525
0.0146486750456
0.026322181537
0.0767553836502
0.0547953560657
0.00707160524005
0.0064989542256
0.00956496580425
0.0074600307932
0.0275167151354
0.0453905599353
0.017968425796
0.0234988577356
0.0192376502141
0.0365282217046
0.0148942854287
0.00835634830202
0.00537805302431
0.00481921010089
0.00764932436137
0.00964539404426
0.00818631815652
0.0113307637917
0.0124996666674
0.0101880976751
0.0153845633849
0.0146532570042
0.0207455082857
0.0161428258231
0.0203331141363
0.0191125029679
0.0268088442899
0.0347825635799
0.0294619266032
0.0299190895888
0.0313251370213
0.0235038694767
0.0193037641148
0.0185328512304
0.0163285445343
0.0233046046202
0.0139155630943
0.0129331141421
0.0112180891923
0.0176054365859
0.0171849409727
0.0176722496888
0.0217219319588
0.0234367752255
0.0309383033093
0.0298945496965
0.0351428793506
0.0394815887333
0.0823751121945
0.0746747899142
0.0382762715749
0.0299101700198
0.0315027457233
0.0302556484063
0.0529594893648
0.0609880375698
0.0216327065467
0.0225490017061
0.0240611018904
0.0245929606535
0.0460971342417
0.0426246940553
0.0275163485102
0.0237515450033
0.0492843263747
0.0534990886713
0.0189530096475
0.0199379639713
0.0254685531753
0.0210010448734
0.0334751460559
0.0277408457484
0.0105813796174
0.0292198155345
0.0329221180174
0.0188101706766
0.0208199874824
0.0146892347348
0.00457306465061
0.00433999302483
0.00578241897611
0.00448360640341
0.0050686844609
0.00427188370743
0.00472630324682
0.00600511041117
0.0072626026519
0.00477418211739
0.0045819218385
0.00720199666237
0.0165021277414
0.0191105869592
0.0232610845594
0.024718724489
0.0293195750574
0.0287974721256
0.013952830802
0.0101890607518
0.00822290120151
0.00533119409957
0.00488644401695
0.00502345312784
0.00376405340698
0.00431397956345
0.00506725134621
0.0043448086708
0.00889479506655
0.00701379019085
0.00562761675124
0.00585214001076
0.00649832233264
0.0087388809103
0.00647230596816
0.00777443782271
0.00591233547939
0.00562222125093
0.00471010400584
0.00791061144927
0.0104596533899
0.00824184850254
0.00682358254533
0.01031604954
0.0100414609264
0.0077956615029
0.0065809825433
0.00991895049886
0.0260399657842
0.0223083197775
0.0135652697439
0.0143808865665
0.0117133631868
0.0097719297046
0.00891106555994
0.0101180317063
0.00973243190005
0.00866110617791
0.00843306389397
0.00967207184753
0.0195857225295
0.00808647072413
0.00648457655092
0.0072960064153
0.0383849002407
0.0333535329047
0.0182172281977
0.0187982515729
0.00852650055331
0.00826531493293
0.00908686411045
0.00925455261199
0.0130585968045
0.0130270138746
0.0124790317555
0.0136946242943
0.0132802769338
0.0153151377745
0.0250385943814
0.048888919717
