0.0616303519228
0.0500324174224
0.0328629974817
0.0245635766576
0.0213891659163
0.0387029715612
0.0155978974531
0.0392942496772
0.0237835009731
0.0133718985222
0.0170141402272
0.0150927258695
0.0323046682501
0.0275144209992
0.0183273533291
0.0216997682238
0.0193945915154
0.0191967788035
0.021744419291
0.0222486407599
0.0213340447219
0.0183286213922
0.0156166785351
0.0259993690569
0.0139555802814
0.0101318252931
0.0091498012063
0.00926204970202
0.00910585491491
0.00845278422217
0.0114308820277
0.00681655728383
0.00714246274438
0.00791940392219
0.00825049337524
0.00815473278082
0.0100790367702
0.00887133827448
0.00759832155287
0.00703463386046
0.0152215671369
0.0150245411609
0.0243865717758
0.00567023258406
0.00503748463784
0.00654412543805
0.00806334621631
0.010117021516
0.0126513518847
0.0108596625744
0.00893176011919
0.00423017380295
0.0330332796622
0.0304888584744
0.0471886513694
0.0428763013209
0.0547577562125
0.0582326916378
0.0236987001015
0.0193408736848
0.0303273080614
0.0179123213611
0.0175263689785
0.0283451921788
0.0249966678182
0.00984190775109
0.0325502950724
0.0242527100303
0.0136118467775
0.021367655088
0.00886719465786
0.00479092059695
0.00602144439188
0.00773817562178
0.00627734524835
0.00562479531683
0.0062722351323
0.00600932907684
0.00932464986143
0.00813255587725
0.00534409316992
0.00734120924629
0.00758265567789
0.011425847177
0.0149261479561
0.0088981352802
0.0070493966779
0.00670448155058
0.00620303525477
0.00492057902284
0.00537758392676
0.00468762587592
0.00563718614123
0.00490156759597
0.00640703762088
0.00735790553039
0.00629477438363
0.00994320139787
0.00642180565474
0.00753221294609
0.00716700305471
0.00713240707038
0.00626862617064
0.00983927983763
0.0104980126023
0.0102851525369
0.0072476590021
0.0106221850813
0.0133483048514
0.0115241892864
0.00742665686821
0.0113679231166
0.00758153986817
0.00711694127339
0.0115562960325
0.00771560020035
0.00671032444945
0.00665462299311
0.00712645225322
0.0175539126529
0.0101691022997
0.0114951859452
0.00777206987703
0.010474015541
0.00531720510904
0.00543472429967
0.00641842157545
0.0054293021866
0.00569515390561
0.00720642593593
0.0102873542216
0.0104752904534
0.00512649549326
0.00486839305025
0.0063206162947
0.00508067116134
0.00575567505515
0.00596254997504
0.00504884034961
0.00407766198915
0.016615262093
0.0193640247664
0.0122633478284
0.00860337641489
0.00904068280541
0.00828257464564
0.00855412251583
0.00991805603257
0.0107964858312
0.0136491641992
0.00952918132011
0.00855632921368
0.0130184032311
0.0127206554312
0.0186601973163
0.0134694829055
0.0131005691413
0.015177338647
0.012873271665
0.0117244683383
0.0138414795424
0.0127779992307
0.0155060903869
0.0104065258436
0.0142228533157
0.0104702281831
0.0112092006622
0.00906383964489
0.0102610092839
0.00996738598088
0.010914799581
0.00954363027226
0.0116660818432
0.0089097341906
0.0100693489564
0.0120685244438
0.0101995751284
0.00892584551218
0.00745715580444
0.00813508166418
0.00745867824747
0.00775474224005
0.010713805029
0.00970869167269
0.0119481032834
0.0178345413765
0.0163428307415
0.0172826600656
0.0185749403272
0.0103253731128
0.012780690438
0.0210219121445
0.0220061883345
0.011383139435
0.00974315685363
0.0112475402742
0.00967300753979
0.00795610300698
0.00755012215909
0.00724525709154
0.00803499852812
0.00972714198525
0.00644627165725
0.00644521593802
0.0103309131726
0.0093805226316
0.00900321592206
0.00811445289606
0.0123126870188
0.00421690514356
0.00401137326759
0.00848189643092
0.00729976384653
0.00772053141279
0.00783981192058
0.00929173399931
0.00729814370514
0.00602466356356
0.00634789041374
0.00546210831978
0.00450269334613
0.00590666197562
0.00466888545181
0.00500467289905
0.00402775764316
0.00465332515025
0.00456187803486
0.00541028737719
0.00625204957167
0.00723838468774
0.0128060799403
0.0198098358154
0.00912611205944
0.00797851702938
0.00793299720592
0.00560370233865
0.00379591176961
0.00307802133033
0.00382180584404
0.00316939199121
0.00418338739031
0.00391592546483
0.0219461790319
0.0245785745043
0.00691616222124
0.00646371353743
0.0095482774437
0.0108709214965
0.00347025947772
0.00326311700653
0.00400312218976
0.00391654482515
0.0252017997492
0.0266190585792
0.0176775934802
0.0158669760885
0.0171756765722
0.0174047393671
0.0217715909221
0.0259364859229
0.021037754552
0.017837551023
0.0178490814711
0.0324862025048
0.0329782044416
0.0219954464249
0.0237116906818
0.0181383771143
0.0205951090865
0.00420090066304
0.00401076800147
0.00636926058839
0.00639301697752
0.00768057209042
0.00567726641494
0.00552961562082
0.00424719601545
0.00596880756703
0.00416584910474
0.00719120970257
0.00776723939559
0.0072973819896
0.00495352362881
0.0042134869075
0.00310722085809
0.00331335740452
0.00294851330785
0.00351971350748
0.00405011058322
0.00320190189738
0.00276537943006
0.00286722256564
0.00278116966607
0.00437342434396
0.00390403135055
0.00425157638503
0.00417807287019
0.00513339075777
0.00382512091124
0.00323332683688
0.00388853022106
0.00470431128031
0.0287238126506
0.0298858591296
0.0392969480824
0.0305730417164
0.0274997883829
0.0279401402933
0.004522441199
0.00472375920363
0.0057517014915
0.00771179567789
0.00913008547892
0.00849007638133
0.00862826690708
0.00954114037737
0.0232573090792
0.0193008896377
0.0212728638219
0.0269047066834
0.0289427251625
0.0263081762314
0.0216733787679
0.0301862005009
0.0200565458226
0.0127860135652
0.0107487840752
0.0142907698725
0.0156684578408
0.0222053140106
0.0299994570439
0.0131094531495
0.0120076537616
0.0211949302403
0.0207958405151
0.0114975245243
0.00800580916601
0.00703784093896
0.00676544907683
0.00847124417811
0.00797310311721
0.00848363128774
0.00915323933542
0.00629071999301
0.00585657922592
0.00710328888045
0.00674688829792
0.00788207864512
0.00555773128633
0.00921284896942
0.00950998503258
0.00486669058522
0.00864218506392
0.00670462063652
0.00725701930763
0.00602620839826
0.00769683214746
0.00415030244608
0.00656651342799
0.00516949128873
0.00362666465568
0.00503707263891
0.00333456687967
0.00305031750067
0.00288662987803
0.00307290099523
0.00280944120231
0.00448444226942
0.003994863395
0.00669273296957
0.00720876073349
0.00505160151289
0.0047309121648
0.00463997318196
0.00767206716524
0.00418467192612
0.00410700413239
0.00422959095227
0.00452845730393
0.0100843859181
0.00941535262016
0.00877810517257
0.00937817054103
0.0104354164966
0.00992685572071
0.0116238094731
0.00848103224106
0.0123519868211
0.0136418300368
0.0135483441462
0.0149943313141
0.0102530241979
0.0123667763932
0.0117126856113
0.00758123350642
0.00671188646165
0.00441359601964
0.0083356385859
0.0206230937102
0.0238316581251
0.007513183418
0.00560315019522
0.00610932640553
0.00613975557631
0.00587131312253
0.00505853972569
0.00508834935287
0.00471423213492
0.00589214523999
0.00633950027011
0.00698726385803
0.00672585961117
0.00810339201101
0.0046561017601
0.00630260199368
0.00586884823151
0.00696429508791
0.00796116459748
0.0065758826119
0.0056269968649
0.006174946404
0.0078126998988
0.0107710542503
0.00605494713312
0.00992259837189
0.0109328196455
0.00873187044581
0.00660229729679
0.00822184887957
0.00596321916825
0.00671752870224
0.00706344179839
0.00471799167495
0.0165495930572
0.0114570497817
0.0152090383727
0.0124990958855
0.00942057878008
0.0117051506898
0.0158096583199
0.00345300275905
0.00730843708172
0.00478204574078
0.00372824626499
0.00318460600433
0.00365113428139
0.00370967971752
0.00542721271878
0.0102556597087
0.0057507540577
0.0106980073462
0.0103969828501
0.00645428778585
0.00564856745336
0.00939867839029
0.00840423681036
0.00796669582624
0.00688011569568
0.026008785845
0.0229773789911
0.0219006104699
0.018609310939
0.015341902376
0.0155849360884
0.0132226141387
0.0143435156424
0.017350284774
0.0147640349908
0.0167110268468
0.0153191254288
0.017515796593
0.0169296434921
0.0192410620967
0.0159886701123
0.0210871818236
0.0196974244976
0.0087542206814
0.00921357433815
0.00931608461494
0.00860060046465
0.00960909818293
0.00959243081977
0.00850438977967
0.00651859182256
0.0063013486976
0.00484830790435
0.00716363214605
0.0109961691065
0.0100894713022
0.00946901266299
0.00702069917654
0.00979786908832
0.00697265305358
0.00954583587784
0.010266514769
0.00875348750615
0.0102530629535
0.00878664112188
0.0146355144031
0.0171891569243
0.0124000411662
0.0226235368172
0.0294298544398
0.0223986891363
0.0127560948707
0.0123401751348
0.0170042328985
0.0105909632173
0.0102262198889
0.00694414890473
0.00912735898655
0.00528672518246
0.00706360791168
0.00971887962086
0.00663312627712
0.0174764828798
0.0174285161329
0.0175356659781
0.0116641715299
0.0119334627869
0.0150563052955
0.0133921607117
0.0185526137293
0.0167002524806
0.0128853452165
0.0111039275021
0.013534067935
0.014005506724
0.0159754072213
0.0178748303135
0.00899579900158
0.00949766118067
0.0112346274747
0.00934786082426
0.00942725177627
0.0115095618857
0.00960383007584
0.0116759636762
0.0122573342466
0.0112004308838
0.0100201829326
0.0136519175844
0.0227656352588
0.0254127021304
0.0309024122938
0.0267048409807
0.0128798296725
0.0128777968116
0.0157824931841
0.0154028284773
0.0176755290351
0.0151310911128
0.0208205435097
0.0151650270783
0.021572435016
0.0243275050084
0.0289235773753
0.024160947759
0.0159292734423
0.0200819503598
0.0373299370722
0.0115433843031
0.0117748160396
0.0124266351344
0.0157639988676
0.0104496709958
0.0107688324444
0.0234715243303
0.0138983234276
0.0118616707309
0.011820507244
0.0201176909881
0.0308434306449
0.0158910272617
0.0171001192906
0.0112871980825
0.016862810076
0.010513695124
0.012508646548
0.0138850564058
0.0127392158985
0.0127926858566
0.0146987839241
0.0146291493994
0.0192247594039
0.0143755620505
0.0126555100326
0.0120378172651
0.0106484349441
0.0186913026933
0.0345152851906
0.0323018219833
0.00678907166563
0.0052312743037
0.00605646429056
0.00583724780303
0.00632216843956
0.00698959587287
0.00700757494662
0.0106097418396
0.0204089861773
0.0122650460602
0.00900237050353
0.0150919185543
0.0140944860877
0.0160469438178
0.00982951179934
0.0081315360894
0.0073687161448
0.00966290682441
0.00690888144261
0.0075148198139
0.0105890097778
0.00974890393116
0.0100761262947
0.0132722985375
0.00730873188889
0.00847287093017
0.00771692197775
0.0120363975874
0.00699578797145
0.00830158096447
0.00944599200336
0.0114753044941
0.0104391648055
0.00740826932733
0.00511845666213
0.00516207391618
0.00541659835433
0.00575255180853
0.00965968798262
0.00646780132029
0.00946838925384
0.0110275321922
0.00956760147975
0.0101672959548
0.0140790887279
0.00984546835981
0.00808421203652
0.0063302108792
0.00674746851035
0.0065977099101
0.00420188686771
0.0048057314128
0.00878796935396
0.0129874437729
0.00681813587339
0.00574159595564
0.0114113527052
0.0104657760753
0.00873074825181
0.00811835611124
0.00777577688661
0.00788431547968
0.00752439285598
0.011253073716
0.0148802495649
0.0157212917445
0.0158346784834
0.0201781928583
0.0276380696966
0.0203641411627
0.0116214817656
0.0141264535535
0.0167678306232
0.0136153776911
0.0143329170989
0.0139443547007
0.0162164002302
0.0226793634063
0.0314205390207
0.00255448054755
0.00367601589917
0.00353117248605
0.00395563322773
0.0123668237468
0.0146376524128
0.0108603488913
0.0174180144583
0.00683532692665
0.0065666929517
0.00764511390287
0.0105095257328
0.0178018454716
0.0256797580117
0.0123773917197
0.0123510276932
0.0124072181667
0.0124421503391
0.0171530765953
0.0150574665327
0.014168141448
0.00367811234741
0.00448779997462
0.00373718393533
0.00378324327146
0.0181876756383
0.0173325992605
0.00651162009277
0.0124491742455
0.0179268842152
0.0285506471052
0.00693586589586
0.0054137686696
0.0236804232411
0.0238920163347
0.0245255969176
0.0233607321905
0.0220650694651
0.0294877638368
0.0282983379477
0.0301155367142
0.0594270190345
0.00604139338196
0.00553213656243
0.00666555344704
0.00587476598415
0.0214329216213
0.0219121316024
0.00647468816213
0.00495315349731
0.0186083549627
0.0130056858832
0.0123644547497
0.0179716704803
0.0162384085311
0.0135477348304
0.0191361392082
0.0155185122703
0.0170885351862
0.0205165557536
0.0177465859632
0.0292224967442
0.00636264078949
0.00475064597281
0.00547486533048
0.00595259775791
0.00607958563638
0.00564361208005
0.00765210156795
0.00688023468479
0.00696122057809
0.00749295162833
0.0171459966044
0.0147756139254
0.0144717472776
0.0154774138828
0.0235411967407
0.00816008734368
0.00939024215771
0.0270271220625
0.0298827528186
0.00702588814718
0.00576244466148
0.00770160946567
0.00773244546484
0.00899716771844
0.00907056834885
0.0114767118848
0.0117427988187
0.00900039024584
0.0082098209909
0.012060805654
0.0117277927126
0.00362664083753
0.00278811962135
0.0025030898227
0.00333299320995
0.00267784332444
0.0046594553371
0.00300216173672
0.00226002556495
0.00229940826516
0.00217942352989
0.0021289103838
0.00251240266663
0.00256305131232
0.00359946353618
0.00370668875877
0.00332009685267
0.00427732938485
0.00419556272655
0.00426270694892
0.00454674137228
0.00473618719673
0.0128888264624
0.0119352851421
0.0127833783567
0.0169398209214
0.0188924527338
0.0152262711857
0.0145584028119
0.0140568397651
0.0148975871061
0.012871841515
0.013519182682
0.0167320439497
0.0130103918666
0.0155215656318
0.0085089818721
0.0092620909164
0.00817291765195
0.0060257709947
0.00858952110491
0.00662727527449
0.00843777861405
0.00819969565134
0.00689533644918
0.00686960719333
0.0086946917582
0.00864660682282
0.0104789616317
0.00977693257184
0.00910649940574
0.00937535244312
0.0124382874867
0.0119785479429
0.01053861333
0.013097652169
0.0164486519181
0.0301187429144
0.0150205632669
0.01059980154
0.0130847083548
0.0127773572767
0.00993827050939
0.00823570856611
0.00944427941026
0.0132254169769
0.00915871902859
0.0142187802554
0.00987761548574
0.0132516013374
0.0125848173006
0.0121420217021
0.0153756429018
0.0124446247702
0.0199947153628
0.012467855871
0.0120267033597
0.0101103291412
0.0160912613851
0.00492443307657
0.00378749832011
0.0035108009368
0.00406605889465
0.00305197879058
0.00261821393239
0.00278316686572
0.00367098232962
0.00421495219947
0.00405474998981
0.00311665217472
0.0024306274342
0.00348869257631
0.0032275516946
0.00362324431492
0.0032986226045
0.00328886826093
0.00286915876086
0.00369570835852
0.00271966337286
0.00232783554276
0.00236722806023
0.00275821863218
0.00312254282369
0.00281322725315
0.00244596886469
0.00443381038647
0.00403867677443
0.00564007576881
0.0048521719712
0.00291673298288
0.0029303652669
0.00285479750546
0.00302704713416
0.0186675088533
0.0118695669247
0.00169421994139
0.00159417098122
0.0014272360996
0.00245105111816
0.00235251174855
0.00167972650044
0.00140888974163
0.00197375432306
0.00150945169965
0.00190489156138
0.00224185894317
0.00165167121927
0.00344214385344
0.00318390785013
0.00218370946145
0.00300135083523
0.015391576527
0.023046234147
0.0161873687505
0.0156472229361
0.013982641167
0.018889241096
0.0200007529012
0.00414515078751
0.00288234504708
0.00235384879943
0.00279312391453
0.00283054588283
0.00349097663613
0.00280822545672
0.00228736202125
0.00233273020247
0.00255256771548
0.00566891494449
0.00354175299302
0.00330955664567
0.00419782791962
0.00530351720112
0.00306023407486
0.0034721657058
0.00299305918453
0.00326270376258
0.00494944452397
0.00508456297217
0.00450476533434
0.00410849322256
0.00427649977043
0.00309958382229
0.00444499742945
0.00306388705375
0.00405994147658
0.00565252740189
0.00575179712239
0.00455763384276
0.0033594278258
0.0038108677791
0.0146229067096
0.0145060638267
0.0136195396935
0.0160135663738
0.0231018074595
0.0227764267516
0.0157051360812
0.013116987951
0.011539955797
0.0167688380173
0.017307482917
0.014459080987
0.00643884803989
0.00628935695611
0.00744529952921
0.00672081096472
0.00905878620194
0.00829816457211
0.00960840102876
0.0107644619472
0.0070643907892
0.0328329701582
0.0453298540696
0.0133034378919
0.0191944532269
0.013854228989
0.0150263257104
0.0196776938217
0.0144497900575
0.0161843986544
0.0149326552848
0.00811327130632
0.0079505157234
0.00901218511195
0.00842512603516
0.0248421474352
0.0212412892252
0.00861914636853
0.00841629664783
0.0119396587354
0.00727985783472
0.00692989717631
0.00739612842614
0.00854627967884
0.007147806302
0.0110672380881
0.00648634243425
0.0146713646489
0.00463164797456
0.00560606924785
0.00491264677547
0.0063335971056
0.00605011815062
0.00598401251338
0.00555089561279
0.00308673416099
0.00232774048684
0.00209394987831
0.00308516712838
0.00238523572558
0.00295821504201
0.0027801435614
0.00341371649612
0.00416738544073
0.00436509645298
0.00414912511923
0.0141594172179
0.00283539732187
0.00409311336807
0.00400386860017
0.00432533953794
0.00375155700479
0.00277419990288
0.00250506426842
0.00255015137266
0.00255530274307
0.00304474992359
0.00391649021054
0.00278299333245
0.00228827772771
0.00233867283161
0.00208394318625
0.00258562483826
0.0030525280302
0.00246502309476
0.00347721059021
0.00495927614244
0.00476819155107
0.0097642551492
0.012247614249
0.0129820157617
0.011725066986
0.0126878471837
0.0128556802632
0.0229948372429
0.0246434799054
0.0104421245479
0.0106487719842
0.00972834542213
0.0147276336827
0.00806572552016
0.0077457363749
0.0084145376316
0.0108251072509
0.0165390194618
0.0143034719719
0.0147947584257
0.0175459731043
0.00290054325943
0.00336249993291
0.00312713396766
0.00326198719063
0.00236025980459
0.00245383425854
0.00269314524729
0.0030094963053
0.0023377259708
0.00301695626436
0.013767258389
0.0111239833126
0.0162533603961
0.0128336385516
0.00576243909082
0.0053300564854
0.00573455830722
0.00649374822779
0.00672537279408
0.00701840930547
0.00736860948592
0.00749935654246
0.00829182835318
0.00822552505715
0.0118202989579
0.00880179362918
0.00705157106543
0.00652616625255
0.00728905710855
0.00760842012569
0.00274769347563
0.00260772113116
0.0023546882721
0.00278884281288
0.00267872835247
0.00409257794495
0.00385458464936
0.0036098362104
0.00256088802907
0.00399005677524
0.00909274208921
0.00404303091328
0.00409733580592
0.0032528974013
0.00388946224202
0.00403140116
0.00484000854964
0.00590226361676
0.00970071465688
0.00983404667177
0.0149491753281
0.0114723901927
0.00760480686197
0.0105646907168
0.00787971980555
0.00808956121373
0.00710940459479
0.0093097725868
0.00753936260126
0.00794018489917
0.00343739363864
0.00373370456792
0.006105097049
0.00664357620234
0.00760828657451
0.00711780274294
0.00967464885263
0.0115645742379
0.00782710470205
0.00979780044127
0.027635994685
0.0581541871852
0.00691638310332
0.00604360108324
0.00692972018009
0.00567503883469
0.00868718413582
0.00600623727798
0.00464833004795
0.00271701760398
0.00522939298356
0.005131555315
0.00500244571826
0.00755992275326
0.00301167271548
0.00255060514268
0.00249155836307
0.00296267500088
0.00285539859227
0.00252639294148
0.0026565811574
0.00265859397224
0.00380900121103
0.00336065007991
0.00415804557569
0.00421745997281
0.00485848480836
0.00410780337691
0.00390814047182
0.00375385778448
0.00283681587736
0.00255281818499
0.00293562162557
0.00265010033145
0.00329191351853
0.00284784052751
0.00352515119909
0.00315152262411
0.00260632089549
0.00270379783149
0.0030084315979
0.00284432677107
0.00497335304391
0.0046587384429
0.00347430887722
0.00342527806197
0.00372111823495
0.00433727175725
0.00388560002265
0.00404529364601
0.00446367215503
0.0048897795847
0.0060938901594
0.00567704821165
0.00562683034262
0.00670984978613
0.00344726231487
0.00310533516179
0.0027353669282
0.00312010213081
0.00338153044235
0.00306361762707
0.00285282052592
0.00351090807887
0.0137398156008
0.0228797729261
0.00796712955409
0.00803996813863
0.00665983099514
0.00652801220797
0.00628119958594
0.00781174339724
0.0159700975589
0.0135650945335
0.00975795325014
0.0112730858861
0.0081604212867
0.00660518514327
0.00289488075305
0.00557346918087
0.00302134882392
0.00328500660348
0.00416943955601
0.00343601581211
0.00411755015386
0.00517506573396
