0.123013437392
0.133587872205
0.127846452238
0.133484579718
0.13166025503
0.139021645942
0.164940652901
0.139278657263
0.139351695039
0.122983553387
0.128748795516
0.130355278691
0.134809106577
0.131466604958
0.127824556486
0.129429666471
0.131880456661
0.136047046939
0.128119653813
0.132021665111
0.139111108531
0.165092612585
0.13844909802
0.139162105717
0.139256007755
0.15947838354
0.129872465857
0.129251004412
0.161276539785
0.134423634733
0.139014496946
0.165492790917
0.139164160438
0.139232293324
0.13877029314
0.165054388036
0.13985012051
0.139150555006
0.123508666753
0.12322426157
0.133140025216
0.122063322755
0.127287510285
0.0752923176497
0.0854853886296
0.0480246210354
0.0478892997062
0.0556266114113
0.0569772286907
0.0823653163102
0.0752651980431
0.0838849994717
0.0730876794648
0.0830945072253
0.0447859044687
0.0445054477431
0.0451570046546
0.0528467156701
0.0739778097698
0.073578510954
0.0843518329885
0.0750470261845
0.0668948772963
0.0707011508913
0.0377627983723
0.0444994014013
0.0741061503162
0.0828723137457
0.0713056711848
0.0780871925639
0.0418853719126
0.041532577516
0.0495489930515
0.0683882051794
0.0381665419868
0.0408610718792
0.0473413454312
0.0476510921367
0.0970805071194
0.0920975379182
0.0369796351752
0.0367832359878
0.0401999847638
0.0463082408264
0.0895076880459
0.0847181118191
0.0827219484788
0.0435869037931
0.0254954759133
0.0242647316811
0.0241468122117
0.0321930577531
0.0250536664633
0.0190235795137
0.0195478202455
0.021690660152
0.0217100261002
0.0171696716309
0.01937391762
0.0205408155929
0.0287510982595
0.0259340238866
0.0166369657724
0.0172659670056
0.0211451093448
0.0203963526118
0.0439181599895
0.0346326048527
0.0242246485799
0.0235749722355
0.0707398145465
0.0780766963571
0.0752961813283
0.0779255234673
0.0468973158657
0.0441404431425
0.0444350282841
0.0473357681512
0.0411284564983
0.0386856142967
0.0383206899577
0.0415934797527
0.0764000379785
0.0704846554163
0.0385450400611
0.0387975589222
0.0424289210539
0.0407191903695
0.0862198964815
0.0926784887182
0.0812527122493
0.070831353196
0.0781179114509
0.0816348145141
0.0363303479204
0.0359134160613
0.0369761006336
0.0380146188951
0.0717293809401
0.0709476108331
0.0885016593828
0.0869381556391
0.0397553379155
0.0383992719574
0.0397228346736
0.0383269761186
0.0768679410289
0.0738811262488
0.0356383173692
0.035585001101
0.0377103310799
0.0357102498828
0.0732743246063
0.0772067518562
0.0455533514628
0.0449956845055
0.0444455313775
0.0430928050058
