0.139281095524
0.165361149121
0.139281532147
0.139281106825
0.13928468856
0.165363806166
0.139285688015
0.139347716044
0.139286294255
0.160312580737
0.137475450606
0.137475262809
0.137528870496
0.160439208986
0.137541958427
0.139258977629
0.139365379285
0.165308245233
0.139232418165
0.139285458316
0.139280775893
0.165359659248
0.139281264424
0.13928070854
0.139280855106
0.165360223456
0.13928100944
0.139281172461
0.139281322396
0.165360749944
0.13928111931
0.139281018031
0.13928093136
0.165360337782
0.139280806398
0.139281434678
0.139284614331
0.165363179579
0.139347886144
0.139285185105
0.139231605015
0.165306997553
0.139284767443
0.13936600877
0.137536880892
0.160442705583
0.139258710805
0.13753657156
0.139280854415
0.165359997133
0.139280936136
0.13928107119
0.139280688036
0.165359114636
0.139280930835
0.139280753292
0.13923178902
0.165307602089
0.139366298422
0.139284733401
0.139280773319
0.165360687239
0.139281031991
0.139281611592
0.139280903845
0.165359502165
0.139280865606
0.139280753273
0.13928108967
0.165360440064
0.139281025654
0.139281071813
0.139285523527
0.16530663358
0.139231228641
0.139365371703
0.0750034119679
0.0749979306747
0.0459771790028
0.0453878353624
0.0459717915527
0.0459745812029
0.0749932562206
0.0750040797612
0.0749995989671
0.0749938172624
