0.1392960459
0.160398773284
0.137640668026
0.137557114905
0.135011518069
0.153084936134
0.135301670816
0.139167108646
0.139709062957
0.164915334113
0.139030705122
0.139161962968
0.139271104302
0.165348238101
0.139280997896
0.139273593384
0.139279275577
0.165359839674
0.139280831243
0.139281268823
0.139362145095
0.165306863111
0.139285618021
0.139226019534
0.139294438005
0.165214770404
0.139530161768
0.139148862097
0.136432574301
0.15659846207
0.136420478539
0.139238070477
0.139010491218
0.165064520666
0.139293283209
0.139607341518
0.135100851836
0.153112095782
0.139120684178
0.135329555885
0.139280957362
0.165359748138
0.13928086618
0.139281100917
0.139275762163
0.165350341794
0.13928038699
0.139273010973
0.139011167056
0.165070417742
0.139610020967
0.139293406451
0.139272977174
0.165356255604
0.139280442733
0.139279743407
0.139281279941
0.165359342418
0.13928071961
0.139280567131
0.139346826397
0.165364123716
0.139285079951
0.139285803209
0.137716966115
0.160274524268
0.13900324273
0.137866380568
0.0744962950079
0.0794926736591
0.0458165524223
0.0455049994611
0.050071734097
0.050106291161
0.0794938523881
0.0745104337558
0.0799779696145
0.0799345643983
0.0746216305121
0.0774316318496
0.044216225476
0.043790280131
0.0430254444292
0.046514417821
0.0721838451175
0.0735505835357
0.0765269648647
0.0723381210704
0.0740006448772
0.0716121218338
0.0445503630279
0.043966260185
0.0445039718613
0.0425063316938
0.0749220790917
0.0749867038726
0.0716611005909
0.0739576776307
