0.228573699621
0.208171938006
0.228628221556
0.208228369326
0.228347226677
0.207968572658
0.228544082089
0.208134676998
0.228451287589
0.228644665423
0.208109561922
0.228535815692
0.208142943424
0.22835520362
0.207960595715
0.228430157055
0.208426433832
0.208367762082
0.228694592819
0.20820304145
0.231532340482
0.231536124354
0.231532340482
0.231898127297
0.231887922178
0.231898127297
0.295029366615
0.264559080221
0.276165792358
0.291427185995
0.261339180236
0.285052234653
0.283935314001
0.26043585105
0.269173704285
0.28346576418
0.278355527393
0.288868754537
0.276949168041
0.287453220607
0.279632006466
0.2809783615
0.286631062607
0.281578447979
0.28571855021
0.277139631768
0.288844854356
0.283557320132
0.286851699444
0.269677207138
0.288449615713
0.269296043057
0.289067736225
0.26870514037
0.289379597816
0.26870514037
0.289067736225
0.269296043057
0.288449615713
0.269677207138
0.286851699444
0.270811603658
0.270811603658
0.270811603658
0.286851699444
0.269677207138
0.288449615713
0.269296043057
0.289067736225
0.26870514037
0.289379597816
0.26870514037
0.289067736225
0.269296043057
0.288449615713
0.269677207138
0.286851699444
0.270811603658
0.283557320132
0.28346576418
0.278355527393
0.288868754537
0.276949168041
0.287453220607
0.279632006466
0.2809783615
0.286631062607
0.281578447979
0.28571855021
0.277139631768
0.269173704285
0.295029366615
0.264559080221
0.276165792358
0.291427185995
0.261339180236
0.285052234653
0.283935314001
0.23145160793
0.231455340733
0.23145160793
0.254710886397
0.266726292327
0.262326995748
0.420117132373
0.39731325157
0.306195354721
0.303726057014
0.33245511383
0.332798184534
0.357658167949
0.150768831079
0.166712083914
0.216042959369
0.379953182053
0.378669721706
0.360230616134
0.357658167949
0.332798184534
0.33245511383
0.303726057014
0.306195354721
0.27824338615
0.283370468708
0.260892557644
0.266726292327
0.254710886397
0.302355613574
0.289192309526
0.303086746034
0.28821767292
0.301999738526
0.288834754923
0.286919603304
0.368864546036
0.270090229727
0.263082693268
0.298880159961
0.232426956827
0.247919893917
0.321445259125
0.422811388943
0.351618204563
0.138684589729
0.114275738769
0.114275738769
0.0520865391877
0.0520865391877
0.0520865391877
0.0520865391877
0.0571504811836
0.0571504811836
0.0571504811836
0.0571504811836
0.104183242483
0.104183242483
0.142133077004
0.142133077004
0.146864398757
0.146864398757
0.0608888293552
0.0608888293552
0.0608888293552
0.0608888293552
0.0640563199951
0.0640563199951
0.0640563199951
0.0640563199951
0.0833560419571
0.0833560419571
0.0711954426812
0.0711954426812
0.0711954426812
0.0711954426812
0.0825625115897
0.0825625115897
0.0825625115897
0.0825625115897
0.0744089632244
0.0744089632244
0.0744089632244
0.0744089632244
0.143459801652
0.143459801652
0.144433905043
0.0758376193185
0.0758376193185
0.0758376193185
0.0758376193185
0.0720388814291
0.0720388814291
0.0720388814291
0.0720388814291
0.0758603482596
0.0758603482596
0.0758603482596
0.0758603482596
0.144288501379
0.144288501379
0.143898077501
0.0835195103359
0.0835195103359
0.0486872402175
0.0486872402175
0.0486872402175
0.0486872402175
0.041759755168
0.041759755168
0.041759755168
0.041759755168
0.057062620697
0.057062620697
0.057062620697
0.057062620697
0.157562141088
0.157562141088
0.104151469881
0.104151469881
0.114289325919
0.114289325919
0.0520417464471
0.0520417464471
0.0520417464471
0.0520417464471
0.114300323818
0.114300323818
0.0752632848894
0.0752632848894
0.0752632848894
0.0752632848894
0.0721272398728
0.0721272398728
0.0721272398728
0.0721272398728
0.0757487227795
0.0757487227795
0.0757487227795
0.0757487227795
0.0765214365186
0.0765214365186
0.0765214365186
0.0765214365186
0.0711954426812
0.0711954426812
0.0711954426812
0.0711954426812
0.0825625115897
0.0825625115897
0.0825625115897
0.0825625115897
0.148817926449
0.148817926449
0.136513948584
0.136513948584
0.0519011136953
0.0519011136953
0.0519011136953
0.0519011136953
0.10463889308
0.10463889308
0.150660221335
0.150660221335
0.0728214085383
0.0728214085383
0.0959457497355
0.0959457497355
0.0959457497355
0.0959457497355
0.0658983286393
0.0658983286393
0.0658983286393
0.0658983286393
0.0766999147848
0.0766999147848
0.0766999147848
0.0766999147848
0.131796657279
0.131796657279
0.0722169525217
0.0722169525217
0.0719490387503
0.0719490387503
