0.119563710307
0.129978351526
0.126340650486
0.11809901372
0.130165187966
0.126277496826
0.124502850578
0.125864376676
0.129456743808
0.13777158545
0.125708222097
0.130276432673
0.050565099987
0.0449660160375
0.044494751305
0.0480145856537
0.0716697761563
0.0770716326364
0.0744367892739
0.0728685728144
0.0725476556534
0.0724860517196
0.0439223646829
0.0446675197962
0.0482113237394
0.0438803738827
0.0738643738244
0.0736625583866
0.0729518057246
0.0744457584204
0.0446043041308
0.04545142518
0.0511373647663
0.0483548529718
0.0790615584249
0.0719086122755
0.0822849152781
0.0752533464851
0.0462050519233
0.0452559538687
0.0444479373724
0.0483351486461
0.0715558192863
0.0729068905347
0.0740026968845
0.0738455906161
0.0491763899647
0.0450527828299
0.0505465430895
0.0448986180526
0.0710084082887
0.0759196070405
0.071297897232
0.0453126721102
0.0442528741918
0.0451417382813
0.043952300018
0.0703674896518
0.0733930519446
0.046994677879
0.0455884963666
0.0472700355778
0.0467597746526
0.0742610361805
0.0731580895901
0.0697048603258
0.0454583655519
0.0450052567379
0.0444301414286
0.0442271444917
0.0736452939272
0.0696173848578
0.0713409716294
0.0441015175288
0.0451623327565
0.046288385795
0.0455970054765
0.0718835207937
0.072972890468
0.045443903095
0.0450271298785
0.0498766478397
0.0460630353363
0.0801437549481
0.0799130949575
0.0697563564075
0.0443289157223
0.0450733135707
0.0455173051396
0.0465943368755
0.0697453765717
0.0737328891801
0.0729202762772
0.0377008422821
0.0360206279883
0.0360500223369
0.0366722726686
0.079454457991
0.0801024552848
0.0366213327901
0.0336465871955
0.0373805236279
0.0367562083287
0.0373818641673
0.0339968027065
0.0368063821655
0.0355415500392
0.0726037413689
0.0363360705257
0.0349006079741
0.0377846520288
0.036950811428
0.080247085336
0.0793982679609
0.035369368421
0.0359014196737
0.0360522992591
0.0375551328254
0.0796171060992
0.0798460803288
0.0370475013531
0.033729722928
0.0374091703369
0.0369371102935
0.0358493534124
0.0359217080023
0.0352952949473
0.0366317567741
0.0392118791649
0.0388935042293
0.0390556119054
0.0385475072082
0.0681593784776
0.0684084310324
0.034366740757
0.0336375144023
0.0351363794275
0.0372370400585
0.036068628983
0.0359847059295
0.0376242599171
0.0354367156862
0.0434739863128
0.0446423064685
0.0453897684387
0.0435105256
0.0454258837298
0.0402818540012
0.0451054305625
0.0435066236151
0.0394737619193
0.0404533619533
0.0404274446059
0.0406898934056
0.0423343236171
0.0444400758966
0.0426521908837
0.0444378092147
0.0422579914461
0.0441047075123
0.0412310585037
0.039560852303
0.0386008563665
0.0411419814081
0.0424744232505
0.0420583157351
0.0440989510247
0.0401272779205
0.0392929533792
0.0388061652335
0.0401806417511
0.0405871367742
0.0387054199829
0.0444825693154
0.0416790409933
0.0411391146283
0.0412238444387
0.0395970109667
0.0336164261879
0.0327147145673
0.0314957145551
0.0346876737963
0.0320108837818
0.0332596897021
0.0352737003514
0.0339242764776
0.0351122127959
0.0337118930029
0.0335814462735
0.0334259730004
0.0334638216164
0.0337231295844
0.0335794938757
0.0350535647028
0.0334538118672
0.0348187761947
0.0339573625403
0.0345583594626
0.0335354539483
0.0336374539752
0.033337364023
0.0350200038508
0.0401246173524
0.0432580976007
0.0437191040743
0.0402485310462
0.040247550204
0.0435214546331
0.0436899134659
0.0402535842555
0.0388876364006
0.0430328064277
0.0409478701047
0.0439046553947
0.0397674590192
0.0376044923776
0.036822473996
0.0391821380572
0.038025875026
0.0414633901284
0.0375958316981
0.0398018761233
0.0416262742086
0.0382089646073
0.0379750454134
0.0415373741432
0.0413940177476
0.0378172946768
0.0411993482413
0.0376075369875
0.0367322004105
0.0379486585608
0.0378434943842
0.0392409806252
0.0366517632875
0.0379048669278
0.0377741931555
0.0392154320357
