0.138032665377
0.161035414308
0.139380854699
0.137654764847
0.139392826165
0.165372996399
0.139357881424
0.139463320245
0.137711424984
0.155880101573
0.135927712828
0.137590966046
0.134947277239
0.13562297394
0.135237363353
0.134975970875
0.0721364825191
0.0747671527227
0.0433993641276
0.0452267597123
0.0434080777797
0.0456088683785
0.0720075275278
0.0720095870123
0.0748134008422
0.0721579765496
0.0719761812108
0.071620128576
0.0432645707273
0.0447959476627
0.0431089620727
0.0430955112247
0.0716763229149
0.0719922942071
0.0373692546308
0.0384109263821
0.0373438788727
0.0353916433641
0.07160198888
0.0716453609124
0.0431088070328
0.0444993079217
0.0429789345664
0.0431266566906
0.0373796720328
0.0384224589076
0.0353498536797
0.0370532201152
0.0373378021438
0.0383742590095
0.0370554927428
0.0353383897713
0.0352889868306
0.0384016623311
0.037050159318
0.0370572389634
0.0430005530001
0.044260184632
0.042988617653
0.0429946593748
0.0370560007124
0.0383802715169
0.0352902351997
0.0370307735867
0.0370285468111
0.0383472396542
0.0370350061504
0.0352840128855
0.0353296720205
0.0384080068528
0.0370640263533
0.0374206302396
0.0429891209882
0.0445048366115
0.0431288839489
0.0431293051936
0.0370723246681
0.0384088797353
0.0353495403455
0.0373884965672
0.0715599122657
0.0715695822826
0.0353825987084
0.0384203622783
0.0374104271197
0.0374576439238
0.0432377524552
0.0449077843435
0.0454602961598
0.0432493535506
0.0746555290749
0.0717165234072
0.0716714688006
0.074474941852
0.0716608143662
0.0716659554557
0.0431170394788
0.0445072259356
0.0429702170446
0.0431146682589
0.0373223033983
0.0383839500709
0.0353380594059
0.0370512439677
0.0373064665048
0.0383732955893
0.0370549617627
0.0353370439624
0.0717926656038
0.0748337956241
0.043245243253
0.0449183351773
0.043260711375
0.0456158129519
0.037370179072
0.0384452331949
0.0354008704422
0.0374517781323
0.074693593723
0.0716911546543
0.0352740338136
0.0383783748503
0.0370463208613
0.0370557203057
0.0429999119587
0.0442497995418
0.0429802161564
0.0429939038318
0.0370394044178
0.0383529980682
0.0352844707221
0.0370292353541
0.0370249464225
0.0383305088945
0.0370352742733
0.0352727938384
0.0352815920539
0.0383901756086
0.0370561269075
0.0370486337922
0.0430053320088
0.0442797726963
0.0429918355356
0.0430047089763
0.0370475875498
0.0383512670358
0.0352704235643
0.0370338427256
0.037036688011
0.0383902648282
0.0370469028124
0.0353006690846
0.0354057915405
0.0384543985821
0.037114575801
0.03917114397
0.0430598089787
0.0445161134531
0.0438423856535
0.0438649071122
0.0371037147805
0.0384167939732
0.0354109147206
0.0391516667452
0.0709202642144
0.0708959110185
0.0354930675356
0.0382371826134
0.0385121338836
0.0382181622327
0.0853514997209
0.0856839791938
0.0715552790468
0.0712793659795
0.0431240224949
0.0445351528952
0.0430235659781
0.0438589182149
0.0373969307571
0.0384251031072
0.0353502857932
0.0370613451881
0.0388555773829
0.0384445874562
0.0371090226684
0.0354044406841
0.0352889103303
0.0384003370085
0.0370501358517
0.0370561067807
0.0430092424265
0.0442914733313
0.0429990386516
0.0430047785507
0.0370519270168
0.0384062278057
0.0353050404313
0.0370420095061
0.0370383302073
0.0383778746666
0.0370407012345
0.0352943640685
0.0355172500537
0.0382684808382
0.038414153664
0.0385410756708
0.0857469823682
0.0855826605944
0.071988589163
0.0716804268966
0.0432737883621
0.0447956385312
0.0438389492411
0.0431533208674
0.071096338145
0.071951188617
0.0374064417964
0.0384989831258
0.0390670228766
0.0354710689521
0.0716656782204
0.0716567551346
0.0431277173095
0.0445453963973
0.0429875780599
0.0431190265244
0.03733650141
0.0384367396849
0.0353541706729
0.037064005993
0.0373227450352
0.0384000617215
0.0370642503433
0.0353375562643
