0.135558345283
0.15572257192
0.137762973213
0.137641068871
0.137737722599
0.160606009089
0.139266841011
0.137552157781
0.139384279389
0.165264115776
0.139246801148
0.139424021114
0.137717647503
0.155999889604
0.135950614875
0.13763557581
0.135506811913
0.150422154708
0.135487537768
0.135610184994
0.139321447618
0.165261091706
0.139375849709
0.139292264793
0.139365454645
0.16525738021
0.139237837054
0.13932053693
0.139311199083
0.16031386678
0.137489797769
0.137586138716
0.13569489642
0.155630145663
0.13765780456
0.137474200427
0.137693290973
0.160631839652
0.137691700159
0.139292071229
0.0721266584083
0.0747454643775
0.0433986414734
0.0452337040206
0.0434074974462
0.0455966238773
0.0720056506967
0.0720076789615
0.0747866042102
0.0721511774377
0.072000838382
0.071985665307
0.0432692062645
0.0451311200766
0.0432653228315
0.0432476993003
0.0719999982052
0.0720106064398
0.0719797754719
0.0719933920993
0.0719865569655
0.0719993203261
0.043249325209
0.0451134589489
0.043259083414
0.0432545022716
0.0719878142652
0.0719872692366
0.0719771137209
0.0719889648568
0.072154336947
0.0747537833868
0.0435515365864
0.0453573896205
0.0458541191095
0.04577340691
0.0748355455801
0.0721703809747
0.0749845031928
0.0751039855015
0.0748244659496
0.0721530741194
0.0458161000817
0.045309232448
0.045777281395
0.0435352466262
0.0750094909679
0.075017663958
0.0721147714938
0.0747343213371
0.0720034822788
0.0720067638716
0.0434032875311
0.0452228863707
0.0456260415165
0.0434079833037
0.0747790798183
0.0721316247824
0.0721420827887
0.07481964639
0.0721572220573
0.0747995801129
0.0433952372004
0.045216446454
0.0433909292078
0.0455799976498
0.0719861543349
0.071988892758
0.0746918246064
0.0721140153192
0.0750538885327
0.075054721947
0.0459766438335
0.0454259254896
0.0459691946323
0.0460345479935
0.0749945357854
0.0749716547964
0.0751198374869
0.0749953816548
0.0720047088991
0.0720047196404
0.0433973514824
0.0452058144237
0.0455898681719
0.0433974435765
0.074752522626
0.0721218481173
0.0721115255797
0.074751384643
0.0720057809516
0.0720096292628
0.0434095040125
0.045252481732
0.0456129228751
0.0434138074754
0.0747883516838
0.0721571040729
0.0721592327369
0.0747873004856
