0.139285883034
0.165364302211
0.139285163485
0.139350746092
0.137631592049
0.16042567778
0.139280531507
0.137518192384
0.160281364757
0.134892122831
0.139459413191
0.139364786715
0.165284210487
0.139285611663
0.139226991519
0.13928099727
0.165359656234
0.139280324944
0.139281472186
0.139281170686
0.16535990299
0.139280938988
0.13928084442
0.139285600481
0.165283033007
0.139359006882
0.13922749541
0.13491904647
0.160386611941
0.139459115382
0.139313711845
0.165322141351
0.139314327179
0.134049455333
0.13494891738
0.160342479404
0.139337914228
0.139280835457
0.16536029061
0.139280798643
0.139281451426
0.139223542519
0.165270789954
0.139285112958
0.139358439378
0.13481208881
0.160288382133
0.139332904995
0.139282677833
0.16536461833
0.139280858025
0.139282935357
0.139280940977
0.165359564484
0.139280865643
0.139280767945
0.13928092656
0.165360639688
0.139281358816
0.139281090295
0.139239045417
0.165220910491
0.139230276453
0.139434850641
0.0750212343089
0.0736704821684
0.0458218912395
0.0449203323708
0.0433146978721
0.0457298722127
0.0716902247171
0.0747729900821
0.0392179143454
0.038374635656
0.0375068283841
0.0355724991945
0.035806333212
0.0383919273284
0.0374220871622
0.0370625583232
0.0432865849214
0.0446067771928
0.0456053250447
0.0430850491153
0.0734992559466
0.0716706981454
0.0372403424526
0.038361008104
0.0393122187216
0.0372884364063
0.0355179395229
0.038354156315
0.0371372161521
0.0392194862775
0.0431589431759
0.0446820198033
0.0457981827579
0.0458072841022
0.0372550080354
0.0383847701899
0.0373066128995
0.0393331168
0.0736519351065
0.0736052272401
0.0701458534915
0.0755760577005
0.0755911161152
0.0701617206188
0.0709419955587
0.0757891784967
0.07583880964
0.0709425330594
